368
233
293
308
477
57
28
142
278
124
407
42
418
232
410
277
455
72
426
344
55
1
314
471
485
111
185
400
38
422
408
501
330
18
496
346
43
184
41
35
29
415
356
473
481
503
33
30
306
486
307
254
272
264
163
88
222
345
273
10
253
433
212
290
192
183
413
372
224
176
323
193
354
474
398
431
430
317
131
374
40
304
170
405
92
60
395
237
340
305
313
173
99
117
377
249
148
388
267
234
343
326
392
421
287
261
441
54
275
248
160
217
172
369
355
83
451
339
79
101
143
436
435
282
113
380
213
420
129
182
199
154
247
200
289
168
476
491
447
22
302
268
336
500
367
347
242
464
228
175
58
279
352
235
497
409
85
385
498
335
319
50
195
68
365
353
318
325
231
24
448
186
62
207
462
303
95
104
383
64
357
51
351
341
370
411
4
116
276
397
151
5
294
281
459
331
487
47
414
452
162
416
52
424
66
125
453
174
286
283
394
442
401
440
390
492
128
384
221
458
159
165
74
478
132
138
198
393
246
115
240
23
288
482
327
446
34
121
202
141
378
215
412
14
309
155
179
177
189
328
12
112
46
465
206
469
243
322
37
21
299
260
427
349
161
11
127
77
17
375
376
107
472
204
332
19
158
450
9
258
425
63
489
239
333
59
220
480
439
297
494
67
312
428
298
271
201
475
86
0
119
483
90
216
429
445
97
157
156
285
291
444
122
91
20
505
48
300
301
504
105
406
391
241
238
257
359
230
348
169
236
495
310
80
362
114
437
164
402
461
280
126
7
16
181
449
26
180
108
490
15
211
329
320
337
78
499
98
270
3
8
39
89
27
209
484
502
205
73
167
342
324
419
263
493
387
65
71
454
153
208
350
118
468
214
130
103
311
152
296
423
178
194
373
252
382
49
147
225
457
361
44
379
196
266
32
102
135
226
295
218
389
259
93
13
56
404
262
136
106
120
61
133
25
36
315
96
134
334
2
265
488
274
223
399
82
69
479
251
70
150
190
110
76
144
94
227
292
6
463
75
100
456
434
53
