404
463
147
271
237
113
322
151
145
282
494
115
264
288
14
168
284
462
10
107
471
326
342
313
389
163
268
96
133
159
394
480
176
359
175
71
126
150
92
1
309
60
32
370
188
447
401
155
424
161
80
482
223
365
484
192
352
54
269
102
27
329
493
131
38
357
409
337
291
397
361
24
203
144
425
474
420
215
179
325
191
12
174
358
149
412
443
381
327
384
363
315
305
123
490
97
428
200
350
422
199
505
187
290
433
166
49
48
220
495
473
431
319
55
497
98
17
30
156
142
348
59
391
260
444
301
496
273
140
247
44
241
154
8
286
6
39
458
472
79
101
411
19
366
399
34
373
90
248
296
453
369
415
379
393
233
335
183
216
279
162
201
306
64
435
208
37
405
413
219
328
212
67
202
311
320
355
53
344
499
346
116
408
478
487
153
504
132
402
23
231
353
347
488
244
69
63
295
476
481
263
210
272
196
236
119
270
289
253
28
22
385
287
94
343
349
446
489
278
56
117
52
120
267
108
93
406
491
416
167
58
436
502
209
262
232
368
261
299
95
339
87
437
266
5
280
356
465
109
298
430
198
331
470
316
249
341
74
111
362
400
388
169
130
73
297
89
245
99
345
186
452
194
308
164
91
466
340
483
312
221
439
137
41
426
457
324
139
374
265
21
178
225
407
255
351
276
160
170
106
25
62
492
104
382
423
442
285
421
15
182
148
76
128
310
243
440
177
211
118
449
26
13
414
229
364
375
85
321
371
152
205
157
334
197
206
332
180
410
396
86
274
105
82
252
72
146
438
228
4
114
456
40
307
450
45
185
240
317
141
213
469
461
429
181
135
479
16
277
386
124
464
294
477
77
121
66
300
29
61
246
68
448
367
257
42
122
303
259
70
323
485
395
0
434
110
378
217
65
314
158
172
390
486
88
293
451
100
218
226
11
445
43
417
20
376
83
224
283
112
193
459
18
441
256
258
455
468
238
195
383
467
125
235
57
475
503
432
227
143
398
81
234
380
304
84
501
392
387
134
189
302
3
230
129
