376
202
23
253
389
132
6
324
369
138
265
336
409
75
145
74
116
487
428
437
5
417
380
217
266
300
452
115
14
179
180
82
79
269
434
243
367
247
496
81
237
279
422
337
453
397
322
218
228
76
365
344
296
347
288
451
229
368
355
214
298
103
378
488
501
209
173
36
431
285
406
109
59
250
395
373
445
293
460
331
360
24
55
478
235
181
443
350
251
357
307
333
65
314
167
16
374
366
484
196
62
339
461
30
190
414
18
2
39
212
161
429
471
383
194
310
199
343
468
335
351
410
274
117
419
328
50
348
381
188
70
175
246
327
306
304
379
412
63
392
375
399
220
289
128
192
446
238
313
264
503
72
320
371
124
102
435
254
207
454
211
308
195
111
137
473
362
176
382
292
21
358
174
46
425
325
184
216
361
504
302
42
312
163
152
141
315
303
205
259
475
87
457
48
153
326
430
208
35
148
64
286
267
157
114
433
492
7
283
171
232
479
134
321
60
261
151
105
466
462
57
120
4
271
44
450
40
440
273
345
341
45
260
230
183
385
500
340
93
297
191
287
90
342
356
144
233
88
439
130
284
69
162
168
186
364
31
268
127
334
71
408
158
26
420
125
154
189
56
37
68
223
108
477
330
107
456
13
160
272
495
10
166
101
469
33
66
187
104
483
391
497
394
390
200
89
97
29
61
499
126
305
135
502
384
133
155
140
0
234
257
418
239
252
276
156
170
423
165
301
100
122
402
480
224
416
96
352
485
444
458
3
370
112
80
317
94
77
219
146
73
363
427
67
213
118
316
256
413
58
143
338
280
463
78
15
32
505
447
249
465
99
84
481
54
121
150
83
86
164
242
172
52
91
198
227
455
92
424
221
275
241
123
210
449
474
299
486
147
47
11
248
319
25
201
12
432
8
309
178
282
17
27
421
34
448
311
489
231
270
372
332
222
387
467
28
441
476
22
464
206
459
403
349
185
142
401
245
215
359
129
240
393
438
38
498
329
19
43
277
169
263
411
203
490
258
204
398
51
182
110
470
136
426
278
