307
343
47
67
362
132
292
31
218
90
481
344
119
66
312
407
376
225
201
147
315
146
314
324
65
425
34
345
261
389
351
245
204
447
330
494
446
4
406
486
329
334
223
475
478
419
162
394
165
102
473
242
5
168
490
62
399
311
17
233
420
85
397
430
214
179
232
342
294
164
326
386
366
29
107
483
370
285
159
291
128
117
189
435
350
298
449
325
497
135
503
257
491
6
427
11
501
92
224
110
426
443
42
58
385
78
424
160
185
101
268
173
428
306
258
192
339
18
40
267
328
454
41
361
289
498
293
502
172
80
46
318
93
392
81
304
142
456
180
380
355
139
106
238
290
246
320
467
95
122
260
23
13
61
377
39
365
272
208
236
98
364
249
421
422
286
347
378
127
82
463
207
27
89
469
73
187
171
161
69
221
91
411
197
383
125
247
273
59
120
12
455
270
375
505
459
157
340
186
372
442
412
213
452
346
295
88
322
131
124
174
461
191
14
484
250
123
138
111
51
485
112
9
19
16
341
0
379
105
277
450
488
300
230
429
70
323
256
283
38
150
438
493
163
167
274
206
244
188
436
476
145
275
432
403
349
433
410
305
284
331
175
417
363
229
409
228
100
408
53
227
474
504
154
251
158
271
44
487
113
400
211
108
169
79
477
84
8
32
99
440
416
222
28
287
374
55
480
482
415
48
418
358
33
35
63
404
310
234
495
45
303
177
219
451
296
21
248
309
199
137
24
184
205
134
299
116
212
457
434
441
231
217
56
466
401
373
439
181
97
114
278
118
382
170
437
54
176
327
194
198
360
472
182
414
354
103
220
130
353
338
368
60
94
193
140
148
202
152
337
479
10
269
96
210
240
57
301
388
359
36
453
20
445
332
75
200
77
263
499
149
444
2
52
262
253
462
259
333
369
321
183
151
458
302
190
74
348
243
489
87
239
143
423
266
288
136
166
83
496
155
356
381
279
126
195
265
465
104
153
282
391
226
367
25
196
64
15
297
371
109
336
308
26
76
43
280
3
464
49
405
387
492
30
121
