478
424
471
47
476
489
442
269
38
282
296
3
367
0
146
36
348
250
368
402
10
465
154
161
295
264
207
87
313
169
357
284
419
171
18
407
462
294
69
422
369
292
355
82
371
173
503
298
179
376
27
213
81
174
423
349
406
255
263
346
212
143
63
467
61
98
444
306
44
501
312
198
411
495
302
470
187
354
359
48
440
245
305
454
140
486
55
286
8
79
332
17
12
95
200
353
441
193
188
280
149
113
383
480
420
21
104
155
389
141
97
219
261
129
448
35
25
80
150
109
315
43
434
115
16
268
401
361
377
324
299
326
262
191
2
378
256
58
31
112
92
500
7
445
360
62
238
209
435
396
94
463
123
132
230
427
217
274
70
30
252
366
234
436
425
29
328
125
327
119
395
227
372
464
164
236
50
394
356
9
71
195
241
466
134
320
289
309
334
381
278
257
439
392
165
493
254
301
6
83
231
226
429
41
287
428
5
329
107
199
380
100
178
432
404
77
388
247
33
449
336
110
242
11
260
68
118
492
290
399
437
497
144
160
152
210
387
114
14
283
341
469
317
265
344
460
76
351
175
136
1
37
86
405
168
335
385
54
237
364
49
64
340
206
205
390
384
89
239
374
316
352
410
163
148
350
139
181
365
190
277
308
370
479
408
433
218
499
276
244
339
248
400
375
484
310
337
490
53
458
409
251
412
222
325
386
224
158
102
183
426
338
225
96
159
127
270
362
201
319
382
453
249
67
221
103
342
496
273
275
90
116
34
117
42
176
145
46
285
85
28
307
379
304
111
93
182
133
215
32
108
393
443
137
177
311
122
151
106
330
318
474
138
322
204
475
74
101
194
172
220
184
266
211
253
13
397
431
131
258
246
15
259
223
57
157
162
293
167
23
99
197
272
267
180
323
455
502
229
24
202
147
488
214
189
271
413
391
72
468
504
498
347
203
186
297
321
39
456
75
73
416
482
56
417
421
331
185
233
126
414
446
66
505
4
153
130
52
415
216
451
65
333
208
281
135
22
491
121
288
300
124
373
447
430
