53
486
324
86
290
48
113
258
462
204
157
407
71
292
488
478
370
227
107
114
37
390
152
153
301
91
217
335
80
425
93
415
409
108
111
460
13
360
168
140
261
385
312
190
22
246
263
179
138
222
191
194
57
317
482
104
19
445
359
112
101
118
394
254
130
3
122
504
288
345
376
162
387
451
329
260
295
209
192
325
160
341
358
43
272
11
333
60
125
102
287
467
0
183
132
214
328
490
340
245
100
134
165
36
84
271
30
124
267
161
426
389
464
129
399
285
172
61
184
281
177
49
240
501
417
88
487
496
484
167
158
178
5
224
304
414
103
337
405
10
346
109
16
44
229
497
94
455
110
330
225
441
169
28
52
65
458
146
422
397
259
236
382
143
416
373
429
283
212
375
218
159
454
352
115
404
193
463
449
466
344
75
171
364
17
381
270
430
1
87
145
127
443
396
293
485
66
39
438
203
196
457
181
284
354
116
413
206
55
120
474
433
201
63
51
186
418
371
231
308
406
255
182
257
268
386
133
403
198
391
282
248
81
498
299
326
142
436
235
475
379
320
401
56
300
289
233
356
79
446
384
223
505
40
119
339
175
252
54
366
139
226
302
128
12
338
73
297
412
298
447
144
163
47
237
98
388
309
500
494
280
15
131
251
23
136
215
135
361
424
72
266
372
278
453
95
483
195
311
342
238
459
439
465
305
147
393
499
58
461
46
239
137
45
296
321
27
383
7
126
374
427
347
33
479
336
9
90
50
277
262
199
435
477
148
348
105
78
174
368
35
431
476
503
2
6
141
121
219
448
303
24
216
269
350
279
89
202
221
213
310
82
377
8
241
473
432
362
470
149
273
164
247
275
343
398
197
442
151
468
62
408
117
315
230
253
493
357
26
421
434
306
154
256
155
96
365
188
189
502
150
242
369
170
176
313
351
41
402
420
99
472
185
423
410
70
74
367
208
83
294
250
76
228
456
207
4
307
378
92
173
481
243
419
489
319
334
323
492
97
316
38
68
353
411
200
349
444
249
327
32
123
322
29
318
