231
60
210
11
29
116
451
372
371
47
118
141
147
167
261
92
352
436
340
237
463
494
389
35
357
13
37
503
483
158
213
220
68
177
376
484
311
301
502
306
490
479
497
279
489
434
222
426
360
151
114
315
478
106
364
383
21
470
4
327
333
135
202
265
381
127
146
98
320
233
446
410
62
454
480
111
64
129
187
473
142
398
150
155
382
461
75
240
377
337
132
291
274
78
154
424
447
427
335
302
388
65
190
139
89
499
178
216
168
85
121
50
57
105
270
462
115
488
207
344
179
34
422
226
229
299
3
259
6
401
87
249
52
120
263
495
99
107
109
17
325
103
104
313
161
23
125
297
307
416
200
169
31
110
485
164
42
76
452
465
36
44
82
276
175
284
126
486
324
101
63
287
391
283
504
380
413
211
420
183
130
351
38
492
317
314
437
49
252
185
264
153
475
332
137
310
429
343
96
386
466
193
69
460
143
435
22
83
122
51
224
421
72
326
74
305
290
397
433
255
272
415
501
56
33
10
493
214
498
445
309
457
223
459
192
228
378
217
55
39
172
277
117
84
362
238
140
356
204
73
108
184
374
40
442
468
124
275
414
300
144
58
239
250
278
157
131
61
316
257
440
322
20
90
219
71
308
370
149
236
198
417
411
329
27
296
409
438
342
449
95
199
253
262
384
14
361
366
318
444
258
30
170
288
336
24
282
176
453
18
54
67
304
491
174
186
390
32
25
349
182
339
94
431
260
280
293
201
441
271
500
289
363
359
379
26
406
232
273
247
428
128
43
203
12
347
458
145
5
394
134
221
405
248
123
251
375
373
156
402
256
448
281
205
269
312
138
345
91
119
188
412
267
2
298
482
341
206
195
346
328
294
505
28
160
59
245
180
19
166
7
112
358
423
404
244
45
194
148
100
212
292
353
295
321
400
191
476
93
173
425
241
368
86
0
266
419
53
471
48
133
350
355
77
331
367
235
456
88
209
102
15
395
354
254
16
227
418
163
268
348
303
234
230
79
369
113
319
392
243
385
443
439
225
97
