450
204
97
337
131
407
17
385
404
326
33
256
273
324
448
95
420
48
126
311
323
148
353
102
93
203
208
216
40
287
62
196
283
365
29
473
135
468
238
84
127
168
453
94
318
51
275
490
368
247
484
147
292
341
185
155
193
357
485
121
154
479
13
308
481
182
386
472
188
99
179
212
305
1
10
281
259
500
77
254
141
25
162
200
439
299
266
119
171
206
145
39
406
174
116
421
263
276
98
426
7
120
236
22
390
79
186
241
424
319
255
89
467
96
388
436
199
432
317
489
55
483
315
76
398
333
427
392
61
429
302
272
297
371
373
394
45
161
233
321
122
284
82
278
106
464
202
66
409
163
242
288
498
57
117
187
189
482
428
91
146
361
358
332
164
249
52
198
291
316
416
230
75
425
153
237
173
191
487
21
477
430
136
360
469
28
330
12
345
372
440
334
304
352
379
447
177
81
454
63
165
280
71
331
502
261
267
23
350
257
389
458
306
240
157
160
296
172
221
6
225
124
129
54
503
269
190
3
491
149
26
37
279
270
56
20
405
170
150
224
301
400
343
452
494
92
504
181
355
49
205
470
214
140
243
455
226
294
466
46
227
463
197
217
110
24
414
423
474
354
105
262
201
415
401
342
0
431
58
422
152
393
222
138
351
349
417
260
118
176
108
209
65
183
310
107
195
68
18
123
178
69
229
495
471
403
505
109
19
248
444
391
410
30
169
72
381
142
264
228
378
347
285
441
328
274
461
103
112
43
322
4
380
369
399
412
271
36
158
366
309
213
38
497
282
211
496
137
465
184
16
446
462
219
156
451
375
377
359
32
437
443
2
14
295
31
159
223
101
73
64
258
336
88
180
433
125
382
218
104
300
493
298
111
34
320
133
293
27
15
374
289
402
356
44
207
397
41
438
175
232
85
114
234
286
475
370
408
338
80
167
363
220
364
335
456
459
50
348
387
67
435
312
492
457
501
231
314
340
265
144
419
268
245
329
307
383
35
480
252
395
59
5
47
74
83
166
244
325
253
434
339
413
344
60
