457
234
329
349
206
133
120
435
94
128
455
6
131
483
461
231
475
100
312
167
469
24
236
115
489
279
352
498
264
163
278
446
222
306
217
373
389
395
267
465
119
41
386
159
212
34
281
35
412
90
215
428
154
274
341
384
381
287
303
453
10
180
300
83
17
268
324
78
244
65
481
368
452
328
44
370
138
208
104
367
108
148
401
101
237
445
210
4
191
422
473
182
105
13
126
503
322
315
318
67
225
410
443
424
258
59
75
286
476
142
417
255
385
304
3
256
250
317
48
436
480
87
175
472
439
130
170
86
2
372
252
477
201
156
415
73
117
369
479
111
496
382
404
136
397
345
388
8
499
56
340
467
242
84
500
266
125
335
151
494
233
316
137
188
195
81
314
432
414
194
320
311
272
207
50
189
495
158
307
482
248
186
413
37
15
223
98
241
419
112
140
426
200
336
238
275
47
42
64
19
357
205
493
403
260
418
20
253
450
177
70
60
282
325
358
216
55
337
169
129
25
99
228
295
378
374
313
181
12
36
85
390
171
487
376
190
270
135
97
309
160
262
308
72
330
155
484
107
202
49
497
347
243
441
121
53
187
16
292
440
333
298
456
106
398
23
198
69
407
429
301
387
43
331
364
149
74
218
124
265
348
110
356
276
463
185
232
351
433
405
61
339
319
458
143
127
141
251
321
193
134
490
288
338
57
442
249
32
360
291
46
277
152
297
224
144
280
0
430
66
393
438
400
203
28
294
343
113
245
257
161
166
213
38
425
269
1
247
153
239
220
327
92
114
254
76
178
366
132
162
354
58
289
246
355
263
40
89
192
449
68
332
383
139
379
459
118
485
196
21
350
290
423
399
26
164
14
375
82
478
240
501
88
363
273
172
168
103
109
431
371
45
409
434
408
93
229
11
214
344
326
79
147
299
283
211
505
199
271
342
235
173
471
377
226
305
31
504
466
18
285
460
470
22
365
116
437
406
492
95
502
150
486
96
488
102
62
204
464
51
184
380
391
91
71
145
396
362
444
411
346
468
183
29
54
