290
245
200
262
414
110
45
113
360
481
410
7
11
216
394
84
317
226
455
89
284
486
447
202
1
240
220
148
412
80
192
248
251
310
5
183
297
309
55
184
389
292
98
430
368
191
28
422
130
402
392
417
403
442
134
227
136
188
185
155
470
189
383
106
212
178
438
149
182
448
298
260
494
50
418
318
362
372
2
391
331
429
408
133
65
337
219
274
338
213
132
351
247
207
56
126
468
291
385
295
74
153
487
458
118
388
174
164
359
99
421
35
436
326
93
405
454
459
225
141
116
472
210
354
69
101
288
377
505
400
484
390
504
488
86
63
319
266
434
88
143
100
147
315
344
36
150
146
280
222
461
193
107
6
254
187
17
197
117
423
214
16
44
347
489
23
211
301
111
37
332
345
145
90
144
358
300
366
27
12
206
238
229
272
115
397
485
51
204
9
493
343
313
380
289
399
48
286
378
29
4
159
330
365
443
249
40
218
396
374
278
70
467
441
243
230
357
464
361
369
252
349
259
121
215
96
244
166
30
316
445
495
320
469
265
64
81
151
483
333
303
304
201
379
282
77
54
307
255
503
267
428
165
370
157
138
62
235
314
234
502
348
299
163
237
364
161
109
22
223
435
382
75
433
329
209
49
296
53
475
440
97
122
431
231
60
322
350
71
367
425
499
92
371
376
203
38
384
13
250
208
352
305
346
196
169
170
471
78
162
42
34
195
79
473
340
416
465
59
87
233
256
198
279
47
293
308
58
324
186
72
76
477
123
43
264
325
335
83
21
131
124
478
491
154
456
398
241
173
128
129
276
424
479
395
271
194
432
257
287
381
306
334
152
500
168
172
328
446
356
158
242
411
336
119
15
261
453
263
294
427
176
420
341
25
177
105
457
363
41
33
393
311
285
466
102
224
91
108
253
31
10
3
386
437
156
139
61
426
82
415
353
452
142
19
125
490
450
66
232
181
327
460
275
167
14
451
0
476
205
26
355
18
140
57
497
474
236
246
339
239
492
52
270
104
221
160
401
375
409
283
406
269
501
190
