121
206
112
254
46
219
461
14
453
458
162
167
409
30
350
80
100
267
144
209
228
40
134
331
240
52
400
136
303
189
108
262
463
6
486
299
427
89
439
435
272
420
405
344
43
235
479
13
86
392
353
171
227
396
53
451
93
33
69
36
407
130
487
74
452
159
485
102
61
31
92
124
11
56
7
307
113
65
67
119
57
258
155
268
496
312
504
489
241
190
417
308
431
75
454
345
302
231
498
237
459
278
55
286
462
201
284
473
70
211
377
325
269
354
356
301
372
95
497
387
264
111
318
109
122
346
386
236
382
182
77
434
402
173
246
445
323
94
205
478
275
149
146
369
310
32
298
188
342
334
230
197
250
414
233
488
364
432
186
493
127
3
450
503
381
300
23
340
283
196
48
395
490
174
367
9
62
476
110
330
426
183
257
137
441
91
200
422
256
499
158
204
319
234
154
98
96
477
45
244
64
214
472
133
467
379
424
447
160
225
106
406
413
18
470
41
423
466
131
339
115
49
260
494
135
446
399
242
271
359
397
172
320
34
418
376
153
259
305
243
337
161
217
191
502
170
288
500
444
26
151
39
419
291
390
375
430
455
238
88
223
28
17
63
491
388
306
449
290
176
181
125
180
280
401
469
327
314
128
232
355
97
263
247
304
37
324
140
147
265
123
464
229
277
129
351
322
289
148
142
408
357
0
363
202
385
10
117
50
415
315
338
352
365
448
480
71
437
207
120
187
193
25
66
78
177
295
332
212
285
443
150
316
54
104
20
370
85
374
368
194
245
16
90
139
321
203
114
251
281
410
429
292
145
483
468
47
349
179
221
482
5
81
343
471
347
404
333
287
373
132
29
79
358
166
428
84
199
362
76
341
44
273
465
118
184
116
313
253
38
475
492
456
208
270
1
261
21
378
58
335
249
143
266
421
99
282
391
68
164
51
411
505
163
296
481
474
107
394
336
389
8
309
2
27
329
279
141
87
175
22
293
105
82
317
366
425
60
416
210
224
328
168
371
126
216
59
185
15
274
501
311
248
157
169
