239
124
130
322
383
28
273
372
14
4
157
255
505
421
399
140
386
361
257
300
183
293
415
348
272
20
21
277
282
163
252
271
342
424
315
308
156
200
170
129
407
397
495
376
144
419
81
457
483
339
115
458
439
497
61
128
431
177
379
347
433
264
416
206
221
384
279
448
410
55
192
24
283
396
150
107
312
313
202
167
281
489
39
80
343
120
179
254
305
387
394
119
95
476
99
373
445
292
391
444
487
165
6
341
96
390
197
290
365
251
213
401
359
33
276
479
93
425
135
301
465
47
332
25
502
158
113
298
70
111
204
154
499
289
484
474
234
110
368
426
450
504
90
274
13
456
297
402
324
355
334
203
64
209
71
122
350
44
126
314
492
26
23
449
256
493
247
195
249
146
198
330
288
337
377
242
389
454
363
82
180
358
226
432
285
302
184
349
388
101
306
414
237
86
17
190
217
267
323
151
265
63
223
428
381
127
116
462
278
280
423
501
235
464
155
352
1
75
105
141
477
316
121
369
494
371
194
79
32
7
62
463
201
178
472
9
108
5
172
233
136
92
481
304
186
45
2
468
385
250
162
392
65
67
8
49
15
408
422
338
160
382
30
418
311
104
291
193
77
437
367
133
174
310
225
270
168
52
430
131
182
331
475
466
231
181
56
303
471
54
94
478
220
0
38
269
461
43
16
50
258
400
335
318
325
216
346
74
191
395
411
241
34
152
262
427
488
460
244
259
117
441
236
215
37
145
57
114
199
46
490
175
125
88
294
375
364
496
328
357
227
148
196
91
446
436
238
51
118
286
353
169
228
319
84
453
19
248
12
173
420
482
327
356
246
344
500
189
207
266
480
351
403
164
345
253
498
224
106
212
139
413
340
214
222
85
230
102
29
326
137
442
245
275
35
18
97
434
72
260
470
406
83
362
87
299
429
66
69
132
109
366
333
491
59
187
68
284
112
320
123
153
3
485
455
143
58
307
287
329
11
171
218
103
40
370
53
447
317
243
27
73
31
42
147
374
159
473
336
440
98
417
22
503
438
