351
424
352
453
105
120
169
295
332
382
472
381
287
56
2
23
300
400
500
417
111
272
452
235
225
193
346
489
278
9
323
102
132
185
47
86
258
241
236
331
481
127
255
200
387
457
469
499
367
178
191
263
41
229
294
284
186
375
376
12
377
505
395
237
383
194
366
231
52
57
485
488
64
87
208
473
154
405
442
439
134
415
369
487
90
54
431
173
31
108
339
316
398
16
327
256
74
177
247
280
195
226
96
70
318
357
40
218
372
411
206
4
19
232
494
502
215
8
458
242
48
479
406
211
344
441
43
257
175
126
45
397
297
97
171
348
138
156
503
309
239
72
468
106
391
251
427
504
394
362
307
224
421
58
432
371
354
360
413
365
99
451
389
244
329
326
347
181
393
403
135
301
123
213
271
368
223
197
345
187
109
55
199
386
137
36
161
321
204
95
249
378
396
212
279
478
192
359
292
128
408
79
447
277
291
77
384
449
27
89
216
1
253
25
33
423
270
75
190
333
67
32
61
459
493
240
412
370
476
125
144
471
338
117
220
304
342
404
313
148
470
147
166
180
363
285
119
152
37
26
207
290
124
234
420
474
50
282
317
311
110
392
183
273
325
390
164
155
209
203
136
202
275
426
60
243
85
189
428
122
81
450
334
250
141
184
114
463
98
182
260
10
158
142
51
501
94
355
465
410
13
46
484
82
196
443
475
104
112
261
168
448
374
314
63
477
42
160
480
174
265
69
139
133
227
498
425
91
491
409
11
496
315
53
267
145
162
129
444
350
107
116
65
373
118
188
312
167
467
379
103
264
364
482
7
246
205
268
151
3
71
149
356
306
429
269
150
17
248
436
59
422
486
281
159
461
93
222
299
84
445
28
322
302
483
172
341
288
252
259
92
6
492
430
140
165
198
88
49
34
131
22
210
289
343
286
83
337
76
414
21
385
245
176
0
24
262
497
361
276
219
115
319
399
336
254
324
201
438
30
440
416
179
454
18
407
238
308
296
20
293
305
401
153
146
380
330
495
274
121
418
66
460
15
490
