286
70
90
412
500
42
497
401
179
195
362
431
441
282
366
457
448
283
304
340
232
218
250
17
6
337
498
172
451
330
279
378
411
46
33
145
160
181
10
443
239
456
470
4
194
310
149
260
184
125
18
137
74
94
15
214
8
152
484
28
31
336
314
3
419
463
13
476
312
289
417
117
271
247
7
79
142
40
146
86
120
107
272
45
19
43
58
171
489
305
364
389
26
56
465
139
131
376
220
444
244
306
394
409
481
97
234
37
108
440
438
55
228
437
118
387
157
101
51
50
433
372
346
316
138
88
95
422
65
370
325
154
334
410
147
418
47
462
380
471
44
210
81
219
111
213
473
402
398
119
333
308
356
176
452
344
276
432
467
35
429
132
379
0
292
126
278
321
420
62
342
20
469
399
315
302
425
227
262
84
403
266
285
446
136
187
140
496
27
259
267
237
453
307
359
439
377
277
345
22
207
407
442
474
12
72
63
393
428
225
83
105
492
67
339
414
209
355
396
335
144
265
257
466
388
329
301
243
413
264
343
487
268
294
167
477
291
499
382
311
164
85
217
135
32
89
275
361
290
109
408
249
287
208
254
300
110
245
246
224
223
373
358
199
488
328
385
299
115
349
404
485
248
64
459
2
215
461
5
69
183
297
114
104
256
193
151
230
317
397
178
163
427
54
326
434
192
395
424
423
66
449
75
450
490
445
41
143
293
93
482
255
153
204
357
313
354
323
61
78
39
57
229
348
96
447
52
100
458
197
60
231
191
182
367
365
483
503
148
196
23
240
505
212
175
479
235
168
106
368
501
252
236
464
493
426
504
133
155
21
238
112
103
392
53
156
150
242
24
170
216
211
274
298
352
390
468
77
30
258
134
202
460
281
341
241
173
391
185
169
347
116
158
381
288
25
386
327
295
318
174
374
59
123
494
91
38
269
222
415
309
284
495
201
124
186
159
435
205
177
161
486
251
455
454
14
82
478
166
273
165
16
198
34
128
99
141
121
68
253
322
319
162
502
188
263
102
92
324
472
400
421
480
280
430
