165
310
261
18
359
46
190
115
94
147
113
203
168
341
321
416
266
207
90
377
463
102
106
370
491
138
471
132
31
306
282
247
235
342
339
77
213
153
485
40
229
298
50
145
193
398
270
428
345
150
228
192
373
41
498
95
489
420
159
367
425
142
166
73
121
300
291
299
347
327
445
184
395
112
436
375
281
283
484
415
275
65
355
189
274
108
480
462
144
390
452
0
378
432
66
324
455
163
89
379
234
38
175
141
12
60
209
423
240
393
45
169
394
140
33
374
419
255
382
361
244
446
48
470
42
338
239
294
230
271
183
20
396
289
483
196
449
422
116
100
64
217
302
434
208
9
43
269
278
225
199
343
2
198
232
362
479
461
502
468
467
51
301
237
143
469
13
258
28
245
409
97
1
154
16
280
346
85
439
305
92
453
123
170
368
336
326
383
62
30
263
473
381
93
83
215
11
172
101
426
118
316
111
497
98
295
200
25
304
24
114
164
392
410
314
10
173
81
177
55
494
249
202
36
307
504
279
29
354
7
103
246
488
399
297
161
188
194
475
265
254
99
276
23
349
84
372
96
179
437
227
122
499
312
406
500
262
505
407
174
211
233
241
412
176
335
212
333
125
331
273
431
454
56
180
79
417
358
256
323
311
206
185
224
380
214
178
451
495
133
387
148
130
400
388
481
317
332
267
411
408
162
460
197
303
37
319
205
82
352
441
129
465
39
15
429
127
448
171
287
238
348
474
222
391
243
201
47
328
501
72
137
376
139
49
187
110
386
389
264
403
252
181
322
236
17
337
296
149
472
186
14
242
260
67
6
458
152
293
351
124
160
418
22
482
442
158
86
414
438
478
456
134
464
385
61
136
248
313
220
371
52
430
404
457
466
330
459
476
288
340
204
477
34
450
146
413
57
344
3
76
80
353
421
284
285
35
433
155
59
70
487
251
216
363
320
219
435
221
151
401
32
493
443
226
69
496
253
286
360
259
329
492
54
402
369
364
250
21
318
71
231
223
272
117
191
53
167
292
405
109
157
195
119
88
