2
4
13
294
93
495
5
290
504
256
139
97
404
180
8
383
45
305
209
179
6
401
304
446
297
86
365
177
172
202
228
63
79
50
215
278
371
160
359
42
70
206
460
198
391
494
92
366
485
73
315
69
220
465
214
178
384
347
49
341
253
411
317
57
456
40
272
211
478
46
15
127
501
21
451
339
329
476
298
472
489
426
183
233
157
252
60
37
284
434
336
90
39
169
234
105
447
458
236
0
138
407
235
243
16
431
379
263
254
38
66
399
154
309
166
418
10
94
333
91
35
270
409
108
54
106
150
301
36
343
155
443
212
417
193
51
462
226
335
387
289
313
471
101
400
17
96
224
355
14
444
250
425
100
133
203
390
192
11
88
413
102
216
148
257
415
361
196
340
487
167
260
162
380
77
116
423
48
122
120
25
372
9
230
330
197
373
201
475
259
1
470
41
164
134
468
490
265
412
467
397
87
332
72
376
52
385
280
378
362
247
29
231
75
351
28
396
141
277
119
414
420
500
147
430
266
388
273
445
459
189
493
47
496
334
502
140
395
275
295
360
466
125
389
184
56
31
269
44
285
33
115
484
165
469
424
26
331
68
104
320
319
195
181
30
240
474
143
23
222
356
453
241
126
350
338
151
53
419
457
156
321
153
255
427
168
312
299
479
370
325
296
145
158
107
27
428
267
386
262
82
322
291
377
505
406
74
239
225
442
382
264
274
12
95
80
381
190
246
223
213
311
249
344
486
124
55
480
65
123
131
258
110
477
182
348
292
176
146
410
217
219
85
276
300
113
421
32
408
152
454
130
84
207
324
282
118
61
283
237
497
238
232
18
98
175
316
439
149
208
440
357
248
393
132
144
24
437
461
64
114
204
244
245
432
137
449
367
354
364
287
218
288
342
438
327
293
128
20
281
323
345
136
374
402
491
205
112
318
448
7
398
375
482
346
303
314
67
161
463
498
188
394
109
43
210
271
185
58
59
174
170
194
111
450
117
363
129
121
441
199
221
483
455
422
135
71
261
159
191
251
492
78
436
369
