440
320
200
112
478
473
168
91
229
338
134
457
157
487
163
269
363
201
141
482
211
63
291
381
505
502
68
17
162
362
59
39
325
252
158
21
318
464
42
111
6
399
486
404
40
203
436
56
26
61
431
210
294
468
122
88
216
202
29
415
334
49
290
231
67
371
272
414
410
463
429
138
307
116
469
287
98
353
215
169
379
365
34
84
328
317
261
301
253
0
383
219
249
24
43
148
130
147
193
32
424
87
331
355
500
453
185
489
166
312
27
7
427
395
226
197
83
465
380
477
304
452
389
155
306
297
74
220
299
100
109
372
398
343
205
192
480
228
285
288
364
132
485
44
241
73
96
384
214
443
472
466
296
263
4
181
165
460
99
76
151
454
401
322
48
344
144
418
222
259
52
233
13
175
101
308
354
488
327
305
324
449
94
232
187
358
282
55
95
275
150
484
474
136
174
217
435
240
184
64
190
459
270
30
411
377
255
11
393
19
497
121
224
124
183
423
33
309
479
397
28
160
326
46
279
10
176
223
315
265
314
212
396
412
360
115
104
25
385
142
71
5
501
60
407
123
161
378
428
311
461
65
471
195
81
245
456
237
172
262
446
455
458
143
66
58
54
250
438
490
22
433
171
53
266
31
131
392
432
420
154
417
225
186
235
467
390
394
498
439
273
406
127
359
93
248
376
303
352
137
491
156
391
298
194
402
89
257
345
180
152
244
153
85
340
350
159
209
140
35
82
62
447
79
234
346
72
178
267
356
286
199
370
14
416
292
483
119
125
476
258
494
239
349
386
164
196
441
208
495
366
120
470
221
419
481
375
342
78
173
274
493
403
106
339
179
70
107
351
37
280
189
247
422
492
108
8
3
230
113
437
504
425
323
295
256
367
475
20
41
499
182
408
191
177
413
146
503
430
38
409
388
321
329
92
347
242
18
198
47
442
167
284
373
236
97
45
382
12
277
90
369
9
254
246
149
36
238
139
260
207
300
283
310
51
444
281
448
15
103
145
426
2
264
319
251
271
126
434
268
23
361
348
188
135
