481
389
248
179
133
197
336
206
341
81
5
498
289
471
219
63
78
54
440
488
221
87
460
421
80
44
296
226
245
459
345
268
16
15
407
46
153
165
355
260
452
497
204
76
124
218
50
252
12
465
416
24
405
462
102
3
215
62
332
0
229
228
346
37
17
82
380
144
200
243
485
373
490
178
154
172
322
308
125
370
287
40
424
278
247
33
92
502
387
224
399
357
298
376
160
427
212
155
157
302
276
347
198
501
163
372
426
90
32
136
173
182
94
414
504
337
26
283
139
193
270
68
42
253
203
214
472
93
297
384
466
348
209
238
138
353
364
359
56
30
307
417
177
461
169
314
240
184
183
323
150
4
70
232
493
415
181
431
392
483
468
65
434
388
71
335
246
442
291
310
394
151
134
60
301
360
174
143
148
480
208
476
492
484
467
91
320
52
269
28
383
386
145
477
88
53
135
244
397
441
19
432
340
400
123
152
281
401
9
273
256
34
73
156
114
329
223
451
265
457
317
458
304
433
324
120
98
362
272
233
327
8
132
108
456
67
393
130
410
428
420
225
192
57
470
47
222
303
190
398
363
116
487
494
379
117
500
390
371
292
286
299
258
300
55
115
237
106
20
242
425
382
14
48
36
255
227
315
274
356
86
455
187
489
11
422
419
13
495
266
316
128
450
83
377
180
411
473
77
236
282
147
39
491
122
205
293
72
95
319
294
330
344
85
429
280
51
196
469
166
333
365
89
503
352
463
284
249
43
127
113
263
149
176
349
369
496
338
404
343
334
436
479
211
175
361
41
241
231
22
74
271
6
378
104
261
66
110
444
194
38
264
250
141
109
453
121
448
213
464
64
45
18
445
107
339
449
381
413
23
318
31
168
447
146
97
358
446
295
119
188
111
408
288
409
313
167
350
305
257
230
142
285
58
35
234
279
505
267
275
1
103
351
216
137
201
161
210
159
69
254
79
49
140
486
191
368
199
311
251
162
439
25
100
475
430
326
112
7
437
402
96
321
385
118
262
84
259
171
75
367
277
220
306
325
