480
216
158
193
409
385
404
246
299
20
344
121
369
38
177
281
182
88
152
130
79
164
293
13
219
278
497
436
261
329
207
233
310
319
126
504
134
475
425
465
32
265
127
423
468
232
225
153
139
33
236
10
120
218
222
99
355
403
234
43
307
162
204
394
42
343
469
430
142
308
302
346
205
180
15
358
273
489
243
125
428
129
502
424
260
107
168
501
304
106
488
1
117
282
345
97
427
264
412
258
407
105
184
154
348
470
87
36
398
374
198
75
191
315
213
81
179
0
397
466
27
12
229
165
173
371
84
217
7
438
340
248
149
80
78
431
272
405
77
251
384
212
370
17
71
112
417
464
361
141
9
393
69
441
242
357
28
211
175
60
23
201
456
309
338
52
24
171
19
454
197
472
275
18
406
108
146
498
433
448
400
452
268
421
503
486
494
31
336
111
462
57
432
363
401
53
223
5
410
110
274
34
51
296
332
303
200
92
287
263
317
128
269
174
380
391
359
47
226
285
362
132
366
188
50
447
26
492
67
250
123
202
485
342
408
484
458
301
461
185
247
478
190
166
388
487
148
113
367
14
29
314
289
395
172
116
151
352
228
262
54
239
451
306
415
252
483
221
450
156
56
284
493
376
109
331
46
295
220
227
467
318
82
224
313
181
45
145
118
360
203
442
473
55
244
101
499
322
399
4
495
240
254
170
356
206
95
257
138
463
418
351
66
443
114
72
294
280
186
333
58
3
414
276
378
396
474
94
476
49
189
150
249
159
490
98
471
500
195
25
440
102
389
491
339
422
439
124
208
91
187
477
386
354
160
365
460
70
65
62
349
496
147
416
119
192
238
337
83
445
326
297
390
93
214
259
377
387
122
59
253
167
241
16
199
429
90
74
21
68
61
379
382
288
267
196
279
455
115
256
40
330
245
353
312
237
266
137
73
457
323
324
335
155
89
320
481
325
96
392
157
290
381
411
135
44
300
35
131
328
505
48
22
11
210
183
169
350
63
76
100
364
41
383
453
30
37
136
420
435
104
271
163
341
103
