419
149
60
295
487
305
200
152
374
457
297
387
453
9
245
308
345
209
370
414
440
302
335
162
455
253
373
183
35
273
468
208
26
8
480
392
214
127
443
49
16
202
477
389
34
179
80
358
329
11
403
107
493
98
70
282
83
81
182
372
321
56
137
104
248
166
218
169
124
17
289
306
466
204
238
77
112
67
484
375
197
170
415
458
436
243
298
311
129
429
332
89
290
331
7
220
154
5
68
39
242
87
210
134
294
43
461
350
369
269
446
41
417
291
315
496
20
360
29
309
288
207
479
322
354
284
216
78
212
28
313
51
164
293
205
492
211
38
426
59
481
267
181
121
247
97
30
312
72
249
165
371
260
226
359
66
276
406
19
296
467
14
82
198
495
24
338
63
47
58
150
434
327
275
13
10
382
4
44
404
126
430
32
217
259
219
190
320
91
379
225
328
474
88
334
42
344
189
146
221
473
310
454
442
27
223
84
366
254
400
397
90
469
228
31
438
153
355
349
378
408
505
75
103
187
199
396
353
445
118
159
444
317
227
128
423
503
365
494
451
240
427
244
432
171
500
117
364
156
79
122
472
250
287
229
76
86
391
109
268
167
158
105
40
502
163
168
177
15
339
92
241
188
390
433
292
337
386
143
236
393
93
25
470
196
450
160
401
22
151
385
420
71
231
3
463
303
347
410
139
111
380
230
476
133
65
388
428
394
37
2
411
497
416
222
399
340
271
384
449
161
262
272
185
94
498
116
53
175
195
186
33
270
0
73
21
99
301
336
1
304
486
233
224
437
55
255
251
246
418
62
435
131
407
191
367
110
465
48
173
452
319
402
285
174
431
206
172
356
130
113
421
281
323
193
377
357
36
261
351
346
102
307
482
324
368
106
363
376
491
120
192
277
95
441
74
405
132
264
52
330
6
176
144
314
299
258
263
147
101
383
286
460
348
85
213
462
201
424
123
485
283
464
96
318
341
115
239
184
475
413
333
61
412
141
342
352
203
504
64
136
178
257
54
114
279
57
490
23
232
425
234
12
265
237
