5898
6147
3612
4615
6538
727
1500
3946
3446
9266
2707
9160
248
835
2366
8659
5078
1455
3198
1956
9546
4960
7763
44
282
1634
6311
5434
5173
6960
859
2353
4544
3868
2661
5114
7481
8656
7081
1492
6234
489
283
6484
8165
3771
9271
6971
4590
5592
2635
942
7487
5302
3952
7234
5627
5546
3165
1757
4878
8123
7476
3073
2087
2088
6781
5578
3002
1829
7788
4215
4347
432
6950
1297
5562
1513
6483
7238
680
1815
2644
2568
783
2882
7859
6694
7815
571
183
9302
3854
244
4047
34
5718
5258
6513
6299
6095
3988
6726
7795
2207
7228
8327
2422
7221
3498
3524
977
1101
4625
92
137
872
1113
5337
6551
6344
8529
2538
831
2082
6662
4132
7761
167
6041
8379
4508
4279
3753
4957
7239
9086
1076
9053
6056
4911
7460
4948
3107
1729
1784
1100
5691
3103
8947
1184
4453
3423
9138
3984
5786
6229
8215
7193
4072
9354
2671
537
7975
6665
9284
7431
6375
5487
2106
4521
3987
6401
4650
3693
2186
3489
4488
6865
7799
31
8480
9004
2856
5853
765
6207
6241
1493
2299
7993
174
6742
2861
8958
1837
7406
5406
7377
5841
4574
3972
3668
1983
1466
6529
7743
1732
5150
3957
2660
3049
3658
1927
4046
1116
7663
1222
1659
5887
1515
1306
3763
4725
8875
3211
1963
8955
5407
7270
491
1282
814
2042
6242
7964
5120
6628
1905
9499
2054
9440
3609
7874
7695
1630
9016
3873
8720
6914
5916
1773
9262
1971
1830
2839
6797
4504
8250
6354
1708
1163
8365
2437
7804
6318
4914
7852
2005
4820
7227
8967
2700
3924
296
4100
4998
304
7806
7245
8449
8574
7456
4218
3031
5128
1238
9230
1600
8471
3003
6494
7281
8725
4447
2101
4025
4607
2589
1183
6414
836
5585
169
3368
5033
2559
8587
5295
5326
7369
6374
7666
8441
1868
8431
2276
6558
9455
698
8120
5424
7436
6077
9464
982
8077
4005
2586
4669
4148
6220
4070
6748
8342
800
1882
1703
6755
6848
2721
574
6632
7299
3690
2317
1530
239
8985
3811
6782
2845
6637
3888
1889
8854
5249
2941
596
2539
1365
8103
669
366
8356
1053
39
6460
3705
5984
3042
1235
1505
284
1280
4691
1250
2237
4387
3513
6737
3008
3895
6188
6382
6795
9344
4159
7677
3720
5495
4249
7357
6443
2118
1599
6565
8029
5029
6587
2954
42
4093
7015
844
4648
3018
9054
6469
3922
1777
1171
1544
2457
9352
590
3490
5579
1728
7848
8688
9101
6652
974
7884
1925
4922
3521
6389
4869
7830
5717
9364
1633
7123
2900
7041
2028
5129
1517
9149
8798
5142
4552
4829
4129
714
8198
8243
2064
8705
1412
1342
1580
4442
6924
9167
5352
3220
177
2915
2780
1475
1313
4376
4014
7034
4751
6309
7595
9064
6789
8968
0
3986
864
2567
3836
9124
3141
8161
2025
3731
1400
2021
3909
2848
820
1410
9258
4844
3716
5082
3223
7817
6439
4974
4606
9286
9068
1792
3685
3514
9378
5158
3349
801
5273
6855
1426
6118
2902
9238
2547
7324
796
9276
2217
2978
9094
745
8324
3054
9359
3997
3170
9003
3085
2959
8317
5445
2964
3246
7661
2204
9371
4231
6953
2349
5192
9233
223
1049
6631
5903
6182
5460
6733
3539
4916
7133
2211
4123
9148
1195
3161
6760
4269
4834
7022
4881
7129
1921
428
4686
3548
6295
4435
2528
7673
2918
9051
8265
8639
3959
8738
1456
6834
6530
3874
2245
1251
4062
6291
9202
3932
569
9087
3525
8773
1351
8724
85
2481
3057
8762
4402
622
5913
3093
1720
4773
3676
504
9035
6446
9235
2476
8189
3601
8132
9489
7040
4593
8908
5418
9107
9396
2612
2184
8428
562
95
6937
4321
4899
8589
3556
6537
6457
6699
7834
8054
3279
5911
1741
981
2241
4826
6422
6909
8034
6010
3291
7433
76
1385
6614
4595
4019
554
625
7609
2136
7498
5042
3438
2345
5289
5146
3084
5935
4399
6976
8528
43
6800
2618
2961
4804
3915
5449
487
5299
1330
450
1796
7368
8185
8809
5135
413
9241
4261
5723
2176
9031
7110
6651
3537
1239
131
4656
3126
226
3802
5879
3681
2253
7813
1244
4819
9498
5174
2507
6200
7480
8778
3948
9264
5332
3828
1287
8226
4135
2675
5523
1676
4380
7809
2099
3463
8195
8423
5625
3583
787
5779
5593
9240
3501
7698
4048
1341
7141
2898
474
3929
7253
4517
1662
584
5256
8402
9156
5318
7135
6888
5527
22
8400
8506
5880
1436
927
110
4745
3474
1097
8827
7370
1843
5188
1636
1418
6377
4730
3197
4131
8713
1141
3943
2260
3218
4956
5330
5409
8339
2936
457
3311
61
3274
716
1137
1499
3555
8890
5397
8842
4891
8231
9416
6491
7509
8888
3383
6185
1042
3955
2368
4629
1995
7791
8500
2944
7408
1240
2298
3405
2590
371
8470
5725
6264
8783
7208
3725
5410
4329
3804
1883
2243
7104
5521
3544
5965
5314
5649
60
2604
1664
3965
4423
1976
7116
4883
3843
4339
1294
5107
305
3009
8532
3530
443
4461
4737
9179
2797
5202
5726
7342
5662
4569
6107
8670
481
3956
643
3307
6657
4051
1124
4079
1014
4757
9303
1010
4017
8561
7248
7889
2952
7510
2692
1655
6969
2461
7365
6829
257
9525
4354
738
547
8229
6346
8437
5011
3028
6239
3184
8452
7917
7911
9385
7538
3754
1852
1959
7691
4927
8686
1989
3179
5310
53
8825
4463
9409
7109
446
725
3728
961
8793
7730
8551
2844
1730
4863
561
1901
206
946
2931
1303
4810
929
4058
8883
3964
7604
7177
5630
5608
636
3076
7010
1357
3925
1736
7909
6251
7302
3384
8919
4795
8681
6518
4992
4999
8134
8097
1204
7233
5353
6058
4706
3427
4853
8235
40
8995
6899
5372
5920
3421
2777
5722
2266
3429
2637
7924
8024
1549
6002
3507
5688
1301
2807
3989
5035
7275
6101
7967
4459
2327
6735
8731
8095
1924
5253
9113
4413
2760
8008
1536
5944
9441
6989
4181
5844
6342
4627
1556
3590
5707
5447
4716
2713
1654
7390
1323
3847
9458
5777
8182
8351
4370
3829
1047
1366
556
8485
9265
7570
8717
4242
2053
5190
3298
1478
5952
759
4184
3807
7798
1360
7229
7442
2888
4889
6181
3692
9251
1516
7670
624
5970
1132
5441
5106
3978
6079
1143
6276
6691
3336
8790
5485
8188
7733
459
8906
8873
1187
7328
3323
7301
9256
2792
9508
4678
5814
900
7098
7750
3317
9131
7550
2668
4543
7564
319
5008
264
8157
3733
231
2977
6144
7797
6413
8849
6215
5016
1608
4720
4143
7820
4767
6624
1913
666
4425
6875
4239
1368
8945
4529
1768
9257
5053
8344
1086
1722
5367
5847
6658
4061
7068
6128
7919
3643
1224
4942
5737
8617
4474
370
6044
7739
7037
4977
3994
7756
8276
3122
3367
8065
7870
543
1417
1635
7351
9250
5600
8389
3793
410
818
4142
764
6634
8547
7273
5045
4375
4429
737
8194
3506
6681
8594
5217
3296
7435
5157
5950
539
6617
5820
1268
8224
610
6003
5211
5389
7659
2294
6061
2323
8836
7910
3619
2646
80
6151
3113
9009
8579
6351
2678
5943
412
1960
7943
7626
2098
2597
403
8031
1096
8118
2060
1772
124
4990
3437
7316
7241
6000
6015
3447
3510
5175
700
3855
7601
8575
7149
1085
4879
8600
5922
326
3622
9018
808
8896
5744
3607
4873
325
3194
4510
7561
8920
4479
9080
2656
5471
2435
3762
6288
4771
5111
4631
7058
4790
7062
7618
1812
5023
7202
5815
9463
4775
2975
1854
1973
4837
6647
8942
3304
1150
674
5405
4265
8695
8865
120
4307
7992
7274
6420
4390
234
5421
1934
7865
7642
7100
886
2696
2027
2199
32
8768
1442
3954
4389
6907
8567
9562
8860
5686
4149
6921
1502
5990
217
7439
8846
1521
9199
3255
146
30
7145
6954
7335
8544
6261
378
4890
7297
934
3572
8255
6157
4305
615
5415
8518
5459
775
3657
279
6115
5380
6480
7499
5524
5516
4502
5148
5754
2462
404
6256
6080
8729
8100
4943
1166
1050
3213
2401
2923
2015
4561
7840
753
4653
8362
6923
1937
5138
2183
5731
2475
679
7157
1073
4802
3776
5628
3886
7072
7734
2534
4616
9411
3016
2146
2110
3362
4585
2013
4560
4644
4457
1461
2138
9495
2315
7771
3064
1131
1903
197
5176
1646
2621
1857
6149
2168
8706
5201
7258
7189
7764
1185
1435
2466
4684
9341
7461
4493
1465
7546
5024
7343
7039
8247
9405
3210
5893
4527
9471
5398
9505
2112
1181
9401
6654
5765
4908
1694
6363
2254
6767
2312
1994
3196
1629
1122
6441
8857
9106
4904
4928
5676
7885
2377
1112
418
49
4587
8417
1652
2607
1771
6409
5203
5591
9314
3352
5214
462
3339
741
1540
754
4920
5899
5317
6556
5009
3904
8784
7172
9350
8689
8884
5264
879
5339
1874
3825
6350
7741
6598
2662
3729
5039
2847
4273
2246
5954
8989
6179
8036
2120
9015
3629
6277
4705
2908
6187
1149
5296
3382
2072
5081
5481
6866
2452
12
7632
7930
8564
5422
7153
8877
4602
8384
5088
7459
9408
7450
2249
7932
5703
8369
1057
845
4094
703
4621
4634
5939
4490
7696
301
1048
142
6062
6858
3600
5569
9291
8831
6212
5057
7575
5689
8499
271
2979
6059
7294
7077
4021
6218
7051
3023
1944
2720
5294
9477
5432
5494
4941
5905
265
6284
2881
5550
381
7162
7486
4822
9272
3011
648
7680
4237
5615
819
6547
2321
3573
7772
9435
8613
3610
297
4008
5532
5473
2130
4733
7686
6283
3399
2218
7054
4915
9349
4843
4024
3617
6333
4065
4170
7247
4877
3282
4511
9026
6521
5666
7388
9109
5648
6221
3364
7650
8348
9539
2985
2352
8137
6877
2337
362
1288
8611
5611
5643
2137
4930
4333
542
5438
9439
8907
1273
5486
5855
3939
3639
7410
8959
2820
7903
8453
306
5763
9295
7306
1081
8739
2658
8133
3479
1260
7738
2143
5901
631
2175
6437
1997
3860
9123
2824
5719
565
1822
7376
6304
2080
618
4566
6542
5782
3669
993
128
5988
5420
9299
1966
1888
2470
2085
4976
4303
564
7713
9091
6636
2441
1613
6630
5004
9326
8424
2400
3719
9384
9524
4038
6995
5793
153
2951
2895
5345
4769
4796
5229
6613
4633
4513
5942
379
5949
2464
7810
172
1760
5743
2997
6958
8338
8465
4274
3353
2152
3414
4962
8186
7808
6965
6680
1476
409
5835
748
2516
2517
3958
163
627
841
1172
5750
7620
6223
6528
7262
3664
3056
2585
3570
6846
2158
8371
1915
3944
16
6772
4546
4659
5297
3628
8055
3473
6307
5720
8709
7585
980
4214
4817
3571
364
3578
8549
3620
1764
5368
6199
6824
9269
3694
3344
3695
3412
5881
3650
3792
3257
6650
2822
8398
6206
5151
3333
143
7183
1397
5937
232
5739
707
5834
3727
6779
7372
4373
1319
7816
6833
2711
3144
8505
3535
4060
292
4947
5979
3586
508
4349
4995
8373
9232
1348
8862
4290
3133
3759
5790
7555
8602
2524
422
3522
8534
4278
7322
3574
8209
1032
2606
2389
4939
113
5683
7922
7080
46
1272
6369
6275
3961
6183
2967
6091
5062
7443
2971
7877
8164
7944
6670
7694
8632
6007
8736
4492
3568
9278
3108
7292
8060
5466
6109
3765
691
8312
8292
152
437
7477
8990
2740
641
6770
9142
19
329
5862
8609
5280
6578
8372
7548
4727
6690
524
6872
882
6099
9324
5742
7036
2808
7991
201
4037
2927
6762
8584
8781
8979
8166
8390
7549
5644
94
5036
5787
4821
2469
25
6347
832
7777
1298
3195
5858
7705
4491
8666
6235
7496
2676
7829
9492
7857
9144
8071
6263
2937
8826
752
4849
5038
5301
3750
9362
8347
2828
6391
7271
701
8138
5143
4234
1448
1596
1261
8750
7628
7291
8160
74
3319
3143
1762
2041
3967
1520
454
8106
7587
2324
1795
2355
1013
7576
7894
6803
2688
6826
8521
8408
531
4445
5776
7399
681
8364
2084
8283
999
1027
8774
490
8727
3249
5968
4267
8416
9249
4283
2565
8885
3780
8592
4240
3462
3777
9274
1776
7192
6936
7636
6719
9223
2063
963
2261
365
7796
4397
8599
8463
5489
7714
4172
7699
3742
3127
661
6675
642
3527
563
4309
8294
4642
3070
8115
8537
187
5531
7940
4649
3918
7588
2983
8346
3755
4220
5619
5387
6069
969
2907
7732
9108
4641
7252
8397
9357
5973
7312
997
2955
4050
6911
5794
6588
3995
4604
4103
3745
1948
7950
8974
3870
2022
1354
6155
1804
1371
7846
5570
8
8108
3303
8472
7367
6134
7286
7681
6442
7411
6448
5936
3911
7119
9
423
288
7775
5859
4522
65
2916
8325
8069
5955
7805
8414
5164
1839
4657
6143
1346
9275
8775
8749
6361
3813
7619
8410
2554
3354
360
4308
8098
6417
118
5938
7345
7344
8033
8966
5848
7400
4044
5025
5947
4954
7779
6452
6584
4967
898
347
6319
731
8619
5713
7523
1625
5714
7112
3482
8498
4255
3202
9285
7454
8352
3945
4337
1074
7046
696
7152
8092
6173
3928
7448
54
315
8450
4598
5652
1447
1433
2963
91
747
9403
7259
158
130
7437
6721
1697
4991
1783
3602
3428
5932
5657
8882
4183
6031
8791
4001
9044
9448
4473
8114
4918
4182
9217
9260
345
2074
5137
4870
778
7136
4584
2968
4314
7307
6905
1890
1933
5266
3046
894
795
6315
5721
2272
1988
3935
3177
2779
2569
3983
597
6322
3875
6791
2631
8645
5507
887
1380
810
8163
1266
6545
8679
758
9387
7853
921
6004
4068
3717
5019
5610
5894
6453
7522
3853
7472
9340
7004
5914
5556
2830
8305
1344
5499
1173
2947
2709
8275
9105
4428
2795
3044
6408
812
955
838
4426
3648
6066
9444
896
2192
7577
2664
6595
8576
55
470
2075
8719
2162
2919
6087
5741
1591
218
5177
909
2926
1805
4198
9034
2191
3926
1704
2313
3470
7222
7935
478
4583
5836
7090
717
7946
8855
6237
560
9322
5235
3272
5288
3400
1026
6563
7493
1055
5629
1559
7720
1106
123
793
4855
5032
8213
6738
4090
2305
4971
2942
557
9334
2922
6072
7693
7163
6013
5870
4355
4460
6664
7491
546
1339
281
4257
9432
7095
9490
5197
1304
2787
7064
3233
5882
5265
8285
7287
4935
2596
5072
8313
8767
3330
8808
8742
5006
807
5699
7447
6390
3175
3350
5909
3670
6516
4110
56
3862
291
3785
2770
8196
3569
9194
9019
4805
8000
111
4637
3714
6121
1156
7613
3135
4777
7333
6661
7833
7290
2896
959
8601
8466
482
5354
1328
3227
3723
2248
7965
8815
816
6270
340
823
2264
2702
4703
3844
4825
8676
7567
522
8795
7083
4363
1552
3846
3361
3950
2354
4004
4052
5127
1794
8366
2442
6802
1698
5865
5654
5034
6993
9554
7028
2498
1117
6358
343
6916
3066
4427
2235
5223
4035
867
1243
1872
8711
7250
4503
3310
1431
5784
3871
4439
7038
5565
402
6216
7729
6133
1558
7358
2853
5535
9413
5055
2531
442
1258
4895
2776
8382
7170
2974
8604
1109
8636
7414
207
4696
3309
1064
2369
3732
7088
2038
7630
5267
9330
7977
6931
1094
9369
6638
1144
6568
5639
9102
9248
5948
5997
1916
4386
4754
5181
8597
7341
5437
5413
4343
2009
6668
7254
1928
3372
8628
7855
8127
685
8856
6552
5694
3088
7749
3532
1227
6562
7226
8513
5872
3519
653
357
3159
3157
5900
3649
3551
9136
5050
9225
5478
1644
7566
9338
8531
5113
3528
8824
6397
2734
5052
2563
7573
7321
2093
2411
1567
3104
5457
3239
7313
7053
7880
9006
2790
7323
7527
4596
2378
5130
1134
591
7949
6838
9516
3794
7551
5191
8153
4857
3878
5756
889
3597
7463
6103
496
3817
8572
998
7134
5727
9310
5239
1212
5475
6392
3024
3450
5270
2811
3424
498
4384
182
6653
3826
8928
9220
7879
786
1533
4917
2398
523
2628
3273
7525
157
7256
3388
6524
3465
6818
967
4603
4331
8870
5126
9231
6934
5271
1560
1200
9097
3145
8079
8244
1658
9445
8845
188
6209
6871
9013
2653
2203
8943
527
843
4707
8010
1716
3584
5987
4326
5930
3788
8780
8105
772
2300
1908
9483
1422
1717
1233
1993
3877
5243
8950
4975
1690
8510
7983
4002
9073
1302
7868
5504
311
3881
3830
8755
3577
2679
9104
8655
7963
5983
104
5153
7373
1620
368
8680
3026
1199
2415
957
6161
1091
5488
1002
1546
3205
5759
3186
8411
3589
3767
8747
3237
4406
8712
5969
8017
7835
4359
1180
7902
431
9139
8792
50
1004
9451
3734
8271
4304
1801
4101
4369
8084
7571
4223
663
881
2562
2478
7821
4405
6490
2693
633
4295
586
8807
9100
5889
1211
1765
2536
528
5655
5343
4210
3341
1044
5757
2141
5557
35
2255
6509
8212
4204
1524
4675
3683
5566
928
2000
350
2897
1718
8525
1958
1486
2574
2432
7067
8020
5431
901
9351
3795
4830
6290
2809
9467
809
6070
8358
9010
6489
5456
1604
5152
1588
117
9353
2796
911
7283
3396
6548
1519
6406
2090
1742
7451
7076
1597
492
6659
9528
4749
4710
5544
9172
4711
2113
7117
460
2326
1582
1229
8821
3739
8635
8367
4260
6785
8899
2595
483
3901
9162
3200
5182
3371
4217
570
2202
1428
4454
1932
1367
2423
9020
1939
1554
6090
9501
2238
3192
6974
1363
2290
4789
9566
1009
8912
7030
6722
1506
8733
656
1798
147
6343
7330
766
7748
8037
5959
9246
1758
5658
1648
5316
4281
4506
7074
6764
3567
5123
3764
5525
6594
18
3770
2073
2488
7393
7782
5480
792
7479
9425
5755
8427
2170
1114
1945
7429
134
705
9023
5839
2752
2648
2619
2555
2139
9025
9096
9306
6592
3949
908
4701
2134
2689
802
4006
5178
611
7013
938
646
2010
672
740
3245
2004
4518
6303
5597
8099
9208
7017
9452
7704
2052
1907
3004
2823
6619
937
3025
8323
112
6581
2234
5752
2265
17
4676
1115
9159
5328
3689
8913
5509
2744
7560
7915
1020
1752
4185
3974
4464
6310
5458
8938
9075
883
2405
5807
353
3458
8608
8690
3225
8058
4813
448
8847
6111
7542
5329
1120
7166
122
2062
2715
9182
3134
4609
875
1818
4250
8442
6543
1695
2335
1379
7511
9191
1606
2610
3091
1669
2256
7169
6917
1453
694
1610
1543
258
3832
8479
3820
6987
1174
1967
8142
3642
2375
8685
6633
1650
6525
9116
1110
2499
4377
5425
5831
6287
4141
5020
8665
9261
6808
1080
6106
3505
6933
6582
7883
671
589
164
8233
9402
1855
2866
7767
7759
8514
5063
6585
438
6466
4398
6660
7534
3591
8387
9333
1679
4966
4437
2515
2885
1314
6572
5999
3656
249
862
5923
2221
8683
5945
9419
2003
2857
4714
6332
5605
3125
8311
8612
6160
8777
1865
6232
702
8991
5789
5046
7655
4972
1564
918
1255
3266
139
8111
4247
4188
1198
3402
3604
3360
5971
6184
4900
6035
1265
5895
7019
6337
8173
5205
7504
3335
6049
6222
5309
3148
8509
9305
609
4533
5298
3882
3756
5163
8061
6023
3976
9289
8984
8878
2875
6903
427
1531
6688
2068
1278
71
4736
8893
2438
2371
2731
5534
726
4411
6814
1356
4322
751
9496
1369
2764
8696
3453
763
3504
8256
7886
5929
7084
1322
1075
3173
3289
2058
3420
8992
2459
6536
8315
7792
1269
7314
3861
5344
4993
9484
5119
8646
3095
8541
4104
8606
4568
4262
5781
5497
5108
2746
3305
2506
8757
6823
351
1759
6429
1946
5567
1052
1469
1067
4945
2147
7347
7970
518
2035
6174
5664
6849
1168
7055
7785
5207
2102
3445
6203
7861
1682
4095
4779
6825
1270
3616
2056
7332
8205
5408
4694
8067
851
2289
5080
8627
4651
1189
5417
7000
9381
6986
6922
2140
8718
5261
3086
3576
5227
8965
4122
1031
7843
5825
5312
3476
827
7494
5490
7985
5224
1926
2870
880
4258
5374
8710
6648
1477
1089
6639
1155
5651
8047
8799
3292
2827
2302
8835
2804
595
8050
5883
2331
133
6745
6796
8361
6927
736
6792
7867
1929
441
4697
7863
2209
8359
3260
8820
7781
7568
3757
7044
2753
6734
5225
4577
5522
337
7061
8927
1816
9321
9521
1789
637
8929
4010
3182
6709
7675
9335
6600
4016
5102
3561
1316
1033
6765
6464
8563
4858
1434
7415
6497
5208
1723
3123
1780
7789
5826
3391
6843
2766
4709
587
5013
5234
6122
1853
5257
9514
2132
8310
3381
4138
29
658
7320
7195
4098
6068
4153
8944
2962
3432
987
4299
5452
3153
8293
6274
2877
6423
3891
6314
8552
3469
4018
3105
7127
3492
4893
3963
6725
6051
3488
6507
5682
7310
6302
9183
2921
7407
623
4009
9430
8904
6812
4409
2413
8409
9140
9050
7362
2704
2748
2485
8072
3351
5195
2737
9066
184
4458
6359
6842
6092
876
7559
8822
6603
8763
8971
8210
2370
1338
5928
3176
4747
8786
3735
501
8843
8524
6265
5255
9039
1972
253
5906
119
9164
5274
1377
129
8581
4275
7881
3718
7758
9192
7707
7282
4557
377
7404
3461
7708
1614
9239
510
5673
5230
9210
4251
2849
7515
1276
2078
1594
1503
7562
5414
6385
2993
9153
9077
3015
9081
645
3264
1364
2850
6021
7354
1374
8642
4612
4374
3395
2638
2127
86
1766
7755
2825
7148
6878
728
5695
5669
7279
5237
6816
1744
1917
750
2350
4654
7578
8168
3543
4923
6515
4362
9188
6645
5991
7622
3930
3850
2029
2754
572
8891
97
4074
6946
4468
7130
3407
9563
2758
382
8277
919
7251
8282
8631
8591
6039
3217
1787
6716
5116
75
8481
5640
676
7348
7432
3164
8447
3866
8422
3812
5338
346
6338
9358
7043
2030
9388
1343
8577
761
4082
3566
8972
9143
9420
5529
4867
5775
2387
7674
4277
6094
3724
5124
3526
4121
8583
1473
7955
6753
4404
8980
165
2965
6387
4558
5391
8085
2906
373
6175
268
2016
5624
4152
9135
2840
9212
9407
6057
7726
3294
1974
7495
7219
2549
3235
6022
1104
4997
2909
4012
3655
468
88
7513
629
6712
3700
3484
5745
768
9414
5568
8779
4663
2026
8266
5850
5351
6757
2756
4285
9454
3975
891
8086
7529
2196
1011
4136
1496
2925
1998
6399
8046
8005
926
9545
4496
8343
83
1078
1425
5846
6590
2465
151
8203
9282
4494
8227
7059
1902
1230
4120
4173
1467
7765
1542
9126
342
922
4022
7921
2219
7178
3517
4205
7638
7631
5980
4638
598
4077
7087
4988
1190
6794
8214
8172
1158
4514
5206
3370
4340
2717
9133
1537
6920
4203
2946
6331
7872
1980
7355
8268
1464
4519
3293
6366
5897
7679
3698
550
1164
8032
6883
2144
7065
7994
6724
7936
289
614
1710
791
2514
5868
3858
4318
5291
8931
4041
9531
2443
3749
8554
8337
5573
3582
78
1583
8083
5292
5502
8654
834
4903
8257
6052
4434
8694
8669
5030
2548
9466
533
4780
6773
5092
9311
6777
606
7232
2854
2914
5463
4489
7308
602
6436
5762
1910
790
2629
6301
1811
8673
5672
1938
2330
4658
7519
1206
7676
9074
668
3660
5919
3229
6177
5325
7524
4293
4550
3047
4222
914
6141
57
8497
7873
8201
4286
3201
259
6553
5541
6863
4848
7968
3549
8726
241
2714
2467
8662
155
7982
8754
2831
2037
8578
2417
1352
7653
8743
5708
3713
2873
7359
1062
1680
7181
5362
5587
1592
906
3557
5141
66
8281
3320
579
1685
2566
1018
101
2765
6117
4351
159
8903
8249
6462
2860
8345
5590
5219
805
1637
7096
2332
1416
2982
8511
445
2395
8492
7020
6500
2878
2994
6086
4294
9336
1992
7243
5193
8923
7021
2620
2280
1133
943
4833
1947
4683
5771
4734
1848
2301
6852
924
3375
3743
8748
1575
5962
3401
5125
4896
5712
6854
7608
3726
2992
970
358
1308
3328
2372
6388
8557
9298
4535
9380
8892
4661
2155
3065
1409
1555
3575
9355
8458
8258
5472
389
8553
2047
5259
1774
6607
5635
6511
310
8998
1751
1725
7280
8761
575
8651
4162
6434
275
6870
1024
6403
5860
2821
2177
203
7954
6622
4320
7419
1595
4200
5279
760
6081
255
9512
6894
3516
3394
4806
6028
1735
429
1562
9045
4092
6520
7986
7
3710
8149
4443
4961
1318
1349
171
1578
9125
5833
5394
7474
7610
1128
1593
4831
6715
6678
7434
9277
3451
3377
2886
2205
2173
6523
5609
2763
9348
1653
5700
4664
850
2125
600
273
9517
9394
7839
5238
7956
1087
839
6611
4876
4610
6809
2616
7557
7057
4759
7329
7712
3277
1359
7288
7099
7173
8850
4781
966
952
21
6465
8019
9103
4724
2319
2231
6605
1809
7599
1897
7071
1689
1866
2091
4487
7124
3411
7958
5766
5
8794
1386
3531
9060
5647
9478
5200
8649
9370
2846
9374
3485
1643
5709
3116
3857
190
2380
3189
8930
8474
8419
327
3440
3823
2133
9168
4755
9127
136
3511
1624
4069
8937
9475
689
4591
4407
267
2105
1449
5599
4756
5155
3152
1065
3169
4471
5816
5526
2314
9161
3214
3966
3772
6535
1869
2509
2529
1823
1285
6718
6696
6349
5183
1446
2250
5838
6146
9169
4441
1749
3564
7175
4382
3550
8117
3443
4323
1922
7428
7627
6073
7574
8703
1622
6626
6674
1254
9151
5429
4563
3267
2447
4702
7745
6432
333
7353
931
947
871
1119
3709
436
9557
5386
9132
7455
9030
6224
2495
3253
6078
141
8028
7657
9189
9171
8332
8841
8202
2310
3154
4378
3848
7363
8674
6740
4984
1452
1376
3415
861
2208
5631
7249
6131
2454
5896
9293
4040
6412
6985
5538
7420
732
9063
9332
2573
1092
4645
4582
7952
4913
392
4940
3547
8217
9005
3129
6162
2181
1242
3010
3228
6064
1706
8895
1191
3459
8457
9029
953
1756
581
544
5269
3101
9547
269
8476
3678
5861
3419
5156
5668
1628
52
4770
8637
1054
8853
398
1060
5512
5058
6505
4227
3775
6352
545
4137
5623
2363
7838
6230
453
9296
7543
3980
6862
7047
2945
1305
9069
9565
9244
9163
8455
9028
3112
6649
1504
2726
9410
5873
1601
7831
6142
4704
6887
1362
9337
1153
72
1996
8520
6683
8876
2581
6278
1197
8300
1154
6137
551
2223
7658
904
2712
7206
784
5121
4482
5209
573
8863
3990
8629
6859
9088
7147
9187
1975
3357
5306
1647
2116
607
2492
6240
6129
8412
8740
6583
7895
2236
7334
1642
6711
8179
711
4512
8433
9218
7531
6908
1066
1102
4536
5465
1309
2446
5604
3970
2212
5857
3818
895
989
644
3672
5444
1247
806
4465
6030
5736
320
1262
9117
5041
2039
2450
866
509
4011
9487
6102
3673
3790
380
3120
2383
8596
4049
2154
8159
1257
682
9190
3114
743
5233
1095
5728
4832
8802
5800
2365
5359
976
7336
37
884
7108
5874
2420
7031
6076
1986
5796
8811
7847
2472
3562
3147
2605
8483
5730
7327
4572
2388
8952
2341
6205
2834
9071
6701
1898
7978
8181
1782
7803
8535
7237
499
6606
272
6844
6884
4652
9347
3712
2832
6154
5476
154
8648
3252
5493
8296
5324
116
5704
8801
5993
5818
8145
5645
5614
3270
8868
1325
2933
3183
3262
62
6164
9062
3434
4388
7850
7011
4029
3314
2089
6602
4116
5773
6837
535
8935
3842
9415
4815
6813
9290
372
3624
7441
4958
5112
7024
8207
9207
2436
1006
8734
5232
5171
4565
2617
4003
8119
2095
4059
5837
719
3789
8647
173
1831
8588
3822
4668
7938
5236
191
3247
1003
208
1884
746
632
4978
1497
9317
2743
1881
8407
9328
4996
8771
6685
6714
6071
4150
4965
706
4391
6925
6292
7016
1719
710
5607
7535
8921
8030
4952
9227
9301
7746
8810
3188
7652
2309
6433
3638
568
1444
8225
1188
8237
9307
9473
2719
3136
7918
1528
4449
5677
73
978
8618
3647
114
2275
935
6428
3805
8522
3313
712
995
81
8177
9538
6496
6294
4448
397
1538
1952
3580
7753
8565
7440
1
7278
5734
2833
992
1177
6557
8682
8316
5451
2799
5661
7300
4087
3769
63
1509
6519
2045
9390
3118
3518
9449
2813
8545
5978
7379
2051
435
8803
2161
5678
7340
3472
4628
4073
2803
4020
6124
6364
4721
5220
794
2200
2050
4589
2750
2924
1609
2381
3115
3283
7807
4327
5210
5778
5071
3098
132
202
4959
135
5552
1329
5823
7742
193
4699
1612
5140
8605
6656
8900
194
2938
3038
8131
869
3520
3254
5022
626
3219
6329
7014
6527
5553
4345
465
5840
2863
1638
3737
2999
7502
7999
6708
1788
3534
5537
1611
2131
250
6860
6686
461
9397
3036
8395
8901
8081
225
1581
256
1218
6255
4838
3606
7766
4088
4372
1007
2887
7727
424
8001
1295
6005
8421
1445
1987
4145
5803
5021
4950
6564
8012
5284
1355
7997
1737
601
3285
7737
8184
211
8698
3559
721
7190
9506
6739
8714
2066
1949
7639
6999
647
860
3278
735
2991
7719
828
3055
3077
2525
6016
1688
2328
7471
8658
6105
7209
8830
5479
6196
8015
6306
7375
4839
1585
2097
1264
3605
5753
6906
6571
1340
266
2334
986
1136
7665
6928
635
7590
829
5849
3433
3495
5079
9027
4334
5212
9110
2593
3856
2055
4859
4064
84
8298
7664
8223
3545
4765
9300
4368
8982
8236
907
5319
7168
9423
6880
419
2379
1046
559
670
9515
9486
9180
972
3041
7060
7654
4646
8336
855
8154
5828
7800
2615
5957
2838
3208
3119
2928
7823
3688
713
3096
7385
4836
3251
2046
1964
6508
4803
4630
8833
8391
1674
1713
7537
300
2215
1602
3392
6618
5000
6857
4063
4102
8406
9092
8887
7194
5927
4031
8174
1923
4298
2694
8951
604
7744
3704
1127
6996
4559
6037
2399
1317
9316
3630
8760
4207
6468
6635
3603
3422
1793
1196
9325
8110
1640
5612
6210
1259
1088
8925
5122
5262
8874
1077
6540
7893
6579
4365
4096
6574
5503
7191
8301
8267
9507
2242
4147
6266
5305
3644
6992
6201
6744
2851
2960
4444
9247
954
352
4548
8121
2855
5468
1639
7624
9254
8016
2460
5049
1942
3696
7485
2556
328
8746
355
7640
1651
6088
7941
6498
5819
13
1263
4840
6228
7186
6119
4670
813
8614
210
4271
9368
8634
7180
6687
2666
4872
4361
3614
4505
7425
4408
5244
4768
675
8728
3226
3340
4206
3106
4248
697
7305
6955
1201
5376
3837
5450
811
5100
4845
1256
1228
6269
7156
3499
6180
3640
7091
1432
1326
3089
4164
6815
5433
2172
3969
6729
6074
7488
7942
4525
9457
106
7296
9329
6172
4682
9082
7553
7325
6627
723
4165
2390
6845
6810
5646
1799
2011
8420
7315
2194
5774
6640
599
8621
8477
2650
4955
312
1859
7554
7703
3078
3268
8443
4776
1231
6704
9560
2544
2424
7086
6932
3121
8461
260
4946
2602
8834
583
857
5254
8787
2540
6036
6784
6325
6054
3398
5670
6006
2892
2402
6944
2017
4763
5412
150
24
7490
6379
2769
5788
7265
8806
7424
6679
5545
789
48
8804
4926
2986
4118
2338
5281
8070
8568
6416
6272
8640
4128
8701
9181
4846
7150
103
6625
9552
6597
5040
4306
8570
6243
7645
1125
2571
5946
6560
2981
821
6655
7897
7643
8151
683
4167
3325
3232
1483
8170
5160
5680
1836
5761
4586
1103
8894
6427
9400
1968
6167
1208
3124
7776
3838
1022
7947
4854
2920
4526
2883
7979
1645
767
9392
4549
8496
7545
4545
3295
8994
6011
3155
8158
3560
2837
9375
2730
2793
1693
6176
354
1566
2179
51
1984
3799
7500
5379
8415
7528
7801
1692
7671
8112
5740
7937
5290
7532
5821
1423
4197
7842
1806
8218
5571
2576
8169
1482
5864
7199
4662
440
7825
3029
576
8832
968
7164
1099
6378
7812
3027
4744
7309
4601
8254
3471
4739
1001
1748
3634
5347
3741
9550
4341
6018
9393
9559
7289
6703
196
770
6555
1063
7780
7832
2361
7361
9245
4455
6208
8078
1248
2761
9518
2486
8360
6512
8130
8814
3374
2151
4195
5764
2182
1781
293
1899
4301
6642
2552
9198
2293
8136
7662
5484
5462
8715
3455
6477
8652
5998
4655
7914
8486
5287
3045
5554
309
1393
1205
5748
8383
7802
833
1419
6676
8350
1877
4934
6300
4880
1281
6112
2880
1550
2520
5867
690
2213
3373
8048
7389
7349
1838
7644
9548
5856
2103
1207
2762
6839
5749
7923
2706
9428
140
673
2453
9002
2440
3835
4156
8961
9021
9001
8068
2160
5144
434
2308
302
9118
20
8245
2287
5977
1162
237
8451
890
3051
4599
4190
7416
6293
4688
4788
8002
9555
3478
3808
5395
8918
9267
4498
3425
3137
4043
3934
5218
1514
1429
8297
8546
4937
8264
5110
6541
385
9456
777
4746
1310
1480
7787
2124
5180
2733
7101
4807
1525
5002
8139
3048
5346
9130
3684
2222
330
6473
6828
8624
7600
8889
405
4187
1424
6258
2285
6727
5275
1641
5549
375
6732
2579
3722
8704
5866
3171
2174
6776
7196
4317
6262
2622
67
7478
3387
4841
3062
5165
6
3587
5423
7951
3641
4973
2633
4176
9150
7774
6836
5136
7702
7242
8507
6467
6163
7032
8585
9255
4191
2416
7710
1957
5007
5616
8805
2686
2682
8221
3701
6273
6415
4929
4901
4667
1527
7066
5455
6501
1071
3768
826
9480
8094
336
3050
2701
6470
2654
5953
2306
2198
7188
5216
720
2591
1147
9372
1618
1019
6949
4313
1814
6202
8745
7018
3653
2798
9488
8598
958
6504
4244
8555
2258
608
1970
4057
2632
1274
5976
3738
6380
4086
4712
8626
4433
512
2584
4500
4109
1284
6750
9122
5426
6514
1982
9253
6271
1387
4885
8467
6952
9377
5222
6032
7025
3894
6671
1632
3166
6178
2340
3410
8789
5467
7634
8004
6038
6991
5221
2033
3615
107
9323
3611
8038
4289
6897
1411
8064
7214
5972
8438
3132
3493
5101
5105
1665
7023
2001
3187
6885
5783
6110
1000
6139
8234
7648
299
6020
1754
5308
2358
4015
4023
8543
6502
9242
4741
8401
1069
7422
3081
704
8542
8049
8273
9040
6355
6532
4898
4762
4551
3699
7012
3284
3706
1755
1439
82
7240
617
2583
9327
6014
1292
7070
2665
3215
8515
8322
1402
8823
1028
7126
4127
5511
8559
220
3831
1029
3810
8330
6629
1495
4715
2624
6419
7926
9360
6918
7682
9205
8261
7688
1587
8178
5582
262
9115
7596
2283
8977
149
9057
5365
6990
6217
991
2201
4302
8321
7544
6248
2286
7417
6268
4216
9270
3431
7602
9556
9203
6895
3416
3346
4253
847
5321
7009
4030
1293
2386
5960
652
7614
7783
2623
5090
4446
5584
3636
9465
6231
4835
6573
168
5005
1312
9279
369
6898
4324
7896
8262
3608
5246
2342
863
3097
6193
6700
2419
3014
6961
1666
837
4698
497
8785
3798
4787
4174
1943
3864
464
341
9059
2643
4576
5785
9342
9155
8867
4567
2336
3404
3982
5436
4660
1139
8848
6604
2884
1863
5482
376
2818
8769
5925
3796
6194
5442
7465
5104
4113
8914
1833
3321
3203
8872
5132
3013
3355
2185
1082
8353
8630
8684
8735
1030
944
3385
984
3839
8216
6097
1176
4385
1893
6904
6893
897
7718
9036
4540
5357
3827
8752
9176
1334
7360
1481
7904
540
7651
558
5933
9365
8828
4099
9561
722
6345
8897
3637
2024
5508
6682
9343
8723
5065
8349
7220
996
525
9219
3072
8675
303
1484
4452
4814
532
1194
1347
4600
4892
3787
3234
178
4752
3481
4466
9158
1398
6549
1878
1571
7223
7182
6951
940
4985
2570
485
9048
6819
5907
6544
7200
3998
2575
933
393
5260
5403
5697
7945
6982
8357
4462
9491
7475
5827
1904
7957
5687
2023
6114
1827
2408
6566
7995
5996
8341
7501
8051
9090
9431
7085
2224
33
3806
3951
1678
8035
9312
8242
3483
2749
477
4171
4689
1767
6533
4124
5427
1991
3834
5172
6335
2267
9152
2669
1458
6938
7706
2444
3897
4316
6211
2032
8501
1165
5133
1867
5885
4430
5854
3627
6930
1707
2872
1375
9234
5716
8304
588
1529
6881
1241
5501
2496
5637
2505
3110
4199
8355
1663
2187
2759
7948
677
4850
1159
5772
1845
2394
4486
415
1345
4534
3674
1656
3654
8829
3623
1931
6730
804
4042
5517
3082
1321
9366
2741
2912
5982
7530
1825
1714
1577
5804
2119
1279
5548
9472
1234
2477
2456
6806
4209
5769
5583
3890
8571
3540
7629
3238
5701
9185
3746
6539
5131
1220
1169
5941
3090
1221
4951
7762
2508
5653
7397
5313
4764
5574
1802
1219
4436
6820
5547
2958
3941
3418
7933
6219
3006
7505
2699
5383
8076
2031
416
6145
2171
9070
5622
9427
7155
2627
6034
6404
229
2899
4674
4700
6047
5285
5430
4687
6522
6913
8932
846
8053
8954
7687
5179
7541
9079
100
7860
96
3494
6085
228
2550
4665
5792
739
5483
8246
6113
7617
4140
458
7078
2718
3893
8973
2929
5685
2716
4133
5560
7207
7709
3000
7586
1701
8222
4798
4415
6643
6282
8314
6125
2703
3758
5115
4547
8375
6463
3467
8880
8187
7267
212
400
7008
4818
2677
854
9268
742
1462
3185
4292
2156
3032
1290
1568
5027
7106
334
8334
5580
2541
797
9134
755
6259
4902
9537
3800
7607
6832
2277
2649
2537
1145
3039
8586
6978
7464
9549
8432
8025
331
5017
4228
5842
3190
4680
5404
5440
7384
1460
2490
1576
2995
8962
9520
8859
8934
9186
7612
8403
7929
2304
8378
1603
1569
3791
3885
1876
5963
7582
6249
8039
3059
121
5085
4750
3851
7684
5791
4968
1160
7980
5931
7174
8797
4735
4371
9470
5924
1841
5675
28
7179
9532
5250
8299
433
684
7565
9391
5710
4144
38
6754
9529
3074
2439
6474
9404
4639
8426
779
1390
2772
1557
8041
5533
950
395
2801
4235
4542
6017
5663
242
7120
6050
6083
7187
8140
1879
1886
7381
6373
6353
7841
156
566
7633
3938
2932
567
6339
4232
5551
9178
1702
2956
9166
2307
7492
1790
5577
280
1225
1518
6040
9243
2841
4211
7449
6411
7518
2163
1541
1539
1545
5231
8446
7959
408
3841
8429
2128
5892
8080
7916
7035
555
3263
3774
8331
8940
5388
4075
6677
4495
3992
1037
6438
3297
619
3466
1820
6362
2007
6644
1739
3363
4478
344
2725
9527
2463
7161
4252
1875
817
4154
2592
1107
1175
7350
3221
1072
3430
8495
2500
5601
3487
420
7212
2751
1885
4907
6485
939
1573
335
1440
2291
2189
5474
2533
6418
6341
3435
3413
3917
5061
1051
7218
3879
2836
4681
4297
4766
7132
5543
8135
8837
8320
2385
8866
2512
7473
985
4134
865
8922
5370
7339
7366
4106
7403
475
7139
4936
6312
6550
5967
6790
1501
9459
6285
2869
5817
8116
58
2270
3397
2362
9426
8800
7514
1721
7317
7646
4280
6957
7866
2647
4794
7284
5018
3243
2673
5884
4126
2376
7971
8460
7747
1353
715
8697
6610
5399
1846
7386
4571
2195
3378
6970
3779
7405
2948
3436
5667
7122
5917
6831
6669
1598
9542
9315
3927
7115
585
1430
7063
7079
621
724
1870
6706
189
9170
3030
9076
4672
2858
578
7215
8633
6127
7899
4421
2582
98
6868
2815
8949
9526
1463
2543
2014
8905
2577
4175
2572
3206
3594
4852
8287
3797
990
479
8291
9510
7105
3801
4083
4360
6425
634
7048
3784
1824
8388
1370
5282
3940
2455
4472
2802
9294
2812
245
5638
4208
1683
9043
3523
6940
2757
8022
2190
2526
6615
4614
695
6140
3324
4626
5003
4690
3936
9418
1808
2768
7976
5170
1724
8087
7819
962
1315
8533
3160
64
3632
3276
3898
5617
4801
3332
2392
6430
2449
7430
1202
7927
3280
1709
4679
6853
6616
7697
1912
799
8059
9346
7374
6260
8204
6864
6763
5588
8469
7605
7591
521
9503
8430
3158
8280
6850
5349
5735
8220
503
7158
3067
7716
332
2987
2333
5660
3707
4717
8230
2020
5161
2259
2806
6316
4924
5228
8439
5194
3553
3730
2412
4897
8062
7413
295
1965
6947
6296
2359
6045
4310
6804
979
484
8708
3475
4501
5335
6847
9462
3403
7210
3840
2810
2065
4379
9395
1605
1470
7579
6186
5342
8744
6601
387
2002
1660
1490
8436
2672
3912
3781
8014
224
285
3508
6707
5875
5099
709
2484
6130
8374
180
5606
9474
9281
6621
8278
10
5377
6033
4862
4180
1763
6055
6093
5369
5809
5890
108
8796
4823
8489
8075
2687
6915
2723
1565
2913
1746
4400
616
5843
9383
8993
4358
3426
4221
4979
6281
1182
5940
4229
6250
7257
4422
7452
3040
6451
5558
8881
1056
6783
7990
8603
941
313
6751
5877
1547
6926
8916
9095
7042
3007
3618
803
5043
7467
2940
7246
4632
9098
3993
3168
9543
9417
7185
1734
7364
5213
7489
4311
4617
8259
8333
8610
8129
6778
1415
1832
5117
9361
9494
8104
1245
2788
466
8759
8556
2683
4719
1761
6486
4580
5555
8240
7989
4578
1507
5780
2501
8941
730
2645
5618
2698
4168
530
6042
4980
6348
7482
549
8043
1775
7143
8625
4348
5283
5477
7029
1826
2
1743
399
9553
3286
7137
4225
5908
788
6158
1450
1311
8722
7717
873
7033
8251
5540
3979
7584
5443
5154
4554
7907
4161
8948
3715
9049
4157
7007
7818
6148
1522
2727
7869
2251
2296
848
1413
5994
6822
5910
8558
3633
7641
2511
3962
5636
5189
7898
4344
7984
4622
5311
5396
8956
9406
2695
4300
4597
5986
2767
3907
1130
1407
6116
8023
47
4352
3703
8392
8113
1851
1203
2657
8844
5830
6673
2220
3515
6821
1008
7913
8306
5149
4080
5186
8144
2601
3996
316
9137
7356
4812
2674
971
2262
472
868
965
2775
3933
9041
361
8102
8128
7171
6666
4592
1140
8093
170
4450
8152
6084
612
9504
7996
6357
3327
486
2414
8211
8886
2639
665
1210
7824
6381
8045
5168
4537
8660
9022
2149
1277
7862
276
4342
5698
7987
3071
2611
93
8504
5300
4986
3128
5469
7974
2835
923
1361
2663
536
2667
8018
1892
3022
7114
3343
1705
7285
2374
7770
6226
5263
4579
2288
916
7721
6247
3581
4259
8580
1553
2600
3721
4201
8303
8491
3659
5048
5715
359
2843
8737
195
4383
4726
5333
9175
6892
6856
3001
2364
2346
1900
6593
822
6596
9412
5056
9037
2527
3240
877
6405
541
2115
9128
4451
15
1214
3417
2070
1887
5064
3819
4619
1619
213
7484
8082
2876
7217
4469
4431
7768
1871
5878
1083
2791
7521
3301
7552
5650
4467
8751
9318
5915
8309
5091
7692
8687
455
394
9564
449
4856
8269
5974
4530
4312
6156
5732
1179
4412
2431
8936
1961
1070
8519
7131
4740
7205
8548
2434
145
3536
1474
2599
8595
9099
3588
6746
639
6152
1378
2367
6192
3592
4925
3146
5589
8445
7961
1192
2049
8766
4470
4027
932
6191
1850
3977
9221
3207
511
4949
6238
1747
5159
4783
2984
5693
6132
7140
1691
8011
6479
9008
1779
9461
5594
7736
1803
314
7263
8274
8772
200
6988
8691
6365
198
5435
8508
5863
9072
8122
6569
7925
2126
1108
5199
5799
4381
204
5536
3546
2603
5520
1687
6736
3308
8399
936
3265
5066
9259
2805
638
7864
9165
7875
3596
8396
2166
1711
6817
5992
2998
3849
1036
4588
6046
7295
2373
6981
774
8191
1677
5510
4392
8978
8171
7266
603
8607
5083
8858
3379
4871
5832
3905
2613
8770
1914
2557
3441
6787
3271
5461
2742
7901
2910
3163
6488
1451
8478
5240
5961
4564
1623
6980
3058
6445
3679
324
488
733
5795
4743
3342
9399
4753
1286
6254
7268
290
2268
4556
5891
1299
593
7572
1861
1785
3299
1696
3069
6025
8644
8013
5514
1726
5904
4097
6731
1151
1847
8272
7050
5564
252
8707
519
9436
1401
2655
7711
2594
7900
6830
7536
8960
2636
8003
8490
6458
6197
4623
4350
3744
247
9376
7649
7606
1954
7211
2421
5363
5134
2167
4761
7167
9201
3702
6136
5989
3331
3896
8319
5576
7298
6402
613
8156
1161
6476
6769
9033
7409
6371
4353
7203
4816
3326
1335
7887
7778
4797
7905
2729
5813
5918
2532
3953
5746
6214
2755
1800
3512
4613
9367
7740
6478
8042
4481
2409
5315
3852
8057
5184
5355
620
6641
8494
4013
6720
8199
7558
5252
8517
2019
2228
7790
3037
6667
2874
6705
7757
5322
3151
9024
3599
3503
8454
6321
9509
9061
9007
5060
994
7876
417
246
3017
5711
3261
8721
9111
660
4438
630
4987
3334
7446
4618
6060
6979
1396
7700
4931
2935
4851
1919
912
3542
8448
3019
8252
4758
8354
3464
649
4791
3409
363
513
5446
4212
2745
4288
7470
6198
6788
8260
6841
7261
2523
4860
2560
2778
4424
4000
109
4553
1671
5109
5845
6317
4296
406
1627
6482
6435
4785
5084
6289
6394
4608
4520
6672
5103
973
2891
7423
8615
9226
506
396
4981
899
3250
2587
5400
1381
3131
9437
8526
3991
1548
6948
3682
4169
8308
3872
8146
444
1508
9200
8871
6204
5797
2357
7890
5801
2281
8661
5276
5373
4575
538
6577
5822
2786
161
1511
2739
4045
4367
8208
6245
4155
7844
6126
9283
3408
718
4417
9453
7507
7045
8986
8650
6910
577
1649
2142
8813
6170
6966
1414
3824
8340
548
4728
2429
6326
8753
6305
4531
6334
4620
1699
6454
2122
7725
3216
1389
6089
9209
5402
5361
1797
7412
1891
4827
2736
2111
105
7882
4868
8741
176
2471
3021
3149
4245
1860
1039
8623
7660
2829
2407
3595
1574
9000
3288
956
6048
628
3365
1700
3130
3035
888
1935
447
4828
4084
3708
5241
6801
7453
451
6743
7928
4179
1485
263
7969
7102
4666
553
8435
2269
8228
2917
3005
4115
781
7547
4034
8143
3068
6758
1681
3191
4933
7027
2114
1167
3883
6075
3937
2867
507
7118
8782
5382
8516
3287
1443
8838
2894
3156
1023
6886
1382
5147
3491
1579
2410
2343
7089
2651
5561
4194
1061
8957
3900
5724
473
9273
2012
2157
4111
4213
1896
1880
162
6506
1186
1327
2489
4243
5268
5810
2197
1523
4346
2652
1246
8983
3083
115
9386
5392
2081
8756
6873
917
7392
227
1670
5506
7272
70
192
2240
5802
2451
8638
9058
692
3902
2282
7690
5198
7396
2551
6323
4364
59
4026
9513
9522
5419
9078
2322
5586
6444
4056
2391
214
1738
4108
771
6313
5985
318
2510
8107
1631
6959
9055
7931
4036
902
1962
6874
3782
6424
930
9479
1215
4394
4233
1148
1307
4085
3903
2100
235
3677
3865
5886
3752
885
7318
6135
849
5684
8539
4824
2957
686
2227
4677
9544
5226
5454
6246
6012
8386
744
5808
6372
1526
5077
3869
5542
3099
6889
5277
6775
8109
1673
983
9012
1079
2862
2685
2425
8193
4192
4067
9398
2546
2311
870
7689
2123
6693
7142
1193
6713
8530
2503
3212
3140
7533
2738
526
7594
127
2274
8924
4403
7382
8527
3393
9389
5679
9382
4963
3971
8816
6939
1733
892
5340
3457
1740
1675
3480
3645
2040
5044
4772
7371
3541
175
4414
6327
2404
5439
6963
5665
5014
6367
2904
3697
8988
6043
7891
5539
9114
2226
4270
3174
5278
7073
1978
4909
6440
4884
1438
5871
2864
1951
2681
1291
4611
7888
7540
7854
4847
6717
4256
7769
1068
8200
5806
6546
2502
4393
6942
430
8239
2178
9438
1981
6096
4693
6063
2468
9032
5336
2641
4196
8155
4484
4081
4114
8493
2504
6065
9535
7003
3456
3075
2996
5037
8852
463
7224
9297
1383
2247
374
308
4515
8616
7794
2325
456
6896
6280
2903
3139
6697
3111
517
5167
2044
3454
4886
3259
4456
9287
8788
2684
5381
1930
4875
4238
8462
825
89
2295
1337
3
7069
8284
6009
7637
8380
9424
1045
1111
2789
2934
2121
5876
8425
6972
5598
7151
5696
4089
7701
1152
5089
5371
5498
582
4325
8946
8066
8482
1457
4643
874
2852
238
7593
3236
2530
3899
2545
274
6386
4811
7093
1333
3919
6710
8939
1584
7793
7615
4105
8328
2771
185
3052
6330
1489
1572
3269
5681
7462
8162
9292
9146
4888
3477
1488
7230
6747
5563
3258
2817
7438
298
7427
4786
8484
3063
2083
9083
2542
3906
4440
5751
2193
8678
5659
8512
2448
5026
3281
23
3193
219
3913
662
1093
5331
1906
9056
278
8702
7444
4636
1727
5323
1990
5378
8040
8668
7269
307
4809
1388
3665
3224
5010
3815
4695
2988
729
3845
2278
1563
9214
2150
852
1979
2210
7998
9014
9551
4418
4647
7466
1616
5951
4635
5760
9154
4938
4356
1232
2230
4291
1686
9196
6376
4254
251
7458
1819
4336
5632
592
3380
4842
4007
3509
5581
6328
2079
2774
8190
1043
3369
9224
8044
4782
9534
6998
6336
7966
4989
858
8677
2642
3783
6851
421
5496
8502
4357
5366
1731
8839
7912
3887
4538
4224
1034
8434
3053
687
2728
4066
2164
356
8101
9493
4731
6308
6400
1454
2257
9237
910
2626
5975
3345
2397
3502
7391
2479
4276
9502
7981
3947
5047
8150
7845
3631
3916
7827
3747
7235
9046
8219
4328
7026
1778
5204
1873
1236
8326
3625
3761
4420
8562
414
386
3329
7277
8869
8812
7751
1098
7988
773
181
8090
5888
2034
5139
529
9215
2905
148
8126
4792
8840
3248
1589
6882
5491
5068
1253
4263
2108
7125
4475
1940
469
383
5001
7468
1849
659
4723
3322
5185
5094
138
391
8550
9222
8671
4718
7201
6499
8664
6395
1105
8582
5341
1146
6449
1615
1977
5852
41
4219
2430
8052
830
9216
2609
3060
7828
6919
6559
2708
1532
8091
2077
4509
3773
2214
5641
1750
7293
160
948
4964
8641
6421
7672
5162
2480
7731
4528
8699
3598
5087
6805
4671
9363
8418
8657
5031
3061
7623
5912
2522
1936
2188
7216
7722
785
411
594
2384
9429
8368
6890
8089
2705
4919
6100
657
4906
5829
9500
640
3033
4969
2433
1953
8248
8590
3043
7616
949
5621
2273
1059
68
2494
7647
1358
7962
7517
166
7378
4760
7352
6153
1487
5356
9093
1178
1817
6945
3740
7184
7683
5453
1213
3538
5964
9434
233
7754
2263
3348
7469
2165
6396
667
9011
815
8997
4055
9129
8503
5054
6168
3661
1336
6450
1216
3318
6869
2949
2535
5702
7394
7669
6749
1157
1331
1810
7508
2159
1510
3496
1408
1249
1223
6461
4944
5067
8672
87
7512
348
8444
2976
2814
45
2578
7497
3667
9345
8468
8270
5076
3863
2747
7603
6053
654
6019
9252
2094
3867
7724
9482
14
9433
3315
7319
5530
1017
7786
3908
8286
8620
9052
1395
6723
8975
7337
2474
1090
3786
824
6526
780
5272
3316
8851
3736
7735
36
925
9541
3300
1391
6008
77
9280
2625
8413
1350
8192
2104
8295
2473
9067
6320
2521
8963
5350
4729
8026
5934
6195
5515
8464
7563
3626
8238
1657
7113
8536
2229
6608
7597
426
4912
9460
7402
8370
8765
4982
3204
7625
2519
4732
79
7121
5595
853
6576
1126
9533
3621
4874
1459
99
6827
5118
9468
8009
6233
2950
6561
9319
5304
317
4410
8523
4499
9540
6798
6431
5812
9447
3209
6586
8063
2710
6811
5634
8394
757
6728
2614
2980
5492
4507
1404
2292
3914
2382
8861
7836
2303
6531
494
9193
2216
1118
605
4419
7973
5869
6943
8976
8996
9523
1672
5293
1441
7457
1005
7426
9356
4485
3356
6029
6756
1123
5596
476
5320
2403
500
7445
7589
5059
4076
650
3302
222
856
5166
2279
4483
4921
4282
3910
7483
8667
8318
6879
2057
6383
8969
4523
2724
3880
7635
734
1950
6244
9120
1399
5805
9530
