4849
4870
8688
9523
7797
6713
2991
7665
3613
4351
5036
1741
2894
328
695
6405
9103
9218
1549
677
4281
1407
5984
367
9414
9189
653
6597
6423
3462
376
2413
798
6985
5665
4445
8557
2583
1804
7762
2574
112
6081
8621
8457
7452
2095
577
8512
8891
7336
223
3626
3707
6140
2052
4470
4487
988
6653
8070
6920
9216
6299
7504
938
1288
4898
3058
1750
8278
1389
7638
7913
1068
7174
2200
6055
86
1467
4047
2028
8052
3126
531
5424
3161
8050
3501
4871
4742
5765
3955
8560
4844
292
9293
6235
5120
5138
5358
3728
7656
2112
5873
5588
4301
8035
3604
7422
3055
5260
1202
5587
446
9515
1550
4272
2661
6759
8485
652
8680
629
9497
6868
5731
841
4152
111
717
5204
8166
1552
3869
7523
6099
6870
4320
4769
4757
311
129
1947
8214
2328
932
6469
6480
1136
1090
7217
6724
3748
4122
1710
8055
5357
6254
320
7138
5147
4837
8262
8392
7070
834
9087
7834
6328
6720
956
2780
843
5868
2275
8598
8991
8226
9530
9252
7636
4790
4178
7927
4303
3359
27
387
8663
9517
3751
3936
4958
3723
556
4138
5035
8238
6225
7910
3142
4539
4999
8608
3335
443
9126
1233
6032
425
7120
5529
2636
1519
9174
1393
8792
6357
7032
8164
3643
637
8647
233
3632
4688
4560
5210
4100
6829
167
3757
8783
7989
909
5553
8391
6845
5483
4673
7872
5292
6035
8623
7707
8482
4214
7127
3742
7076
4401
7393
2251
6826
4734
9375
9547
6412
1289
7453
2043
4695
2707
1255
4516
3311
5797
7890
6556
5488
2886
9328
6152
1735
8910
8412
5449
6811
3960
7677
7255
4662
1904
2492
3326
6516
4059
964
3438
2940
6966
1139
4641
8930
9360
2296
3344
4478
2919
472
2005
3480
2439
1306
8898
4577
3759
4649
9305
8267
9489
6145
4299
6414
1440
5759
5136
6183
9023
1271
6326
8413
4409
3328
8856
7383
8396
6797
1461
8463
648
8928
9463
360
7641
8141
2304
3605
5535
7524
5438
2070
5381
1502
1903
3673
1237
5842
6651
8386
4832
7254
3682
299
933
3068
6955
1684
5203
2662
2999
5528
754
9154
7756
3725
8129
2868
3548
146
5325
6464
2883
6281
639
5621
915
502
2324
2118
1050
4386
2642
1349
7577
4814
5474
5726
5961
8676
7027
8280
3494
4680
4429
5143
8240
9179
4092
4866
8210
9498
4840
3100
5580
1147
7397
1018
8576
99
398
7761
6130
7581
7710
8460
5932
1987
2084
4048
864
3406
2790
8833
8785
814
4502
6986
5264
5363
6441
5012
7619
5557
5171
8727
4132
7676
8570
5039
9269
4520
5956
8008
9564
7779
3244
8749
7332
8217
578
2259
7324
3925
7877
5811
7078
1383
8758
5649
7875
1479
1373
3436
7535
1649
1867
2692
1693
4392
4873
1548
9506
6761
670
6323
2621
6675
8862
8636
8116
2322
4071
3526
8562
6297
2152
8558
7219
9250
1263
1365
8514
1913
2125
4004
4376
5079
1778
5150
1897
3899
2151
6949
2427
2828
2657
2404
907
7230
4464
2410
9010
8336
9033
211
3337
84
9141
9374
5045
6184
1769
8257
4841
1991
974
6205
4368
6686
9092
4312
5219
3482
607
9479
1836
4435
3540
6339
2222
3453
1219
7292
9167
7659
5028
8489
3984
1658
2232
999
6636
793
2155
2946
1071
7743
3040
873
2462
8869
5782
6343
7361
721
3750
4591
7312
9417
8261
2281
4297
8984
4963
9123
8211
8959
4396
4384
3766
2997
8953
4090
1611
6270
7364
2217
7313
3773
7374
7461
6650
4308
1330
7950
5582
3592
3979
4833
5443
3484
7670
5167
3027
7775
5802
3013
4375
4937
3363
4700
5293
3986
2712
5799
3901
2451
1852
3260
1782
2696
8255
9044
9423
2824
3928
4536
4908
7325
3381
2277
810
7443
6128
8857
1739
2038
201
1911
632
8567
1295
7684
8063
3221
6287
4787
2728
3169
307
5691
6839
9237
3441
2078
8513
954
2875
6916
3709
8922
85
3243
4385
4869
6037
3154
9275
6042
6220
5015
777
1224
253
2695
5562
4915
9442
3964
9170
5809
949
2208
2761
9048
6512
7795
2736
7911
511
846
5377
1885
8776
333
478
7801
9320
8334
5817
403
774
7866
88
1579
1869
6295
5578
2340
8997
5848
9057
5067
3471
3678
6456
1222
5256
7853
8556
917
4503
2263
1606
3801
686
7960
3640
8907
5806
463
3715
7510
5820
710
3677
370
599
4481
9534
2880
7144
7657
2888
200
3872
5002
7391
212
8569
6749
2294
7147
7216
4500
2182
3028
2665
1088
1326
7567
5224
685
4479
5226
5738
5909
5730
1212
4265
5416
4959
2813
8382
7508
4436
4438
1234
6552
1704
896
6154
456
7513
5049
3510
6810
1010
860
83
1170
5478
4976
6337
6765
2211
1420
9289
8326
5170
5338
3744
4942
7273
5022
6443
3826
6968
2347
5859
5861
3573
765
2202
1159
6428
4916
9291
5924
5950
2939
5954
8806
6031
2411
7809
6478
6752
140
7543
1878
1536
5672
4936
219
5551
7378
9016
3902
78
2567
7786
3256
6733
2819
7894
190
5894
2384
157
6897
7939
6902
7851
6879
4624
5816
1322
516
9049
206
2393
3658
8151
9303
1239
8978
5182
6808
4726
2460
7755
6148
8718
6540
2313
6704
5422
9368
1290
5624
2148
8200
6927
9426
8024
9063
4269
3532
2564
7639
748
6538
5666
2207
6852
8867
6317
5215
6216
8289
4099
5841
2213
564
1808
6926
768
8359
185
5843
621
4661
6891
181
1172
396
4391
4075
4165
7971
8040
6158
6817
6889
8759
3403
3178
51
69
8580
6641
7863
6104
2518
6233
5112
3206
1944
4533
2998
3338
5833
3937
4825
4962
6288
5029
4226
3689
7746
3236
626
168
7165
9066
4920
2576
8118
1603
8095
3587
7486
4634
1434
1451
7017
7347
4598
6982
8097
7702
2590
31
4462
3122
3652
6737
1144
1915
9503
6474
3085
4817
6758
5701
3556
2815
8973
9310
7067
9215
2791
5157
2932
4033
2720
1877
5520
6418
7663
2210
4298
5058
584
2102
9276
4811
209
7362
7142
8520
683
2193
722
6824
5087
9093
6987
8331
6488
8385
1072
7841
2386
5193
2931
8298
8961
5812
9191
1273
9161
7955
4828
3072
4839
9347
1979
2948
7353
1328
9162
5705
8797
8977
194
458
4772
1065
3123
8637
2320
5412
5409
8983
7315
4437
4600
6841
2646
1939
7997
8736
1759
5007
2755
7231
6885
8265
4491
5655
7869
8508
5559
7119
1993
4587
6172
2775
5603
7654
2773
5733
6125
5713
2633
8297
1243
1446
5466
801
1829
4557
9012
217
2374
4069
3932
4564
6993
5359
3794
7268
6569
4107
7865
2299
3625
7924
6066
5586
9011
5198
1812
5272
751
2992
9348
5923
5867
7549
309
1629
8507
5117
6070
6740
9247
2443
3300
2257
7969
7472
6832
5756
3958
357
3367
7042
3957
3772
619
7562
3310
3164
7491
8245
43
3555
8555
6296
6395
1930
640
9258
7649
1406
1331
2254
6616
9458
9236
4404
3268
7640
8275
6204
3181
7838
1821
6924
9418
9024
3982
7145
2352
4545
5885
3535
6831
8198
1363
2387
8684
5418
441
170
2892
7150
5278
7719
6149
2982
7991
5294
8442
4805
7009
8832
2344
3848
6304
8291
7922
7537
3608
2624
5548
182
4237
8086
4883
97
3195
8218
7807
2455
7121
1124
413
7414
6374
647
4529
5346
5232
785
3355
7515
1452
2951
4991
1475
3349
575
510
8203
6620
2405
5850
7342
4215
8431
6083
930
5822
3679
7068
735
9263
2173
8927
82
3861
8962
2663
6953
2333
3806
3782
9552
4473
227
1355
9249
397
7184
4066
2029
8747
4845
968
8574
7868
2301
6316
1672
945
1466
4484
7473
173
5938
6946
8195
663
8001
8432
2540
572
4966
7181
6687
5250
8250
3977
2488
4995
3968
3250
2715
7392
7025
4117
4554
4863
5476
7021
762
384
1151
1058
4665
1207
3630
377
5643
4623
107
9485
3790
4259
6915
5810
2890
4819
2554
2651
2231
2683
2243
6251
3905
6141
5630
1529
1702
71
738
3069
815
2853
9073
5527
1085
3779
7002
3950
6633
6626
6173
7605
4494
8605
1923
8212
3917
3921
2879
144
434
5383
2531
2762
4370
4176
20
7418
2198
576
3258
2218
366
6203
9311
9424
8475
662
5242
6947
5547
1995
8631
5237
7190
9383
7366
4852
1648
7593
4851
9091
6256
919
2363
3187
4803
5161
231
3288
7806
7377
3289
57
3577
7135
4012
4091
7062
9525
2359
9175
3107
8503
2713
6481
2609
4296
3760
8711
4647
6656
6554
2104
8187
9371
7754
6743
5073
3688
3517
4458
4712
9408
1318
100
381
6181
4681
729
1892
3444
4183
5612
742
6102
2718
1204
8860
1311
5085
6608
9400
7934
3152
6027
4773
2829
7994
7237
6663
3185
2339
1391
4909
9550
1551
8669
6619
8709
1276
1051
3893
4442
5105
8067
1847
220
2675
2622
1004
9202
2054
4161
3859
186
642
4511
432
3776
5299
7573
5869
6559
9231
5327
3090
1127
8165
8689
679
4572
2105
1106
6482
3814
924
6278
6791
4758
838
7824
8563
1705
7889
5446
9204
928
2920
2276
2572
1462
76
708
9462
6767
5566
3499
5609
727
1396
588
7608
8149
2941
4420
1333
6770
2061
8032
204
7961
2655
3449
1033
2170
5974
3805
2685
5913
3136
3876
4405
1967
8234
1733
5847
7956
3220
1801
893
7734
1901
8175
7658
8939
7613
1314
2668
5647
41
6416
1670
8271
6147
4121
1712
3695
3071
4056
9209
392
1348
68
3087
7055
2220
4
430
3553
2677
8279
4729
3642
4746
6090
2146
2500
2491
4932
5432
4830
8007
3398
7844
1158
4267
5281
2871
8524
2539
6139
5439
3952
2282
5480
3758
8268
8539
895
6548
7876
3498
3663
7411
2326
7408
1470
3046
6168
9461
7516
8248
2954
6850
6067
1441
5839
8988
234
1215
4015
7330
5829
2076
3996
3552
6048
4652
9494
2012
4261
3292
5585
9246
630
3718
3234
362
117
6174
6991
4202
4199
2782
6213
5575
6549
1315
8162
8687
9067
4689
1291
6931
6914
2924
8915
1048
7804
1794
4074
2306
7026
4838
1919
6310
7935
7757
6975
7898
5507
9037
1868
822
6459
7040
2143
8549
6376
1083
2893
7891
497
4347
4642
4761
714
6389
6581
858
9448
2138
1607
2098
586
4040
1319
3558
5211
8909
8732
5751
6570
674
5221
8799
9235
4979
6873
7114
1196
2628
5920
7765
2319
2757
5013
7970
6577
8133
3308
4725
2082
5584
7309
8852
8179
635
2487
5511
5353
7239
8130
8906
1862
8739
5387
6392
1783
7242
1516
3083
8654
4575
4190
2688
2381
5496
3173
6698
2620
5195
2878
8501
4169
6547
2700
4504
7262
2845
5976
7211
341
1952
2509
4854
8677
7291
6350
951
6015
8537
2805
8381
8713
9343
4961
487
6013
5178
982
5752
3348
2673
8786
2745
8223
9327
4425
6701
9501
1859
4904
2163
7415
8091
5371
4453
8161
1178
4862
3361
863
1102
2777
6024
9105
1177
2523
4441
886
1081
3098
746
4139
36
5888
2862
820
6745
6855
7497
5763
580
192
3762
5065
5919
1744
9150
7912
1186
1076
9124
4955
1908
6449
4234
3204
4570
8016
7945
4926
1370
7652
8877
2160
1591
7202
8618
1175
9136
9514
1198
7860
1934
1663
1809
6132
215
3079
3015
8329
2515
5066
7108
3137
45
261
6372
9004
8651
3358
1214
7228
3717
3106
3070
4095
3267
3576
7087
4287
350
9554
6564
1258
2855
9104
9222
4413
8148
4716
610
3909
3009
1789
240
4283
4185
8518
7046
6590
5115
3817
4740
6039
7249
3694
3731
3287
6436
6504
3874
4549
8136
1193
3447
2973
3495
9026
1064
848
267
8284
5685
9221
4565
3307
7554
5979
6446
1113
2709
8737
4067
3895
8829
8596
6458
6729
9282
1482
4637
6600
134
7152
8521
5753
2896
4588
4728
5711
3890
2040
590
1770
8082
7222
8534
3336
5638
4532
3492
5591
9100
8931
3738
8568
527
6646
7117
3113
2823
6008
8233
6362
3404
8892
4159
2538
1559
6790
1162
5855
4831
3278
5265
555
9505
8231
4387
1266
6511
3209
6047
5939
795
3611
346
5069
9278
1382
8958
29
4629
1623
1926
6529
6921
5460
2111
3007
3571
3041
6925
1570
5840
5471
8251
2631
2176
6578
6445
3227
7344
916
8638
4469
7564
4861
548
2943
9028
7812
118
7790
4036
1740
7992
3279
9356
8652
4608
3325
6941
4274
5209
594
2470
5706
7186
7233
827
153
9413
8726
371
1512
313
7018
5581
5887
1227
4039
1146
3297
8150
4896
115
46
3074
2660
4440
4708
8484
5213
7883
8495
8369
7388
6057
4232
8467
3621
4897
8800
549
5536
8416
8252
8229
7881
1465
6780
7648
4579
1921
1699
7307
8388
3662
5697
6494
6742
7817
7367
5373
8588
2341
8285
3832
8105
6034
6306
1690
5980
7448
5208
2714
1883
983
9441
8661
6065
6666
7655
7752
5693
4899
1854
3607
8844
878
3873
8615
1747
402
2373
5573
379
8005
4014
593
9491
5921
1199
9551
3479
3618
539
5722
5594
6565
7729
6036
3544
6887
7618
5951
1265
7929
8843
6107
6004
5628
6247
6285
3199
4791
2980
3029
4316
2562
9420
5995
327
3670
2582
8324
6236
7832
7830
1275
7906
8338
5214
411
6954
803
2016
242
1473
5546
70
4016
2479
3885
2676
2209
2587
7421
3631
7674
960
8698
5025
6520
6901
110
7285
1128
7888
1638
7672
5090
8049
8069
2142
260
566
4751
7526
6568
7774
8417
2316
731
7861
249
5347
645
4692
7842
5597
322
6731
116
6937
9021
9472
7871
2968
5133
7131
9401
7918
603
3681
4957
6876
2778
3745
2092
7696
7771
5306
7318
8377
1776
1562
121
1323
1872
4794
343
6718
6736
6377
8071
1027
4428
4468
8107
5252
2157
6021
7064
3464
7402
406
287
5320
4980
4350
6438
8957
9477
8879
775
9193
3485
4338
6981
9114
4383
3184
7155
8205
7632
7576
799
6867
3060
9333
3135
2611
1044
2767
9555
5040
2842
23
2975
6514
135
4621
9297
3270
4834
7081
7953
4583
8380
759
6086
2640
3722
81
8763
2935
8202
4526
202
6617
1400
2546
4945
3942
8405
1352
2495
8263
5322
276
522
5158
2585
2702
5027
7740
5030
5531
4697
8131
7763
5654
2784
7926
752
4730
9002
4705
869
3970
5061
2519
633
5384
3998
8914
7293
791
1026
1669
2065
6142
2812
2598
1296
1825
9471
902
1567
8976
1928
3251
836
4749
1528
2848
6292
4246
9061
6716
6138
1292
3651
4373
4756
6375
9201
9032
891
3594
21
6073
7545
9025
6455
3828
3855
5054
3539
4595
2760
7384
6347
5280
959
7019
1223
4796
1040
1259
4535
8090
9257
1216
618
2544
5563
1555
484
3319
4748
2434
5830
1592
2370
789
4702
6977
8000
7525
4288
9144
6289
8671
6109
2030
1210
2966
6957
9504
4133
2447
979
2178
4408
2051
2846
936
3048
4763
6604
1428
6812
1269
787
3005
4277
2075
1799
2731
3339
5394
1438
2694
5670
3140
5060
5295
944
2742
8502
7664
4593
1950
628
2776
8738
4174
6782
5401
8335
1120
420
8875
2169
9326
2090
8332
1981
890
1925
941
7133
9188
7047
3500
7235
5201
436
5631
2900
1748
2570
3502
3784
6358
8104
8429
5870
3780
1978
8337
6983
8446
1015
3692
1443
5908
3138
6866
1038
143
2964
7733
8065
5491
9277
7198
336
3211
2904
3862
9474
2794
7972
2543
6959
2847
324
5038
5441
3907
8554
6567
7126
1989
1117
3213
34
5917
5390
9313
3380
6858
5780
2424
7284
4855
7417
7778
2804
8365
4008
2717
969
479
5249
6627
921
4430
246
189
1839
6888
8120
7394
238
5151
5853
2967
4377
3887
5933
1532
5238
1190
1488
1857
2181
3962
5555
7022
8912
816
1575
8083
8966
2260
8830
8499
687
5243
7603
8487
2145
6973
7111
4994
3649
5728
4733
4735
9238
8264
5862
1577
3799
9287
8768
1244
2800
6544
7625
8827
9225
5524
120
7569
9495
6397
3472
2233
6001
50
9122
8181
871
1922
8115
8500
4951
689
559
563
8681
1077
604
6951
1639
6352
6700
8733
5262
79
1906
7714
101
7470
8019
407
3628
3111
2360
4800
6401
6674
3938
8561
2353
6030
493
5144
8724
2809
1636
3842
8504
9367
6484
2252
40
4230
9197
2549
1632
2108
4062
5222
7294
7331
9086
460
4439
8340
6222
7623
1958
8625
1742
149
4977
6497
819
7607
4752
3954
3978
4744
8756
7210
6697
1334
1564
7199
779
7633
1627
7585
8453
2616
9545
5786
4488
5741
6958
1701
2121
5698
8017
7203
5191
7400
1140
431
2348
5626
6513
2511
9531
270
1706
6349
2907
7333
7483
1788
1637
4118
7289
4566
5709
3112
2947
6025
3972
6043
5845
4737
1814
6313
5518
9433
4474
3455
6356
8753
1880
8033
2228
1806
6948
4561
5425
2630
2766
4348
9366
2305
2227
8919
7892
6510
4775
8633
5230
1949
1231
395
2309
5675
2988
6245
6259
5152
1032
1167
1844
4366
5008
4451
6364
8765
7826
5757
3609
4789
6681
1766
2191
4911
3411
2204
3049
9295
6425
7257
9226
4379
8831
1423
1142
6972
7466
9386
6003
8073
7296
9053
605
7602
1664
7089
6643
1390
3684
892
641
2891
2600
3729
7419
1107
6838
8845
1824
1938
5026
6275
7263
1173
3812
8476
9178
102
3145
7505
5179
6448
1036
1091
2579
5977
9370
5043
4081
5893
1313
3332
264
885
5253
4361
6660
7295
8824
6398
4658
5835
4248
1618
5435
2247
2650
3666
5898
5052
4465
1324
4270
2971
2403
3948
565
2960
1586
2156
6777
1726
9567
4083
7583
4335
8361
7727
4810
7856
4605
8208
1610
9509
8473
3276
9409
3352
9224
8047
6379
2167
4268
5255
5664
5270
4518
7164
2295
624
2497
7104
2066
9312
3023
1099
7182
8528
9403
3283
3229
3216
8814
4707
6892
8938
3010
6069
8767
8421
4930
207
4456
442
2290
4294
3545
1513
2986
5484
8864
8170
4656
2385
6393
56
6837
5552
7568
5344
8551
8445
5234
7283
3878
4367
7093
6976
2814
8119
5098
8154
7356
8601
9467
5378
6064
1013
2083
7435
4466
103
5455
6226
1000
5781
5550
4613
515
5750
106
4612
4671
8479
835
6988
3376
4020
3428
3719
5345
8629
35
2238
7616
5636
8471
5315
6709
9157
6170
5205
4322
4341
8660
8851
136
3657
5494
5398
6728
1916
8704
2266
5556
9352
6588
4001
8781
3192
3299
5006
1045
1022
8996
5207
1166
241
5419
5477
2364
5601
5814
4607
4203
7864
9084
7424
2461
1160
8318
6744
7056
8041
4180
4175
3841
8531
4714
2438
5288
6305
4116
3943
888
47
2667
6258
3315
7471
3675
2678
5615
356
6082
4792
5428
6273
2987
901
2422
6485
691
2280
8193
3146
1957
7617
1968
1905
3818
6041
4416
1714
8656
2750
5307
5948
1626
3124
3448
6383
3704
8696
792
3989
9319
1054
4865
6210
3705
7051
3528
6501
9186
4030
7667
1075
9131
3396
5155
2474
4765
6221
5884
3518
824
8695
5568
6952
962
5930
331
6859
1253
6167
2969
1192
4710
5342
8817
7343
7588
3103
4986
9457
3713
6506
7553
6089
1138
3375
4940
1061
3353
494
1002
6778
741
1395
1301
9125
5132
8188
9388
9
308
5719
9031
3655
7054
4506
7947
364
3151
9036
9203
4187
5202
3212
3365
2351
4630
5396
6094
386
3653
2772
6536
1335
4818
6492
8904
8310
8444
513
7440
4192
3847
1101
5729
3197
682
7980
8998
7399
7302
2187
2362
3813
7835
2419
574
6442
9532
5978
8117
4422
7266
4194
8778
8735
9314
62
567
7204
4821
9290
3341
8174
612
4723
4057
8577
7973
3120
6451
9069
7395
1325
8044
782
4616
6232
5537
2648
2528
8995
4993
429
1458
7482
5774
4086
9512
4650
3096
1287
2420
6533
7390
347
7359
3595
5454
9369
3026
8437
7628
643
1990
1418
638
2037
7238
1752
4378
2135
235
613
7987
7136
7612
290
562
2857
7474
3572
9200
8305
8286
221
373
3769
2577
7502
5599
7908
7999
9390
1293
2607
6045
6722
180
5220
7500
6989
6874
8099
5687
7279
6500
3239
7687
8287
7008
8108
8414
3809
8128
3660
2048
4460
9357
8804
8626
7484
4835
8486
8301
2250
3633
6783
2788
1046
7742
2586
6330
769
8043
2368
6378
8355
9118
2286
6768
2993
6417
1764
557
2505
9265
2831
667
6717
8884
193
4358
8260
4119
2721
2141
2440
6002
3792
26
8674
2615
6819
3508
9085
491
3127
8587
1853
5783
5196
7493
8664
644
1280
52
8894
2965
3922
8990
7736
6365
9008
4514
776
897
3357
2212
5497
3193
6162
3680
9425
3597
9110
1547
8389
1123
7544
7183
3443
7154
6961
414
7753
8761
7620
5668
3172
7059
4795
7405
7092
7225
369
5368
8712
8183
3777
7862
7372
4448
2285
3735
5335
4104
9315
7848
1388
2130
4924
8640
2469
5522
5607
5399
8010
6984
1795
7075
8822
6880
6566
9089
6118
3763
6795
8511
8820
119
1268
8075
375
8641
948
3884
1041
4154
6531
1495
7902
400
3698
7852
5766
5545
8670
3224
9009
1946
9208
1369
8974
4031
2369
1168
2774
4923
7447
9076
2806
8839
4273
7820
9279
5960
5803
2240
58
177
295
5246
9444
4781
7141
1515
6574
3838
5212
2748
90
3562
6703
7445
4603
4240
4546
7680
451
3821
783
8813
4337
8030
4482
9558
3393
6471
5633
5989
9261
7460
7887
7699
5614
5674
8407
6189
4186
3044
521
1780
9435
9281
8803
7485
7818
6707
9056
9199
9483
3073
8787
2021
1584
6609
6332
1819
8834
8368
8459
4454
1874
9302
3918
1815
5131
5154
4218
7011
3291
7450
6558
5137
908
7143
3521
6781
2508
6521
903
6431
1074
3851
705
1651
4434
6898
5430
6239
7458
9527
4374
1973
5379
2864
7724
7788
4289
302
2934
2503
4253
7163
5032
9151
6234
4457
8379
4910
6546
5744
4589
3648
5051
5964
3584
8114
8094
5068
9213
1476
6530
3179
2524
4513
2394
2740
6596
4372
1994
6878
9182
9139
1059
8327
258
9419
1141
5987
3091
7299
1453
7171
6407
91
1235
6864
9351
1849
7964
6060
5834
7314
664
3374
4921
8343
8455
7666
5627
8819
2817
2392
4115
6087
5686
4402
4239
8096
2589
2205
6131
8744
4599
3306
4510
3362
7045
89
3800
9019
8762
125
5576
5162
1119
6026
6061
7845
6519
5646
3514
1924
3603
8639
8538
9153
4815
1005
7258
723
7334
9316
998
2930
7682
4497
3749
4088
5436
5047
2537
281
5489
508
6054
5716
5372
3990
4205
8064
7688
2162
9029
7069
6320
4633
9078
4035
230
2618
2194
5652
3230
4983
3225
1430
1856
7921
2120
8101
1357
3171
4105
1767
2472
8934
9331
1137
5805
6647
5197
5323
5318
4278
5470
7345
8037
5343
6384
730
7441
7527
4636
3176
4102
467
6582
1616
1730
2327
3408
2561
1619
8145
7907
7369
867
3802
6508
1448
7082
883
8657
5872
1507
2466
1179
296
9220
1580
7936
5366
3059
3935
9562
3924
9329
7542
5579
7509
2429
2556
8980
9035
2342
3930
7905
2367
5183
205
3293
796
9172
482
471
3383
910
3001
2575
4505
7096
2401
9159
5907
8410
439
4659
6802
7595
8517
9438
7833
1975
6190
585
8924
8048
1599
3298
6723
3919
2214
913
8152
312
3775
9410
718
8679
4954
3889
8725
6351
3232
2490
2870
966
3877
7475
3437
2937
8779
6503
6386
4123
6153
1681
1940
9337
3409
7113
8493
654
4068
2551
3389
7768
732
8791
6668
2725
6786
5055
1463
8828
6614
3125
7446
2588
1953
30
8653
2877
4927
4736
501
7036
8311
7751
6303
5789
8177
9476
2197
5177
3445
5063
7311
2446
7232
9566
6044
8550
1866
2645
5992
6628
8525
7949
2955
8469
1364
6080
6380
3906
1526
7520
9354
1344
368
8430
7717
911
6491
992
1380
6822
5724
1943
1353
3175
1439
1525
7552
5465
5289
5266
2042
2249
766
7879
2325
2644
2407
388
8861
8180
171
8788
9232
490
1781
345
4982
1678
9133
6862
462
5076
7995
3418
573
6738
4025
310
4793
9341
4197
8098
1554
6922
422
7681
13
6642
7430
9384
255
7530
7041
6835
5739
5915
7404
1810
3803
3392
1842
8239
3575
1145
7106
5659
8969
5225
5689
5097
6433
2235
4804
1582
8592
7323
3233
7085
5764
8881
7916
9119
4193
2063
8281
1935
2914
9451
4034
9450
3050
1485
2418
8189
5031
984
465
4449
18
1660
2215
3226
2314
7176
6799
6028
6792
5988
6664
2355
7705
6746
3836
3290
2534
7346
6177
8266
4718
953
4223
4824
4207
8701
7370
6607
5942
1708
2147
8146
5163
1613
5247
4252
7843
9539
2129
1327
4467
5091
6409
5206
4547
4552
7990
389
788
6846
973
6517
3981
6550
1545
6618
9270
6535
592
5156
7646
8979
1786
9146
8933
330
7561
8224
8918
5395
1368
5769
9543
5973
3302
2759
3691
4211
4522
3024
344
975
265
4971
5279
9014
4137
2189
1397
1887
3196
3459
2506
747
6774
6787
7275
7521
5944
1073
4357
9377
3043
5539
4342
7438
1016
2866
3991
3823
9007
1755
8841
4646
7855
631
3570
5725
2911
3624
8051
1184
540
3273
8952
770
1394
4311
3486
8314
8190
6331
2158
4973
6479
1964
4567
2149
4935
3032
2834
6206
475
8545
9267
4704
6534
5825
3025
2457
1677
5695
1066
244
4264
6585
8272
3011
7189
7857
6507
6212
2068
9285
6551
5510
4110
6404
1966
4722
4628
8901
7321
9300
7241
8127
9003
7783
5949
8741
9001
8144
3249
3405
3394
4664
2117
8751
6875
1481
9194
3170
1791
2837
3030
518
3504
283
3726
3941
2454
6655
7157
2226
812
382
5269
8823
7406
66
5708
7731
5268
5985
7837
187
8348
243
5305
6367
4327
6193
6403
5947
8134
7766
1025
7563
4191
6562
4776
282
4179
5651
9308
1511
2425
7083
8533
4699
1109
1500
3664
6324
3616
9030
3669
3407
4220
3368
5187
1805
5326
1633
1366
3591
427
8237
3460
6918
8530
8643
8745
6904
3180
80
3896
9190
1543
1802
6163
6978
3134
7668
7928
8018
6214
9412
7033
272
9355
9335
7813
5296
5114
1003
477
3849
2478
8235
8015
9248
2006
9286
337
9018
5679
9443
2873
9062
8552
5827
6632
2749
7161
8886
468
8535
6622
5406
3121
757
2017
1316
3969
3646
4221
1504
8595
5174
8003
3491
7900
970
4581
1133
6121
4691
552
3965
7711
2380
6217
8971
5119
3511
7381
4907
4949
7187
8232
6613
6890
1855
8362
950
8424
1566
1329
7095
786
1896
8694
2236
7937
5461
4306
437
6052
6096
2858
5558
5130
1965
5486
2044
8325
823
3021
3419
1283
7304
9508
1858
9542
3833
3215
9549
986
114
5957
9129
2431
5271
1274
1410
7598
8400
1565
4018
4093
5883
7072
9493
7686
5777
6466
6
2698
2926
59
8401
5945
5093
5517
6159
7692
6539
8364
293
1006
7031
7941
8168
2795
4879
6198
4867
2409
3470
8965
1218
5420
6344
6009
7253
7643
5473
2372
3214
3282
9416
8021
7000
1997
3422
1498
3370
6408
6933
5967
5094
6312
9518
5083
3333
2507
2062
1983
9306
8609
4019
558
5702
5110
4614
6726
1544
5124
4654
1069
9095
1157
6319
1225
694
8506
1307
3262
38
6114
3452
617
2432
4808
1508
5099
6223
8895
1723
8157
3318
4996
5770
473
1285
1433
1341
646
8721
3004
1695
4480
6342
5370
5492
5180
3254
545
8490
277
2244
6645
4212
3980
4780
9120
8967
7546
8526
3946
73
1762
7802
561
466
278
4331
3020
2489
3721
2165
1116
5508
7503
553
3606
3807
9121
2690
7621
4779
2594
4170
9196
8675
2361
6561
9394
2792
3139
3863
3269
7631
3585
225
1738
4952
9332
3706
7952
5231
8917
2619
2649
6115
6827
3519
1267
719
6461
2895
6509
9152
7993
2724
5304
8815
5838
342
4534
5096
2225
6176
8784
8313
8947
5851
5472
2820
7338
303
5153
3852
1247
4731
8950
4719
5129
474
7703
5645
24
3036
6201
6175
6638
7574
5521
1722
9268
8346
4417
151
5361
9405
6606
7836
3505
1537
3883
9284
3547
967
3860
591
5928
4258
6208
5824
4085
4914
7376
2679
5717
3589
3574
1568
6100
2444
3820
5890
2248
5998
2626
4275
519
8975
4541
8039
383
5926
991
3756
5881
8992
1412
5081
6541
5341
4555
7084
1864
6396
3402
4668
2270
6695
5282
2150
3686
4767
394
8273
2358
408
5860
8835
2526
184
4875
9380
67
6654
4967
4778
2330
6684
4590
4291
5011
4750
8809
3665
297
1765
9181
6136
1030
1347
8547
2186
5354
7897
6793
6992
939
435
3590
1635
4508
3378
2357
7601
2300
6467
9054
2004
5223
2553
680
6804
877
7305
6053
1112
489
2184
2267
4393
1956
8926
1257
2094
9521
997
6078
5931
256
8320
3321
7065
3271
5602
1796
6905
9176
7256
7777
8295
8529
3699
7673
5199
972
2976
1001
1484
8027
7193
2844
6135
8604
7105
701
5650
7153
1818
5897
5078
5393
8307
9064
2371
6776
318
1464
5871
3461
4974
5934
8773
6472
9207
5715
8548
291
4345
2949
1205
8306
8622
7437
4042
7102
1553
3824
8360
188
8009
7745
8632
5792
8848
4318
7770
6092
8859
6269
4475
579
7538
2765
1976
7773
6185
7559
7271
7978
8937
700
1062
1256
6432
6477
587
7354
7611
2938
7053
7401
4282
8903
666
2785
9070
1340
2199
3261
8241
2516
3222
3727
7821
5188
6515
1986
1758
678
3881
8960
5882
3524
9427
589
5877
9055
2050
5500
3797
7644
6325
7215
323
4496
6063
660
3870
8132
8153
8607
1817
2283
1589
6754
3639
8777
9107
5348
2957
5935
9259
1691
6238
853
7212
3247
6169
7870
1143
470
1731
9481
6813
965
5619
4134
6309
4653
6962
3825
9393
208
7128
4929
5352
428
4037
2558
4988
4984
6784
2468
8699
4538
2659
7160
5405
4238
1254
6908
1294
4006
6881
6825
8678
132
6068
3207
7260
5775
3286
2915
7683
1647
380
5332
4131
9195
9537
5970
7125
7799
5467
509
3703
7425
3094
19
8448
445
1122
830
4124
4236
2396
2245
8871
8371
3489
8854
943
3953
4125
8559
7006
1148
3588
2593
7272
976
4002
2366
4617
7028
1052
3174
5350
6346
4305
6943
7270
7831
4850
8627
8964
6465
1813
5257
980
1206
7355
3456
8011
1
1378
199
7264
8451
147
3458
5994
7071
8172
1931
226
2465
3730
1951
5010
4242
5317
6133
8191
6363
865
10
464
4155
7479
7329
2093
5194
1779
937
8317
3667
4394
4101
7496
9526
4213
8370
8461
524
6657
1086
9385
4280
7532
9094
3427
3147
2729
1230
818
7091
1282
1826
8544
2697
5127
3554
7213
6010
6127
2437
3789
8805
2532
8612
3463
150
8655
5968
2101
7192
2638
325
9452
6457
7322
5135
3529
5712
2055
7984
2109
3440
7451
8436
9292
6571
8645
9109
5826
2246
650
9358
623
9317
3882
3894
2711
9020
2605
6599
8178
7288
5437
8167
2336
6899
8963
3089
1823
4064
4711
7874
597
6789
2756
1252
1387
5059
5723
4939
6462
3995
2379
4597
3223
582
3598
3322
7726
5442
3198
6341
750
7488
3155
6865
7723
1165
2116
8702
3929
2854
8357
6705
6318
5955
4891
8085
5704
934
1110
2867
476
339
2456
412
8714
6271
426
6022
2032
1697
9429
3248
3285
8474
1103
2687
1096
6260
3786
7197
2608
3200
2398
2634
5703
3330
4674
4703
9440
736
6308
5600
3741
2899
6411
5023
4325
176
9488
3687
5330
4657
6156
807
7529
6119
4901
5261
4356
2614
7909
3473
5103
3034
7049
520
9240
3830
2994
8078
3295
349
9301
6593
7339
4113
3309
608
4023
2477
2074
3487
2591
720
5160
2527
4195
4660
6967
9323
5735
7917
6476
7541
7579
7403
2067
1654
1174
8900
8440
6690
2136
6702
9538
3568
7738
5290
7609
5336
6486
7878
8109
5311
2945
8303
7427
8985
1984
3432
2071
6527
4055
8062
4262
4196
4144
3844
4884
9075
755
4596
8932
1680
6105
9350
1203
7481
2953
922
668
1685
739
3280
9340
4323
7251
6415
213
9296
7245
6006
2860
3340
2331
3439
8309
4167
2310
4089
8123
6155
6796
3238
2395
9544
1761
8705
160
5331
4760
1503
1561
8182
9510
239
499
7492
9437
6525
4336
7428
5610
745
7467
6229
5287
6563
1644
7610
1131
2783
7630
9395
7749
8700
1657
1472
5690
8225
8470
5667
4876
7800
5276
3205
8585
7967
1039
4694
14
2974
1304
4141
5267
1790
3156
514
5122
1155
758
3052
6453
6591
1023
1820
5963
6373
9522
6882
829
2533
8452
2292
5021
500
358
4576
6116
8316
6691
7276
3810
1696
224
3787
195
6753
3537
5925
8093
3217
6266
6040
5086
2563
2100
8818
74
5515
2658
3401
4427
6483
178
4084
7495
2552
8077
4431
5902
7539
2901
1185
1977
5056
882
5356
2672
2595
6747
6710
3839
2923
2838
5259
9251
5760
3237
0
3845
9130
6354
2349
5057
6877
726
1569
9266
7582
4801
4206
2978
8243
1861
2140
4255
9156
2161
5227
2402
2763
4032
7669
6917
424
8106
568
9321
7587
9080
8249
4472
2787
8872
1996
7185
6711
3191
2416
4007
165
5095
1727
9041
154
5258
5911
715
1249
5077
1468
7060
6333
1713
2
2206
1450
8921
6187
6679
8292
3314
9184
4619
8216
8565
9034
3426
4149
9040
899
1093
7274
4848
8012
3522
126
711
8630
5169
8242
6683
7943
2020
2293
6935
8186
8059
2123
3560
5965
2041
4741
7429
7558
5912
2826
1634
5856
5707
5239
9428
4489
6856
771
8708
3467
7240
1918
7316
6182
6421
2448
1721
868
927
4745
3913
7942
4407
537
298
9439
4136
2541
196
2822
5622
2796
156
963
6179
374
5940
5411
6652
743
1873
3596
2183
5787
2522
417
2057
5604
5804
152
6667
6748
958
8488
5042
1890
734
1246
3391
8999
9446
4635
8882
5975
8398
9183
5365
6595
5329
7700
5014
3533
7298
4053
9112
9546
7701
737
7511
2548
4054
3966
6385
8426
3301
9060
1594
5778
3424
8846
4060
9548
9482
6602
285
7642
1846
2133
6605
5248
1732
4369
4029
1509
1888
1360
6437
7016
1822
2107
2832
1156
8972
6493
1084
8450
651
8649
326
1019
9466
109
7901
6685
6741
4249
2287
1895
3586
4271
4934
1372
1017
5001
1751
1992
7246
4343
1111
9436
4843
4290
3274
1403
851
3755
7968
8483
9245
2441
7796
1715
3638
3549
8740
3053
550
6038
5623
5275
4403
334
636
4450
4330
1454
5089
9106
2691
1675
6243
3080
3599
7708
8274
1007
7506
4109
9541
359
4153
5569
1251
764
698
348
1496
4400
3710
5159
6624
159
4333
8812
2274
7436
7725
3627
423
1851
1538
6020
6097
1392
3668
3567
9254
6249
3875
8080
4244
5788
4881
7560
5111
4216
1302
3569
275
9464
7048
8707
2397
2059
5145
842
3379
5727
4874
7297
105
6699
3493
7063
2356
6644
2856
8481
4319
4227
7357
1094
496
760
1912
3351
1572
3671
8650
8746
1437
1194
8213
378
6505
6526
1024
4254
7886
5020
8775
7382
3781
314
1646
1941
7099
6816
4895
4625
7227
3037
6219
1342
8754
4499
4009
7101
884
8644
4498
4284
4777
3042
6603
3162
3117
7218
2754
2177
8197
6450
2408
8796
3975
1362
7464
8571
4443
1241
4463
338
5874
1134
7651
6496
3822
7713
5990
8456
7252
9381
5423
1608
6360
8597
3266
5172
3908
1457
6419
4574
7570
2086
8433
8780
3399
4922
1520
3160
9475
1105
6264
8716
4687
9560
8330
4204
1671
706
4406
122
8913
1501
1431
8591
6228
7634
9396
3317
3240
3566
872
4276
3047
1969
5567
1960
3063
7914
4126
4602
3153
2825
8691
5635
571
1399
7858
7265
7178
7698
4912
12
2933
3637
6766
7224
7963
9511
1031
4103
532
4433
1029
7840
4820
4517
5644
8982
6611
8742
3888
2793
544
5896
6950
1339
9406
3647
131
274
1576
3578
2494
4380
2705
1047
3168
8729
879
7375
7547
981
7764
8277
3210
9447
6794
946
5936
1471
1413
5632
4127
3497
6818
5794
4371
5958
9273
8002
2406
2203
8247
8111
2224
1281
1455
3360
7739
5334
5218
2079
9233
6180
2555
1398
447
6166
4678
1936
6903
7846
833
6524
130
4011
7038
8395
4310
8889
5625
3382
4158
6912
3994
3166
450
6806
1597
4172
2961
7678
6907
7626
3551
7690
7748
4292
9415
108
480
761
6301
1534
3387
5309
4523
8667
4051
3425
6355
2297
8750
6635
9228
2315
8943
2001
1524
141
2797
2430
4782
1351
6834
6906
6359
9307
7398
4978
8142
1082
2684
3446
5540
2699
5475
1310
5779
5149
6075
6557
5190
2126
856
7557
5468
8454
6033
3582
5918
198
4022
7627
1625
5228
8519
1787
1121
8589
5017
5561
3831
4459
9255
5692
6123
1972
1490
8606
4028
7380
454
622
7348
5658
7737
2003
492
6137
6502
6218
3241
8350
1870
4670
3515
7269
1902
6579
39
6661
5125
4842
16
1530
4208
4644
1720
8143
2501
2467
6194
1181
2733
9229
8076
4082
7134
5186
904
1737
8449
8602
2449
7661
2840
3911
4747
5758
9051
2643
8826
2612
17
4970
5402
3395
935
4309
6434
4799
2064
2909
3765
7722
191
5431
9071
8697
9102
1876
5433
6085
8046
7003
5050
3347
1264
9557
7604
4822
7962
4257
7555
269
4243
5400
2984
7337
507
6017
6543
5444
4677
355
4544
6998
8084
3534
6575
6150
9500
3377
7015
1114
8209
7200
6046
284
5314
1514
2080
9166
8811
9047
2744
5886
4225
8789
6820
2433
8849
6134
3536
2779
7930
5104
7379
1893
4676
3788
6999
4166
2172
3739
8207
8616
4021
8420
6151
3466
3768
8006
7014
4913
3384
4344
5852
6200
1405
4317
825
4965
1784
2983
7741
676
6371
4573
257
7194
7586
7923
5629
4461
1277
2389
438
2743
1655
1643
2719
3892
3429
7691
4304
5593
4150
133
8288
5452
6883
1531
6011
399
1656
6830
6592
817
6191
4806
672
1332
7166
2952
3481
2799
8155
4148
2131
4228
4759
2839
162
4424
1097
4882
2081
7468
7808
8204
4586
6997
6735
993
9192
6399
4286
1772
8692
3099
3082
2560
5493
1999
8703
3912
1563
5380
4626
2921
7306
4354
809
3342
4764
1445
2137
6965
7718
8635
6930
7371
2154
7735
5564
1220
7116
845
3868
6672
1408
5426
8066
725
1686
6348
7267
5560
9128
7920
4426
1415
9345
8794
3454
6621
6283
2423
433
4885
3697
7501
673
6696
7946
8020
4130
1425
5503
1688
978
4989
4519
6473
1043
9486
3051
5905
5801
3743
3488
8135
6594
4198
1149
3737
1689
9553
5673
7599
6370
6960
7433
3183
6851
2089
7030
8940
1135
2234
2159
1060
7589
3934
9256
7954
6447
3619
9520
9459
9402
1734
22
7097
8057
9137
77
1442
4432
4295
405
1321
3579
1886
9496
6018
5512
2031
9059
7966
2329
3734
1807
2486
1527
2230
8121
5516
9556
3101
5146
790
7882
7170
2513
8720
5141
2350
2578
1600
2525
8333
2046
6692
808
7709
8031
8465
262
3600
4768
9038
6610
2625
2391
6715
3827
4606
5245
7805
8816
2885
9042
7825
5828
65
6293
1080
512
9342
8351
3676
461
2278
6843
8100
2415
3916
8312
8888
8878
4147
6995
5866
1108
1920
6402
7815
9260
606
7024
2977
1176
3346
2632
4864
8941
2682
7919
4643
3661
7660
3304
6853
1079
9338
1118
7149
1477
2045
2701
4156
2239
7580
8553
5434
1130
372
8256
6847
8717
1777
8850
9454
681
8887
4182
6124
4507
1667
4985
5082
5233
4826
5983
4648
9559
1221
8366
4829
9046
4582
4753
4365
887
5019
7490
5875
5784
8593
5410
4501
8269
5404
5534
7551
4693
2942
8387
8058
8911
5657
3561
5101
2910
6366
9147
7287
5362
4868
900
7816
2753
87
8586
8942
1604
7459
6157
7220
6573
4418
1585
266
7622
8686
2963
7140
4620
9407
8184
1717
7854
5863
5453
6294
1831
4111
811
728
1354
6682
6560
1297
3850
5351
9185
4941
4537
8885
2428
3708
7476
7132
4397
2011
7385
1279
365
839
1835
175
5391
3716
7244
7098
5577
7811
707
6253
1486
4087
6282
3714
1602
44
9013
6639
7944
6956
6719
3564
142
3513
7675
5523
1573
9382
5714
1832
6576
5772
7341
4548
7373
6049
7750
756
2027
6940
925
3014
7974
8185
2073
5642
11
4836
1622
3622
5595
2916
4709
1974
1631
8112
6522
4063
5107
6146
2849
2221
6291
1506
3416
4423
5241
5457
8648
9392
7948
3915
7803
2034
2475
3105
7261
6815
7159
1487
7982
3157
6775
8404
898
2995
1662
6688
4346
2354
2751
6076
4171
7572
2764
8072
7327
6798
1620
6537
4329
5456
9507
8916
2929
3039
773
850
3092
3752
961
7449
2693
7985
5041
8438
7158
1436
2637
704
8798
92
1035
289
6727
5340
1645
1132
2458
6336
1028
1270
7498
4112
9445
1980
5613
2569
1595
3702
1049
9098
145
6640
2436
8642
4690
2811
6869
8802
8722
688
1320
6382
2493
4856
279
4293
2962
7792
3433
5490
7986
2087
3629
1840
3281
8986
889
2097
6587
6143
385
1900
5997
5929
2906
5482
6120
5018
2291
4145
1724
6909
5284
3397
4823
7884
8022
1541
3372
3546
9022
5126
4944
506
3617
7531
977
6857
5904
2872
4551
7536
4571
6923
2580
6237
3816
2841
4960
5447
2127
4043
2903
8447
1429
3951
2337
8566
1497
6673
1053
5565
6413
9242
5991
4542
9077
7029
4918
1042
5128
1753
8546
3252
2412
5462
1871
9455
8540
4003
1426
6936
6833
5118
2036
5053
8855
9234
3973
9330
4307
6391
3959
570
7760
9171
989
1009
985
8322
9168
2801
9344
3871
3993
7420
321
2602
2338
3078
4889
6659
2674
5914
8068
4786
2015
5519
7058
1797
6803
5608
7647
7938
2922
6942
8246
6361
5592
7931
7597
8491
7208
661
4953
505
3163
9210
4770
2802
1763
7594
9101
3696
6230
8244
2496
9145
8662
7487
6964
8419
3031
1491
1183
5906
3732
9516
8989
4512
8772
7103
1757
1261
957
8755
702
3386
2192
5946
797
6598
268
4097
7455
5900
5064
2581
7122
5542
1745
5790
3263
5718
9391
4627
5421
5319
3148
1379
611
9050
5620
3674
5996
4444
7925
6934
6601
3785
2547
3988
2734
4399
1583
4609
4260
560
8510
8494
8
3265
3410
1707
3940
1217
8866
3430
1574
4558
3104
5660
1309
1962
5671
2383
4878
158
7578
2298
2925
4157
5123
2139
6680
5544
5427
6910
852
3615
2303
5747
3143
2484
5251
6394
3641
6265
8036
3837
4666
8584
3182
6215
6994
620
2604
7548
7823
5677
581
5554
535
8435
6284
6861
1483
3167
7444
1376
3767
2566
3967
8771
1020
7389
7850
4640
8296
3056
6267
6111
3543
8505
4701
8102
5943
3133
9540
6886
3761
5818
857
6112
3165
1011
3131
5009
3366
7514
9244
2453
709
3356
7781
8628
2996
2936
5755
9138
543
8206
418
1927
6062
2882
25
7899
8014
5910
2014
8728
2047
9090
7904
2318
6178
6708
875
5033
692
8825
1828
483
6058
4816
7172
2242
2629
2056
3354
1125
4683
8415
42
7044
7407
5572
1078
3612
6439
5981
2289
2617
2106
6074
8993
7107
6197
1970
2261
179
994
7351
7061
2671
8372
880
2670
9373
9164
2103
7179
7522
2786
2332
4919
5969
7335
947
8908
2345
4410
8466
4618
1480
7849
4886
8774
7129
4188
2450
3246
1982
9399
7758
6368
9499
3507
2703
4326
1523
2989
3815
1998
7489
2471
6769
8026
4813
4562
8215
5450
237
8228
1371
488
9378
7689
6963
5721
3811
3791
780
1089
5606
538
658
5301
2808
6495
6072
5662
9148
1811
5549
6805
8578
4601
6523
529
4802
3520
2927
712
2836
409
7469
164
4245
6340
7896
1201
4727
7175
3188
6895
952
8349
3846
3141
6625
3150
3343
2485
5481
6807
286
794
5382
7827
48
600
2514
37
2288
7885
6665
5681
4235
4360
4010
4784
5700
8837
4000
8126
3313
2375
6277
7112
2664
7592
2365
655
5062
1971
1816
2144
5440
4632
3711
6945
3476
1612
906
767
4389
3022
3065
2013
8158
4120
7704
6939
3864
6016
744
1593
485
7050
4321
7776
4076
4483
8347
1469
2610
5648
1659
3593
5734
8464
2153
2180
8441
3033
7996
2944
3565
8156
9160
8434
5448
3327
9163
8397
5088
6814
3880
8056
4315
3296
2810
2653
7301
7784
3927
8516
778
699
3976
9430
9272
5102
5684
1014
7867
5865
7494
2343
1367
6823
5501
9298
60
3733
804
7782
9006
3475
2323
8201
8599
1187
7959
7507
7162
2917
6528
9449
3650
8838
7772
9480
8868
3764
4073
2223
6460
4947
8665
4509
7277
247
5369
1374
2091
627
5832
7118
1070
4094
4058
9359
8890
5139
6144
4038
8468
6489
1272
5962
5254
5355
3423
7035
1834
4651
8061
2435
9198
9387
4224
2529
1711
4540
2024
7512
8682
4807
1768
2499
7090
3509
3415
9465
3795
5683
5469
4771
9115
5916
9211
6871
5240
4328
6586
7234
5498
665
5303
5312
54
3218
7196
8023
455
5389
9230
4495
5891
2510
1578
3038
9212
8103
4846
9096
7010
1945
1889
8821
9372
3219
2571
3974
9325
1055
3720
1894
9027
1100
4355
1435
8427
5530
3866
7020
8808
2026
5653
5732
2476
1164
9470
2517
3084
5937
9134
9283
8617
1571
5004
2874
3985
2110
6435
6631
4594
3853
6572
8173
4142
4412
3693
4070
7037
7151
4880
8731
2746
3891
3350
1615
155
4164
2863
8951
3369
5070
616
6751
1171
1914
7847
8137
1401
3580
6211
4684
5386
7873
5676
2025
3736
9513
8230
740
163
7432
2166
214
3259
8259
1195
305
1909
8936
4490
2821
1518
9205
7360
2884
2269
4755
3904
495
5819
3417
2113
1881
5767
609
9058
4455
6240
2807
5854
6424
4364
5878
1601
806
7591
2388
161
5680
4998
317
733
7988
1411
837
847
203
583
6051
4720
6854
2985
5634
4222
3008
3128
1308
4106
4017
8945
1985
3804
5175
2666
8757
2833
8344
4679
1200
1427
5445
7012
1056
4788
6262
4024
6532
8352
3835
1377
4610
1063
547
5661
8341
3312
7480
9052
8946
3949
9068
6440
4948
9039
5618
1493
3272
3987
3819
2597
696
9453
6231
6014
2171
7662
7223
4754
2730
5075
813
4452
4592
1459
1954
3081
6580
8536
2898
3235
2264
8253
6678
3420
8384
2723
319
5993
4556
6773
8092
5864
1213
2164
1910
9243
3075
5333
1929
4615
7787
4938
5116
4872
8140
3158
3457
5375
7358
1937
4049
3581
602
329
3656
534
9280
8029
6648
3793
2758
5106
7130
3284
1932
5140
866
9045
1478
1092
905
3003
5846
3683
3
3898
9132
6487
8374
749
6019
8870
1533
4209
8053
8293
2741
8480
8532
7457
3983
2504
6762
9404
2789
6390
4964
7250
7721
6164
3294
1899
5742
8610
5244
3253
7100
6676
3920
2022
1298
5776
306
8987
8409
2722
7606
1104
3834
5414
657
8196
2099
990
1988
3435
2321
3963
2237
7052
7983
4362
7007
8159
2035
1492
8194
9253
1838
2175
1771
9456
3421
4485
3064
7074
7720
1182
7001
2308
7716
453
9099
9421
2902
6470
2421
2502
6388
8801
1598
5164
6338
6369
1605
6079
2704
3512
2271
6589
669
2520
8970
7396
6828
2122
2635
4925
703
4476
5297
2512
8863
4140
5217
2738
9473
228
8600
1336
3923
8748
7828
8408
8089
5795
5571
1384
7596
2852
6677
8472
5429
9318
6106
3903
3413
2498
7317
7695
931
1833
1505
4492
862
5229
5761
2601
7409
1300
8594
1238
5286
7077
1414
3746
4108
6161
7979
457
4390
4173
1698
1800
8836
4931
7730
6410
7933
172
448
5034
6321
3242
542
7565
5972
3854
8515
5941
7478
5142
7416
503
4933
7188
3231
4382
855
6637
7207
1961
6760
5785
4189
9088
781
3971
753
6101
6771
4553
4578
5583
5485
4419
1242
4888
4859
7584
2889
481
3385
7426
5113
2981
2196
340
6755
4381
9389
3796
8795
5109
1641
3086
9502
6315
6196
2312
4233
2770
4987
5274
4388
3066
5663
4969
1346
7
94
3538
6050
6110
4798
8079
2972
3700
6126
3886
2568
9478
4827
2265
5302
3563
1535
459
3754
6671
7903
840
8948
229
6298
8171
3690
1588
2592
3045
1359
8439
4163
7057
1653
8944
2124
8045
5574
7431
6007
8573
3095
5092
1557
6649
5598
7463
1424
805
4446
3114
1942
5459
6662
5617
3477
6199
8624
8897
6095
449
1785
6615
3257
5283
5487
8375
7259
9339
6280
5737
5815
533
9082
1303
4990
5403
6088
3634
832
8356
2613
3910
2053
7340
8925
1510
6186
1907
7635
9469
2950
7173
7109
9111
5768
2115
3701
8169
5800
1245
7629
3054
6821
5982
8902
7759
1709
7859
4078
2641
9353
7645
5134
6257
4210
6800
2378
713
7693
1163
1617
8399
6165
7614
7794
5513
4151
5189
1057
3201
2188
2680
2735
4675
7004
6059
649
5876
7829
6785
4077
8880
8176
4285
5044
5005
2482
5514
6634
504
452
9143
8478
690
802
7810
5310
2656
7094
7080
5148
9274
5748
7958
2473
8564
2459
2771
1621
4013
5048
894
1679
8054
1676
9533
7310
1312
8222
7387
7477
5360
8354
98
3190
7137
7286
996
250
469
8138
2990
8345
9127
914
7088
6498
8428
2652
3557
7706
4251
4893
596
1666
5541
9223
124
2307
1661
9081
5773
3900
2521
7110
8319
9271
2627
6224
5836
9460
2869
4352
3303
2959
197
8282
4743
9490
2710
2708
4563
4585
3931
4622
363
3019
2445
3000
1898
2752
4041
9149
8807
113
3255
881
9349
784
5570
6248
6938
4903
4340
4263
6971
7229
3829
1665
1560
7328
8715
3897
6772
5321
7615
2768
8949
5959
4219
3602
3017
1558
517
4217
1841
4812
5798
2958
8522
6969
6276
7308
1652
4521
6801
8572
61
2069
6732
3542
8619
8498
7454
3371
6113
9155
4349
4669
4247
6764
1416
2179
9005
3450
5796
2897
2737
4027
9565
3465
3002
3115
1305
3531
7965
4201
4559
8113
5337
7533
3926
2689
9227
8666
4766
8541
2174
5903
4569
1774
5072
6307
1837
6929
4080
390
95
8422
1539
6171
7637
8378
8342
6334
5526
4334
7180
2654
2584
7785
3469
1736
1827
6335
3132
1419
8929
4713
1718
1153
3109
3323
1232
4696
1375
9043
7462
6314
2414
6244
127
6730
8876
1590
1067
3740
693
1955
8139
7226
8423
5986
2970
4314
7386
1191
3451
7439
6005
5837
6928
7205
3316
4146
6779
1284
9376
2268
6693
3093
8683
236
1417
3118
8723
8339
139
9219
8308
4611
615
6103
5364
8603
3685
9363
5479
6725
8893
8390
8393
6670
5669
6000
9397
7893
1460
6970
7156
1773
7518
9492
5181
4135
1229
8766
7139
2002
3490
2596
4061
9362
5236
7650
7932
6444
7168
4584
4052
15
4905
4129
4975
7005
2377
1350
2096
7550
416
7981
7043
8492
5971
2007
5858
595
8328
1381
9074
7798
7247
1250
486
5616
4250
4543
4114
3097
9079
7412
5749
222
6302
4162
6809
335
248
2010
32
7839
8853
6518
9294
3468
8611
8968
9365
6996
5879
4168
9017
3516
3012
8411
3277
9217
3228
9434
8770
528
5682
361
4353
6630
6669
4721
8087
5791
3659
6658
4524
4992
6629
2009
1095
6353
671
6381
7728
5285
1385
4415
4471
1115
8710
8406
9324
3583
9239
3108
1037
4997
5374
123
4809
444
72
8923
7236
8956
4266
3474
3623
9072
6848
8373
5754
9431
8110
1848
4860
3177
3620
3208
3856
2647
8693
9322
995
8418
634
9000
1556
971
8013
4072
7206
3159
415
7290
5505
75
6056
8883
254
4892
