5259
5757
56
7743
4176
769
5928
334
3579
2419
519
8000
6859
547
5586
393
6316
8474
4899
5088
2475
998
8851
2253
738
5746
3778
1598
4825
5991
9030
3684
8514
3111
4663
6884
1590
3333
6600
6970
3376
7527
3882
4332
9330
2963
4757
8674
462
953
6829
6261
3347
6659
1215
6475
3279
8175
947
6948
6749
9076
2944
5599
4274
6728
3640
2516
6287
2764
4562
6320
7646
8154
8283
5069
399
289
8957
6861
926
5487
8331
9101
9342
7123
421
5510
7028
2923
6300
7620
424
1337
4826
9056
8875
6088
8707
6860
3908
7203
1667
4800
7583
6497
1391
7438
6605
2088
5182
1702
1088
7738
4172
2380
3820
2334
6729
5643
2149
4677
7857
7609
3892
5470
4272
1290
2170
5813
1617
6984
8027
3851
9438
8037
1921
9117
3746
6462
7600
579
8475
3143
8777
1836
3972
8800
2559
3999
9500
4752
6512
38
4848
5520
3856
2556
1111
1279
8151
1234
8058
293
8300
5214
7403
6075
8822
4920
981
6265
2912
7112
4903
2283
8213
2109
8195
6558
475
3269
7284
5521
3926
410
7199
4015
2448
3235
9234
7631
2530
4958
1000
960
141
3327
2616
1580
3436
1906
6006
3677
7520
7513
4202
2
3719
1155
5001
4171
7412
394
5574
1084
6650
564
9547
7480
7679
7867
7455
5350
6522
9193
8554
6743
485
438
4205
8535
4717
2325
8019
2337
2624
3498
1749
4988
7826
1691
4245
508
3438
5993
2317
9495
5418
5074
6854
2421
6598
6573
8831
3699
5280
55
5442
7134
1393
3482
7256
5607
8907
6568
514
6200
9086
1339
2470
282
7836
1586
8320
860
8291
6702
8538
7106
8782
6642
1376
636
1361
957
5690
8980
2669
1773
423
9079
6209
8982
4578
6959
3208
6963
4877
4579
2806
6359
540
8166
322
4226
6747
9319
7969
3932
3257
6811
5649
3877
2938
9012
3618
1125
9411
3545
5747
7067
85
240
3421
2929
7434
97
5853
6257
9203
6656
5197
6901
3219
3067
3522
2246
2087
4873
9407
8865
5917
1627
1520
2761
3555
695
2589
7783
4619
6332
3738
4367
1259
6888
3895
1780
5399
5026
5562
307
1762
3554
4378
2667
4700
3206
3255
5
108
2881
1271
8986
1059
270
9179
3101
9502
9081
8431
1037
8734
909
2752
8918
6565
7098
9508
8983
3366
8378
4357
8752
6005
8139
700
7400
4119
9062
883
1875
2126
7337
6310
301
522
8504
2585
3193
1018
913
3954
1038
5827
529
7107
2021
1664
7114
7928
9155
9270
8354
7635
2730
7965
4398
1813
6767
9080
3937
2919
876
3130
3729
7104
8228
3120
3393
8173
1724
2011
385
5485
3951
8292
6477
6271
4072
3228
6131
2114
4030
1478
6492
2323
163
4739
8269
1176
2917
6311
7261
3224
8022
1273
8108
1574
5913
1993
7735
7629
6653
3622
8895
7575
974
6432
4687
1767
1660
7230
4972
2505
973
1917
6682
5624
521
955
1405
6788
8636
8656
4448
4776
7845
1471
3601
7418
9394
1895
2729
7166
6307
9382
4491
6784
3665
2398
9209
3178
2023
5767
9478
207
1424
683
1942
4846
8773
563
5355
5462
9077
8184
3793
7472
7022
4987
6233
2406
7042
2902
1947
1211
3129
7303
8287
5808
6469
7262
6584
2228
7068
8224
5439
8113
4046
3827
4890
1351
3097
7804
5082
33
4242
2425
2142
8265
7681
9364
2397
8570
4422
1372
8568
9201
2656
1516
6979
159
1602
5261
4544
8216
183
5637
3029
1498
6617
7618
8820
9138
3252
8958
7878
2803
1512
9406
3733
3602
2171
1100
8540
904
7748
6644
6232
4660
7953
1402
7993
6180
2441
9356
3587
1999
3987
3391
4919
6235
8994
4966
9430
4169
8280
8097
8468
4740
7069
6541
3580
8013
3628
2549
9297
5515
2547
8142
4595
835
9337
2650
9049
3619
2893
1694
2903
7837
8933
7958
6824
6213
7050
9496
4574
6615
7921
4150
1237
5864
3187
8050
7964
4678
3014
3463
1715
915
6495
9384
8639
5603
1032
4423
8112
8367
1011
7643
8445
7754
3886
9464
8263
4993
1216
2225
7372
4010
7514
6973
5360
5236
6563
1503
8358
8654
3762
3258
3350
1344
1986
5741
525
3523
5454
6057
920
1920
1476
7880
3467
5329
128
8088
2174
4151
1220
4216
7552
4437
7255
5202
2439
2745
3444
8582
1288
4853
1699
5796
8337
7328
221
7564
2429
8060
7231
8193
5270
2151
4428
4090
6422
1458
2495
6917
1587
5782
2481
4799
2136
6793
1113
8034
3030
885
7929
5750
1890
5353
2034
1928
5886
5618
7507
7196
5867
1910
1638
422
9027
112
6374
3470
6968
1796
2639
4770
2384
4392
4785
3474
2393
7515
7539
515
8276
6133
2374
6772
2674
287
4767
906
4589
5455
3177
7200
4050
8516
1506
3779
1115
5516
7498
1674
1649
8614
1669
2723
2595
6012
4415
6339
5995
6928
309
6725
8634
4603
633
5727
9188
9133
1710
8609
5595
743
9437
2521
1940
1166
4773
8255
3573
8745
1952
9043
5447
4311
9353
432
9021
4299
8590
1885
6341
5605
2673
2961
4282
642
67
332
3804
1943
156
9485
7648
6392
9551
2527
5252
8046
2906
3973
8690
919
8916
5207
7206
5992
8759
7177
4844
461
7757
5915
2075
4944
7135
3899
3087
7934
4552
3810
6325
2991
5296
6978
3876
8384
6666
1901
5529
9288
6591
1522
7259
4683
4975
3680
2602
9250
6074
4615
3527
5934
1692
2679
1030
6511
2817
7504
5023
6400
1829
8497
718
9352
5054
5828
6134
1057
5232
8125
605
8628
6124
6198
6479
1998
4553
6354
3948
3374
9013
3837
3807
2511
8329
1010
5538
2299
7680
4565
4916
2758
7537
8212
7808
6697
9471
4441
7126
6796
9390
5552
5967
908
3768
5498
8952
6748
5631
709
4384
2907
1978
7324
2900
922
2935
2212
2584
6892
3173
9323
8433
821
2535
1964
155
7331
7770
4845
8090
4201
783
1566
8392
6856
6197
7420
5335
694
6382
3567
4431
5567
4073
8605
4667
6940
6387
496
7902
632
1923
1152
880
6732
930
6939
3626
4115
7422
8950
8217
9174
4897
4653
7673
8861
7610
1845
1453
6063
7872
3319
9092
3615
9178
466
8808
6239
7962
1789
253
6571
777
4084
7267
8549
8490
2681
6291
7045
543
3069
5539
9085
8565
7871
1101
8987
2343
9524
6577
5420
1245
3638
2214
1217
5190
2832
382
6549
9160
2426
7226
614
2081
8829
3773
5860
1321
5719
482
1184
8884
3382
5367
2339
5821
9038
6221
4473
6493
9099
6985
7264
5238
8176
4087
3657
3976
4269
7485
9399
710
7582
6464
5090
298
326
1532
1883
4096
2133
2355
3005
2341
2688
8558
2211
3247
9261
2177
1170
3076
2627
6652
1933
2876
6969
3112
1024
3569
4610
9408
6473
5429
3288
94
39
4292
6519
9404
3416
6882
3017
1987
1683
841
2640
101
81
4954
8870
9125
1343
3698
7601
401
1784
2657
189
2986
1551
6054
6140
6533
375
1336
6975
4569
1970
2400
2741
3232
1277
6923
1360
7637
4506
2140
6155
6070
4174
6404
7322
7725
6203
7558
3412
5481
5185
4403
3070
1263
9245
1662
4842
2517
4138
4144
9460
4711
763
1814
8452
1096
724
4810
269
5563
1834
5542
5380
1682
8308
1293
5751
2227
4139
5199
1063
6248
7334
6149
2456
3788
9466
409
6518
8512
2574
4771
2812
8789
782
7415
8285
5384
9114
583
4719
6187
122
638
8349
6415
4806
9334
2797
2933
7213
5704
2514
5518
6480
1144
8441
560
6450
1049
3800
5706
2502
1449
4034
758
6574
5766
7219
3221
7731
6837
7565
3241
1258
8375
3621
4027
4380
9336
4142
1077
1609
8481
1156
8667
2394
8544
8666
3469
2061
47
5258
4394
6073
9363
1894
407
2708
5133
6038
8470
2750
5999
3295
6707
1540
6080
1924
5832
3410
5729
8081
2793
7957
2277
2734
9149
8030
7983
7121
7739
8061
774
6304
136
318
1385
617
1425
7239
5278
4475
1671
5816
662
3390
9220
1477
9180
4654
6226
73
7159
4607
6188
3381
2763
7269
5689
1666
2280
3411
178
5366
9498
5869
3664
8676
5246
5795
42
8205
2638
2675
9074
9254
4900
5820
831
3316
5620
8817
1151
389
252
5730
3373
863
6790
1064
7489
675
6071
3157
1114
7573
8953
9539
6638
929
5960
5071
6171
4657
7786
222
735
643
7606
8891
649
494
7105
6531
5585
767
2994
7154
7148
2290
1301
1697
3817
59
6826
6938
9019
6713
247
4949
3248
368
4850
2056
50
5847
5218
429
1945
868
8306
7221
5990
1570
3771
2846
1208
3016
5600
7873
9318
3045
6090
6296
4720
6634
6258
7394
8472
4730
3741
5441
1218
3422
6585
3352
166
2619
8341
328
8430
3902
2788
202
3975
5031
3149
5764
8178
1086
3831
9283
123
4817
4870
8146
7341
8601
7662
6665
5629
9167
3996
8536
4218
592
359
3150
9519
1264
5799
6515
6184
1226
1859
9036
2785
1153
5495
7024
1323
3125
3841
7305
2247
441
6159
2875
8886
1771
5162
5126
6076
3525
8802
1276
3963
436
2157
8026
2692
3655
2118
9431
5382
2033
8448
2007
4726
4210
5862
6771
5223
9564
9286
6486
4732
1996
161
5234
941
2609
4803
2814
8780
2184
8040
6611
6008
9452
6569
3594
1079
7332
1123
2487
3479
387
7156
589
1137
294
3767
2217
739
1818
7194
3848
337
8556
7821
5902
2849
4529
6383
6986
5433
2625
204
8956
3211
6487
8710
6117
5907
6349
6509
6148
2513
4025
7278
1911
2447
4586
8418
9207
6831
4572
2631
2755
4388
3528
3648
5738
752
5809
2606
2496
3586
3842
4583
3278
1712
7849
2306
7716
8742
3417
7338
2219
7292
5158
2190
7652
3775
1265
5489
4294
3276
5687
3181
7930
3532
1681
6716
7470
6182
4509
9327
5147
4178
5682
867
8124
4097
8977
1036
2577
5015
8858
9162
7547
49
8935
4558
2117
5573
7768
4413
1792
3434
5540
1579
6331
4960
3985
8573
573
1758
2604
2356
5021
439
5591
7915
2373
1739
8715
6051
2042
3720
5298
9307
8415
7585
663
8624
5113
8968
404
4358
8350
5118
1241
9249
5156
5151
3563
4173
3282
8597
9176
4223
2431
9555
4587
4539
9432
356
4180
8720
9332
6033
31
6297
5249
5613
7884
8901
3075
7416
218
3025
4442
2843
1419
2200
3266
8672
3852
4818
3201
4100
8949
8068
6244
4343
1341
9055
8227
7908
2390
2008
4931
9427
6578
8041
736
1639
5866
1732
2130
2634
6048
3483
7802
52
6710
7578
2012
987
1008
3389
498
4049
5067
6961
4947
268
2560
9202
1961
5253
7229
2554
4303
8774
5587
4898
2593
5791
7198
2859
4463
8399
3294
4280
5650
4702
5610
7839
5802
4686
6885
4075
9016
1866
6278
1709
7942
8770
7233
5094
8855
3354
6874
6062
8684
1253
5000
3643
8254
1840
2002
5056
7895
1097
4766
5106
3141
3679
2592
7744
3261
3864
3364
1043
4334
5559
1701
3606
3320
6177
1304
1175
3943
2399
3711
6727
7838
2102
3576
2123
9465
5284
4416
1776
9535
6087
2703
1165
9045
7900
1582
83
2272
3724
1504
3922
1183
3240
5932
3166
7834
9063
1017
7654
5128
7919
4981
5211
8070
6442
7494
3001
760
1023
5256
4449
7882
1060
3839
3442
4622
8620
4575
4886
1221
5578
1386
1799
2931
4567
1745
2614
2532
2774
132
517
1648
490
6357
721
5989
1769
8222
7774
7252
2386
1746
426
9113
3254
9078
4414
6651
8444
8506
9514
9517
320
6350
1632
2904
4088
7759
5039
1255
8692
6252
8928
4706
9419
4198
8526
4447
4662
7279
1389
5387
2050
1031
3405
983
165
9103
5341
4495
972
4353
1573
5354
3080
7729
6739
9267
80
4743
7465
448
2605
5494
1107
5856
1019
3759
9291
6352
8888
3159
5823
9151
7987
6153
7315
5032
1324
5551
130
7193
2647
2375
2732
7379
6023
6210
4057
5998
3754
9156
1544
3887
1838
7803
7167
32
3614
751
4608
3708
9028
1679
6272
8463
1326
2055
7041
5276
2690
66
379
2353
3758
5547
4723
5132
3090
5305
731
5984
7670
71
7254
2960
5644
6657
8925
3119
7044
6427
877
2630
1308
1490
8878
510
2432
8141
761
7147
6590
6742
153
2664
5072
5143
7877
4704
7721
2538
4250
1058
7584
3551
5309
7530
5956
4906
9187
5140
7065
5022
4912
3116
1106
5648
2652
4471
5046
352
1994
8187
5004
5662
7469
6416
3331
4439
3360
7594
6270
4997
4501
726
6338
7541
2349
1065
6664
7475
6941
8085
2504
4858
3343
8913
7064
8376
9206
3850
2678
5122
9468
6927
1850
3401
3039
8722
6886
6920
7777
4620
256
3909
6613
5788
3860
4137
3803
1805
7621
2701
2633
4125
7939
20
1335
5982
1690
2063
8541
5482
775
7090
3636
8279
6990
6779
1396
3991
4551
8295
6186
2861
5861
7197
7157
3682
1941
7399
4784
4546
8206
2330
8144
685
3981
7417
297
3650
6110
9132
8245
2466
870
3128
659
8164
2351
43
2230
1355
7102
1703
4698
6705
1269
1542
2309
3870
9252
1371
2264
4107
7949
3399
1663
4547
5749
5533
3881
9333
8585
4772
5953
5639
8647
5266
4389
1312
5116
8555
833
1127
9158
5703
7711
3238
8511
7060
7249
1539
8158
7108
3610
2153
4585
1657
4322
8209
124
7519
951
4141
4861
201
5962
2366
2735
1340
6208
6589
7840
8385
978
340
2257
6417
8333
1546
8238
2684
1415
3730
6712
1485
1733
3674
3303
1723
4489
4476
928
2226
7661
2601
7395
6821
5244
6099
6092
1319
2789
7241
2979
3145
2304
188
7771
4104
924
4971
7270
9504
8086
3688
194
4862
4658
7094
5822
5988
4290
7463
4769
2523
6072
3243
7689
1433
4286
730
7850
3685
3992
2164
1487
4728
7002
8479
1822
8637
5635
6905
4581
1511
2510
7248
7853
6636
63
1547
7133
2580
1962
6112
7006
6363
5589
6683
7227
7010
3496
5161
8999
4665
7608
944
7698
6546
2313
9228
875
8753
4978
9361
4376
6924
2318
7081
2067
2395
3693
1880
6139
7975
1076
8388
6770
3598
1562
3305
3544
4012
2654
4540
3849
2579
768
9239
3745
8646
1427
808
392
5295
1117
2138
4126
8281
6757
8335
3935
3298
4693
1236
5839
7182
3337
341
4982
1416
9222
3898
6129
6545
9515
6937
4548
1188
4182
2787
7048
7360
2529
1761
2508
3192
276
9349
5483
105
9128
2305
5882
7074
9512
7508
7481
1026
6017
623
2857
8567
949
9205
7538
6335
7734
9219
1390
3512
9393
8496
9144
1874
5277
1515
6303
6421
3136
7797
2710
2600
6150
6983
7184
7577
970
7663
7917
3703
7712
3965
8783
158
1779
5177
1482
3691
4239
1004
5770
2608
3378
526
7164
5449
6288
1633
8833
5619
5227
1644
2255
5370
2711
4120
3872
6445
1891
1714
2968
4713
6147
8074
7244
8726
4830
2254
1261
6348
772
3611
824
6547
2525
7647
3927
9272
9472
3859
8450
3428
4564
6991
9420
6714
4400
2340
9357
7374
7581
2967
2956
6833
2392
5965
8244
5826
261
8270
1642
6843
6848
954
6125
3256
3603
6238
164
396
2786
8910
1816
4344
1556
5804
7406
8077
8117
2698
8713
3783
5694
7020
471
3690
262
9417
5838
5900
9195
6899
3823
8118
3291
6418
5123
6818
5606
7075
2176
3521
9345
1832
6801
3007
4976
4996
6789
2499
4468
9264
1356
3763
5698
182
5927
4631
6579
1608
923
5028
1869
8630
316
7127
5286
1740
7343
4008
3639
5903
8407
3766
9253
4741
8862
588
7153
961
5018
3696
8340
1736
2335
715
2474
8307
2093
6738
6866
8067
3447
8815
5157
5101
1825
5313
6161
6618
8842
2122
2121
3324
5681
4827
3750
5888
6879
1886
1750
2879
185
9373
590
795
1564
351
3743
7932
8069
5789
3272
5772
342
7658
2899
8899
8850
8343
3681
2046
2239
1434
1094
6225
6904
1505
5361
2854
5985
430
484
7947
3301
6906
1438
7827
2347
4296
5440
4822
3502
4377
8274
3418
2713
6951
4629
3454
865
5506
3135
5959
5623
5564
4052
4118
2331
8020
7402
7750
2288
9168
2455
6443
210
5513
8702
6562
8547
9449
7329
4480
1493
1841
629
2695
1167
7333
7991
1502
4576
2453
2834
9341
7568
958
682
2074
1021
1232
146
4133
7376
4577
3903
5142
4379
9540
7674
4504
6321
3934
4356
4783
4477
4637
5176
1013
1483
2977
690
4699
7737
8709
4852
4985
8746
2051
6887
4082
4614
6971
7497
5055
5339
4369
1132
7211
4712
13
2562
1002
1318
7099
7404
6440
9328
2165
1054
805
6922
9068
2231
8039
9242
5033
9025
7543
8271
452
5722
3273
9400
8221
9020
2804
3668
6026
5531
3209
2312
5347
8196
3455
9537
277
2234
8260
4786
3431
1204
9244
9559
2360
6564
5780
4224
5057
3942
555
5716
1066
6276
4514
4632
464
8588
8379
7801
7144
7657
5415
5641
740
8111
2564
7228
5443
7559
2301
509
4935
4483
3197
1357
2083
7820
8744
3869
6735
2888
5317
7413
6470
7335
5502
639
8465
8161
7671
8673
2080
9325
8828
5691
2446
2159
6508
7492
8211
7870
807
4229
4643
5446
4573
3578
371
1047
7314
8520
2100
4451
1186
4526
2637
2310
771
4314
370
9
1915
51
9189
3925
4424
5166
2943
5255
5851
6401
313
402
2316
4673
6891
2486
1278
9489
6488
3718
4235
2336
5408
5543
8099
7924
2635
4055
6455
284
7352
7384
9287
8047
3096
9050
8943
1855
7968
6028
8985
7626
7976
15
9116
7427
7339
2576
4326
8961
5377
1819
1142
3998
7683
7451
8437
2025
5833
4605
4963
3530
2591
5080
9212
7668
6603
4857
5137
6414
8931
1852
8836
2038
5602
8885
8447
948
1491
7340
5794
9166
2818
8149
5708
7119
4300
4339
6120
2867
6451
8485
2590
1812
8123
9226
5070
7368
4277
4365
6428
7847
4194
7693
8683
8371
9567
5127
744
9463
1577
2192
7410
5155
5976
5141
1154
5735
3833
3072
3709
8137
2144
3169
347
4894
6606
732
5582
2976
5938
9251
1481
6980
3863
1497
9375
8671
9070
3363
7935
8640
3002
7511
5444
6319
5404
7172
7805
2468
3033
4940
2265
5557
5479
8658
8844
8419
3281
8130
7454
7531
9381
8776
881
5773
6408
8890
2179
912
7266
8738
5924
420
2540
8232
7861
6053
8691
4228
1112
8110
1930
1283
2506
7143
2889
9530
2827
2291
3152
7933
5051
7980
6031
6377
4
288
8811
7380
1035
2073
8633
6024
7955
5996
1257
4110
5657
2957
4995
1366
4396
2216
5519
2696
4666
5588
4484
6060
7385
4555
2770
3584
5872
6849
9104
7312
2137
7136
2368
8498
5040
2372
7825
7907
1334
2790
5759
2891
6627
5935
4155
1543
1322
1428
1535
344
2651
2072
1116
1133
7467
3062
257
3118
4071
1828
8427
6949
6595
645
680
4505
8106
551
2693
2162
2249
3875
4860
601
3170
4007
3707
1650
3884
3904
1990
2294
2999
8042
5497
6799
4856
6593
8071
5946
8364
8261
6334
5686
5272
3732
9360
2716
7785
4179
4042
996
8310
5881
7701
2539
5576
4744
976
2438
27
8202
8104
4831
79
6009
2862
4498
2039
3285
4028
8869
1976
5423
2106
7563
6560
9186
3034
224
586
2985
3314
362
4541
6871
6719
801
1260
5845
1307
5058
6648
7695
60
3452
5968
3357
3289
536
7023
3765
895
520
8638
4571
4066
6158
5225
7516
353
2437
3499
5661
459
4824
2362
4237
6285
4335
6594
8131
4283
7316
9403
259
312
7865
5108
4342
6299
3742
3624
4725
8602
9172
4293
3154
142
764
6907
3795
3994
4721
5438
1513
6163
5169
3163
5409
3843
984
8882
5842
6202
4217
9310
2116
9358
5762
4634
5076
4406
1868
9164
1788
5250
1548
5621
3956
7769
21
5812
4170
1147
4336
9467
7032
2150
3840
6391
2653
447
7952
5363
621
626
7755
1118
4315
2222
7176
1353
4419
6965
3715
4024
1843
2805
8079
7746
3658
1287
5229
9197
6279
1179
2603
1292
8053
7405
8091
4628
6013
6041
858
1932
4909
157
6626
8922
5453
7675
5790
7000
4281
8518
7881
1747
606
7247
8366
6245
7727
3574
9236
5006
7426
1979
7901
8396
6844
5565
5205
4804
8334
4598
8537
3832
5208
3268
6918
5597
815
2509
3313
4197
220
3133
6484
1591
7747
3821
8033
3900
6835
7707
8372
6449
830
8094
7491
1665
8651
4508
9230
9435
2927
5943
61
1655
6217
4108
541
8409
3561
8391
8801
3550
5303
7604
6083
7724
7461
9374
3
6259
7088
4209
7667
7066
9293
6845
9493
905
3191
416
4709
6205
1963
4121
9477
3290
1567
1003
200
975
8970
5807
6372
4005
3656
8785
4942
7945
1613
7059
5503
8889
9350
2882
8434
6251
1678
8007
5625
7639
4889
258
7795
9475
6662
3264
7217
4937
603
1756
6346
7891
9256
927
5457
1519
355
2672
8345
6351
2060
299
4641
4231
8119
5222
8242
7676
8469
7973
6838
9268
4675
4232
7381
6576
9484
4823
7548
8425
9243
7490
2926
5034
280
7888
2053
3280
4895
7162
4649
3055
3085
3541
8095
9139
1708
5846
1244
723
7181
8309
6998
2186
5504
8906
1080
3227
70
3818
4102
2995
7628
9235
8879
4488
3356
3939
350
8253
1346
2424
7523
9558
2962
7137
7029
1759
6068
2082
2965
9462
754
4397
3237
7569
5777
1757
4928
5391
7781
3359
1560
5285
5153
5152
428
871
3024
5358
7918
5283
4184
2747
2784
1985
8941
1329
4374
6035
7063
1969
9369
5486
9005
7994
9556
4244
1267
729
4517
678
5778
6308
4041
1680
8197
5640
5312
3819
2865
1704
3919
5601
8420
6803
9067
5200
4188
2195
2037
7719
8799
3671
7017
756
7456
2378
2801
5958
5701
6390
884
2597
3534
8936
8603
4268
3335
1676
9506
9451
8689
3894
3713
2278
1599
7810
4797
219
4455
9165
666
193
6178
3546
9533
264
489
2267
8422
1441
1797
4105
2094
2182
5460
8765
5806
6260
7062
1475
3565
1808
1929
1864
3021
5437
412
9527
1636
4834
2822
3060
5899
4069
3253
8325
8464
8688
8049
8927
2295
531
770
4199
8451
2707
197
4436
1748
7963
4737
6471
788
2662
7353
577
2840
5209
7753
5667
553
6018
6384
3188
4520
1238
7215
2507
4478
624
4211
5386
5870
4278
6535
3020
5549
6336
8804
2739
2454
2285
9396
3306
2588
3625
211
6340
7373
4434
6862
7369
1039
691
7358
6167
8056
6330
2984
9136
2715
2898
5736
937
8296
8655
6294
1661
4083
8204
1070
5978
5987
7398
4805
6503
3782
5491
6726
4795
6280
5044
8513
9082
6987
8397
1581
1854
7354
2010
1772
9277
170
3813
19
4167
3814
303
5980
3978
9385
2982
4525
9292
4596
6381
486
8105
1637
4998
3131
5049
2091
2101
7031
5509
8328
2194
7120
6840
4190
2248
6212
7633
7057
8739
8649
8065
707
8486
6104
2847
7706
604
2115
576
1342
8528
3629
228
9344
3222
1338
9324
9473
6162
4482
6976
7561
7823
5748
4616
7055
6034
9312
8934
7684
6661
3960
1568
3038
8930
1229
3575
6151
1695
8813
5374
6894
4309
6807
3953
5668
8589
4570
3107
8032
5793
89
7996
324
4212
3353
2883
966
5814
1146
9542
4295
8009
8368
4537
4798
4543
9377
3439
8299
4787
4273
4980
3497
8751
559
3105
7509
6397
567
2221
6544
1909
6640
1392
8233
3466
5692
2086
2659
9154
7614
8997
450
3508
2240
4592
2951
1955
2641
7460
8456
1161
2238
7776
1966
8714
4496
9232
7014
6836
6775
8360
6580
1451
9091
7990
7015
2837
8778
4427
9088
9194
2536
133
5645
9097
172
9131
8704
5220
5646
5401
2497
5734
2566
8805
2666
1501
5062
7723
4200
2300
9326
9192
8675
9112
279
8553
6942
3947
5705
778
1034
6529
3446
4669
4085
2202
4163
6540
4093
3491
5656
9148
5957
8847
2166
6752
4907
6945
3695
2013
2409
8072
1444
1719
9214
5450
7304
6456
3620
7313
4341
3812
1368
2178
4165
325
9503
2298
102
5555
1406
1858
660
5577
388
785
5718
1912
5289
708
1225
2682
513
3414
3901
7710
8703
8148
3113
3429
8610
4612
6646
5160
6389
6119
5779
179
5461
9260
6364
500
2901
2567
2205
5830
8682
9447
7937
4801
4685
3176
8386
3739
1206
8794
2427
5815
2279
5241
2346
7883
3275
1496
2864
5393
4122
1345
5633
1282
2810
3423
9309
894
2490
8576
7271
4763
8304
11
7911
9423
6128
5183
317
5451
295
2975
3627
8302
1628
5568
4048
9525
1447
8389
677
372
3346
5473
562
3174
1105
3036
3862
5979
9331
8763
6146
3457
2414
4310
2070
8191
6932
6694
7298
3074
2154
7169
9387
6027
8795
4924
7688
2237
8140
9208
6425
6534
4680
1934
5394
2557
6394
803
2860
6873
4962
2981
7979
5269
6263
7281
4584
7058
3790
480
9072
7365
1228
3028
5971
6086
9134
1224
1605
6326
2966
8621
398
5955
4487
8750
4644
9494
8483
4695
4330
8135
6282
5307
991
3504
9285
3889
5973
7049
1299
2870
6931
2187
2332
6224
3300
3485
1317
411
1479
8756
7702
1251
9316
1603
7016
4157
1489
2954
6639
4148
9490
1284
6677
4500
4168
2621
1445
933
3853
8939
6494
7726
4761
8903
9124
1367
6685
2670
6802
8305
9355
7
4556
6864
2163
3571
6094
4123
7914
2444
6700
1824
4867
425
8398
7767
5986
4420
9159
5330
4081
8591
886
4208
137
5103
1863
4117
9561
697
8438
3100
2108
469
6262
6165
8857
5287
8103
6121
8581
5792
4325
5675
34
2156
7452
5723
4849
8975
5569
9035
3231
7246
4328
7149
8534
2173
6575
216
7775
2459
4911
1686
111
8995
784
2997
3127
2738
5417
2338
9469
2450
2054
4327
3838
5290
8685
7705
1138
903
8762
8517
5066
8467
8900
2775
1252
7401
4606
3964
3717
2069
2528
2874
4868
9229
9371
1246
4465
329
7484
5120
4080
2823
6003
6135
6223
3815
839
8810
6660
2668
4053
3156
1775
7428
4753
1606
6724
2241
103
3461
7216
6502
6751
5476
5149
1426
3946
6797
8029
3427
806
7187
54
9052
2155
6289
8423
1615
6183
4372
6510
9147
6199
7086
6934
992
8288
5651
734
176
8711
2112
8312
7591
1187
3940
4512
4385
2855
4031
4568
7038
5879
6758
2460
4715
8523
711
878
1472
7690
1931
7655
8819
5811
1418
3891
5893
2743
7512
7534
8401
7276
9354
2030
699
8580
2047
1959
6036
3971
1687
5041
997
4815
4811
1005
1420
7209
4759
6774
848
144
5478
4116
616
5343
7488
4146
971
1081
6376
8699
4351
8240
6699
4204
8102
4089
7696
1148
7432
4905
962
5659
1851
7318
5013
8462
6619
4227
9343
3791
6055
6910
5663
2970
8648
6967
1450
2000
4992
6977
635
3460
1381
8089
1467
478
2798
6637
980
4494
5125
4679
3402
7773
8194
7685
8408
9191
6385
3203
5426
907
3476
2242
8660
3094
1658
9105
1559
3513
1958
1388
4588
9398
95
147
1731
4193
2772
1227
8199
6309
4000
9061
8405
5357
554
8965
900
2480
8806
22
5216
109
1507
7441
3744
9433
6561
7989
306
4964
7392
4747
6612
1452
3635
4782
5961
5168
9521
5019
4910
1095
7956
1635
5075
8357
1397
1090
4617
990
7430
607
7214
4381
4778
5693
1802
1352
4750
3538
6745
1842
1588
1178
2215
5717
2146
6819
7125
9321
7943
4648
8615
7386
5400
901
1358
5173
7175
8873
8786
3057
581
7636
4059
3311
8940
3805
53
460
1826
7887
8051
5009
5275
5834
419
9445
6671
7599
7967
6520
1305
5776
2610
3776
3726
3274
6277
7644
5836
7101
8661
30
7641
2896
1192
2519
653
2699
8723
3714
2644
4166
9281
3182
5297
8406
8606
5583
921
3642
5150
9023
7819
647
1383
7026
5235
5912
3906
2404
2348
6628
5448
1721
4774
3938
7100
7988
8355
8905
5810
8920
4284
5696
1454
2632
8278
3706
9225
7444
6765
844
7423
4349
5043
7787
5030
9110
8680
7359
6058
6554
7272
1770
3609
8457
5172
7986
2746
2095
9347
4527
9470
2040
2342
7459
7171
892
6466
9439
6825
6436
4833
2887
1446
5786
1327
6870
7439
2062
7257
6556
9004
8679
4267
7320
8413
8432
367
2697
8446
610
82
8133
8818
7536
2913
4516
7129
5213
7367
474
4457
2209
3383
3167
4399
7518
849
6002
7161
804
8887
5264
2436
2572
9386
1052
4114
3974
6237
8273
818
4276
7446
243
1272
7717
3121
5700
719
7158
5865
9274
727
6947
3015
6142
8971
3212
9474
4639
7195
3596
3830
4533
8168
9499
4970
9217
7812
2599
3673
4304
7409
5164
1508
4004
8210
5378
6834
3065
4109
9511
330
8439
2004
446
3921
6557
5351
8174
7526
4554
3236
3142
2518
2048
4549
46
3514
2980
3507
7282
1677
701
3910
7946
1611
2971
1048
6043
658
9001
5948
5894
5203
6687
9216
1561
5356
9238
6897
7792
99
3780
4111
8138
2169
3552
6122
7713
989
3250
2152
8143
667
1456
9456
7407
8478
5674
6641
1782
910
121
7242
7715
4095
9562
2800
7999
3251
7033
7263
2350
7366
2139
4236
5228
4175
3728
248
8599
746
2027
5702
1689
2445
231
8035
5771
762
1432
1139
9051
6761
314
3885
5671
2274
6883
6403
8028
2367
5179
3270
3918
6412
3322
3748
9298
2105
1197
3199
5087
7598
6222
8382
3794
7992
8618
6452
834
8136
9563
6506
5532
5112
8623
672
3023
7307
5095
7225
7961
6413
6645
2358
4461
2932
887
4765
6192
6875
8859
6453
383
5325
8988
6582
5405
4651
7535
3697
813
3058
1465
7139
3361
8717
5501
2493
1919
873
5201
3694
5590
2131
7348
9018
4624
4393
1926
611
4781
3160
8996
809
618
542
5435
4515
6706
5535
4945
2197
2071
7043
6832
8347
5488
1916
6444
4716
3542
491
8731
9175
5332
6997
6069
507
7528
5755
6082
5933
5949
1914
599
2462
4047
8243
8052
2251
305
3336
4959
1242
4003
9548
6306
1572
5434
3490
8896
7458
6929
6156
2036
959
1320
2851
3950
4914
2167
940
584
5904
3764
1306
4640
2628
3223
8203
263
793
4256
7349
8327
7030
7809
8352
8454
6521
7544
1423
2607
5941
8550
6460
3473
9531
4816
8902
6109
6219
7704
8716
1872
1092
6176
5537
1009
5733
5390
6193
2314
7309
3500
5314
994
8442
4917
3186
9146
5463
8694
6399
9550
8219
1857
5251
4318
5144
5068
4032
8700
7325
2811
6878
1051
8509
6766
5612
3464
3042
6893
9346
1835
5248
548
5554
6077
648
6098
3386
3492
8015
2714
2947
2271
9259
5798
3533
4361
6234
7549
1534
1135
3787
8951
4289
18
2721
612
1991
8048
1809
6597
1075
9073
1514
74
9415
6482
1529
6760
2598
5728
1380
6366
4694
7570
7092
4192
2196
1992
8492
8369
5121
4851
8093
1440
5940
3557
9153
4091
3612
3217
8351
2841
8284
5037
2700
2553
847
3944
1200
3670
7669
8569
8915
4524
1594
4647
6962
8010
3267
3377
483
2691
7627
670
5154
2458
3560
7253
2377
3582
3907
8145
2792
5414
5558
2845
1565
107
6286
6430
2611
5345
3230
3700
2709
999
9284
6049
4991
7885
8852
7874
1143
3912
6587
7115
931
7342
1015
8686
3890
3081
3979
8363
8381
5713
1646
5371
9265
1783
6630
6292
757
8781
6029
418
9031
7602
6715
6398
6583
4234
3644
1882
4331
5352
2232
4333
361
304
8586
6196
5474
9089
7645
6011
3796
1811
8866
916
8170
3394
5981
2813
9123
7482
8301
6741
5104
8788
26
3896
6956
7378
5231
4186
4016
3064
5407
4404
5111
982
6551
3959
1315
7554
7818
5346
8092
9171
8250
4254
3834
8944
3752
7433
3049
4943
5086
9528
8411
10
3396
8632
7859
891
154
8453
8004
3041
3408
2079
7572
4950
2185
3043
753
7437
995
2526
8809
4214
3736
249
4888
6999
1968
473
7858
1846
3672
8657
5430
6501
75
4968
1411
7505
4445
5392
6143
17
5831
6007
6269
967
8449
5388
3056
8608
7603
2476
8057
1938
2418
125
1823
8981
3607
4453
2948
1124
4238
1348
7495
7971
4387
6614
3151
1595
7613
7001
7477
8574
9453
3471
9280
6290
1149
9302
1524
191
4362
1040
1022
837
1375
3995
1262
8230
244
2307
6000
6039
9231
4418
3008
1099
6566
6936
5247
1395
6783
8856
627
4829
2371
4808
2099
3308
7524
3667
7692
1195
1659
6172
8924
4791
5630
4312
1296
3348
9487
9486
5187
6808
5496
5061
8974
2411
492
9084
2408
315
2018
7571
7691
3962
5566
6402
7007
1233
9308
9130
8798
5398
1997
1596
3756
5010
2983
6981
591
4410
6744
5763
8898
3093
1871
3517
6111
5163
6318
6103
5936
8011
539
2085
4703
5642
4974
4671
9481
5195
7501
5878
4729
9003
2613
7745
7245
246
8132
4038
4557
8036
8839
2680
3653
7869
8054
8215
3000
5096
479
8471
832
6847
766
4354
7018
3663
6441
550
3654
8843
5257
1768
7551
600
5436
9102
7393
377
4382
1429
4880
1981
3037
8578
3755
1359
3244
3019
8625
1412
4601
7450
1104
2952
2974
4185
5889
9096
4510
4734
7350
4881
5579
5291
2550
8998
7306
3351
2110
5170
651
5966
8266
2127
3518
4913
4705
8768
4977
3384
4479
1949
1494
2208
534
8014
1373
6195
4934
5930
5189
1370
7447
1150
4807
7083
1409
8868
127
3194
9335
4401
2990
524
8192
4076
3564
8926
1960
6698
8604
5997
3572
1954
8400
433
255
8832
8531
3822
9240
8670
5324
2321
9290
118
8736
5017
3404
6550
943
1668
1927
3911
5594
5097
6559
9090
9127
151
2916
3659
2503
4407
4101
1128
345
4828
6926
4580
6629
8179
391
3799
1091
5042
1727
1464
6736
7424
5445
7236
9529
7817
5775
2552
6190
7445
4412
3168
2776
4710
7396
2261
3380
5974
7886
4131
7533
8669
8923
4915
5411
455
3210
1629
9483
6877
5311
5774
6322
2563
5499
7966
6505
8410
6337
7008
9170
6750
897
3958
1684
568
5115
7411
3731
1821
7611
7141
1074
4078
4794
7311
888
7004
8016
1365
3924
5480
2756
2052
3061
6900
7078
414
7146
6
4079
9348
5653
167
3307
811
113
2829
6812
5024
9339
6972
7431
5073
8482
3846
1620
8871
6015
8395
810
3933
4435
8954
6828
2649
5316
4161
7096
1210
6740
8566
4854
4925
2113
3977
939
5326
8503
3916
4135
2686
1610
6499
9215
8012
9289
16
4802
8120
7486
1541
6078
3355
3372
8169
2407
5230
3292
8319
2615
321
4409
7638
5911
4260
5817
2914
9129
6037
1174
2352
655
4458
9271
9425
669
7294
5560
2488
1643
9111
5306
6249
1538
2831
9544
6711
1839
1593
2936
9365
6759
6935
1793
1896
4718
2464
3325
3749
8894
5744
8539
4955
4253
9010
2403
945
1109
8182
3349
8214
8443
1625
6898
5593
6369
5192
8769
7703
1509
6096
7630
3913
1430
6633
7622
1795
2235
5835
5003
4646
2645
8764
5859
180
7617
4688
4077
8080
1837
1486
5768
8127
8527
2575
3559
3634
6933
1316
6675
415
1794
3861
6194
565
7913
6496
8218
9497
7752
3395
7749
8993
6872
2895
437
5918
7183
7619
190
1766
8473
1653
3035
9410
9311
2780
8772
2333
7700
6846
8629
8404
6526
6004
5896
7323
8564
5556
2544
8719
7370
6314
1806
7879
8062
2561
1865
6323
8339
2850
7212
5282
2315
7280
2671
6668
3202
1622
8200
6154
129
1045
8919
2871
2949
6454
8863
2885
5742
386
5002
1310
6353
7283
8024
1431
3172
7926
7741
7653
9042
6371
7977
4528
3214
1042
6498
4251
7476
7807
8129
8018
2243
4751
226
2998
7250
3011
2685
6777
8976
237
6781
8259
7355
8937
3216
7545
2233
855
5580
1652
5632
5364
3608
2744
8747
8529
8297
537
3369
12
4240
3535
2940
1275
817
8249
29
8435
5848
8725
2620
5877
1907
5081
3052
7464
2842
7860
986
1569
6737
6798
4375
4279
2809
9075
77
8584
3649
3589
7110
230
4061
2107
790
4348
8294
2297
5279
741
4013
8616
2148
2417
4933
6817
9444
1378
1713
8477
1618
7687
5797
8757
5477
5916
1078
6982
245
4522
9294
7179
874
6067
8653
2617
2032
8487
4530
1983
1861
938
1027
8559
4063
4221
4904
2293
1975
5931
5652
2363
575
497
1884
9273
516
6375
2836
3458
8860
3772
1185
7950
116
2958
9367
3710
7180
3705
9454
6532
1526
3811
9313
936
7005
8402
6358
3063
4054
6406
6157
4020
3637
8436
1729
1707
4523
1268
2422
8793
6820
1597
7076
2327
3207
8917
696
7720
8247
1778
1722
5045
7052
7765
602
5100
9017
2168
530
896
2017
5265
3993
1903
5684
3092
1249
7650
3472
5038
1201
2869
8848
717
9007
4896
2442
5512
454
1121
9115
6228
7730
8429
6720
779
4355
206
3798
64
6994
2161
6599
9069
2129
9140
6059
578
3262
6115
566
4039
2143
7540
2988
495
1033
7922
465
4486
4443
6946
7375
2303
829
8
5508
9388
2402
6588
4969
2364
2104
3435
6958
4670
7779
7258
6380
8393
9033
4777
2029
2449
4965
2909
4938
3801
1988
1219
8001
641
336
6132
3757
281
4241
96
4545
8792
4492
1585
7642
4045
3740
5089
7784
3218
5737
9448
6204
5098
6782
8835
5785
4621
2890
2111
217
9409
6921
2236
4746
5712
6730
3704
2838
3332
5546
7566
3155
3930
6242
4196
7082
8160
8180
1061
6709
2877
3868
6065
3468
5159
3286
4259
1764
2009
6795
1621
9278
6447
5083
781
2259
8226
1314
8959
2955
7103
3632
814
7327
1073
8361
380
4207
1354
3986
2132
979
8754
5456
374
9177
2886
1413
7556
3184
7371
8373
4134
5825
6960
4147
5328
1189
597
286
7954
2193
1333
5964
6095
1448
225
8880
5110
9457
5688
5526
7235
7223
196
6778
4961
5036
8650
6669
7145
5175
4019
518
8775
650
3424
3585
3662
7072
2198
2410
4630
7791
6567
8044
1592
4922
4140
2065
2370
6056
5322
8348
7155
9048
7686
1601
5059
7607
8114
378
6996
6312
8157
1379
6686
4814
6814
3828
8696
6241
6324
7462
5743
5868
8973
4865
6485
4519
5293
3969
5381
1202
8525
403
6966
902
6525
3451
2005
4659
8023
1083
6424
8837
8421
852
4724
2558
366
6514
7210
40
78
7616
6420
1404
4714
5362
7140
965
2141
6084
1103
5945
505
4832
1461
1462
3651
2485
630
3053
3897
8100
5517
6602
854
7021
4813
3370
3503
7302
3296
1774
8697
2345
2268
395
8075
712
2742
2551
186
1553
6295
828
6293
952
533
656
169
2147
3702
3660
5614
1266
5850
6988
7892
6953
2920
2491
8562
3669
3547
8532
7772
1285
8101
2022
1967
6042
8668
7931
7788
628
4432
8960
6794
2066
3980
9150
2989
4536
4531
9094
6523
406
6458
4863
8784
5403
2689
6944
3675
9054
6105
1810
4425
1295
634
1072
4796
4692
2934
1280
2252
706
5609
3826
2189
9306
1495
1817
3302
2828
2172
5721
6954
4820
2918
2477
2359
4287
993
5678
7070
283
0
6995
7677
4433
5490
2324
5130
950
2181
5592
5421
3409
6243
381
8021
5897
3484
2779
69
25
234
8706
4360
9295
4485
8083
6152
4187
2922
3213
9173
7361
6769
5422
4930
6246
5452
4733
3879
864
9507
9100
4929
8645
3893
749
3215
4936
4790
2463
3379
2430
8735
2884
4183
2326
7864
2220
4319
2819
2396
822
3123
5288
6463
570
6160
7113
1331
9546
7758
2533
1571
9301
8321
9108
6537
8991
5983
8712
5145
3577
9359
3091
3050
5939
5469
467
3845
3047
7592
5891
3689
8223
7300
2767
7499
6689
4626
6476
2660
1067
3165
2868
8612
400
3558
7816
4033
2719
1798
6542
6524
6169
4036
4321
3595
6407
8791
2043
2287
8942
862
6328
2473
5310
3562
1711
192
443
6313
250
6902
4158
3297
1873
3059
384
6405
5634
742
7218
2972
3407
4324
3786
3591
1888
3923
8156
2757
5336
9093
4866
1199
7796
637
552
5334
44
5240
2014
3605
1980
3260
585
8693
7906
2494
41
6762
2229
3234
1401
5950
3716
3031
8643
6596
3519
1098
5616
4352
5262
4793
4417
3952
8662
4882
1807
149
8066
7756
3115
6643
2655
3968
1800
3692
574
2498
3044
3334
3317
8356
4271
946
1025
8316
4308
5709
3006
6491
6896
1274
1408
5541
8225
1001
9488
872
140
477
7960
3747
1523
1256
6145
3920
1089
6079
9126
208
6256
7904
8592
3854
5647
3855
1162
8045
6755
1939
7061
1093
7623
1068
2629
235
5338
5196
2924
7390
7855
9119
644
4225
7046
6254
3328
5849
5464
2322
8031
6361
6911
8239
6623
9065
595
4021
8678
9163
2469
5887
57
6275
9106
5114
9002
2210
3880
5191
9455
9059
2281
7025
3581
8587
6020
1600
2084
5471
1198
5180
4430
2089
3114
9210
2328
310
7240
4215
4023
323
1492
6108
3617
110
5711
3847
6250
5274
2663
7356
3226
4951
5468
3003
4878
7842
5109
4006
7815
899
2471
1231
2740
3432
1325
5063
7243
7780
8758
3004
4043
91
6930
339
963
7593
1362
2749
5224
7522
300
7854
6240
6504
7382
3480
5124
6164
4604
4738
4681
3430
7151
2728
5615
8827
4252
5695
4559
5854
4902
5331
6431
2945
850
6317
1645
9183
9480
7948
7035
1460
3784
6091
5725
3068
2263
6955
8121
840
6993
5572
6625
8635
3420
7080
3459
6236
5008
9491
1673
4323
4952
215
3549
5874
5048
8286
9440
3531
9143
4094
9246
8846
6876
6345
5344
7383
7207
8008
8412
8063
5548
6014
364
4408
2648
6816
3108
8476
1555
5395
7521
9041
596
8571
8003
7268
265
2565
4513
7274
8489
9034
7848
8167
7760
1500
239
5167
2119
1163
6490
7733
6185
3760
1791
9461
5756
87
4391
6678
150
138
4306
7832
1937
6474
9258
2270
1400
1435
3326
7391
4708
7525
4957
6189
2245
6344
4893
5459
820
7843
8948
8613
5349
2820
5970
6786
4701
9391
7830
9401
598
9120
4627
4068
6268
9557
1730
3524
9424
9370
5342
7852
2428
6218
434
964
8572
4481
3588
1624
7208
1194
3955
8324
8561
3385
8252
7321
8190
5726
3103
6419
5372
7672
7377
5493
2677
3712
9057
8543
7131
7517
6842
213
4347
2687
6925
358
1533
8909
6170
4499
3310
267
6483
2894
6915
8188
7649
9505
3781
65
3631
7766
3229
7273
4538
6684
7073
1172
8830
9058
1181
8727
2381
9338
4160
2031
1902
7493
275
8109
456
5783
1442
8208
608
3753
613
8548
7985
7163
4841
1716
134
5148
8147
676
6201
7579
6670
5914
6439
8087
1297
4220
2512
5963
580
2777
5178
1744
8652
7012
503
9351
523
2096
148
6434
7189
4722
3083
7288
184
5376
4518
4191
7170
2568
5975
8557
2815
1422
5348
3073
5843
5136
1631
4593
859
4305
463
7297
8989
8416
1230
4340
4266
615
2103
7751
7941
173
8963
4736
2848
4668
7085
199
2587
8908
6191
4674
8766
7251
8332
7071
8064
5134
1982
9053
797
3190
8236
6365
6093
3109
6102
755
343
9414
4984
4754
2045
9011
4316
62
9300
3511
2357
1619
8387
7174
4472
1222
2726
236
2041
3540
2365
6216
3825
4162
1557
8984
2908
1742
1403
4222
2457
802
3138
3415
296
8881
3873
4884
2586
2500
6663
5857
798
4609
6046
3158
6030
4727
1071
6206
7866
1414
652
8237
2866
5528
2833
8826
4338
7275
9429
5892
7959
720
4809
4070
5204
2537
2213
1046
6733
6649
6692
3079
8838
3445
205
8426
6989
7056
3647
8198
5369
1160
4130
1616
4368
3652
3205
2382
4973
7202
8519
609
7761
4618
7232
5025
8912
1455
8767
131
2771
8787
3824
2844
8277
7660
7615
5505
2704
8622
7440
7079
8841
1140
3488
4561
4872
7936
37
7351
4979
3147
2816
4819
5752
5769
722
842
6032
3448
4060
7191
2830
9536
2269
4145
5465
4901
9523
3865
6610
7310
5458
7295
2183
1641
7473
2731
6231
6255
9426
1623
4986
780
3725
5217
1545
5534
625
2191
7532
5561
4923
5951
7496
4092
4129
2754
4275
5781
5720
2435
5099
1781
3931
2618
1898
444
8229
6368
1973
4789
100
4444
7764
9554
2068
5920
5186
126
6674
3774
4926
4411
6136
8082
1157
9046
1957
481
9157
7656
7831
9446
3259
7863
6852
2391
1630
487
4156
5855
3196
4014
4623
9372
3493
5536
3054
6957
7890
8311
1131
3051
7925
4788
8600
1754
4953
7844
4691
8155
6253
7168
7152
1848
7798
7740
7357
476
501
1129
6822
1394
8718
1647
3487
76
2910
8929
2024
6647
4206
6044
9299
8521
2542
1913
3144
4635
3478
532
5060
272
4438
5707
8006
7051
1893
5805
7972
1558
5302
5327
449
14
571
5281
6370
4366
3539
3117
2807
3400
2292
2465
1291
3501
5676
5922
2941
7910
8698
7290
413
442
152
6703
6654
4876
5840
28
7951
9037
3982
9087
8414
5754
203
7898
1457
5301
365
6127
6173
7742
6913
8814
6168
440
470
1250
3066
7938
6964
2778
5876
9317
5655
3265
2794
4009
8293
7659
1518
6274
1786
1693
2712
6622
7289
3137
8627
3443
6839
5819
8552
5425
9553
9565
7612
5905
9541
2856
7330
6723
4026
2415
3789
6680
5093
3529
8644
369
538
2049
3437
6776
6342
5365
3148
8972
9436
311
1014
3486
8874
4939
1294
4883
2199
5107
2180
702
2555
819
1302
2872
9227
3338
4459
2515
8134
7013
7336
4748
8005
2064
1473
3604
9200
4149
3997
6215
278
794
117
7889
5921
9368
5416
9198
373
3761
7814
688
6857
6410
4885
8626
6089
9513
3440
5373
527
6631
1589
587
6804
1044
5801
3198
5824
4298
4263
866
6548
7483
7560
1634
2423
2472
5666
451
2077
6974
4029
2718
6536
2765
1741
7678
747
1309
9213
115
5078
5091
499
4999
104
397
2959
7665
545
4594
6867
9118
4847
6695
7829
4159
6810
2915
7682
713
5570
7286
8417
3883
8267
4855
2098
5014
2286
4892
7640
8964
5188
6586
789
6693
6138
6952
2642
8314
291
8313
5243
673
338
2795
5673
3312
5818
692
4136
1743
1102
3287
681
6608
5212
363
2282
2582
8823
3566
4466
4768
2545
6315
1488
7970
664
6581
3344
5035
2412
9211
2258
1436
8617
1168
8659
3189
1908
2035
4248
3345
2461
187
1
5575
2020
9422
2987
1164
4261
5787
6126
9397
5758
6890
8755
242
1899
1300
5375
1860
1347
1248
1651
5511
1765
4035
9413
2622
9109
4454
84
6908
3597
6409
6552
8721
8749
7474
1055
3263
6356
7040
4371
2573
2354
2175
302
1193
2942
5011
1190
3686
1191
1499
8542
6019
5947
427
4760
8598
1876
3829
504
9137
2863
8563
7503
9501
8876
3797
458
7178
3676
4262
376
3413
7319
1584
4684
9442
1528
8455
9383
2661
4563
6855
3510
7138
1169
8877
6673
4345
5359
5053
6734
6481
8359
4956
8186
5319
1607
7425
4672
6763
6411
1180
6717
8921
5527
6773
3988
2158
9522
1698
3623
5065
4264
1995
7408
4086
1718
3124
8892
445
7260
2569
1688
8073
4821
1685
9303
1205
6052
6021
2016
8500
1177
3723
8665
3387
5263
24
232
1612
1062
5117
1576
6621
9520
4812
686
9098
6327
4542
2059
9040
890
8853
7806
1141
2993
8524
4464
3453
1847
5005
7487
1374
8530
8978
4859
4247
6658
1417
8116
7562
8298
1007
7596
1530
714
8460
9266
5875
4474
1521
6746
7122
8508
7234
8257
8577
5472
6010
6543
9039
3134
6360
5138
6785
2369
2376
7714
4337
5581
6305
9000
6800
8790
1196
3966
7841
3164
6718
6655
5424
1313
1737
8947
9518
4742
346
7034
7974
4390
4037
2992
2319
703
1517
8043
45
2727
2405
5942
6367
5596
9022
327
4288
7089
3098
5221
640
4534
1974
3371
8201
5171
1827
3520
2361
857
5952
3641
1537
572
8177
8055
5972
8641
7130
9392
5617
7435
7388
7588
1069
2289
7397
7132
7277
4001
7833
4502
2125
2379
3809
5146
7664
6609
5165
7736
5522
7291
6329
1214
2019
4302
1867
9315
1470
4018
6768
1028
620
8403
6047
8732
7299
6530
9560
7204
7436
1145
8346
4195
1971
3013
737
4875
6423
2413
4887
1254
9257
3425
48
7364
5219
2451
7192
8152
6753
725
7574
7651
3613
3309
8466
2658
8728
8761
6100
2796
7557
7981
6064
1853
8084
3593
8505
7222
6539
6220
5739
5740
6247
8107
3220
5131
9492
4633
8002
209
6396
6435
7160
3365
1706
8825
1480
3339
846
7625
8326
260
4056
9141
5669
7296
1803
2275
6113
3146
882
4307
3367
1728
7813
816
8488
8593
88
791
3246
3867
5761
5379
2344
557
4370
3398
7595
3687
8771
6691
5871
333
7576
5467
5431
6851
748
7346
4613
1989
3526
1463
4219
9199
1377
7003
6869
5699
935
1085
1849
1332
4233
4285
1270
4994
6903
843
7019
9060
3139
2203
3599
3462
1870
90
1889
8962
9552
2389
4599
689
6273
9305
3419
1203
3368
7471
308
4143
3162
8864
8234
7940
1298
3616
7317
3086
6264
1510
8374
3179
3153
4764
3082
4363
8493
3874
1407
665
1134
9044
198
3388
544
6624
8834
5233
5890
8165
1173
6690
8966
3489
4074
668
6106
3342
8315
3106
3104
4560
135
2276
5139
4983
3433
2534
160
9549
9142
4591
6181
9509
1956
4840
2543
8779
8955
3806
7036
4762
6429
7510
3495
58
9223
1527
9304
5492
2522
3397
6166
7047
7117
6806
1790
2387
1785
8323
792
3989
8840
1550
2583
7453
3089
9376
1053
687
6301
4421
3678
5299
2188
5908
7634
7220
8979
4838
5760
6791
4011
1862
7550
879
2921
6708
765
7778
2311
2717
8969
3505
6227
9275
4470
3026
4181
1654
5119
5273
6909
7899
5239
6507
4690
6061
7894
1752
9418
8153
6101
8932
4780
1029
4927
2978
5873
4067
5029
8760
3245
1604
6916
6863
3183
8059
8740
7077
1399
5608
4507
1213
4462
8807
8990
2725
2273
7093
9378
1705
698
2946
3888
657
3866
5052
796
1459
9169
705
5514
750
6676
2969
9263
4535
5672
1020
9405
1387
5396
1469
8189
8611
6298
6914
4154
5337
6538
7037
9024
9026
4758
2676
8098
622
8264
3983
6457
2092
4511
845
1904
3858
5308
6230
7443
9532
528
6516
5714
4597
8560
969
2260
8642
6792
7128
3456
8365
7555
7978
5638
3835
6787
7567
7238
8272
7344
4908
851
5884
6281
3200
273
3022
3515
2581
7927
3122
1108
6229
911
5475
3180
5584
6858
2878
9083
9218
6343
8159
241
1384
853
8797
4265
3970
1755
7442
7362
1369
2026
7916
331
8677
8664
8380
1281
4255
5660
4879
3915
8803
3375
8904
8705
5300
7794
6114
1984
1437
195
4837
6373
2646
7997
4869
1614
9224
3878
9032
1207
5320
8522
4497
3928
619
7708
5683
2223
2478
6513
2950
4249
661
6681
1804
162
2256
8701
4460
2760
693
8383
512
5383
8256
4652
1563
5016
3321
4051
6830
7893
5977
5664
4128
7632
2479
4177
143
8579
2705
6722
8220
3792
1006
1410
8317
4490
7666
1892
3249
4446
6805
3777
1844
2044
9015
4270
1734
7285
7718
3568
3494
4040
5105
2571
7448
6572
3990
759
6607
3722
7150
6467
6386
1953
674
8353
9421
4792
8163
679
7308
4383
856
7912
8867
5194
2433
5880
9389
6437
4002
3358
5184
4062
8681
2058
5530
4989
8733
4246
7984
6704
2753
6207
5428
1382
8551
5245
106
8992
8241
3040
4373
2006
1787
9237
4317
6211
8078
9184
227
4835
827
3506
9416
5206
5385
6688
1182
2781
1950
2808
2759
3808
8911
684
6881
7500
3769
7345
8289
4550
4386
733
631
1738
8687
3553
493
8424
2284
3126
8390
7846
502
5304
5679
1877
417
5829
2706
4064
1247
