8728
2988
679
3070
2538
2871
7504
3244
670
718
2443
6506
2214
1090
6582
3514
6257
6177
1436
8151
1991
8203
3060
2122
5134
5174
3527
54
1234
7993
8786
4062
2910
1191
6916
8812
2075
1845
1695
9171
4276
1511
2960
7594
151
6231
8058
7426
7830
4604
867
5045
3525
7676
9001
437
2731
6332
347
9439
577
9403
3509
6811
2865
4779
5802
8282
3175
7236
7023
1848
6469
5836
2320
3473
1311
3866
1657
1200
9116
1694
4617
555
5760
7513
7007
7432
7083
3467
754
1562
7086
9394
533
3537
7942
1406
1344
3967
6512
3194
7721
691
6095
2094
3817
646
1776
178
7917
6457
9053
5301
5346
7574
3633
9524
5730
9483
5733
4787
4611
6538
9223
493
4598
2063
5364
4195
3913
3965
9109
9020
453
1088
2240
1819
2459
7673
1549
1962
4373
4223
7457
481
7100
2024
430
9107
8415
7881
3322
1266
6490
3368
4394
4816
5171
9172
7813
2212
234
5623
2096
5671
2706
4121
1849
8508
7629
9324
2333
5646
5873
3091
1756
2305
5268
7641
2697
6428
7115
3043
4045
5742
5355
1504
9330
2808
2680
6205
7484
4431
6839
850
8301
3957
2544
5430
7110
5828
3202
5838
730
4140
5578
8617
8008
9562
1099
9242
4098
7597
9060
8199
208
5344
9456
829
5496
1587
7039
5079
8571
4732
6767
7637
7339
6252
3524
8350
9221
6610
8394
3578
4907
1419
1320
9156
403
5156
176
5233
8632
7437
2654
3293
8055
1417
3470
8837
9564
4996
9496
7069
2438
8807
2634
7116
1621
4725
2501
4113
6040
3483
855
7600
9453
964
8993
8979
1202
798
2594
9163
8829
1611
5570
6774
9309
5478
1714
8907
4786
5758
1109
3463
8998
6999
3241
5444
6194
6204
3032
8330
9546
5666
3351
9425
5246
632
1138
6934
8726
4043
8083
8661
3402
2735
5824
5546
1093
3631
6246
7485
5611
8418
2465
4359
4593
4038
5681
2378
8364
5414
3297
1829
2580
4162
8471
2662
5699
2474
6419
9105
5959
7008
6808
6723
8066
580
5194
2579
1670
1370
8883
3078
914
4408
6136
7222
6588
6874
5613
1868
8069
249
1954
71
6695
5066
8697
6111
1391
3881
8704
1703
1576
2451
5285
6799
4618
3319
381
6865
5533
3364
779
6414
7926
3003
4916
5471
891
8140
3971
5728
5141
1358
7764
789
4754
8660
7290
7168
8438
6189
871
7317
9340
6014
2811
128
541
4637
526
2107
8848
6860
4702
7738
3112
5769
1050
210
3075
8272
2694
8400
2703
3167
8398
3133
145
5626
5562
2297
41
2155
3628
6305
5823
7741
8085
2259
9296
9335
451
8000
4484
3496
1889
3164
5439
6495
9139
5281
5751
24
364
3553
8954
1492
7709
8396
7393
8382
877
2199
77
8745
339
4084
4678
6920
6479
1280
9398
1231
6825
9124
4025
886
2196
5999
3092
693
1578
4670
6237
2679
9519
217
6573
8
3268
5425
3390
3874
3072
3908
8501
7301
1687
3863
4525
8369
3155
4583
9058
6152
5300
9492
1415
8419
1501
7724
4911
7775
6066
591
4994
1106
6026
2104
3506
5696
9170
6561
389
8475
5198
1724
5718
7774
6173
5218
6250
2500
3699
1629
1515
2224
1077
7661
6657
4188
974
848
9062
1319
3849
6975
2529
8091
7186
8341
4389
7548
1302
8729
2464
1932
3536
4740
7051
4482
945
5744
2256
32
8446
6758
4723
1933
7987
7401
5985
3737
2786
1994
4629
7015
9293
6661
5448
3798
8329
4339
9033
4433
2139
6439
5345
3405
5904
724
7256
9213
7354
359
6898
771
3655
8961
2724
7873
132
254
157
1465
8766
792
7826
3077
4986
3688
2938
3147
5128
6702
5878
6631
7364
6595
4203
6787
1147
1806
2948
8232
4102
1353
3586
368
4958
4471
2922
3010
601
2167
8574
6241
5157
8361
9143
1581
6265
1312
2204
5424
3490
7687
4307
4413
2983
7649
9261
1990
7666
2472
5541
4851
1805
8973
4898
3652
7358
1207
447
5111
3827
6218
8764
4402
7150
9436
1316
2839
7818
427
2830
5740
5880
6155
2913
5948
141
3327
4172
7697
9433
1461
5600
1951
7502
8673
7441
6701
6565
4002
5242
461
8561
8491
2868
4366
3657
9376
5017
7412
1354
7435
3221
142
3614
3423
1346
5572
1052
6401
6549
7551
896
64
8923
1484
703
1242
8781
9204
8383
4587
245
4667
3942
8871
8939
1161
5536
3896
238
4815
6209
2508
2345
2614
3015
4111
2550
2487
1414
1836
7286
1182
3447
2145
7580
4668
7309
7988
6004
4975
3763
1606
3362
6687
7615
654
1887
1475
1300
2372
8499
9273
4998
677
7906
1042
4780
3772
458
3584
5618
5118
3968
566
7787
3110
3198
7761
7601
8385
3082
2768
4028
3926
5182
6071
8887
3685
8047
1295
5955
314
7075
3680
3856
7904
345
2661
6553
1739
5490
4665
4651
7829
8910
5875
687
2087
1617
4721
1205
6221
599
3504
455
1838
9238
7685
6598
8776
3792
1292
8109
3579
3375
464
3040
1069
7635
8366
8827
4255
5441
5261
3433
9355
3973
2253
1007
8991
4270
2847
4427
2430
9182
5019
5195
3914
9040
1192
4805
9184
6587
1017
5554
3016
4003
7614
9164
2787
6969
3370
3031
56
8783
1043
2058
5248
6748
5438
6529
5082
570
9007
4890
404
83
3520
6902
9440
7118
6427
3801
4040
8298
3780
1521
8429
3222
9111
2955
8285
5829
9566
5711
3784
6537
948
3354
2406
6338
3047
5226
2831
6518
4465
4448
14
6974
7151
9048
4634
358
7972
5388
1061
6576
3931
8432
31
7605
3669
9515
5325
8951
8879
1464
1993
1622
7534
6858
400
2749
4521
4450
2710
7910
8174
2328
4881
2047
3020
5131
2130
1785
2751
2782
401
1536
3151
8215
2536
8860
2419
8689
8715
8894
8114
7522
9050
1704
2546
111
2615
5564
5660
8469
5773
5997
8768
3468
923
9192
3285
6433
851
4293
2022
4429
6150
6847
4761
2491
2440
1796
3842
4275
10
1107
4462
270
7889
3530
4283
830
9317
7053
3271
2911
3026
8494
3443
9082
3404
1133
3250
4133
5531
1972
2515
1540
8291
9442
1165
5033
7921
635
8306
3563
5899
3682
2060
3487
2056
1974
6386
6546
8510
48
4968
835
6628
2295
67
6641
7196
658
7643
6895
3063
7864
1810
2601
3864
7718
3948
560
2163
6089
6410
7225
337
961
5794
4846
3227
5942
6240
3603
2720
3806
1679
2051
1059
1816
2088
4268
8244
9037
2563
8698
502
1257
3062
6097
5092
1948
6051
8040
6137
8490
4888
6330
2904
1046
8808
3626
9367
2596
641
7898
8512
3457
1350
3042
1765
5445
4350
8649
5607
6959
26
4700
2906
644
7874
9431
550
6766
5213
605
1500
772
6062
5221
33
7400
598
4660
758
1079
9250
7289
1926
8823
5190
3320
4892
4647
7679
9352
5356
4219
625
1752
6157
1598
3260
2942
7969
6179
3499
4641
911
8233
8916
1741
8938
2144
3691
4825
8996
5003
5250
573
8659
1049
3344
1599
9489
7067
8179
3296
6367
25
5647
2219
172
5310
241
2755
678
2591
4176
1715
8465
3388
7226
592
894
7409
6621
6877
978
3889
812
6420
2371
2233
5532
950
6029
4467
3624
1226
7989
2930
622
9553
446
8623
8101
5238
5302
498
8312
6547
2356
6984
755
4291
8261
6619
6316
554
2923
5928
3601
7246
4371
6545
5290
2776
4367
5412
7492
1842
2845
4752
6679
1003
9323
5124
2926
5076
2624
7381
1290
1455
3905
4183
968
7078
6407
1323
7446
53
3503
7740
6795
2111
5028
9034
7263
806
1044
735
5254
17
8882
4939
669
398
820
6906
5940
7165
4663
5939
4812
6334
5810
4654
6206
9542
8258
4534
3096
6810
4633
6174
8679
8146
260
4614
6656
3518
743
2192
5429
2025
8268
2689
2255
5176
838
2607
6039
8264
7318
3050
5806
2302
7496
4075
4390
1760
5591
2848
5687
8023
6276
5326
4772
9202
4504
7019
7043
2909
2821
6113
1493
1235
4246
5094
2276
5790
5491
8384
3882
2391
5236
8414
4799
631
7359
5150
6084
3216
617
4966
6094
6102
4735
5610
6892
7344
9321
8175
1781
6623
777
7667
3329
7423
72
7390
8092
7101
415
8564
8227
5095
2598
3267
1530
5230
2889
5805
7544
4901
3955
7093
4782
8090
6458
876
7329
8246
937
3604
1997
4984
4965
9283
1252
4991
9189
2489
4199
4308
1247
5110
4563
5817
8596
143
3033
8484
6635
1405
5684
6752
1594
7708
3395
695
576
2903
827
2168
3365
518
2067
4449
1259
6281
9206
7244
665
5677
8969
2236
8859
5972
6716
3249
436
8104
4156
45
115
9341
9178
8302
6614
331
3855
2539
7227
4475
4774
7123
549
7207
3196
5324
2498
6644
7004
8875
6105
281
6937
2158
1992
6638
8862
9277
5380
5641
5568
515
3759
3714
8963
7515
3990
7384
8493
7468
4418
7224
7128
898
4627
100
6744
7971
2042
7995
1828
5220
1179
1134
2015
2933
406
4257
2835
5480
6422
4664
4380
4132
1329
2672
6918
8861
4511
4545
2604
1527
8425
7869
5015
9522
3282
8012
3401
7333
2775
5845
8324
8021
4648
5506
6963
1958
231
6864
6126
4215
8457
8230
3785
467
1844
9275
305
5648
6134
1534
1903
7311
7200
5636
8792
4871
3556
9138
2918
5984
1503
4170
163
8103
1943
3974
2423
8716
52
9280
4788
3883
610
4608
1141
7501
7790
4714
9301
7032
4708
2354
4440
809
2626
7169
448
5528
9419
1260
6319
1790
7565
9473
1428
6266
9157
5159
7665
1153
9374
1633
3438
2859
2684
3106
3428
7788
5391
8636
44
7122
1085
5731
1646
6873
6957
8535
5852
2793
8692
69
7559
5486
2488
1057
1156
6494
2968
405
5700
6271
6222
4533
2908
2490
8435
4500
7041
1010
1878
2510
3211
8223
3161
4519
5130
1172
6718
8158
7888
9108
5001
8160
962
6230
2412
2493
6278
9148
2849
7427
6432
4124
3105
2674
4698
2618
7994
1127
3776
399
7658
8695
7916
2495
3873
6715
1981
509
205
7855
2979
2484
766
3571
8532
6578
7757
652
292
5113
317
50
700
6191
6151
9331
1359
3374
485
3910
1268
2318
495
3789
3240
9523
6775
705
510
3455
2343
3656
5668
796
6869
2399
3065
9233
3932
814
9509
433
7706
1858
5822
3079
470
7059
3435
7499
2432
505
5973
6244
5031
3367
5530
5707
5314
8143
5598
3774
8779
1362
8586
6482
1496
3958
4148
5267
3861
385
2258
543
390
7453
3820
7728
6008
1265
9353
5397
3678
1870
8802
3561
4090
7002
5368
5422
4487
2348
4451
7337
5097
7497
2127
2185
9237
4643
5311
3510
6074
2655
8558
7553
6630
2897
8992
1726
2397
3723
912
164
5780
298
1303
227
3235
6907
5377
2458
3248
1402
3437
8334
2031
2610
8625
4420
284
7875
8674
9002
6389
7304
7627
8177
5737
9370
4
7947
8845
8498
2172
7656
8393
6207
6112
5472
2358
6019
7552
5106
460
8712
335
8002
5222
8957
4602
2106
468
8441
7891
5514
9077
6380
7178
2819
7372
7960
9445
7208
6352
7542
5303
7710
7028
2083
5734
5487
2699
4488
3552
8830
4403
2561
7844
7711
1680
2243
5109
1596
1225
3030
2039
3550
3708
9441
5627
2664
7465
9459
907
2870
7543
8568
6013
7940
3266
1080
840
1850
6659
7335
586
4535
2190
4059
4666
3762
7846
5126
5986
7802
5057
6003
9255
1693
7596
3361
7939
8613
7607
2836
2064
6306
2992
7233
4802
7953
8782
8930
166
4479
3808
2602
5065
4329
4470
676
5934
8852
2613
6370
2113
9262
3036
4309
1953
8342
5539
6396
4115
5060
8688
2077
1539
1214
4809
9420
3793
6083
7727
4033
235
4345
1287
7602
9231
6291
3733
7091
251
6805
3597
7653
5927
769
222
4904
6859
6325
4074
7694
919
7762
5389
5563
3232
6543
7106
6328
7216
13
5595
1435
1852
3145
5292
7277
6304
2289
3542
3171
4374
3303
8267
9099
5043
4434
9016
4818
216
1262
4104
7315
4930
6536
27
4821
452
2294
1879
1526
3485
4039
88
8909
5843
8755
7410
8377
5837
4120
6643
1383
4169
1577
8767
4058
2794
194
9488
4978
7524
6030
6722
6322
2770
1909
5021
8904
278
4676
4210
7632
1775
4591
3939
8918
7621
1529
2990
4116
3129
280
1183
6000
2382
1963
3181
466
7657
6351
1812
9155
156
8105
5237
6268
1609
8089
6269
3400
4549
4800
2843
387
906
7062
7986
4358
8905
2316
6750
7568
5872
4848
4262
8933
5818
1073
8516
6995
4929
614
2869
1162
3419
1881
5870
5608
1453
7181
2216
105
6960
4273
2269
7853
9558
8507
5372
757
4153
2191
9397
7295
3088
8591
4049
6340
4305
5191
2532
6139
9067
2350
1615
6727
146
4204
1984
4959
8835
2877
9197
5912
3219
4564
209
2504
3234
7901
9310
6048
4126
6038
4849
4797
6568
5543
2429
534
3456
4584
7546
5087
8663
2853
7473
6544
5068
5223
8737
378
7961
4974
1571
2935
9497
7177
253
2284
4437
5153
5521
2879
8504
7885
6677
8125
6166
6852
2424
883
9222
1485
3057
3956
4344
7137
23
8372
7966
3495
8005
2396
4705
588
5333
9284
843
6287
2511
6413
2040
6828
6854
5645
4336
8254
8163
7272
2516
6483
4630
158
3199
7804
3021
8948
6195
9407
2136
1135
1508
4417
7198
4872
8915
2073
6379
4928
5051
8566
5196
7046
5084
7466
750
3431
8778
8851
6618
3644
935
6933
7963
5417
6181
4454
5850
7576
7217
7586
7748
7828
2003
4319
6674
5983
2023
8722
91
6430
3748
4360
4139
3568
4960
3394
6637
6347
3382
6368
5172
688
9495
744
1509
2277
2045
5847
1780
8345
572
3391
5375
3703
5782
5654
8389
9392
7686
602
1537
5888
8169
2809
268
3906
7691
874
854
7342
6348
2832
3044
2103
4903
7109
321
140
2807
7385
7630
6654
7850
1998
2818
7959
2178
4152
5415
1937
6733
3658
1996
8118
5637
4016
8641
5522
6324
7202
930
2357
1246
9128
7532
4110
4348
4914
4613
3705
1418
2330
7618
1773
6982
3963
7912
4295
7799
3122
8225
831
3545
2915
6931
7380
2457
6664
9311
7163
1513
5920
5494
4397
7752
4769
2002
634
1116
648
4817
1556
6009
3281
4327
3372
834
6172
587
2778
8486
1782
1425
8893
5556
2237
6663
4166
8526
2137
5686
197
2725
7445
5167
4299
1108
5882
8487
7973
8437
99
4160
7766
9013
1702
7803
6160
1454
3324
8380
4556
4727
4508
6530
7013
4294
6357
8682
4384
3103
5583
372
9093
6728
8050
853
5067
1749
8974
6853
1325
519
5385
4843
7330
8121
6684
3038
7343
3188
330
4250
9151
6447
8601
8824
8387
5316
756
1032
5284
6845
6905
28
6764
3616
3318
8027
7090
5520
6994
4985
3097
8838
2435
4007
8127
977
1637
1327
6259
3773
1875
7817
2657
746
6514
6979
7322
4081
8670
4322
2552
8202
2008
684
4861
477
1826
6820
2081
5331
6977
3160
6049
2564
6307
500
6558
9418
8572
4313
725
623
3986
5016
1091
1751
905
9025
5071
1188
650
2433
4444
2275
3987
7161
7258
512
5137
8139
2486
3594
9525
1348
9110
8019
9381
5387
6489
9526
1447
7021
8173
8412
1230
1486
8115
1688
3335
7214
236
4421
8785
5885
6781
3722
186
2851
1843
940
6778
4452
4715
5833
3140
3907
2292
324
7183
3353
9429
8935
4256
5635
2468
947
8237
8672
9514
4621
4424
8220
3815
4530
1483
4722
5306
7405
2282
559
8039
4436
971
1460
2245
8410
1215
7070
8084
4382
3623
2439
4693
5406
370
1125
3407
4290
8401
7763
2873
8987
8337
7001
2116
9134
2887
7978
8950
1495
9434
4760
7376
6961
5658
6843
1407
3555
7139
3081
1652
417
4616
5509
9102
4997
275
4908
8599
4457
9443
868
7975
4870
2644
7442
2360
1862
4554
9104
7638
6320
6243
6875
3371
475
569
1516
8832
9297
6884
7294
3589
6292
1923
432
328
5842
2226
7197
55
3565
8685
5804
5436
1400
6739
564
7164
872
3130
8226
7088
3416
2576
663
2062
37
7578
4201
4910
6485
841
8708
1520
4499
4620
9408
8891
5749
8598
2108
2875
4180
1839
5341
556
4241
1588
5527
9371
5216
9036
6041
2218
2417
7209
5695
8123
8348
5776
5370
5102
4547
8694
4612
1130
9220
2427
2420
2888
7798
1299
4263
8971
1036
706
7407
1291
9271
6227
8113
5694
9064
8800
7780
6831
5892
8452
426
58
6149
5507
8322
6342
2492
7519
6109
7540
7449
1797
6794
3993
4885
6110
3067
1593
5653
4724
338
8470
1422
6772
1023
3396
2537
8450
8547
7622
1387
1237
5814
1626
875
5710
1143
3645
5766
8798
4659
6162
7571
1892
1505
5253
9469
7012
2663
4737
7509
3446
1367
4946
4486
7870
5504
6255
8142
8839
7825
3676
1221
8775
198
3213
5601
1669
4743
6966
1525
8270
6480
2729
8978
7283
7104
74
6496
8216
9533
3674
970
5322
5517
4057
1055
1859
7915
2171
6891
8236
2976
6247
8943
6624
1692
5208
4416
4189
5811
8813
8424
6449
391
3900
6633
5667
4645
7215
3684
7726
5625
8042
4125
3116
8217
9458
3095
2416
7681
4971
1030
8453
6424
9472
6855
8773
8505
728
5437
8327
6408
2475
5165
7206
2093
6908
7529
501
5937
8076
4443
9343
4857
762
9292
5400
112
9042
2263
6660
2816
1369
1148
5582
1019
4561
8519
6072
2038
165
4642
9417
7271
2696
5998
578
5212
3519
4171
4409
4151
633
8344
2764
1305
8193
1014
7300
65
3343
9535
3264
4376
6818
3560
4758
9393
290
5070
4194
4762
2799
9404
3735
1001
9504
8421
3408
7776
1163
6182
6065
3547
246
9081
3377
985
4776
4498
2182
2978
6617
1341
9386
4712
2512
9484
5482
5633
3559
2503
5854
2195
1968
9421
2426
3207
2632
7769
6713
9448
2404
6318
334
8747
3683
4017
9333
8191
1012
6690
4178
9389
211
8843
5868
8205
9532
7292
9225
1357
2477
6834
5617
4328
6455
5989
4505
1092
8402
4489
513
3024
824
1918
4280
1769
5205
5423
258
5956
6742
1216
3432
3154
4186
1196
2919
7634
4083
5558
972
7783
3022
3460
5265
5493
215
9372
1345
5881
7936
1514
61
299
6670
6541
8958
263
1873
6279
1717
3041
2823
3546
3767
5091
6524
4785
269
7218
351
3462
9180
6445
2411
4823
7508
6460
6365
1229
6337
1224
6940
8765
9127
9336
2469
7949
7213
4679
1758
895
5121
8211
3804
4688
888
9411
4980
8170
408
6355
1988
5574
8373
3316
4995
7591
8288
9168
8061
7688
3758
5859
3970
2478
2126
6911
5056
3515
2676
813
6081
5140
8732
6935
7255
9270
2098
615
5047
2266
4912
8793
8255
126
1856
4252
6784
3444
6354
1392
7745
6996
4050
7725
6500
7436
8059
2279
1314
2973
3128
7807
3893
596
9054
2520
7471
7756
8007
1960
8645
5044
2900
2109
6285
30
9027
6311
8253
682
5886
1101
7834
6673
5746
1589
2716
6005
5399
8134
367
7188
7356
4187
2737
4748
434
2523
9444
626
3369
5631
2587
1897
6797
219
6732
7029
2046
3876
5879
5204
2338
2209
7928
5262
2415
9219
7609
4435
3642
8351
444
7765
3185
8604
1551
2272
6807
4963
6528
1047
139
7025
9416
2820
801
3630
2605
4042
1095
3557
4346
5884
5584
7281
2448
1298
4539
8635
5410
135
2250
2861
5369
42
7977
8563
1720
3208
5189
6944
1366
6344
1818
4955
34
3950
7982
1218
1458
5147
2049
4354
4281
1212
5332
6815
3686
7284
4224
366
8353
1450
6021
7696
3334
149
6632
3339
4089
8581
1478
6486
4656
8221
5770
6477
5317
1170
2878
761
4226
3786
1872
295
5413
2780
8706
1610
7648
5720
4432
125
6840
2788
9319
1801
6612
3144
1894
8913
1910
5592
9004
3912
8057
6848
6313
2153
6636
5775
8733
7640
7839
6223
1555
3331
9383
8009
6361
2165
6646
5083
2252
2203
1737
4880
342
3346
289
5594
7077
4297
9549
2526
507
1310
3
7785
3538
5947
3000
8929
7943
4108
316
2473
583
558
9405
2824
499
2326
3841
2950
7876
9264
7060
6901
6308
6640
7411
5890
4913
7438
2242
4279
60
5360
6909
6063
1601
6077
4657
957
6816
1888
683
8026
7556
8037
1941
5656
2574
9205
8985
4699
8629
4035
2687
2637
3693
3379
7299
7174
92
5913
3497
6213
1820
2017
2445
6262
1038
6790
739
6369
3664
8016
113
1013
8780
4579
9070
3269
5926
7823
7082
1502
4469
9326
8796
7474
2201
593
8928
944
8020
7357
423
3061
377
3223
7895
8430
6913
3911
2675
7030
2265
8608
8307
5264
3934
4944
7241
2702
8358
6939
1124
8533
3233
1912
1351
7620
2148
8355
1767
893
8218
8433
3475
934
2622
265
7909
7517
1089
8153
6665
8168
6388
3933
463
70
882
7185
1232
5950
1959
2895
4491
16
8559
4352
170
668
5058
699
7133
7192
2355
4852
2850
7821
2388
2916
710
4015
4456
5682
5590
8495
5283
628
1439
47
4277
3454
7187
4899
1324
7204
2463
7251
4221
5336
7849
8892
3238
7700
1787
7443
4044
1966
1572
8693
5815
3102
1423
5241
35
1338
8972
5526
4775
8445
9131
4624
3125
5249
8204
7338
5315
6119
5639
3903
5757
7628
1532
4935
7811
2989
763
6965
9199
5201
6
5166
2091
4095
1595
8898
7124
4866
2141
8514
2557
3287
2553
3544
6395
1363
7883
3952
8154
5199
584
8071
9369
8690
991
7268
8029
8041
6372
4103
6471
1293
6358
9387
3755
1426
996
6267
5914
8503
4507
6215
5297
784
302
4879
4286
807
4097
2554
4182
4628
9071
7563
4473
842
6534
7037
1616
3800
6398
484
1094
7456
1736
2010
8515
1117
5898
620
6717
2009
4168
822
4269
5893
353
2110
82
8627
4316
1792
8584
2627
4877
6976
7896
6689
1585
4950
8403
6757
6289
5293
2940
8304
6706
788
8279
134
8297
4289
4538
4237
7353
8881
7737
674
7843
7038
3750
1364
1876
118
2410
2334
3305
1021
7306
3980
8313
2946
6164
3726
7913
9544
6743
918
4114
6297
8449
443
1467
4850
2727
5266
7483
1139
2621
987
3141
8610
3991
5732
1121
6951
5073
5089
8259
7743
2838
6599
4453
3251
3034
2967
5675
3717
6132
3824
4555
1424
1548
1558
7462
8713
1863
656
737
8326
3564
8707
5599
2385
800
8406
7413
3835
7374
5170
2748
6125
3054
6592
1177
3895
1071
7930
4419
3272
9203
6493
787
9329
6570
8770
1893
3593
4191
3338
6550
4806
7099
3764
469
4175
8018
1628
3315
8945
9149
927
8539
8241
7386
3418
1472
9298
8734
4052
1228
3302
2977
8476
7527
7076
7147
3278
2577
7095
3117
8033
8531
7416
3058
8855
7395
6668
6282
2119
2791
5398
2177
3383
799
5693
4878
6154
1795
68
952
5739
8691
7744
4459
1798
6863
7399
4531
4713
2409
5756
3385
9499
7494
2285
2854
2572
8150
1306
1901
4031
4594
5416
3007
1477
9481
1489
9327
2246
7908
2934
1591
6616
2855
5932
7670
3994
508
8056
582
5715
7049
2628
3298
3262
7746
6146
1062
2772
5523
713
4734
4709
6056
1347
7797
1957
629
2026
1864
6521
5289
46
4483
7693
3153
4822
4480
7879
3769
6321
7238
6992
8864
9100
356
8791
8409
8404
8126
2436
5232
2921
5169
2290
1563
1658
2947
5559
8436
5712
8799
5384
6653
7720
7447
1286
6796
5457
5604
8044
3115
4918
2882
8609
523
7394
2862
5676
955
3309
3902
7003
4541
4804
2700
497
8977
6454
8290
4759
8878
4080
9191
2099
7331
5123
6603
3638
3114
7103
2997
5585
3921
1531
9218
4423
5588
8130
1377
3936
5883
2534
7713
8587
7655
8185
1750
1522
8908
7450
2917
3180
8538
8580
3415
2742
8347
3639
4553
6015
6270
1574
4461
2559
4337
3983
138
1586
1668
6993
4909
8144
5761
1900
8986
9266
6686
8162
9540
8543
1251
229
2982
5392
8761
101
1037
8828
3174
6108
647
963
8955
5834
1779
3581
6574
2
6889
7871
2642
4972
8940
9090
9193
8956
1656
3256
2452
7305
388
6605
4355
7859
2422
5508
5269
6735
4982
9474
1890
7555
2943
4206
4229
9217
6075
7660
8895
4834
6571
7749
5338
4716
5962
8959
5534
749
1142
943
6101
5779
7074
7365
3702
6456
3701
2180
9215
6760
2228
8331
5381
6789
8468
1564
7146
866
7424
6945
7249
5629
4839
7397
1004
990
720
117
6924
9480
5701
5933
7782
2076
8703
9009
5206
3178
5864
4813
2319
336
5467
3011
4147
2349
2692
1408
2480
8517
6685
5309
1331
7467
7795
5488
8122
428
9052
8181
5351
3679
8054
5379
6020
9165
285
1429
288
4569
2086
5827
5587
6866
1877
9529
7193
1869
95
2677
81
655
6303
1965
1533
2359
397
4032
212
1978
393
1871
1241
1100
375
5922
2986
2100
4808
7189
2954
4138
287
8343
504
4607
2759
1195
472
4897
3066
3675
9241
6925
5088
8049
9493
3311
5510
3636
9550
6693
7887
1334
7589
5307
5012
3890
7112
1650
9056
6203
9548
5108
6300
3821
7664
5234
4692
4792
3754
8374
2347
1651
1238
2497
2912
9437
776
6867
5098
7715
659
7848
2362
8511
410
6903
4063
1518
4343
9014
1279
8451
5200
2905
6156
7387
5861
636
5669
3074
476
1682
2384
2102
722
8522
6404
5078
5286
5634
1294
2760
1538
1
4854
5783
8368
1833
8278
195
8646
8242
5207
664
4605
6681
6647
8240
8842
7270
5830
1113
9299
5365
8157
98
9364
4192
8932
1640
6233
8810
6220
6824
3170
986
8811
5359
2048
3226
5813
2000
8274
8603
3340
2268
5009
1708
5149
4332
8618
9000
7040
5426
1510
439
2374
7537
1712
5334
1917
1332
3046
3771
5142
3124
6520
4381
1284
1039
1022
8536
2994
2758
8289
1913
8017
1677
8022
2558
5736
3618
640
5704
9347
2304
1118
3245
1020
7279
7852
9087
5965
4697
2070
6523
3452
1523
2370
6214
3825
4026
6712
1468
1857
7862
2335
7603
7451
5515
6470
3877
999
5161
5767
5202
4771
8036
1213
2202
5887
2001
7434
7857
1627
3406
3860
929
6377
975
8229
3237
1086
1441
8030
8243
745
89
180
3822
9119
8420
8458
3350
671
3273
354
6730
8187
4970
5062
6590
5063
9068
2535
9512
8075
1157
9506
7557
4540
9112
8176
3977
6362
8984
3637
8816
7992
8633
1239
2140
6890
4749
4020
653
5402
7907
7323
4072
7047
6327
6914
5516
3172
9289
7981
8370
4334
821
1105
7020
5127
2866
5762
9133
8480
2956
8760
3157
1830
4915
1166
9210
5966
1560
8720
277
5468
4764
2931
7654
2496
4596
2886
3554
7194
6950
282
2937
7280
5573
4989
127
9073
8210
4053
2506
7964
8631
3294
2723
9410
1734
6442
6392
2609
6725
2143
8643
1759
2522
1567
7172
1469
4522
3803
6397
9366
2408
4333
6251
5714
5378
9351
899
218
3018
3084
2327
790
2964
4054
5020
409
4940
1155
3255
2035
2052
8744
9378
5354
9008
9435
6058
7900
8557
4439
7371
5745
3332
51
6606
9552
2225
741
1388
2447
5552
2974
4729
7592
6749
2753
1451
3381
5709
2611
5612
2365
2975
9547
8001
8912
6463
527
9485
7598
7791
532
8051
445
4227
8788
3474
1413
1809
6886
3336
5459
7945
3845
5848
7081
1494
1840
8371
6138
2151
7583
2186
2995
3795
4644
1041
5018
6990
8611
8283
9345
1274
922
1281
4884
8922
8129
8152
2128
5678
7203
5777
4841
3590
5312
119
5721
740
6634
2718
4193
5383
6418
5795
3511
7350
4259
2695
1770
4673
3325
3569
2221
3729
6929
4941
1837
709
4404
8719
2667
8825
3412
6708
1882
4392
2683
4524
7269
2395
1799
5650
3413
9228
5727
7719
3944
8117
3710
1403
4503
2936
6044
1222
5691
885
5903
5382
5644
2899
9375
4512
4962
1935
5826
8269
3787
6953
4232
272
3513
804
3596
2043
450
8257
3709
4173
7127
7816
5036
6548
530
7332
4858
3290
6345
8569
1169
965
9167
3814
2952
6857
5593
563
343
4753
193
8841
7362
825
4474
2745
1112
2466
5839
6210
6333
248
1349
6336
3048
9306
4718
2314
7946
8328
8544
9029
7470
6335
2589
7247
8496
4623
8275
3898
7064
9365
8746
2057
2639
1823
1379
6888
3949
4796
7877
1547
9089
5748
488
8637
5154
3945
5987
1800
3243
188
2929
6986
1397
2135
6531
346
666
5832
3964
6812
419
7378
742
2996
8735
5557
4455
548
6765
6341
7789
318
120
715
4006
719
1371
811
6956
1457
7897
327
9173
4011
6923
407
9085
8936
1072
4927
6788
4814
4571
2317
731
4756
150
6248
5405
2892
5357
1440
870
3206
6423
8886
9406
4745
6589
8466
2660
486
8132
1902
3421
3009
5787
6254
4529
4546
1340
243
6116
4037
6170
9312
9559
8492
7098
4902
9005
6064
7682
3039
3158
8224
4603
62
2993
6882
1452
6123
1193
6577
2761
997
9349
6615
3051
7235
4164
7319
5797
9026
5924
8074
3734
7298
4570
5278
4284
1554
7970
7511
3008
6481
86
9249
6087
1365
4558
8362
3441
9346
7626
3397
19
6476
9379
9147
9432
2450
9239
8748
4341
552
1575
474
7985
7149
8953
9094
4314
1528
9545
3960
2551
976
660
7611
9232
5698
6639
4383
3508
5789
3482
8359
5697
6484
4853
8081
6948
4460
8949
9565
7469
1462
3291
9230
4368
3888
2585
5245
1194
2434
645
1374
5765
8994
8250
7312
9527
6564
6274
3314
9334
8097
8038
618
7651
4956
9152
6893
8759
6997
2876
7341
2981
4701
3541
2244
2842
6076
9092
9468
5649
6897
395
2578
7810
3760
795
5544
4154
349
8920
2671
7134
8681
3236
9354
561
5072
7539
6184
4398
5407
4969
4807
3741
7808
1240
4406
1243
4820
612
613
7703
179
857
5257
5420
5542
6045
5396
808
6475
1612
3230
3951
4924
6346
5785
8260
333
5432
5835
6721
6229
3225
3930
9528
6707
7408
6946
6461
7979
2991
4573
6680
5786
6067
667
7175
3085
1791
5502
7669
4340
262
4640
8990
8970
2867
5603
8391
4964
3146
1607
4990
8318
383
3304
5104
8743
9460
8668
8926
9467
6069
6533
4369
2260
7130
6007
4197
4208
7087
5897
4245
283
301
9246
9030
5403
2783
2939
3434
7695
7736
7421
9185
8310
5197
4407
3566
4952
1835
6804
5271
542
7307
5244
6607
6343
2708
8777
1431
3613
5390
5963
6669
2090
4873
8072
6581
5988
9
7962
7631
4829
9074
5463
2206
6028
1390
6381
8997
887
6317
2121
4027
624
8004
7684
5518
7796
8628
6190
2007
5716
152
9551
311
774
7867
860
2527
7349
1375
1096
2815
3453
7275
6406
7278
8431
6539
3403
6106
7170
7680
9318
7955
8231
4520
2288
6710
5192
7392
3436
2352
4895
575
3647
1442
1827
984
6626
3713
8583
6022
7031
2685
1355
4999
3924
8067
6900
7
8763
1733
442
266
2584
7714
8795
1939
852
1399
1480
4936
4106
4377
3191
226
8537
7957
7016
5725
3450
3312
1009
3101
2147
2985
2230
6780
4131
8032
6648
8753
6263
6294
8245
5211
4196
4388
2157
9123
4937
8340
7061
4342
1908
1180
9166
9129
4296
910
102
3648
4177
396
727
3215
2055
5277
6171
6031
9307
8349
3925
7832
1053
8277
5519
849
5798
3985
6887
6983
9430
5575
7184
4568
7997
8156
7173
4847
574
7433
7965
8197
3995
7491
9240
878
5759
5247
3323
5754
4801
2120
4144
1794
4466
8195
4363
2741
7932
2283
3184
7980
2248
3347
1723
5011
1282
1015
9145
1999
2966
4085
5350
7836
7459
9084
2390
1846
3608
4146
4222
3747
5602
9159
2698
7079
8178
778
6881
926
1719
4681
8428
7458
4768
8655
3480
5831
9039
1831
237
4992
6841
5862
8147
181
858
7538
5632
6487
8927
1471
7642
1410
7759
8137
1386
9287
6143
7428
5313
3961
5394
3108
240
7772
7108
1203
7308
1416
9415
3053
697
673
9338
9076
4528
8525
9342
3326
1815
247
6678
8166
7223
3280
7042
5287
1421
5705
312
39
4601
4981
7316
2308
611
2232
1394
938
2461
8315
733
203
8797
1273
2608
5362
4300
7861
1326
5235
7760
3166
6383
6932
2444
2329
3878
3609
1304
1667
5548
2880
738
2582
5145
3943
6755
7479
2346
5151
4415
1008
5275
6043
4236
4710
1906
309
4356
4244
4577
4472
5580
4205
1473
6235
6622
1466
1766
3378
9567
5755
7569
3788
5469
5513
2053
2300
4325
8035
6168
1644
3621
2006
8754
2485
672
2959
482
4578
471
1970
1763
9477
3862
2774
6885
4836
9041
1989
1854
3625
7729
2369
2323
5186
7610
2312
2401
8980
1666
4082
8612
3698
2036
565
5129
7182
8546
8273
5282
1285
4506
6504
5442
8868
2962
7755
1438
9537
8172
5160
9322
8717
4595
5957
7587
9244
8141
1672
3725
1204
3168
9328
989
3472
8725
7252
7273
6833
1189
3897
5125
4157
1129
4306
3585
621
5638
8787
2617
2146
3019
5743
6870
8131
9462
3540
6501
3119
6441
3478
38
4883
4260
7464
7259
4675
363
6600
5555
7080
6219
6272
3360
4149
9451
8867
6627
2222
8573
1710
7633
9377
5620
698
8666
9314
3819
3384
1063
8098
2029
6696
794
8094
4893
5615
3543
6283
5846
5115
5752
1867
8906
2293
6941
3535
8653
2428
6382
6446
7132
9031
425
5816
5925
729
5308
4101
7383
5353
5524
5184
4574
2631
2987
9106
4212
892
6349
7575
2188
6776
4559
2405
6502
3471
6070
3998
5995
9075
7872
3486
5329
5869
1641
4364
2570
9438
8731
8820
5485
5877
6284
4778
5954
6899
5146
4087
1699
4728
5951
3743
7905
4235
9194
1159
6242
1339
567
1233
915
18
2454
1701
8478
3528
7220
3417
5059
8965
9121
9118
4422
6769
4582
9226
1899
3884
1209
3711
9136
5763
4070
256
3107
6835
6299
123
8642
6555
3533
9098
1219
9534
6080
3823
5500
1705
2267
1254
5549
680
8700
7418
168
8482
9227
6973
6830
6842
1154
2299
3962
8575
2373
5034
5042
8079
1150
1550
5944
4303
6124
8365
1735
9161
7493
3567
6988
2525
5305
6879
4018
1164
1982
765
386
2274
9097
9563
9095
4869
6785
1277
7531
8652
7480
90
3869
9357
4202
4953
6464
752
5122
2792
3516
2549
420
8869
2425
271
276
3761
7535
8638
7388
192
8064
12
7924
9315
4845
540
3831
2925
5577
5545
4597
8068
116
1559
206
3606
207
2059
9363
1768
456
3507
2801
9424
3134
1131
3410
5722
1747
4988
3901
9286
1137
900
5443
7367
1928
3599
7321
8647
1896
4495
6611
4887
6872
8804
2599
2864
4738
5049
1081
2337
6293
4401
9360
5318
7625
6036
4400
7114
3493
7561
5981
5335
2872
1078
3574
9120
7430
9158
4393
9316
196
8183
8209
8463
5791
1675
1732
1802
753
5907
2061
1256
8323
6448
7652
8080
8853
1764
412
6120
4537
1911
7489
3969
7650
6256
9032
6662
3704
2367
3300
4119
1602
5974
7894
7314
1067
6783
4218
932
1427
7419
6579
2309
8967
3448
5674
3228
967
8099
1643
879
7827
4731
3263
780
5440
597
4315
4335
9018
2688
2383
6800
1745
1103
2066
861
2833
3420
9414
7636
4128
7153
244
191
1817
7201
6620
1433
8296
5670
9344
8662
1665
4811
7287
9382
4795
1186
7140
3292
4412
5724
4704
2707
496
5803
5535
4510
7506
7778
8305
3770
2740
1789
1184
7066
1337
781
4251
8664
1083
1519
4867
4216
2656
1269
517
1187
1727
3916
9132
3857
607
374
1784
2400
3049
6498
1026
4338
3307
2863
6697
6100
4649
8931
3529
3055
6714
1895
2456
8570
4476
6645
3635
3629
4557
8644
5183
8870
2844
5037
4220
1376
4755
2322
7925
1905
6217
1605
3380
7142
3828
4320
6298
3775
783
8357
5915
6954
8034
5259
2296
7276
7477
2623
1742
6980
2633
8968
5605
4365
6597
4036
7944
3045
6699
1244
3549
7577
3846
9500
1762
5596
8518
5938
6034
9260
3649
2762
3781
2841
3005
1160
6467
5703
361
459
8198
7549
1725
8937
1136
1678
4231
5096
8714
9507
4155
2666
6416
6560
981
4254
2361
4430
2470
1449
1808
6127
3484
3083
5799
8805
2142
6762
5243
8379
6989
36
3056
4514
3099
9409
3811
2307
6290
5431
2705
7265
9181
175
6535
2476
826
5579
2813
2020
1271
8854
8975
3229
5961
3073
1649
925
6226
2197
1361
242
3672
5135
7558
1636
7455
4117
1755
6016
9332
1253
4094
1380
4096
4351
3577
6098
7351
4217
2280
5347
5849
286
4552
4572
802
9541
6068
4517
5029
3719
782
6331
5428
5863
4228
5969
4565
5148
7285
6114
2825
3087
2590
7210
3427
9216
8588
7360
8308
9457
6201
8299
1368
6339
8045
2817
992
94
3037
2494
7348
4163
4739
4441
5032
8888
6411
4137
1851
4463
344
2247
6753
8188
2883
8070
7034
5323
2004
6675
5461
9122
7057
8266
9096
7886
1721
9234
7514
2453
6563
79
4122
3782
2513
6459
2784
9200
4763
707
7063
3200
9362
5946
6012
7814
9126
6740
9291
8723
6275
7085
9313
9555
1660
7793
9140
2733
3006
5949
6806
7837
4267
9294
6557
8582
7326
7009
3328
2743
3505
4567
7476
6165
4610
1263
8180
8530
8395
3765
4061
6949
2712
6092
473
2134
7035
5971
1028
7375
5567
6779
7831
3013
7368
6147
9274
7058
4165
5982
9520
6443
544
3707
6057
7346
1322
8650
1025
6832
2311
4840
1084
1074
1661
2174
7096
1315
3946
3611
1275
6575
3195
1774
3731
5447
4580
1487
1772
2665
4000
5589
4069
5651
130
9113
3732
7599
104
6141
983
5002
3816
173
2449
3689
4876
4134
169
3715
8730
5175
3917
1613
6651
6188
106
2418
6709
7199
1718
3712
2834
4921
6091
8513
4803
7024
9142
4793
547
2217
8413
2721
8086
185
4022
3768
8238
230
2941
5481
7417
3778
2005
2856
8555
817
4142
2117
8206
7528
4145
5119
4717
2514
352
4442
2344
6846
3502
4067
2597
7581
2262
1029
726
2082
8924
8087
3607
2643
4689
5860
5851
4671
6667
7260
7624
2407
5462
1691
2115
131
6921
9385
492
3660
8073
8634
4967
3832
3342
9463
2483
8186
3461
2806
3477
7487
3111
2502
6609
4687
8333
1557
770
1987
1824
6434
4942
3187
2945
8192
2366
6118
2431
4826
7835
8013
8300
9348
1663
1947
6312
4696
7148
3254
319
1771
6862
9281
7588
7735
5008
3355
213
4548
1352
909
1395
7705
5048
3224
1126
4174
2999
4685
7160
1066
3582
4030
5943
3532
6746
3426
7902
7606
5475
2953
6827
5103
7856
2902
4566
6104
5474
4379
1120
3430
3830
5968
9174
8096
5597
8585
5061
9498
6642
6700
1676
5046
6197
9560
5052
2068
6353
7463
2041
6001
2298
7999
2998
3163
7154
2750
7006
1642
3632
3794
5090
9517
6919
8124
6809
7257
3500
3399
2325
1855
1249
7582
4837
8133
5279
296
1630
8784
979
6823
5614
8771
3988
8489
7958
8917
689
5784
1210
6260
204
3627
819
5916
6819
5294
2803
8256
2641
7674
3959
2711
6601
1384
9023
5909
3718
5007
2896
8314
7863
2616
9069
5735
4515
57
869
7865
4855
8165
4282
897
8899
4680
232
2739
4931
8171
8392
9285
7801
7347
7878
187
2763
3126
4882
5923
3979
890
3850
6608
8856
8554
4830
2071
7296
2235
3190
7045
7254
8506
4695
75
913
2198
1748
7619
8500
490
5952
4674
306
3840
8911
7927
424
708
4321
483
7141
5979
2455
1638
1497
303
5373
7245
4041
7211
545
3017
3143
6527
8966
4496
9402
8388
9422
5970
3766
2364
6234
942
4765
7820
5566
1201
1082
4920
7683
8135
1481
4243
5936
6163
1267
4810
6958
4592
9282
7613
7325
7461
2884
5941
8110
5690
4865
5240
8295
6144
3246
109
4159
4127
2670
8942
5683
1583
7056
2381
5547
3892
6562
3885
5152
8528
5219
4150
7425
4425
7935
8678
7860
3069
4917
873
2125
1961
9083
3938
6770
5452
5188
9188
5841
6183
7444
2211
487
8148
1258
9086
2719
3387
7800
2239
3838
8840
1662
6090
4051
2270
7361
6868
5466
1474
5858
993
7500
8884
6585
793
8456
7991
8164
8189
7488
2393
6060
1952
6093
3492
6526
4619
1945
4287
7014
8790
608
5055
3668
8477
1686
2691
9150
9508
2754
8434
431
823
6440
4653
3666
6258
8280
1783
1983
839
2437
2460
5910
8772
6688
9288
1119
2441
4230
7838
7564
2593
767
9011
863
1590
1543
3595
3899
3086
9021
4266
5004
2332
2810
9478
2980
9516
1804
4494
3643
6793
6505
6711
2972
2156
5503
4632
7753
2179
6817
6998
8448
805
8556
6169
8736
7590
2785
6130
6822
9466
1639
3620
3573
6876
3521
8849
5689
8003
6035
4492
8686
8983
5771
8727
1950
4410
1175
1569
5902
6010
5616
1430
3984
1123
3696
1498
4527
7262
3100
4961
5630
3109
600
4706
1297
4130
2885
7941
973
8616
9557
2213
5657
2565
1683
3150
3941
7815
3526
8687
2234
1443
5304
4497
2013
8560
1276
2131
491
6052
6499
6405
1031
362
3358
7293
5077
2556
4311
2028
1506
2505
3730
4318
6844
5800
2231
7523
3201
2164
8356
1659
3137
8488
7541
5465
1580
661
9368
1883
7044
4993
5501
3575
7431
2541
6412
7747
2138
3176
6801
760
6871
5272
3186
1264
4079
951
73
1382
8207
6751
155
2715
7573
8651
6613
2837
5030
4560
9049
9470
9059
5010
5027
7234
2713
8624
7018
8320
692
4905
4694
5538
6972
7806
1980
7439
161
9028
3275
8107
8338
5100
7048
7396
199
8789
2479
5855
3739
6968
4426
4891
3727
1925
8316
7854
8523
9175
7055
8640
3252
4248
7377
4750
701
8479
5980
8656
4831
1272
6142
7232
6329
6360
3239
2970
3721
7698
7530
8102
2701
8311
9447
279
3192
7011
3810
8947
6676
3812
8247
5133
3469
5458
7707
6731
7554
1728
2769
2011
818
5796
539
20
7370
4954
21
6193
6435
594
8208
3588
1512
5483
8758
643
7107
4949
2030
3276
1979
411
7516
7303
9554
1223
4249
6559
6522
7097
1973
9043
5295
3757
8182
2690
8757
1619
3909
1115
5173
6409
3996
224
2291
1321
5772
5348
7842
5064
1713
3501
2795
1542
2092
4414
3659
5328
5227
828
1002
7288
6580
8989
8339
8914
4767
7144
6551
2065
4609
9490
1620
2278
2730
1914
4691
8809
2804
7929
8262
323
3517
4951
6738
3580
184
9251
2963
8461
8814
6771
7733
4973
2200
8562
7704
3848
3851
5908
2693
4438
7010
2018
5840
6552
480
5276
5080
3357
6264
6491
6904
9224
642
9080
9245
1716
836
9502
1045
294
1398
3953
8136
9047
2668
2149
22
5665
3345
3802
6002
392
2080
9057
5179
8093
9201
6211
1793
133
148
1936
4947
7723
6444
4288
3640
257
4076
2394
449
8964
4055
136
1434
1011
5320
4485
7792
651
8440
1149
4458
7068
1197
6683
8602
716
6249
3425
3847
630
4824
3602
3641
4943
3799
4023
5477
7472
4646
1411
2368
6554
221
5774
2652
7722
1860
1930
6649
357
5606
3975
939
7166
6756
5565
8876
6437
3093
5953
8594
3491
8548
6364
4919
8976
2310
8847
2636
8426
8167
3836
7702
4652
3724
3139
3317
6525
9258
259
3867
1459
6850
2736
1360
1885
5449
9395
8919
3751
2482
7858
6761
2649
5035
6037
8423
1507
5680
7250
5896
2413
8252
2033
3512
6078
5793
4523
6747
4477
4302
9162
3004
3027
2645
3891
5917
8046
6791
8024
8739
3706
2173
903
4065
4948
15
6971
7345
616
9198
998
585
1151
3978
7646
2339
553
1632
8756
2567
3156
6107
5525
916
380
8459
3179
8890
8294
8405
4310
7882
8234
4447
9267
2254
4190
8620
8671
846
5991
3376
627
904
3205
7518
9248
4933
4622
8483
6023
7595
2379
3189
2646
4677
5889
6569
639
3301
5992
9475
7918
1919
4105
6802
4638
1245
7159
2777
2175
4894
1034
3025
5427
5038
1206
7920
9276
1814
5296
6658
6376
8145
8751
1955
8590
418
4828
8605
5319
6591
5865
1584
8740
7840
3610
4502
2353
4093
1076
9428
5163
6465
8108
1000
6967
8397
320
2257
6583
1173
6224
2898
1684
5337
7612
4838
108
8194
8386
5919
5101
4047
5273
5993
9259
8925
5497
1971
832
7398
3654
6133
7324
5622
1385
2857
3875
4184
8248
3697
6180
4585
3132
9272
7138
5132
7866
1217
3858
3359
5217
8762
2802
8060
7841
4323
5812
1181
2313
2965
5274
8542
6025
2961
8200
3740
3466
8705
3662
4468
6915
3152
5540
956
619
1199
6216
2499
3619
87
6356
8485
5537
1977
2659
5255
5976
9117
3756
969
1178
7974
93
3805
5193
6503
8552
3854
3583
7647
322
6394
2034
4757
1697
3972
2375
604
9211
6153
2363
4868
2019
4589
1592
6027
6431
1821
6926
7608
3572
6782
1288
414
2386
5291
3818
2241
5136
6473
3094
6196
6704
5719
1671
6046
6371
4615
5231
4029
3522
3131
5975
6186
8447
429
489
7033
6894
1499
2586
1318
5367
1986
9482
6079
8621
7983
3834
9399
4378
9361
2971
2767
6736
1920
8159
3650
107
7131
6594
7623
4129
6861
1524
4550
8443
2890
1949
1102
5342
416
7406
1967
8031
2928
49
1236
7739
917
6366
3149
4278
5708
8363
856
8222
5619
5418
3570
6604
8551
8502
5228
4012
3742
2773
4655
5386
7052
7180
6390
8043
9538
3080
8201
9536
1144
7155
8831
8614
4733
5409
5433
775
6033
9137
2647
8675
2625
1168
5411
1907
3459
4844
6985
1541
4889
4185
7984
4370
4056
702
7570
3231
8801
7880
5511
7102
5215
815
6970
7440
6821
8408
8877
9212
7136
7429
3879
3871
8988
1709
6883
1104
7919
579
7119
4977
9295
6777
5891
8821
4143
9195
8850
3915
1915
562
5753
8196
5876
3308
4543
7237
3169
4864
1803
6451
3479
5456
8902
1608
3064
2387
3341
3880
5723
3534
6178
8138
5053
1075
7105
1938
2860
5781
2414
84
3118
4013
8276
214
6478
901
6928
941
1681
8303
5906
6385
6425
2321
4317
3488
4945
2084
503
3214
7420
3288
8589
7403
5181
4261
4600
3330
1404
6516
7547
4976
177
1048
110
4979
7495
154
5624
7645
8593
8749
1866
162
6176
8381
7219
791
2105
4234
3797
2592
3299
7253
1448
3918
5662
5209
7996
8473
7228
7899
712
5401
7382
4766
1313
6187
8442
3523
2220
3306
7521
1573
1122
8053
1566
4428
8794
5945
1336
7017
5393
1922
8527
7498
9051
1582
4798
9561
413
103
6421
2603
8212
7951
8982
1128
7111
273
7005
5225
7379
332
1432
1729
8576
3695
2392
5479
6103
537
7366
844
8817
2681
3002
5964
2920
546
3295
2471
4726
8367
3203
1645
9160
8900
5489
438
7389
4399
1689
384
5967
6856
936
4211
1198
1655
6436
8155
308
6497
9359
7822
8422
6938
7507
7903
2732
6403
2600
5039
7931
6426
6602
329
304
1488
6509
4532
8962
3826
6510
1753
4331
568
7526
5105
3940
9214
1731
6880
7998
137
7291
4900
4099
7510
946
4118
8509
9325
4330
3651
8390
4135
3104
1597
704
8934
8724
6088
228
97
4934
9303
7120
3386
6175
1707
1634
4606
2227
8184
1024
2545
8472
2726
5726
3451
3922
9479
7604
9243
3165
8885
4092
2306
8120
1698
8281
6466
2072
1035
3783
8375
6326
6851
9101
1811
8028
8550
7266
5977
2301
2442
5958
1479
8742
5642
5576
340
2169
5376
9065
1690
5857
8462
8836
7533
6273
8667
2893
6115
7157
2069
6930
7135
0
1865
202
1654
6947
3076
7261
3576
3389
8077
5586
7414
9252
9176
7948
5455
1648
3598
764
8112
1444
5114
506
4396
3183
8219
2932
220
435
8116
7117
5026
2402
5808
66
225
8592
714
4542
7415
3257
3935
2714
1635
2342
773
3999
2709
3429
5729
2686
6991
4720
721
4833
6086
6161
6399
5801
5050
675
9006
759
6387
2336
1158
3749
6314
7478
4703
6082
5069
3738
7585
4004
8941
595
3551
6438
3440
6122
7094
2969
3409
8317
982
7689
2575
4513
1333
2630
816
6391
2124
8378
531
1623
2521
5361
2303
8826
7851
1176
8684
6295
9091
2054
1378
6374
6373
122
2519
3646
4292
189
441
8648
4088
4324
4446
1777
6773
2331
8011
7911
884
1393
3617
9455
1929
3752
535
3159
1167
3779
1711
7195
9400
8213
2638
5935
5349
2612
3284
2829
8128
5470
3259
7026
5081
5408
8553
1545
6238
1401
8639
6236
1746
7824
7712
5931
920
421
4536
360
5454
5663
2881
3634
6936
3670
8235
5659
7297
1847
785
3489
4207
7934
7448
7239
8981
3539
6085
6584
4068
9144
5139
4021
3928
9302
6393
525
5918
5451
2376
7976
9209
3121
4501
3923
3929
3098
5688
8597
7770
3886
4581
2891
5138
153
1600
9300
4742
2446
3498
7481
8846
5853
1685
1328
4906
6192
5210
29
9391
1283
2101
6128
4123
1568
7572
8265
3663
4686
931
4411
2112
1924
2744
3052
9063
5404
3398
6359
4066
8325
9476
786
6301
4744
8529
2341
465
6878
4046
2588
2210
3422
3247
4445
1722
6734
1985
7845
5280
9115
5024
124
1546
2738
9450
9229
3997
3853
8701
5856
1476
167
7486
8803
8901
5905
8595
4200
3363
3424
3204
1054
4034
7536
310
8467
2150
7310
1517
9412
6121
7954
2271
5895
7352
6962
6596
6759
1211
9236
2517
373
3220
7692
8292
5260
7355
6011
6400
2176
2014
8880
1743
6099
6253
7191
7065
8541
988
8481
1874
5921
694
2205
2571
7267
3349
183
685
5330
5499
2507
7121
9269
1110
6415
797
6556
1553
7833
5093
9531
7460
3113
3333
5844
355
2606
3829
7452
5672
7073
1227
7129
7784
2159
2734
6517
7422
6159
2050
6472
5866
9154
4588
3920
1561
7328
8251
5778
4987
3464
6698
581
2828
2074
3120
837
7819
9452
40
4672
9235
3982
8741
859
1018
2796
3283
1330
9010
8190
494
5809
1921
1757
7847
6363
1132
5446
1070
4304
1964
8455
6474
862
8718
76
1289
5464
9305
4372
250
3458
3449
6096
6402
4240
8822
4751
7777
7248
1152
1927
1744
6245
4265
5495
7221
4625
3135
4481
5363
2078
959
9290
7672
5505
4285
4983
114
6225
2846
394
3012
6737
1309
5366
9256
528
7890
4682
6682
5022
6671
4239
3622
6302
4078
8360
4650
1861
9265
7229
8439
5664
1942
3313
7690
6054
9486
980
8417
1624
6720
736
5086
2765
5143
6763
1647
2957
4109
2678
7968
3813
2800
5768
8999
6768
9208
8769
6323
2531
379
9066
3337
2540
717
4014
5994
4161
2653
2907
2852
4009
9253
4859
6384
9426
7617
6803
8249
4271
2193
954
7156
6185
4385
3177
6199
6017
4794
2160
7327
9464
8578
4071
6228
1446
5
8025
9521
3989
1174
4784
1356
7176
1653
129
8321
8336
6729
5434
881
3310
3277
2669
371
4770
3687
6786
1068
2620
6131
1114
1463
2251
1372
4073
4874
9388
747
8665
6826
7162
1146
5352
520
5116
159
5498
5040
3023
3681
9446
7730
2351
5512
9471
8287
6692
7126
3592
9384
2184
6652
5185
7231
9141
9263
2524
9511
341
4925
1778
2012
1190
5358
4361
4060
949
9247
7768
7668
1111
4938
9187
8710
8677
3753
9254
2187
8549
7893
5747
1825
7550
43
4789
1931
7302
7742
8774
2771
5621
6202
8263
6135
2840
953
2389
8376
6280
7072
5529
5339
7482
307
6378
3445
3548
8721
7699
2673
6513
603
1420
1544
2037
8579
7701
5792
2548
8702
6724
6519
3465
1603
1884
315
6629
657
2118
63
3720
8834
8460
5112
5738
8088
8944
751
4835
4077
2528
7071
3865
2595
6694
2728
3605
5764
3059
2162
2648
5144
6450
9061
