2367
8559
6151
6228
2764
792
8858
2671
280
200
8804
2794
4448
7140
6689
6407
8017
1431
7789
2294
4112
2363
1282
2637
363
7481
4907
6348
4357
1911
4933
419
9105
36
4372
4131
1293
8148
1097
4276
2534
9476
4773
4084
2753
1145
340
715
8842
4848
1458
758
2121
3532
8520
54
6833
8385
7558
9204
8050
1631
4236
1996
5908
7753
9032
5286
4724
9131
9242
7881
3090
4347
7614
9467
862
5121
3165
3551
2106
7468
8724
1044
6419
7221
4672
3437
4865
4459
6954
4836
5120
5507
8590
6215
6662
318
330
4955
9334
2405
6788
1366
1687
5287
1330
1726
1015
441
4301
8823
183
4688
3865
8382
8433
3424
3869
5932
957
5175
8993
3954
6957
2234
7944
5033
1246
6588
3295
4256
3719
3010
9168
3987
5012
529
9407
4784
4744
6309
263
9450
3521
7630
1700
429
1990
2721
5888
1482
7457
4603
9239
1977
4814
8247
2606
6288
5109
8690
8758
5336
7095
5278
6152
3885
2478
1587
1702
3772
7859
1306
2210
6117
7960
4138
1906
4323
304
308
50
1185
2886
210
6382
707
5658
3605
5945
1859
7756
1101
9062
6545
4712
582
1300
1762
2219
8838
4900
9418
3015
6172
5683
3789
4069
1304
7957
4454
6298
301
8533
4416
9404
6847
3621
2491
3973
5239
1874
5088
7721
482
1505
8375
4087
8246
5222
4002
8720
1408
2786
3785
9363
4083
3956
1288
2801
8883
4476
3709
3017
3754
3623
2480
2568
5709
3265
2774
5201
3615
1547
8925
2003
4337
8990
885
2907
3822
4842
292
9060
4747
3749
3422
7549
3188
5004
2015
4627
2570
4049
4837
344
8039
8783
3781
9534
5974
7748
1621
9184
2551
6977
3203
6451
5963
9475
5699
5382
5031
232
9005
6576
1803
6570
3093
4901
1677
9390
5238
2964
8261
9535
1974
9423
7794
9036
5571
4665
7377
7654
3566
6200
973
1527
7205
279
9133
7366
9243
6207
242
4844
2195
6439
3091
9199
6415
7496
6591
5533
2870
4300
1398
9548
4770
898
8192
4208
981
7278
7624
2530
5190
8025
8664
2789
772
1043
8011
537
8275
1671
4411
4815
9391
5531
6583
8554
3888
5391
8530
1947
5341
3496
6693
1119
3625
2796
543
5062
4647
8297
88
3841
4667
8984
5404
8032
3537
9522
1605
1746
8469
8521
9550
1084
4650
1135
2802
2566
1712
2708
4820
4740
6705
2073
5098
8493
9403
6650
6118
2246
5650
6135
9215
2643
4126
233
3286
1378
2500
1841
1124
5182
7587
8712
7291
8663
3308
5370
2174
1916
8234
3147
5537
2209
1598
8691
1345
8203
9523
1250
5368
6328
6765
1745
5766
2967
4085
4528
7636
134
9537
5293
4752
2955
5718
4506
7839
9029
1790
1260
4970
9399
4563
64
4943
1581
4511
5289
3116
6554
7061
9181
3817
6970
7695
6857
2820
3140
1701
8311
809
8155
3633
150
2235
593
7661
3596
8476
8689
705
527
5728
4079
935
448
2289
9042
698
3408
321
1695
3589
4188
4876
6742
2411
8868
7401
4132
3460
7224
5267
5785
9037
8320
504
3568
5678
3652
1243
7622
8789
4521
3117
1761
5113
1405
2523
7087
2648
8057
4972
4732
1522
2891
5105
8850
8322
2588
230
2730
2091
7313
8053
7327
5881
2913
8563
7710
1731
4295
8277
5820
5387
844
8609
7390
6852
7250
9210
4159
7495
4850
3272
2803
5315
2395
1614
3949
1757
4185
8556
4160
4807
5364
9342
8030
373
8255
5512
1353
4548
505
5703
5292
2829
3701
1337
3292
914
4760
3142
3123
5295
2283
4628
2688
7444
8677
21
8991
3152
9120
3444
7142
8653
3310
7706
7321
1763
6704
7929
4699
5604
2700
1632
3111
1539
7393
6462
1476
8287
421
104
7185
7887
1734
1558
9364
1292
8860
9043
3590
8358
5436
6851
1630
5399
1390
693
7244
1970
6347
3025
7380
985
6211
3482
4971
2922
1261
861
773
6434
6652
1455
4450
3592
2959
2308
1251
1068
1633
6587
4573
3228
8474
6406
5279
5808
8515
8198
9061
7777
6899
3974
9362
1113
3059
4226
5084
1362
4709
2254
6188
6843
9072
3312
185
8014
4094
9254
3978
8410
55
1373
5218
3862
8681
9393
4818
2322
4035
3237
1100
6084
619
7697
4284
6783
3257
2158
9562
8335
5172
3341
7089
7968
7151
6296
5557
2273
4484
9365
2126
5179
953
7487
136
6809
9529
3852
2845
5276
4841
8791
314
4318
4749
9310
1475
7847
1846
1611
17
3957
7609
7428
3097
208
6996
6300
1516
1570
4161
4931
5417
3081
1343
8268
2141
7429
2987
3109
265
4778
8880
6586
188
1679
832
7346
507
5529
6664
7732
4587
4495
3510
5654
1806
580
9034
9196
7348
5865
4003
5187
1273
2813
6969
9560
5692
2074
5083
6045
3407
6235
2472
3906
5193
6272
9313
5854
3726
7556
8905
1835
576
4481
1457
8852
5334
3733
7985
8043
6917
6388
4963
3366
5010
7572
478
4921
4217
152
1308
2980
4463
7378
2306
3943
2798
7910
7056
3098
6070
7208
3259
4642
3077
2547
1132
7566
4465
6731
2339
926
8361
924
5759
5527
8365
2182
9237
9172
3788
2333
7111
4172
7438
266
198
3416
889
8945
5156
2697
5831
8424
5116
5065
3763
6195
7382
5180
4966
4991
5806
4305
371
6795
6432
4953
4577
7192
1038
5493
4317
5494
8963
5644
4663
6859
6145
3318
551
7113
1944
4771
5588
3278
4854
364
7931
131
332
7267
646
4860
8452
9359
2669
1463
8807
3031
1239
618
1884
575
4386
3063
7543
475
5303
5701
7020
8727
2695
8236
1751
5209
3655
2251
4437
374
5670
8985
8445
2741
5226
5712
7458
603
5256
3665
6615
1593
6068
4228
3820
3171
7736
6856
3009
8414
6723
4182
4592
3942
1165
2749
6691
5585
1108
4605
7593
4679
4718
4366
3934
2494
7176
7843
6524
407
299
9504
3486
8873
8656
3234
592
3108
733
3377
4279
4409
2520
9217
5305
5570
8738
7652
1477
8982
9465
8081
7255
6799
7044
3101
1515
2532
2740
4053
5886
1942
6873
9251
2177
6243
237
6050
1937
9426
1584
4808
1684
8907
7182
3582
6513
7747
7035
8722
8596
7895
6966
2522
8021
942
6291
8078
8513
7296
8645
5243
8545
3294
1654
123
5290
1656
2237
5676
5009
4351
3283
5646
9192
3476
236
7982
1235
3895
3859
6073
9016
3624
9148
3280
4392
1471
8130
8750
7599
9059
7532
9246
1158
7174
2508
892
8968
3858
9291
4358
6317
5938
4612
7308
7728
2045
1098
7802
9247
1467
9298
219
9381
9075
651
7835
3118
6203
997
7026
485
5376
4957
1640
4497
3636
4327
6564
5659
431
1815
6212
6729
8711
7314
7927
7780
4915
3745
1259
1149
225
1426
1299
4134
2161
7148
3443
1608
1694
9286
996
5919
5345
1588
9097
9448
2168
1662
2123
6627
1786
6820
3126
4525
197
4068
1188
785
7766
1327
6557
6559
6532
440
1637
1490
1184
6237
1708
3990
2509
3028
6698
1258
5900
294
1167
2008
477
3113
1023
9436
919
5992
5726
4626
5229
4464
2193
7361
5319
1665
481
3299
4629
3739
8726
4314
3979
5555
3591
7484
5383
649
7918
5547
2619
5081
5412
2394
8803
6569
7694
6986
2996
1958
306
2052
7799
7287
6961
5145
552
234
1138
1296
7254
5043
4189
852
6978
3765
1324
6773
231
7211
4923
4104
4739
9227
5095
4469
4169
9166
6306
4676
2407
480
2722
676
1096
1153
6021
9320
3552
9154
5137
9007
1553
7067
4246
4219
2704
1999
6922
3668
6908
9012
5790
41
6860
5558
9290
2711
4261
159
7648
7885
1329
4565
1052
3415
4735
674
1713
8974
6049
5579
7272
95
2808
4018
6079
4394
5640
6749
7504
6460
9083
3179
7452
5914
239
5923
6489
7577
4373
2554
7104
2319
14
5139
5855
2634
8777
4274
258
3853
7209
2013
274
1155
3661
8124
4977
1333
1543
5638
3916
9490
9053
3067
1338
4776
2543
3983
943
6803
46
8951
3289
7405
8448
2890
2321
3241
1232
2949
3804
8253
8786
9074
164
8714
5032
1950
7043
9068
2185
8841
2940
1615
1065
6655
324
114
2155
5522
7229
4286
1424
4832
6937
3826
119
291
2999
6193
8150
1092
370
7031
5956
7173
7417
8855
3629
3823
4201
6762
7550
3811
7973
8329
3412
6728
8620
3539
7227
8102
4560
2512
4268
3070
2387
1202
9011
6864
8479
3068
8372
9402
2134
1690
607
5982
9025
4150
1733
7634
6724
8774
4296
7616
2629
3322
6792
1953
6823
253
207
8224
7679
6295
2564
7207
9224
8041
409
2817
5058
9
1643
454
1513
4013
7203
8775
7123
1278
2066
4405
406
5232
2545
4968
8097
5219
204
4043
5563
5459
2560
910
2904
5655
4231
2006
6008
6903
8540
2216
6026
6455
1831
7916
2582
8859
7385
1267
1276
456
3681
493
8307
69
563
5896
2720
4682
7946
692
5985
7907
165
6881
5664
2856
6595
7166
8918
640
6939
367
7427
1872
8496
8356
4152
2978
4288
6078
7453
8157
3114
195
5452
6330
1928
8952
6082
9457
7395
8171
8787
4187
1076
5958
5272
5906
1099
7068
6417
5697
7475
9514
4012
895
1078
7240
7105
4826
435
6303
3504
3703
5024
1033
4959
6119
5573
5690
7168
124
6796
3146
7811
5170
7562
8571
7708
6975
6800
6287
4998
5221
2130
7507
2437
2537
2018
8847
1918
7412
4341
6550
597
8264
8213
7003
9001
8812
5702
1271
1415
7075
9486
9319
5151
6875
5207
4494
1036
7644
3490
6590
5784
7597
7815
6036
8782
9067
1978
4987
8696
6087
6565
2929
2445
6223
3092
8955
3282
978
3837
4614
6000
8510
6914
2099
4737
4934
7676
7688
2203
7316
8848
4241
3298
3432
5181
7824
822
1193
4579
7527
7128
7804
1685
3608
8797
8291
2667
2982
4930
8542
5275
8378
7917
6011
7940
3505
4883
7350
2463
4267
6080
4120
9202
2276
8577
6668
333
1448
1176
1667
179
6862
1131
2230
8000
7568
746
135
9200
879
3933
8193
6666
5070
8263
9308
5837
835
4458
8768
4364
7664
2382
347
1383
8973
8062
5030
5038
7667
788
5244
7858
6449
851
7897
5764
1303
5359
3866
2490
7236
7213
7893
3713
4489
5595
2961
3910
6672
2027
4040
6261
4801
1223
3766
7849
84
4994
1691
5114
4913
8241
1252
6471
5960
1512
6756
6553
7518
6004
5465
3936
2419
2581
6322
7038
7932
3710
1541
6772
6690
748
3262
3857
9274
6371
4141
9277
1144
1988
3563
3902
9421
9482
8865
2231
5363
2576
6667
3313
2572
4551
3761
8460
1035
7717
7242
3807
1717
5053
7069
929
3056
5541
2747
9386
8932
9071
1680
5950
293
3367
3168
6499
3676
536
6055
1054
5758
8362
3230
4212
3508
6510
4413
3402
2446
5195
5673
763
9503
3715
709
4514
3994
5223
671
2241
7631
7975
2754
5164
1525
5152
3260
9328
3358
7807
4700
7418
4338
7719
3641
1954
7088
8835
2194
4932
3882
4030
8278
7981
1439
5501
5816
8705
2666
6390
2143
7536
1599
1392
5427
664
2097
2026
6174
4609
688
2358
7163
5254
6995
8592
1404
218
3004
8117
1372
3019
4975
8180
5130
3178
1189
1151
4265
282
960
5496
6394
5518
3219
2460
3488
5976
7342
5684
9525
9258
3348
643
4218
5361
9023
1175
9033
9498
9050
1596
8127
4183
7406
8015
1069
1495
8643
6604
1196
9024
7645
4839
7025
4052
5706
807
1022
9354
9230
8221
1509
7101
896
5969
8528
6136
4036
4477
3827
5677
1603
6630
578
52
7114
7874
2859
6345
7459
4203
6688
7820
7915
506
4107
3518
6789
7199
918
6846
7160
6520
8608
4869
528
6539
9147
8161
8552
3894
1503
7955
8103
2111
387
1284
6596
5641
4546
4958
5248
1664
5792
5768
9009
1720
6687
7306
148
3450
6100
7136
586
7650
5893
5375
7214
1548
5395
654
4618
1062
4498
2948
6251
7541
4291
1117
4144
614
7337
7359
5878
2690
4445
9234
508
7787
6495
7397
3832
1557
4451
9480
2080
3054
6025
2615
5122
4461
3332
5104
2390
2806
4772
5246
6236
5597
7800
8893
3020
3677
535
2661
4558
1024
8659
533
3176
855
1742
343
5136
838
2737
3158
5634
3224
5357
417
1951
3769
5325
4831
6392
3759
6093
2880
2328
1898
184
5802
6269
4078
40
8321
3922
2555
5551
7002
9501
5019
3456
2128
4781
4750
9366
686
4067
173
380
7866
2239
4342
7563
8238
6242
6137
823
3860
7860
8388
566
4662
7607
4293
6472
7021
8944
6889
7816
1628
116
8544
2135
8463
1773
759
7656
4034
4542
1341
6102
8116
1862
3989
6861
2164
4960
5651
157
5971
1781
3044
6494
8175
7749
4193
3314
3183
6144
7112
880
6658
2447
2011
728
1968
2528
2735
3099
1535
5721
2272
7050
7305
2594
9128
8206
2505
7094
4845
5562
5645
701
5612
5128
6023
3124
6888
7328
1676
1472
7300
762
5631
6468
2369
289
9027
436
389
2345
5051
5603
1661
7073
6467
6893
4399
6826
9144
1645
8398
3018
7274
1869
6101
4704
6480
4042
6201
598
6578
6946
8875
9110
6634
7423
1121
108
1204
5949
7869
3243
8539
4846
5127
1148
1705
130
5337
2025
8423
349
3303
8504
3447
8648
6769
7295
4695
7690
9559
2042
1617
9517
6870
446
8464
5936
2557
1669
9126
2355
5353
5866
3305
1444
7626
8022
673
7445
6725
839
3925
4248
3474
803
7853
5029
4817
5729
9156
23
8125
9073
6945
141
2559
9092
7432
5623
8259
8607
2849
628
548
5680
2315
4701
9394
6897
1724
1504
4254
2279
4806
1882
3021
4221
6865
2252
6161
1370
6088
57
4048
2553
1063
3353
1480
2985
2265
2759
9076
5351
9551
4649
4761
4285
6140
3069
8833
3211
4263
5508
5619
3603
7042
460
9203
7399
2228
5402
4492
8289
9270
8735
7855
630
58
2249
9152
2146
9350
3403
6454
7439
1627
5168
7500
3900
4847
9177
4457
2872
5953
4016
5566
5067
771
2765
9292
2070
5447
5734
7954
1086
8603
7561
7435
3546
6609
813
3200
4766
8846
8646
7883
7055
4745
6327
1663
2719
2684
2462
1247
8288
1755
3161
7334
9300
6038
6315
5298
2069
9564
4774
2513
6027
6276
5943
8231
4604
4942
9372
377
6926
4789
925
7878
3375
1154
2692
4158
8665
1853
6623
708
704
7235
7155
1177
6882
3854
1412
5903
4851
589
34
3730
992
4780
3078
658
635
6311
9293
7793
310
4903
1169
5682
6910
7422
5457
1971
175
3704
1180
8068
1183
8459
8397
2874
8610
7841
8597
3329
9451
2657
7576
1922
1517
6453
6830
8508
5199
9198
8129
7678
6091
390
1028
6362
6297
5206
8047
7198
3076
7167
2085
650
2030
422
1295
388
8045
8143
3094
6993
9055
9127
9118
1618
8947
7443
6806
1379
8682
6487
4174
7564
564
2169
730
8243
1896
7567
1785
2035
7949
7814
8617
1809
6190
1580
2359
3327
6156
8186
600
5778
2969
3782
2850
7409
2782
565
8525
3222
6502
5277
4886
6611
5821
2416
7701
8270
757
4415
7193
8899
5066
739
8745
1619
7905
1326
8189
9406
1489
5230
5475
1802
1305
6273
3383
7967
6478
4924
712
6784
1298
2499
8752
90
3191
4813
7875
1112
4973
7476
2533
9146
2835
5978
5006
4600
2344
2078
5214
3238
2423
6019
1901
8274
2124
1386
8729
7333
1164
6579
4920
8732
8415
42
5161
3635
5262
4946
9157
3382
5747
7194
1320
1385
8266
6130
4191
4184
4967
1002
3818
1018
1719
7725
6493
7928
8808
4229
1391
8384
1956
1725
6420
8666
5013
3125
573
5912
5772
2958
5227
6206
8754
2232
1818
8800
6488
2383
987
7784
9212
2525
3012
8033
8836
9279
969
8437
9558
825
3266
5027
3270
911
384
2879
6884
5754
1451
9531
1959
6525
4710
2312
4940
7037
1945
8441
7243
6829
2920
2972
7537
7149
7808
8642
1895
4698
1213
3053
5090
8751
984
653
6154
62
4606
4009
7595
4520
8546
6659
3306
8284
617
8778
8313
8517
4641
1878
9307
1902
3679
5343
5674
8010
7365
7958
6164
3376
201
8451
2932
5326
7360
7718
8251
1595
6968
5118
4046
3135
9466
4728
4270
4917
4166
4004
6486
8357
8327
2208
1967
5639
37
3261
9397
8599
1586
5968
4686
7222
6326
7107
2347
467
2137
4074
5917
2639
9543
8494
3328
5907
2988
3778
4988
1905
4632
5694
1375
9318
3066
6015
6853
5523
3792
1744
6383
5291
1401
6675
3464
1008
4008
6850
5687
7844
9452
7618
4576
858
4910
6308
8040
3494
6323
221
2875
6736
8006
2399
5330
830
9341
1262
2840
3616
4523
1468
3808
4687
9554
5997
8764
6918
1706
1764
5902
8605
1406
5894
2436
2496
2255
7589
252
4262
7774
3533
2152
4023
6452
5666
6007
647
4708
4173
1216
8602
2696
5515
4356
196
1354
4362
4170
3908
2990
682
7712
4821
8176
8753
1229
8172
4717
9530
8537
4729
3319
2010
7798
3271
1536
4421
2968
8790
3649
471
5442
4529
8061
6644
753
1946
9115
5979
556
2683
8866
1652
7628
5826
3316
7547
2063
1275
3501
8070
6904
2170
4111
7446
2094
7467
4683
4299
5348
7063
3696
2009
2303
4762
4544
461
8948
6002
9458
5464
6310
756
8478
1487
5236
261
1765
2031
7133
4401
6132
623
4976
8972
2014
6567
2621
2441
4912
1411
1162
3514
2253
5592
3189
1776
7720
8087
8898
3526
2362
4014
5543
972
2044
9162
8473
8427
1750
9222
2994
6324
7951
1443
5625
445
7658
2611
9349
5897
91
4371
5485
3062
1422
6887
1127
4312
3643
2963
8532
627
275
6575
4225
4032
2205
5502
8271
5297
3776
8265
6335
679
6332
4802
742
927
7029
2483
8942
8293
4916
1594
4006
4082
8200
2865
2858
6208
1501
2375
6512
9506
1491
923
2420
4631
4874
6814
8020
3263
8708
9441
6244
4348
7400
4235
5052
6641
1651
5710
8139
8901
7384
4123
2548
6670
612
510
933
7164
2326
6067
6797
2256
8379
3872
4691
9244
8170
7605
5366
213
9250
7290
174
7121
8141
5845
4753
4412
4247
7852
1334
7515
2674
1363
1828
8565
7228
7503
668
238
6639
5605
8615
980
6482
1400
8005
7727
2107
7200
8499
5528
1122
9278
3550
3355
945
8772
3964
804
1577
5068
2685
1268
1797
3085
1749
4902
2032
259
2236
8940
7135
5653
4272
4939
2243
9123
6953
2569
7773
3985
3433
4330
1319
7862
1696
3588
7197
1774
2435
8491
9169
3602
110
7269
9483
7100
4250
6517
7116
9455
3212
1053
7534
906
9089
1533
8285
1518
1932
4871
143
9014
9035
7995
2763
6363
2502
5342
4444
3554
6628
975
9018
5411
3667
427
1826
6367
9338
1555
8489
9496
4867
2487
5838
6402
3325
5941
4211
5480
655
9447
5587
4379
1438
766
3458
3083
6265
9150
8924
3543
4527
1998
8118
4101
7571
5942
1554
7408
4466
8834
6474
7175
7763
4255
5249
7523
4232
6408
2573
3828
2485
5506
6825
6359
8210
365
3653
7691
6991
5951
5020
7092
4655
1073
2860
3036
934
1130
4570
6643
2592
4137
1174
1992
7364
6647
166
3637
8449
8164
1843
9158
1170
3284
5331
9331
4039
6716
577
9054
596
4117
4803
938
6227
5793
8588
3336
2636
5600
5596
3875
8156
584
3335
6373
7647
9368
7976
8922
5300
525
5247
8220
2340
9360
2465
572
4090
2296
5656
3390
8101
1034
5609
4148
3239
8988
6951
6574
2699
6222
7810
9395
4213
5408
8640
3434
2442
3008
6702
8276
8970
2681
3660
1657
5883
5973
5456
7293
5451
9405
3780
4488
1824
385
6543
5023
2072
2539
6253
4423
9302
3626
7698
6671
6425
372
1703
7206
6192
78
6661
2429
1613
8909
9329
3449
8486
6167
7896
3170
1136
9442
8262
2142
1585
2577
8622
1780
7760
2021
3645
3391
7882
6782
5824
7434
3714
9462
970
8249
2575
4321
1693
2201
6790
1077
5797
223
8162
1739
2868
9478
9396
1272
4346
8477
7420
5007
8332
2314
5129
227
3863
6318
4162
7943
1280
97
3572
2672
6760
1819
786
8915
6106
6044
7629
2061
955
8228
3351
7130
5669
6577
5665
3752
5789
4127
4925
3912
5589
6775
3352
909
9348
833
5582
8980
5652
271
8500
3225
8387
3041
1106
3363
8961
5770
726
4583
1019
870
8644
1520
466
5455
9502
1470
7865
7456
5642
5819
3128
3406
8205
2694
4066
2346
2398
6384
186
9106
2519
1203
2337
6377
7936
6198
6923
8309
5049
5869
5870
102
7889
2882
1852
6683
6943
202
2976
8348
4792
214
9512
178
5296
3597
3495
7307
6934
29
9010
3741
1796
4557
1226
7681
6239
6107
2504
7686
7786
9510
5798
3657
6771
9211
9459
489
713
1485
6199
5271
3972
3079
1795
8971
1666
7585
7551
3311
4427
1027
2081
4669
1820
6436
8115
8369
1152
4058
888
5574
7603
2733
8054
4335
4881
7750
86
7632
7604
1104
4381
4530
9048
1105
4281
7999
6134
8863
9429
6638
2206
2257
4637
4041
571
1962
7735
4705
6730
808
5108
7030
7805
9314
1912
5517
8386
3248
1159
5931
4990
5160
7245
6378
9389
399
4054
958
5102
6410
4344
4388
2761
7892
8435
7741
6052
6249
7122
2942
5420
843
4979
3315
4210
1435
7757
3321
2248
7277
7436
6631
2618
3372
5935
6391
9479
8281
1037
7440
3421
7857
6336
8237
8239
3773
33
3463
4328
1192
6169
2599
2426
2529
6473
4292
1004
3162
4748
9357
5599
7522
1612
9383
6674
117
3947
7437
4984
5153
6171
1723
685
8151
1801
5864
283
4242
4611
1094
4534
7877
6334
5510
43
5396
1528
346
6028
4738
469
5689
4109
4884
4115
7964
5920
2470
4271
7625
1816
2677
483
7324
6597
2060
8121
9109
6585
286
1940
4374
4797
8900
5924
4727
1227
7285
3806
5398
4898
9231
5860
1396
6837
5535
6187
7008
2295
4948
2663
5929
937
3746
519
3026
1478
2274
6752
4382
1005
3678
1966
3542
8598
7450
9376
229
9566
8927
4196
2873
6162
3438
3349
6580
8881
7013
3107
2166
8090
9141
7257
2758
2997
6828
2881
8694
8338
1775
5261
2101
6012
4779
2892
1521
5132
4824
2977
2718
6029
2863
956
6911
4634
6901
6441
6484
7125
9026
9206
187
1115
9288
7085
4396
6798
8503
2742
675
3401
93
6039
4114
1067
8034
3728
4367
1014
484
4447
8315
1738
4334
2821
1592
6989
6283
6962
3483
3687
1381
4496
1689
7152
1289
6988
6965
4741
1707
9245
5554
6075
7752
7838
1358
4331
735
1042
6414
5149
2379
5142
9542
1542
8628
3927
1772
2536
1222
1939
5750
7920
5344
1813
5312
1141
2642
8748
3220
5192
7578
6364
6653
6264
2579
2678
5926
4105
4468
1
3475
3779
5477
1368
1875
7202
3291
9505
8212
8632
6721
7908
5054
8541
9351
472
8413
2406
5829
567
4100
494
6763
5394
3324
9385
2687
7674
3119
9493
5374
2841
2836
9322
8146
2280
3365
4911
2118
300
8889
9289
8475
4522
874
3364
3439
8166
5940
2104
7659
765
3923
2915
7842
2297
4775
7683
2396
6767
8296
7162
2768
1571
962
7358
2192
5310
4091
2207
6175
4177
6895
4593
2
8347
4298
7215
9104
6607
3392
3583
3666
8568
5445
4616
7041
5124
7379
8594
103
2652
738
2443
6642
2048
954
734
902
5584
8484
2058
8002
7016
6064
2614
915
11
8226
9190
860
6949
1620
767
7545
4864
8367
1965
3395
1941
4390
1441
9428
5516
2102
2374
3426
6913
6282
9119
10
1492
1309
5556
3014
3468
6840
9294
8209
8412
9508
7345
3274
8106
1207
5887
7580
9249
6112
4325
6141
5432
4734
8306
3762
3386
4237
4024
5309
815
3750
1056
2050
6081
3182
4872
8067
7370
6955
7570
831
8619
1279
7778
2641
4652
5753
4063
61
4145
1479
3553
5850
8840
9248
6827
622
455
2425
176
2713
3595
9108
8407
9499
5106
7939
1791
4759
8886
1842
8490
4499
3418
7282
3935
5499
2871
7830
2144
9434
3601
7065
6745
7671
6808
7091
7381
4564
5876
5749
8420
6877
8077
7057
672
4389
5834
5123
8245
309
2163
1219
2916
107
2705
5622
5466
8222
2156
8303
8728
2888
8704
2649
476
3573
7845
5667
6867
9380
2910
452
9020
4791
3796
4142
8230
9521
6339
7961
5369
1286
7270
6312
2931
8419
4582
2757
8098
5803
5795
8976
7118
7187
6824
881
7431
3159
8851
5534
5224
4125
9358
7181
285
4122
8060
6876
44
1861
1885
6366
3043
783
761
8482
9086
8184
7739
1283
1602
2925
2605
2214
2186
3952
5134
412
7301
3693
2132
2083
1339
554
6892
6941
2481
5166
867
3493
6443
1323
1146
2797
2777
5147
5804
193
1823
3669
4206
7635
2307
7186
458
2938
426
6461
725
6503
8279
7430
8892
9541
4340
8191
5525
5028
6381
2275
648
2327
327
45
5620
6047
4493
3016
9069
3373
7709
397
413
816
1930
8953
2173
2188
2897
6129
8326
941
3896
3264
6267
1900
3735
9090
7318
2739
632
4767
7340
199
2332
1883
6501
4949
731
2421
8004
3190
7331
1111
8215
1600
6679
6020
2596
3136
3034
6307
2000
678
6726
7482
4670
2815
5288
6720
1348
1576
2348
2709
4703
4659
5437
2022
7376
492
2773
1800
2597
6157
9555
7611
3175
5217
1234
2377
3057
8616
2703
5426
8813
5283
6448
353
6496
4999
5107
6983
7070
2495
8411
6110
6758
4118
9041
8845
8269
4707
2781
5686
5381
3149
8396
5846
7510
2744
154
8695
1556
8828
7651
1537
5005
5255
2953
5909
1163
2521
5119
7941
1058
8685
4253
2645
6886
6069
3842
7923
5225
1270
9317
312
7478
5354
3451
587
982
1186
7480
8225
667
1870
4555
6411
3055
5089
2082
7755
1083
8516
8687
1393
6355
694
2389
7846
8570
9229
6844
405
9299
8636
1403
1197
4385
3938
6427
6900
1344
5767
908
3948
6168
9201
3361
4597
9167
4941
670
714
750
5321
4343
6755
6435
3843
7930
3112
2266
1867
873
729
7110
7972
6398
7103
6424
6179
7822
6592
2726
1026
2180
1020
7159
1474
8651
8747
4275
7994
6779
6284
4480
6651
4135
4622
3208
9253
3695
3694
8854
5986
752
2613
3223
1312
9028
1887
8316
8112
540
6931
836
562
9267
9107
1088
2028
2979
5724
3141
5583
4168
1658
1753
3883
5240
6111
3527
3606
5469
2338
3958
4306
625
2454
3396
3534
425
1714
5111
1079
2016
7713
2776
3354
9544
6466
891
7082
722
2051
1876
6744
5421
4309
8099
2148
9096
2393
72
3757
7969
6678
3498
5163
7497
8233
4855
2937
7890
8941
8084
4722
5365
2450
1519
9347
3967
4398
2617
5185
6656
1840
9155
3998
952
9161
6872
5691
439
1915
2087
5598
8457
7157
3971
6768
4657
9484
5488
6938
8333
8091
6686
8903
3342
7751
1118
5799
9220
6694
6879
7201
2448
7792
2300
5874
883
2612
369
99
3914
8049
501
4731
1917
6268
5745
3980
6116
6601
3986
3775
6845
6927
6076
8430
4980
8140
3799
7588
4194
2349
9257
8389
4830
5796
2431
511
1768
6635
2400
4764
9425
8145
6776
6009
9188
4798
6838
8912
1071
6835
6437
2909
3593
4429
7442
7703
703
3996
8882
101
977
5405
4763
3103
5977
6654
3089
2562
2646
5561
8583
5471
7520
1583
9143
5939
1346
8964
2724
28
6241
5937
5777
8128
7823
3716
2954
7758
1331
3644
6560
5836
9056
2065
74
5616
8244
7411
5788
3215
2878
6696
3774
217
1923
6997
5649
5700
2440
1255
8434
7311
4153
1779
2616
7106
9416
6405
8820
770
297
191
3323
7216
7015
6967
1551
4113
7584
599
5433
7433
8431
5999
4479
7310
2883
2422
8538
3345
5385
127
7079
3326
7010
4403
4899
6519
1836
8204
8352
7640
5981
6181
27
4432
9335
4383
7590
842
2453
2830
6412
8
8024
4993
1091
1804
383
1462
7812
8567
2428
4061
1653
6464
9460
806
2900
2415
5194
976
538
2038
1277
834
7402
6982
7120
6929
1291
5235
7249
502
2190
7880
8371
22
9077
9087
2299
2852
3580
5085
3201
335
966
3409
8028
1873
6700
7354
2455
2717
241
4568
2410
2625
3675
1610
544
7767
3333
5786
5197
5505
8178
4428
6500
495
1721
5823
6920
863
6930
6221
8805
4689
3997
7303
1903
6085
7684
5183
3517
2501
6205
4891
993
2899
1254
3461
3172
7602
5812
6153
3331
3886
8188
520
1668
499
7963
2633
9321
9129
8317
6905
1737
6059
3440
4165
3153
6979
8816
8165
133
5975
3611
4992
8471
9336
4380
8216
4308
7526
3747
9084
4195
2785
7178
5060
1732
5927
7672
5188
8661
7415
950
5590
5458
6399
3963
6998
4015
1925
4359
8368
7762
7525
2430
5737
3411
5925
6538
5041
4205
7137
273
6695
8340
2750
4906
7904
6747
4220
281
8008
9507
8703
9164
4410
2578
948
5416
5352
8107
5015
4827
2444
9264
6128
3359
2921
2846
9045
6685
8810
5552
6433
7119
8913
2531
6504
6987
8359
161
2911
1961
5039
4180
9527
5176
359
971
878
8485
754
5913
6896
4833
3052
2263
8780
170
1546
7680
3744
2908
1010
3254
2632
6572
9103
6256
6739
6358
7642
7867
5140
1315
7109
1266
1215
3688
2960
3485
6514
3642
2179
9284
3940
77
3134
4736
6143
4526
3798
1445
1190
1199
824
7996
1214
2983
459
6535
5490
7317
4552
3951
255
8400
8026
2176
3953
7555
2825
7675
5580
2213
641
790
3755
6839
5308
9022
9021
1771
7627
8029
2887
1865
4556
4249
2064
3632
8392
8390
6874
4692
6794
4790
774
7499
7746
6657
3617
6092
315
352
3742
4559
3233
718
5323
1332
3221
112
1231
6120
6617
8404
5126
3937
8969
4431
9125
1157
2023
5079
4502
6958
6701
1607
4460
8549
9063
9355
3946
1863
5628
1447
8108
5842
6898
5155
2302
6270
3273
9439
1265
6558
1921
8342
9371
7646
4438
3538
9081
8902
2184
3790
4098
6286
4730
6063
6921
6186
7828
4566
4809
3151
7368
6907
8088
560
5548
8211
6956
4051
4096
5657
9387
6999
2293
8879
884
2905
4944
7264
6018
3540
7470
8523
8763
7791
581
3751
2743
2935
1336
1994
4332
6933
8092
8428
447
402
5269
9453
375
7191
8223
1220
8056
3039
4202
1564
5756
2991
8749
81
7138
638
4596
7781
6568
7424
8295
9306
4909
5885
9430
5178
5959
8110
2198
1377
850
4615
5169
4062
3697
1257
5549
9208
9117
1061
7325
5910
8373
5491
1987
1904
3965
6095
6083
5567
361
3756
4621
2898
87
4995
4455
9296
4467
7795
4954
1778
138
961
4694
254
6906
2780
3371
8403
7734
1233
2943
1427
6281
7901
1740
4684
8576
6342
6973
9078
4452
7275
2071
1294
2459
5392
1524
8185
3080
1636
7581
7239
432
4333
5212
246
1209
1263
8229
4849
9111
3214
9445
9309
4620
5915
3918
5061
2095
5228
3058
3992
3528
3030
3736
9236
8954
1087
2175
9516
248
5487
4204
3000
7279
6340
523
8094
4434
2277
1624
9218
9524
39
1973
1698
5158
3531
1264
4368
4456
7441
8065
2371
6871
2323
9228
8383
2507
8168
7488
5546
7813
1794
5760
4302
7851
424
620
6396
38
2857
4538
2593
837
8986
2037
605
8573
268
362
2791
5513
5851
7546
7343
1466
251
5964
6010
2334
1532
7066
8147
4853
5046
5036
5173
7557
3640
3287
8809
3691
7586
2769
4326
7477
5177
2939
800
3977
3368
7514
4471
348
2784
19
5889
1569
3235
8601
5807
1638
6469
5892
5144
8862
2012
8122
1208
4545
3357
5500
5740
8467
1047
769
1879
8935
7834
8853
2076
1387
8126
9205
7355
3104
2751
3503
7362
3410
4678
4989
877
126
8194
6722
1748
4646
4010
6594
5952
847
8721
2934
4199
6868
547
8655
9492
470
1109
5072
2628
8305
4702
5751
7256
8967
4176
8456
8575
8669
5882
5966
8998
109
5467
8979
6746
2542
4110
7320
4877
8814
4661
604
474
4969
7559
8999
760
8587
8173
356
4064
6459
4726
8864
6490
3169
1301
487
5715
2373
3536
7606
1507
8741
5993
591
4515
6475
8895
1729
1059
1212
6294
901
7259
1217
7387
7338
1579
1935
8673
2115
4316
3575
6673
7006
6409
2746
6354
2561
4155
7809
7621
4590
5148
5867
2498
3226
8773
4473
9101
6909
9276
3961
8292
5635
4644
2139
8736
1892
4163
8906
2424
6529
2906
912
8069
1552
3060
1417
2046
8444
4857
1237
2211
6365
2992
6940
3337
856
2474
6386
4756
6540
2317
2233
8250
6637
7019
1029
5839
8658
4336
2311
5626
1681
4519
1494
875
887
2819
776
5853
260
1574
249
1221
951
7693
5791
4517
8167
1534
5034
7988
585
4021
515
8450
3871
2950
868
7906
5916
7260
4765
8771
3793
8113
7284
1832
7134
9124
2057
5302
8965
7474
6561
5274
7870
7785
3202
1394
3301
5203
80
5875
9149
5873
4636
3838
9163
8581
6189
6376
8825
1777
9273
8260
6669
9374
8142
1499
7158
3267
8717
6942
4819
2285
6621
0
6523
7492
2438
172
5299
4128
1949
8614
1399
1481
2220
9333
4482
1328
1784
7790
789
574
4419
3347
4894
1380
3976
6337
3317
7098
9145
764
1191
7723
7716
5386
9252
4384
7051
9039
8154
840
4873
7335
8730
1129
444
3743
6531
9303
5732
106
8574
829
7322
9179
6754
6944
8660
8137
7788
4533
2651
4192
6787
3787
6841
3397
5877
4645
1410
9567
7516
7873
8495
8742
5479
2933
5162
9497
3831
6743
6811
2760
8933
5073
1704
7386
2229
6994
5576
5403
6226
497
4895
2162
7330
2848
1889
423
947
2119
7797
9388
2752
4598
2732
3227
5539
4393
5521
5086
1017
6301
6292
5045
3100
5560
9093
5125
2770
2475
7421
488
794
2092
9412
6552
3878
936
559
7826
5422
2656
5472
2191
3360
5511
8630
9509
9519
8409
6150
7950
4057
872
727
4834
2586
3659
7219
4537
8063
4197
153
6848
5252
7383
8182
866
386
378
1649
3394
8096
907
5608
8072
1418
1821
1496
8082
1767
8438
6352
921
5498
7837
240
7204
2103
6438
8325
8529
2867
4858
1050
9545
1890
473
579
1194
1281
8553
3950
5091
8788
1758
6031
5711
2131
4171
2401
5520
3740
1206
7582
6048
3663
3232
7508
1798
4540
550
3150
5407
6584
2288
7315
5637
6275
8839
5044
9353
821
2966
723
4822
7251
3042
31
4997
8917
2855
2946
3293
1493
9346
7978
3049
890
8770
2408
7796
5444
5671
1187
9100
7404
1845
3480
1425
6062
1055
4361
5848
5110
1938
6981
864
8743
5233
206
1290
645
7775
1040
3075
8406
1688
5463
3995
9287
6422
5143
2278
7685
8869
8075
5263
4693
6148
9330
811
700
4893
392
2901
2473
2366
9269
3795
1342
5610
5316
7281
8831
3975
6556
1563
7326
3887
9409
9263
791
6819
4838
366
120
3561
79
1544
4322
5410
2630
9121
6709
9285
8692
7722
3639
1437
9326
1120
3102
9547
9440
2989
1402
1597
1920
5575
1269
6274
2919
1172
7017
3723
1997
4243
6947
3614
3548
8345
1567
5461
6963
7528
3706
8439
1013
5727
1909
9268
2260
7863
3210
6331
3692
5840
7302
974
949
5059
2918
9417
9489
7150
5825
4139
1891
4981
7502
1072
4918
8105
5752
805
5071
3535
995
2112
1529
9536
820
3011
3530
4355
7084
3520
6924
3594
6344
5861
886
4089
775
810
687
203
5338
6426
3569
6528
6061
986
5954
549
3682
4207
5629
415
4157
3833
2653
3276
2728
2772
167
7262
8586
75
8585
7144
3047
5781
4198
8085
7925
3032
190
4106
8505
1523
626
2831
8937
3541
1407
216
1913
7997
98
1311
13
2120
3850
1376
9049
9546
7836
3579
357
4935
3929
7714
156
6807
1181
5984
5503
8323
787
6880
3702
827
6444
5761
8995
4475
8606
8509
9304
737
2583
2267
2828
7012
3981
4233
3469
8911
457
3650
7912
7261
9461
2866
7230
1090
7054
2187
5001
5817
610
4440
3753
3374
3813
9207
799
5470
8282
6492
9189
4639
7266
7926
4725
4962
6508
7637
1039
4352
2930
9324
2318
3801
8393
7745
3462
2807
795
5994
2409
7471
4019
7653
5614
4892
3786
9468
7183
7093
3268
2067
5725
6506
7610
6791
2923
5245
9438
4259
7014
1460
5841
9159
4633
4919
1914
181
4414
5611
8163
1648
3658
9316
6712
5358
1948
699
3330
8613
1201
4904
7294
5097
3209
8582
1864
2138
7097
6546
2601
8331
1166
5285
2853
826
5895
4589
7027
4656
4887
8366
8199
503
5311
1095
1205
8713
7033
8355
3770
1057
636
2587
1421
3651
8826
2793
4439
530
2153
7533
2795
4795
8849
7485
1178
1080
5495
6548
8785
7449
8641
2756
8232
3758
7738
341
5356
7102
2476
1147
8719
4365
2552
4266
1822
4154
9099
1540
2679
8920
7226
4315
7560
7689
7530
6393
999
5333
7036
9238
3664
9139
6176
3024
3035
6123
2350
3129
9186
8341
7153
3930
8037
2927
3166
6397
5418
557
7919
2402
8149
2926
6980
4055
2212
4800
2738
7705
9171
139
1622
9114
4863
7039
5553
411
7373
8324
1347
7761
9344
6733
5000
2854
6608
4324
8578
7391
2316
940
5025
6395
9194
8111
3707
9408
7662
7232
3184
5112
2114
4986
5056
1789
6329
428
1635
7744
4978
163
3420
4584
8080
7643
9340
5397
5270
4503
4796
8534
4951
8950
3814
5237
3479
3492
5921
8798
9153
2041
5814
6202
3027
2360
3414
9532
7283
1030
1530
1877
4095
2468
512
1545
5811
4251
4862
6610
6016
6022
6680
6465
2204
1718
6732
20
3748
2885
2335
4602
9518
6450
5439
9377
3867
7131
303
521
6936
1420
6170
5294
7935
1979
9051
8242
743
5918
15
4395
328
3720
3549
3699
4422
8904
5329
6060
3487
8989
5264
1969
1006
541
8337
8762
4354
964
8095
1881
5800
9241
4097
5524
1727
9116
1952
7819
7455
7096
6302
6665
5047
4435
2673
8258
2818
5930
2222
9538
1461
5372
1807
4264
6821
6786
8391
3700
8657
4751
9563
4937
8360
7292
5393
2975
2261
4031
1007
8487
264
9410
569
7460
9046
4974
1313
4828
4719
8959
5133
59
3729
8197
6541
2810
5184
6706
5380
8827
7064
3022
3297
9265
9565
9392
3809
256
3275
6619
7410
7673
1454
3163
6293
7049
6804
5423
2404
7396
4462
9449
6232
2171
9444
2223
8676
9437
2484
8693
3722
3247
6582
5980
5719
4397
8701
1316
3855
5538
4896
5601
244
2090
2197
4277
4675
5094
3001
2457
5765
5474
4200
5833
7765
3939
438
853
8830
3389
1829
4129
2116
4599
7161
2129
2607
2805
4303
6037
4501
3564
611
8131
5890
3648
6245
7426
1606
2609
666
5647
6139
5099
4811
2755
3048
7258
9295
6280
7959
2869
1538
5898
6842
3825
8252
5449
4073
2516
1590
450
9136
8377
2864
2264
9494
4829
47
6632
3304
3734
6458
6423
2200
6935
6626
2541
3764
5253
5514
1730
8514
4816
6387
4093
1510
358
115
4433
5446
7234
8700
3455
7772
3385
1414
354
2370
3499
8914
6536
989
1682
2268
6734
2727
8135
4151
8219
2270
284
7233
8290
4230
6089
8843
6677
6616
7210
9047
9213
4446
3419
2068
5413
6625
5858
615
3904
7962
8346
2181
6960
6446
5769
211
3662
8512
2159
393
2108
8767
9000
7220
6834
4713
5569
70
2706
6041
680
2384
6421
848
3255
8507
3425
4996
7108
7993
7263
9058
3708
4926
2517
463
5135
228
5989
5401
7139
9312
2157
331
5340
5202
5636
89
3571
5879
7398
4290
1837
5530
1428
8584
1001
6138
8330
5216
2313
2518
7783
7782
9432
1434
8208
2638
1963
2240
3941
6077
5265
7289
8733
3218
2324
6013
669
8256
2292
3073
2526
9113
5355
6430
4575
2376
7687
3400
7980
2622
3547
755
4880
8987
3187
2686
2689
608
7598
3258
3489
3115
5716
5131
8769
2745
1465
9140
5350
85
4922
4715
9373
4572
4714
1787
4746
711
8187
6250
1559
5630
5827
6254
6624
5055
2654
7074
8550
3565
8776
6341
3160
7538
1483
6040
5103
8667
6457
4585
6445
9337
7454
2945
9030
639
3815
2202
224
6563
3797
5483
6948
2486
2837
8136
4653
3452
3555
9553
677
3033
8625
7217
917
2714
2199
2647
7553
3970
793
2832
5852
8300
4852
3522
7048
2329
4005
6224
8443
5983
3387
4742
8649
8488
4273
3876
689
1134
8560
9102
7007
4553
5624
8314
2903
8876
5021
3877
8465
7666
4146
8621
6714
3880
6676
990
5431
6703
6416
326
4319
5414
6289
5847
8618
7353
8766
168
859
4436
4059
7218
2778
8310
3231
3557
1137
6240
7490
8048
3095
7083
1995
8344
8547
2710
1500
8454
491
3356
9515
4524
5832
4245
6894
4304
1675
3216
8257
1566
841
4574
2245
1139
1647
267
7952
3466
2589
9235
7170
9549
7592
8299
9500
250
6715
8861
3061
555
420
2330
6708
8779
9343
1799
319
6505
968
3921
5946
6959
2183
5198
6197
6096
9064
661
690
2002
125
959
2590
5478
6043
7141
9151
1955
4181
53
1568
147
128
6612
9356
8044
5388
9361
5390
4136
7297
7414
3196
4108
7009
8304
122
1241
1369
5454
3132
3013
7825
7827
1211
1575
7818
5040
3913
9419
3245
4020
3064
3848
401
3581
2973
67
8051
2862
2221
3302
4223
2981
2893
8815
4512
5280
9443
262
5714
8349
1497
177
3899
9463
6109
5899
4179
922
5324
4088
8181
3610
2524
9160
1766
1225
8217
7948
1051
4950
4329
3250
740
7702
7339
4889
2811
100
1626
1735
8058
2804
5815
2093
7769
6497
1711
2017
9327
8012
7241
6919
6476
6781
4038
7771
6353
8272
2127
6113
5048
5339
1287
8543
8429
2558
7498
3851
8579
1933
9006
1242
8351
4513
8960
8235
6869
9223
4026
8436
7336
5748
6518
5717
4580
7238
5787
9464
8756
7924
4952
2281
8962
6620
2331
9019
7177
8093
5904
6246
6182
3300
4875
6403
8923
2309
1989
8981
7729
151
3847
7848
8938
4569
391
60
991
222
3771
9112
4147
3500
3628
3269
4505
7531
2427
8992
4418
662
9031
1934
8936
4391
8089
854
517
5186
1644
2626
3919
6214
6356
2952
3338
4081
1980
6757
3622
5138
9474
899
7115
5615
1573
1285
9225
6074
3672
290
4532
2506
2471
6812
6005
5063
904
4209
1107
322
3685
768
2244
9271
7005
7942
6854
8426
1561
1897
3892
8595
2775
2059
7617
7669
9262
5746
8177
4868
7184
7704
1604
5730
9488
3519
6766
1045
3430
7608
6660
1910
5037
5526
2834
1629
5922
7992
295
3242
1814
6741
6750
2149
6707
4307
7831
2403
7146
5774
500
2894
8702
7369
6320
3174
6710
7861
5757
784
6544
4449
7143
7535
8949
7764
5995
2540
2956
5174
9130
3253
276
6740
2851
5489
2779
1374
6098
3246
2736
316
3362
2098
2947
2580
6385
5578
6816
6003
2767
8699
4812
2434
6194
3670
3604
160
6974
4927
7776
4143
453
602
7046
3072
7956
8134
5743
1752
7696
1446
5856
4056
8144
5304
1582
1880
129
6858
3491
6316
2702
2385
498
3138
2033
4623
3562
5602
1856
8380
4840
4149
4509
3515
3897
3369
3096
8558
8930
3206
2844
9175
1021
3646
1356
8793
4311
2998
5200
6314
3207
194
5307
7979
3144
4065
696
8152
6360
6832
8746
4345
8638
6891
1367
1943
8046
48
2600
3002
5828
8591
3819
7615
1361
4861
4956
288
3436
8240
8526
5773
66
2286
2838
9057
7565
8683
7045
7934
2902
4882
6562
6053
2877
9414
3683
8100
2970
1498
3029
6682
801
1854
8761
3110
8910
6990
462
7552
8929
8174
4561
6447
9165
9185
56
1986
7004
4077
5720
2917
8227
5763
3506
1982
307
4870
2635
1307
5648
3732
8654
1810
8038
2055
6748
4478
3502
3559
7190
2826
6196
395
7733
5092
5443
1686
4472
2965
5115
4234
6032
8698
6262
9082
4167
6178
6238
4400
5205
3185
1066
4610
7494
9176
9495
8715
4029
5891
3861
6818
6566
6649
4269
6304
1907
5377
2479
7341
3507
2001
7416
7462
6780
4673
8402
4474
4531
4757
9002
8896
8572
1670
1464
7539
7888
1591
741
3598
905
3712
2361
4961
594
1123
2914
1601
8502
5080
4178
4879
8218
2527
8466
545
8870
5849
1650
6713
4613
3784
8894
920
6618
7189
1984
6593
633
1486
8248
7922
516
4378
6890
6697
8966
8818
7770
665
2511
3577
2160
4086
9008
2364
2574
7759
8138
1382
6165
8318
7730
916
5
8781
7663
7711
1754
1991
7060
7512
6051
624
749
9332
7699
9427
7544
2397
8934
6285
4608
1143
1673
30
1893
7032
6105
4103
9435
7072
5696
3279
5857
1064
1450
8811
6219
4017
2413
1110
1349
5723
8919
6124
1531
1919
6636
4825
9367
8740
7945
329
4224
4375
2433
3680
3249
524
2365
8684
4294
337
5998
5400
7573
684
6122
6108
8302
9485
4491
4982
4680
7891
8453
797
8555
6234
5077
5484
5988
1834
8723
8824
6885
3180
4075
1850
6290
2664
2089
2598
8926
8928
8857
7529
4685
82
2062
8678
6533
7886
3760
7419
345
9415
2896
4320
9378
7569
313
5076
4721
3791
522
5492
5545
865
3512
6418
1759
4754
2007
9540
7469
7127
2354
4945
3839
1355
1736
7899
2675
9040
1993
4227
9233
1616
4260
1851
7737
5234
311
1782
5415
4133
6099
5742
437
7099
4407
3889
3164
9281
2352
644
3960
2843
9471
8294
9520
4071
8298
7779
9013
2432
631
2391
3524
4787
8497
8492
5594
5450
5830
8611
5965
2833
3586
4755
3137
3999
2876
7864
4164
8273
2482
7304
5430
6413
8885
946
5332
2861
6072
518
751
5736
5564
8931
9216
404
5266
1321
3529
1384
2284
1674
2242
5577
3931
6351
7276
9301
8877
7947
9433
2054
1609
6024
5843
1659
1827
745
7022
6718
7047
1908
4022
5862
4711
7821
8890
1972
7126
7579
4888
8018
8536
3856
1572
6916
6159
5482
8737
7273
846
3686
4985
2595
8350
8739
5739
2039
2109
2088
4594
1340
8120
5693
2691
7351
8535
1335
5440
2113
4595
4793
3558
1350
7464
681
2029
6952
736
561
9311
8566
4487
3037
2698
149
3413
169
3545
6090
5771
5481
9261
8518
7077
6210
5928
6761
3477
2729
9004
2823
5957
3399
7548
732
1830
5208
3840
3423
5779
2660
7389
3834
4363
7058
7298
2259
2725
7682
8837
6277
4140
5022
652
7937
5318
7665
7372
6573
1981
3379
63
3380
243
334
3783
6684
595
8844
6912
443
9209
5550
9345
1924
9193
2096
8612
3442
2047
8561
24
5014
8196
71
8016
6142
7375
1351
3724
1728
1082
5688
1805
8975
8498
5035
8183
7600
8399
4586
1075
2145
3006
3570
6735
9526
4007
3879
4630
2650
6589
3309
7363
2546
5844
9079
5231
7154
4664
1811
4843
7018
92
277
6349
4720
1792
2974
659
5801
3884
7517
8958
2493
6777
8593
6878
5406
1031
7872
6319
8042
8059
716
4297
376
5775
798
4690
5782
7367
2565
16
8635
5154
7124
7479
3618
1430
5435
4859
7451
782
1161
5211
6006
5905
7081
180
1747
5991
6737
724
513
2884
7034
1173
2147
4033
7407
8626
3890
5810
3767
8207
5880
1171
2357
7613
5448
3334
1655
7288
6066
8343
4239
1886
6849
1699
6252
4668
2343
4216
5617
8604
8119
9003
2676
3007
5078
7740
298
5713
5167
6086
1133
4562
3991
2514
5069
634
1793
4743
4099
8524
3574
1128
8680
4964
5373
4037
26
8856
2731
9134
2439
6805
6185
8319
3427
7641
4504
1352
8627
5540
3968
4349
6325
8671
2110
2640
3296
3560
1371
5735
3917
6727
1436
3240
6375
3881
1429
2310
6216
3647
8983
988
3050
1960
9282
3684
1975
5722
5438
1218
5509
5251
5704
5257
1074
9539
3523
3340
6248
6369
5568
8916
6738
2461
2668
8446
2040
5101
3181
1449
7768
2238
6793
7639
3205
317
4799
235
526
2075
9098
6802
5822
5476
1230
6549
6126
6057
4782
6278
3154
1641
7465
7461
7225
9191
3435
9221
3143
2224
869
6149
9122
414
6217
4947
379
9557
1089
8416
5213
6338
6855
4550
8334
6863
2503
4119
5468
3484
25
3192
6976
51
9473
7524
4420
2004
3405
5017
7903
7829
6071
3673
2258
4658
5675
702
7371
9138
3404
4426
3810
3731
6479
8908
8267
7413
8710
7511
3846
8312
9197
68
7078
7059
5317
3873
8153
9170
1844
8946
6257
6481
4060
2608
6785
418
8792
8036
2567
4643
7638
3177
8688
6491
8019
7463
3473
6810
5643
5462
32
5191
8801
3339
5536
4588
6230
4350
6629
4617
2723
2418
8472
1825
9132
7856
3612
8817
8623
7911
8672
9183
8031
6056
360
2788
3656
8819
1409
6971
8670
5532
558
1016
1070
6103
2550
7247
1788
7619
1012
2167
4671
1125
9173
1395
3156
6147
7876
4283
7884
6184
8027
8074
5871
4804
1623
6470
3585
6606
2489
7840
8821
8159
5453
118
1318
2783
8589
8822
8994
1860
1926
7731
7271
5955
5460
1983
5314
4508
171
2005
7489
3350
4624
2995
8190
7024
4928
8531
5504
1423
7509
4050
8956
1868
6613
9369
8109
2544
1625
342
2368
9487
8548
192
6646
5074
8254
8468
3236
8462
7970
6220
8557
894
8668
7319
8169
4076
2056
6160
2305
931
5171
1249
6751
433
2043
2189
2287
1692
744
6017
8639
7172
3388
6094
9413
3516
8280
4581
4638
3470
3194
9511
3689
6065
871
967
5962
6699
8977
1646
3654
3845
7374
410
3204
7986
9178
4810
6928
2079
4651
2787
7040
9017
534
8794
2464
9411
3454
398
8806
3844
7938
1888
9195
8784
7000
3343
7493
2812
7268
9323
3812
2658
3619
8405
583
7519
4070
4313
8652
5519
5744
4696
9481
1195
9137
4716
3120
6400
8363
1041
2497
6440
546
4485
3459
979
9384
3217
8757
8874
245
8600
1150
1855
3607
4238
1236
8501
5835
717
6614
8079
5809
5783
4578
9259
2627
2024
6600
94
5018
3155
5241
3509
6104
5258
3288
1769
1565
7169
6401
3727
5497
4430
7574
3290
4282
6357
2342
7623
9315
1114
111
7501
140
278
3718
2809
1256
215
8674
5733
9174
1228
629
2659
4677
7715
3045
3127
8214
7299
1093
4339
5150
778
9038
2414
616
8872
7743
6522
6645
6054
2336
1142
7071
5165
8662
5100
3106
3130
6456
3157
5425
1560
8442
657
1812
442
3431
9556
5259
350
8796
8202
5159
2154
6537
287
1359
6534
1488
8076
4674
944
4938
6648
2165
6146
932
7612
7347
1858
4697
6511
144
3870
6603
5762
8339
4785
3962
8133
3370
2944
1741
900
553
7832
6266
6831
9552
8519
3800
5627
3121
1760
7902
1248
4453
7265
4443
6231
7742
3544
4914
4607
3630
9015
4908
777
1442
8066
434
1506
965
4516
642
5075
5189
4965
7953
2271
1589
5944
5384
2824
1514
9446
5707
7491
2928
7596
5738
8897
4866
8891
5672
3346
7448
5301
9272
6516
2492
4625
1103
663
9305
6985
8624
2049
4102
8939
4214
2151
1210
818
6299
4897
2571
9232
6692
35
1838
7801
5868
8647
1049
1456
189
5002
2790
6259
5933
5813
1508
8353
2951
4376
8009
5313
3816
7349
9469
3824
3005
2086
4805
2563
1003
1433
6313
542
8707
6374
3448
2792
812
2136
8697
3511
7352
8470
7542
4547
5050
1440
3344
6485
479
691
4936
4788
8447
4535
7987
4640
590
2799
7425
5996
3638
6602
5591
323
6498
7984
5322
6598
8432
2034
5096
6902
8132
9398
6166
8480
1238
3086
6605
3513
8569
7237
5273
3046
3428
3465
8799
4121
4130
8878
2388
8795
3307
893
9401
6866
7246
7850
2477
2620
270
8013
1931
5618
1325
4554
8083
5016
1848
4507
2488
8637
8978
3065
9431
6972
