7860
8270
2907
8321
7556
1336
5907
8205
3275
1512
4337
7741
388
8895
8472
5970
8665
6376
1739
7447
2787
3938
6845
6784
3135
2728
5962
8169
5936
6404
7468
296
6636
1246
9539
1569
6972
5855
5177
6822
602
9013
3571
2841
7857
4105
6842
5340
2954
4228
2671
8033
532
108
4859
2342
6743
512
4773
9066
6724
9481
5512
778
4827
2793
6251
7464
7782
2133
8610
8998
2704
6423
7366
1600
8693
283
7613
9098
8930
2423
3913
2781
7213
3775
1877
1967
2334
4771
3837
105
4269
5001
5204
8449
2924
4793
8680
4081
4702
6811
2944
1124
5216
3980
7413
4024
3925
8755
6878
309
7895
1890
3974
2853
9477
8350
3064
8848
8577
261
5179
6860
7793
2095
2075
3795
4479
8016
4493
5840
6438
8793
1517
3593
1213
5011
3494
6979
326
783
5364
9023
7677
6901
7883
2464
6591
8254
257
9231
7414
4916
2610
8831
4007
5947
5016
5379
8586
5262
8194
4240
9092
9234
2520
6977
7962
7439
5214
1282
5417
209
2256
6803
2852
2983
6875
3157
9138
3076
973
3817
5893
7085
3664
665
1730
7561
1634
4405
1578
7799
3476
1466
4900
9514
6186
4757
5580
241
7671
9365
5593
2729
188
5943
1025
2426
2998
4474
8425
2261
4616
5797
3812
5413
8644
317
8929
1850
6249
8604
3
5807
7151
5283
4504
6388
5816
5902
6887
4808
869
2813
8397
6183
8517
3888
1492
1937
4066
2357
7165
6229
1312
7438
2592
3402
7904
8716
9385
4369
5334
6817
3205
1528
420
1113
3651
8846
7631
8926
8732
5151
3940
600
4705
5480
2270
4869
123
7529
8759
8206
9010
6537
1327
3456
4184
8358
6729
3457
3805
2302
140
7008
5779
913
7657
6645
990
4013
7493
7103
8802
482
9366
3952
5295
462
3081
3271
696
1632
6036
1534
7742
3880
1037
4027
1661
8362
1298
2916
5486
5736
8007
3226
6959
202
5960
9318
3631
8475
6561
3072
8860
523
2369
2438
2268
262
947
7960
1122
6595
7467
3873
4525
7231
2189
6865
9018
7828
5612
7214
6167
2400
5422
6601
7419
6463
9056
7030
3919
8230
593
4116
3971
5529
6093
4266
1699
3939
6474
7838
2741
7840
703
3565
8442
707
6574
6711
8173
1920
8181
1503
1179
894
9302
931
9025
2667
143
3235
2731
126
3791
2832
6939
8423
5398
1062
7591
3404
6287
705
2499
1421
8809
1329
7108
4345
3927
1515
4440
5786
8147
6299
3747
8364
2858
8562
4151
6210
2307
2882
5389
3021
5082
5710
5493
7391
7300
6043
516
8584
6276
4179
1789
483
5022
8669
4716
8801
7135
653
4334
6481
8503
2385
2231
7416
5433
521
503
55
1263
3498
1488
8434
9305
6114
9268
6062
625
6637
6934
8141
4996
1575
8847
3828
2739
9306
3042
1956
681
3794
4749
6137
3613
3146
4612
804
8448
315
6313
346
9197
6881
5757
7377
2275
889
1614
4471
2415
762
1824
8225
2300
3538
2176
3774
4846
2804
8330
4278
5168
8410
9032
4989
8363
2523
8258
4104
377
8964
6722
4670
6909
7478
6755
240
5414
6818
6130
8673
6675
3756
9109
994
7769
6989
9381
436
9122
2519
5315
2439
5407
9097
3922
7371
2609
5252
10
6452
2647
547
1201
4393
8660
4291
6967
1381
3012
5044
2466
2676
4586
2839
3954
7968
3259
2692
6348
5992
7893
9554
8314
4277
7875
7832
6698
7053
3117
5167
6356
5244
5516
4252
461
618
9420
8570
4025
8213
3371
9173
8420
2347
8952
7822
3048
9538
6491
8354
5563
7146
8827
1321
8042
4332
1453
2035
3019
5012
7839
8414
3490
8065
4237
4576
758
7800
7140
1214
8549
623
668
5105
8232
6672
3508
588
3172
7566
6144
678
5887
400
7876
3790
7007
6744
3411
6895
3765
8455
2318
2896
64
1460
4445
6333
2154
418
1419
3548
2964
4968
3282
3584
1696
3645
7966
5849
5613
7164
4496
9299
8592
8806
7616
7999
4281
7901
308
3223
2721
8005
8728
7272
1183
507
9549
7598
1416
7254
3273
2570
6401
1638
8946
5502
2644
4073
1173
2158
3272
4857
8698
5905
3531
8556
5060
8993
9419
8585
9247
2003
6077
8940
8893
1103
373
7820
3770
2765
6691
2282
551
6460
7128
6965
5988
2762
3244
1867
7226
2026
8546
6731
1840
8283
6518
8932
2537
5495
5656
912
1361
5679
169
6263
486
508
2733
3037
8046
2690
1362
877
6665
5277
982
2641
4285
6810
5114
6686
6459
533
7002
3541
5638
5523
8686
6971
1998
1691
2969
6701
5924
3874
448
1573
3863
4852
8936
8101
5143
6346
6785
4644
457
5783
5147
1978
7498
3924
615
3343
6246
2223
4932
8844
1238
8574
2034
6315
9340
2107
5175
9130
7136
6999
8803
1343
5998
3861
5089
2445
2005
128
6765
5267
4226
6749
1674
771
2262
4742
1774
8013
803
254
3096
2618
4552
6863
528
6506
7844
6053
590
6019
4358
385
6222
5349
7660
4885
7724
7517
5174
3121
3931
534
365
2539
7040
4475
1308
1928
9164
5759
8891
3431
3604
8485
3732
6058
2244
8479
3122
9533
3999
6181
5802
4959
3542
888
6434
4424
688
3561
4533
3635
4543
8628
4296
1463
4519
5150
121
9321
7399
6489
3304
7829
2461
1098
9552
3908
1039
4799
8207
7187
7167
6582
6534
7046
4144
5077
224
6751
3378
1652
4999
4469
3686
52
2553
1442
5013
5514
9333
997
9295
1422
8978
8210
5713
6937
7093
7734
9179
4267
2151
3884
5215
7852
7114
9052
4622
988
7019
2806
9566
3297
4238
3978
7033
1583
2530
7807
360
2775
5625
7038
299
3329
5846
3187
1051
3178
8739
8540
1959
8808
639
8398
3559
859
3876
3826
8128
5254
2137
5728
8959
7370
8084
5899
2578
1834
5814
8589
5184
3878
4118
3684
1345
7711
2636
784
1719
6185
5877
2914
9292
4084
6669
5084
5640
808
1034
8278
6040
3334
3142
9161
820
9172
8290
1429
2681
8720
6107
8324
6692
2257
6742
4933
7310
4357
3820
7588
8384
7142
6781
7694
5036
8118
9466
444
3573
7074
1842
6118
3783
4668
6843
1874
1897
7984
4695
8344
5653
7881
3904
3488
8175
5249
8521
1434
336
4574
5509
8048
1676
8504
2847
2320
4781
9290
827
901
2889
2437
6739
7201
3529
6297
4683
1568
8241
6289
6759
7948
4836
8944
8736
1787
3060
7763
2153
5071
2921
4301
2810
4428
9125
5180
8858
2870
843
3870
4631
9364
4064
2009
6708
6301
3802
173
2052
839
856
5660
5327
4901
6493
5811
9483
2485
8303
8370
8826
2059
6311
9093
2630
3560
5073
5194
6306
863
1838
2684
4884
4657
6597
1738
356
9336
4589
5339
5332
9547
4483
5041
5178
6953
4745
5750
7383
3368
3327
2414
635
401
3095
3652
2662
1411
732
1913
6455
9542
8143
718
2065
153
6600
976
2600
9372
7411
7307
3032
1055
978
9135
7903
2816
1477
280
5884
3501
549
4696
6531
5260
4320
8790
7130
8510
3214
7032
9005
684
2500
7806
5492
1015
2746
6990
94
6838
302
9226
7282
3380
8182
7243
695
7043
282
7241
8004
9383
7356
5452
6170
203
5733
3045
6589
2239
2854
930
4805
4111
8651
1272
5446
290
3257
7790
5343
5646
2174
8473
2152
9452
8534
3698
8052
8583
6855
6635
6344
3649
5226
2037
8588
91
8816
4866
4729
9532
8712
4652
802
2486
1697
6196
3543
960
3892
342
8706
5310
5402
5908
7846
2518
4419
1562
7024
697
8767
335
6848
597
4767
8032
5490
670
6200
1256
2297
4017
8663
7200
576
7223
7703
4174
5672
8776
3249
9387
4325
8758
6947
8088
2452
4415
8352
2149
831
5396
5717
2050
1127
8261
6420
4817
7283
4953
6270
79
7634
6673
352
2020
2482
6369
3577
8676
4713
3159
2417
4053
2575
7709
2130
4068
7029
8692
3585
1164
1972
698
2577
6103
1702
9246
7798
2635
1862
4825
7585
3428
8201
4375
7237
3169
3099
608
1914
9315
9221
2215
3293
8413
2552
6676
4140
1049
8470
2481
284
5953
8409
1763
4098
5169
3103
3855
6220
4800
5675
9491
6431
7653
7027
8251
4056
4769
6358
655
7444
4364
2715
6952
371
9354
3995
8454
5894
9087
958
7363
8913
195
3465
8637
4955
5564
5938
9397
7682
2013
8019
893
8763
4389
8029
8119
8135
3262
1643
4554
1073
4164
3164
6453
6317
5826
4512
3333
7168
1584
4840
5873
9474
3968
7823
5994
1017
572
2315
6094
5639
6393
7692
3841
852
9254
9550
8315
4060
5503
2869
759
6482
9344
991
8875
8373
1532
9262
2162
8271
3889
546
1871
3015
7555
1601
767
5794
9275
1743
514
8243
1331
6876
28
691
1757
5868
2031
8553
4839
301
6050
2544
1455
2538
276
8654
7082
1398
3410
322
5235
5394
2622
4059
8882
4327
3833
2314
7266
4804
1162
7134
2874
76
6577
6045
2796
6252
3675
4162
3363
3721
3615
1751
8857
6856
9300
1729
3098
6217
3151
2343
359
9398
1169
2740
5701
6993
5871
8285
7830
6533
3784
85
386
916
2115
7309
4879
4760
2019
8649
7911
2427
7577
3690
3655
413
3258
2249
2376
6893
531
1006
189
3289
5466
8484
6815
3067
4542
3233
3409
3507
3629
5211
8953
8973
3578
1823
6398
1818
5869
5014
3349
9465
6022
4669
2192
4047
2113
7000
8329
5430
5683
3119
5566
3051
1828
3176
8643
7983
9531
475
3170
2941
1945
3194
3365
8383
8073
6403
8218
7780
7661
772
415
5600
6173
5275
5597
3207
3337
7542
341
8478
2326
8501
611
3825
2724
3094
2378
2295
2989
2710
7803
8713
685
647
6588
3628
5131
7385
2620
383
7175
2160
3237
4029
4203
5419
5819
4867
6000
3972
5727
1561
7352
1112
8522
8034
3547
30
264
5465
6108
7374
9401
3448
6530
150
3027
7762
701
8394
1894
9521
5485
133
9009
2593
3008
5182
8491
3458
92
3595
7186
7753
8312
4891
1185
4451
1854
1856
8737
4755
4748
3860
4160
3460
5784
2243
6761
4239
6505
9444
1058
5709
3808
7976
4897
6503
3510
7543
3124
7207
2358
2940
5857
5109
286
4470
8726
648
5663
1609
5806
5281
3077
4837
5705
4260
3682
3191
557
7980
6042
3678
8027
2335
3193
339
2737
7774
5945
7360
7409
7299
5126
8879
1509
1018
5556
7532
5376
3718
8338
2018
8754
2489
6903
7639
7292
6417
858
3666
2398
6395
1075
6131
6030
1875
8889
8909
4627
9544
4377
9119
1594
5409
3276
2058
4651
6594
6253
2648
5445
8131
1083
313
6571
4797
5308
4326
6487
9525
9537
1278
1929
4584
7210
2735
809
1985
3479
9174
6813
4044
3141
1970
6712
8416
6975
5087
6557
2527
6182
2720
6360
4963
74
2182
629
7609
6912
8120
54
6242
7965
7831
9255
6483
1822
924
8928
776
5197
1467
5483
5279
7153
4156
5228
496
380
6827
4133
2526
6015
9004
7717
4058
6154
2604
9445
7988
1927
5725
1592
5578
454
2344
2603
7306
671
3693
1761
8279
9273
2509
4430
351
567
478
2501
7890
1536
2819
7358
4080
5518
1613
2665
5889
3865
8245
6656
5917
2689
2986
896
8900
4828
5707
33
3189
5101
3247
3801
1639
7148
1389
42
1648
8974
4855
995
8301
8652
2602
9434
8277
151
1912
1334
9253
5940
3552
8638
2325
6819
704
4814
1358
2744
7365
7064
2923
4743
8187
2534
5000
7528
8113
6290
2545
9239
3306
2495
6834
199
2915
1542
9121
67
5448
7765
3386
8366
6377
3266
8896
7963
9044
7249
5158
6566
3177
6464
3951
2337
8224
745
4998
6367
9347
974
6049
3332
4378
3725
5553
9103
975
9389
3486
417
9404
3449
2562
7885
1031
8435
1814
2587
5845
275
2051
7916
4187
3893
8626
1269
4537
3445
4178
6770
4101
9260
7474
5408
419
556
710
5541
9438
5574
7083
2557
7699
8246
3912
1140
425
7688
6707
8053
3857
7638
3009
5803
6558
1047
9319
5301
6900
622
2203
5372
2096
2506
6611
2472
7189
8657
3617
4090
7978
5771
7429
4335
7655
3576
9143
1279
5207
3412
8954
8177
6769
281
7327
3437
5324
4274
1397
4877
7607
9526
1976
5289
9476
3454
2012
3361
5035
2118
7181
2597
8853
9380
5094
4708
354
1432
8949
2245
8996
2396
7744
5461
4188
4248
8250
5183
3073
1430
3050
4853
2878
5377
6780
211
3066
1576
5742
8022
3264
3269
1134
4318
5823
2679
8237
7637
3285
3308
5856
4005
7927
6065
4908
238
6647
8059
7233
3654
6976
4789
5658
5634
4069
6394
8304
7011
1817
9441
5657
7434
6837
5901
5335
7664
2581
7733
3518
1844
3575
8523
3184
4518
2078
2799
7898
2014
8539
8977
9016
7480
2093
255
7934
9017
6195
5251
8912
1988
3400
9393
1521
9037
4432
2382
4550
5247
4613
1023
1273
382
575
9392
3716
5042
3827
6927
9560
3546
8391
2448
1964
7776
2455
1815
4960
1537
1346
7606
1332
2169
4779
8849
4522
5193
8009
5038
4645
1925
682
9359
6509
8950
7678
4556
3520
3338
7404
6032
517
8764
9249
4229
4289
1054
5690
5755
8768
1352
4942
437
2912
376
9489
3432
9338
8404
9031
4656
7533
4202
7622
2132
9274
4529
5676
8576
8746
6540
4386
2076
2669
9040
7750
8908
4181
6913
3144
7551
1265
8356
2288
589
8734
3044
5008
3532
5331
4454
3748
2588
5196
8193
7056
2551
1249
8544
464
5411
8561
7343
2560
1145
6428
7228
1228
1355
8265
6153
6197
1159
5837
2513
1930
645
1280
1123
4373
4993
6560
6670
5913
489
5286
725
8905
7906
2027
4492
8508
3663
7574
8532
591
2454
394
5172
9373
8049
8061
2795
8830
25
8281
9559
1499
96
8681
1791
4371
5284
5047
3478
9556
1404
4770
497
9238
7812
8157
5307
4233
70
6284
2800
6338
560
8531
6211
6943
3013
8252
9181
2061
178
8140
1091
657
7651
2001
2067
6641
7265
3254
6265
4914
368
750
2772
7390
5004
5488
3080
6259
3309
3145
8933
2074
699
8934
6008
1907
9038
6187
6016
2110
1642
6736
6327
3389
7629
2098
4311
7928
2496
8785
3832
7953
8619
9395
3712
7208
7851
9225
9546
4688
1756
4123
2430
8069
7514
1229
7956
9217
3221
9565
7615
650
2167
404
4772
5369
8843
8825
8582
4035
2846
3704
2531
1779
9105
726
5496
3500
7575
5280
2809
1994
39
9259
4014
6831
680
1692
2450
4731
2855
2626
4882
7225
7912
3250
1341
1724
9562
7504
59
3296
3114
4352
8536
4751
6071
467
5432
5526
5753
1188
7866
6028
9126
3759
7144
7451
8765
8587
2894
587
8396
7863
8272
3767
6090
6866
3433
3161
8236
731
5754
1753
4176
2432
7412
3589
1732
5776
8718
1866
9324
3588
5401
6097
7553
6763
8636
1235
5435
1356
4780
8774
5567
8685
7012
1889
5017
2194
1244
6886
8775
8514
2459
4577
5453
3391
469
7039
9425
2234
7633
4875
8197
34
6661
6570
619
5322
7172
9375
103
1792
6150
6949
8310
7755
5572
2999
2632
7627
5536
8430
8822
7896
1788
5161
487
9063
6232
1131
4643
1979
7069
7303
6006
3623
1387
3179
631
9248
4204
6446
794
5357
4134
3962
4545
5822
5952
2285
1060
6926
8075
2080
7302
4294
1690
8077
6526
6861
2927
9468
7430
7708
5064
4978
6082
5353
5157
2651
8056
3522
3753
3998
6279
3605
977
1924
8443
4398
5552
4824
1333
5475
9509
6112
8690
6207
8615
5266
6587
7078
7907
8502
7811
6988
2254
7767
5363
9512
3401
53
355
4129
4862
2165
2946
628
8023
433
8854
163
3366
7206
1471
2289
6612
2017
8987
9360
4976
7017
3950
5189
3506
5596
4763
4298
7805
8571
6020
6041
4012
6516
7044
6230
8567
7162
5166
8487
2625
4177
6547
5285
2327
8136
6929
1494
3760
345
5325
6836
2996
5782
14
9081
1108
9563
538
8677
3723
7625
6353
4782
8045
9473
6179
1330
922
8268
421
637
9384
3616
2109
9166
8956
721
7843
5371
9510
5333
2892
7748
7098
6408
4638
2173
8070
9472
8406
4448
951
4412
6325
2933
7230
399
2190
249
1359
890
6366
5668
536
581
1833
422
3798
7392
989
3384
7835
2016
8223
596
4912
2340
1778
8326
4654
2105
674
390
1178
8554
2960
8387
7395
5009
4929
6288
2785
6775
5627
1857
1195
1566
6128
5383
5808
6983
7274
7926
5681
4630
6497
3553
1963
6643
7087
116
2865
8699
6679
3246
8695
1541
6280
5586
1065
5293
5939
2877
2092
7518
4830
7617
7973
9131
7276
5220
1882
4786
5412
278
2857
5504
6633
5148
7652
1299
6593
4096
1008
3468
6156
8515
7836
1960
6576
2525
5257
4367
8981
8647
8428
5853
2416
1821
736
9443
5979
6787
6891
7979
714
8580
923
1326
1664
6969
3761
7160
8477
3499
2807
7482
9195
185
1887
6685
6269
8985
8263
3314
8600
5470
9343
8208
7537
3505
35
3987
8316
1216
7579
48
5112
702
7752
104
8622
6241
1446
214
6296
2128
6350
8710
5223
8235
8010
2791
1116
157
1045
4995
7501
6884
3835
3397
2820
6877
9183
7245
818
2140
2476
4615
5904
4816
2802
8172
8089
2323
3055
8090
3106
5925
7880
6068
6342
7034
8105
5677
2654
5028
7311
553
6908
7594
5870
2549
6987
5153
9201
7137
1133
7117
4078
6671
3581
1644
3340
6044
3311
8433
4792
1457
7154
2258
2958
8334
3949
7640
5370
6958
6007
2072
5903
9051
2068
2491
8318
7649
1141
9480
4798
1011
5227
7687
6771
7695
2776
2341
7530
1324
1024
4032
3435
2661
1588
6432
3787
5651
4417
961
2271
9529
902
4262
8730
1487
5521
9433
8721
7886
1307
4399
7388
1444
8030
9400
9427
7273
3005
6274
3360
8139
8389
763
6055
6171
3462
6607
5023
6069
1275
5976
7022
518
1125
7558
4764
1459
1028
5352
2250
7751
4913
2582
4571
1106
4167
7997
1375
111
1052
8563
2354
2246
273
7426
1895
4986
4482
8988
7854
4848
1104
6603
9432
2221
4135
2055
6553
6444
1859
7509
4497
7133
4526
6024
5454
781
8703
8757
4110
7277
8608
1726
7378
4874
3502
5789
3092
5034
4619
8796
666
1884
9252
3372
6298
8204
5689
761
3379
251
2649
2099
1953
2979
7900
8640
3059
120
8595
43
5024
4898
6892
73
9435
287
8525
1167
3823
5739
5878
5874
2469
4139
6933
5906
232
405
4313
8100
5692
5137
2971
9351
5777
8244
6788
8153
8253
6677
3374
3816
1586
1880
3814
580
8134
20
8800
2726
7369
2675
6347
5941
662
4990
3689
8599
1982
4958
2825
4662
1373
8335
1950
2199
2913
3583
3516
6056
9196
1154
926
6485
1084
470
4684
566
1032
7141
8195
5978
2755
2242
7746
1363
8178
6248
416
7679
9168
7524
2585
3515
5074
5021
7289
8836
8138
5053
765
2830
4568
6373
6412
8418
3280
8038
2529
6700
1150
7515
5029
2952
7546
770
1259
9113
4732
2056
5532
9034
6013
9528
2934
2859
6758
5276
515
6123
1556
8547
1168
274
6846
3749
3185
6084
6427
1800
559
6867
7373
7718
7496
1078
445
1958
2831
1255
715
7298
3039
9163
8415
6225
4502
3418
8708
6539
5098
8424
4302
8399
3075
6352
3385
6918
5981
7147
3810
2048
9410
3398
4418
8630
2281
5420
3885
9422
2355
7938
7955
1068
2260
6573
751
3909
8984
2101
9021
6563
4235
3597
9102
7198
6609
1602
9330
3367
2463
7415
9265
2978
6443
4893
2352
3824
1464
7132
4009
9257
2070
1902
3533
9515
7346
4815
7355
5732
4128
9076
8079
8566
7797
361
4218
7648
9304
8884
6486
408
9334
3101
2063
6621
7481
2291
1523
2365
9376
9192
8337
1418
9027
160
7336
9095
1262
4170
4319
2317
1905
4811
4314
2985
6962
7959
1900
3694
8804
880
6565
8823
4222
659
906
4894
1390
6622
8390
7308
1647
3853
6911
5862
2849
6924
6331
3022
2047
8674
4061
7023
9000
6716
4401
9469
4459
88
9251
3058
9355
8047
5766
7858
832
5670
1250
4711
6213
3638
4795
2714
4015
1835
8112
1171
6797
4845
1322
999
2617
4704
3728
3536
6340
6010
4621
2253
4710
5375
3472
1806
187
1628
2608
3063
6190
6655
4691
242
9446
4194
5867
7809
2168
5245
5141
4434
5922
4359
9165
8305
2556
4328
5956
3134
7049
1848
2711
1147
5054
3396
12
5478
4286
3789
3658
5397
2311
7600
2880
8347
2349
8296
3636
3959
2834
4476
1354
2247
2909
7597
2883
3217
6522
3714
1599
2493
2309
2977
7497
821
5026
3181
8299
3209
1241
2976
6199
5712
7304
1289
2559
411
1688
6011
6896
8257
7010
8386
8466
4744
9475
3228
3211
6747
8280
167
9001
9403
7217
742
4033
3158
8043
236
849
135
5951
3777
8170
4943
8146
713
9271
4505
9073
4746
7260
6158
6475
6139
8367
5374
7686
6164
2743
1663
1923
4977
439
2658
5425
1291
3937
7253
1396
5063
5715
9057
2091
4592
7138
1991
6898
4091
4609
5505
9241
1938
7143
1177
3847
5879
1565
7861
7425
6329
5996
8103
6907
3143
3935
8240
8055
4850
2180
7387
2673
6658
6086
4500
8284
8530
1462
1618
5775
1759
4002
6602
7347
1478
5528
6680
2797
3905
812
7222
3504
3685
9189
2220
6586
6544
9157
4131
9206
2216
7445
1016
6037
5800
5921
4245
7362
6735
7180
7941
2815
2434
8675
1750
6447
2085
6136
3139
4658
147
936
3918
2402
2774
3722
956
4391
2972
3115
6982
2984
2742
5120
734
8552
3582
4341
2471
1485
6568
3562
1935
1099
4952
8724
1948
7150
136
3992
1426
3251
6261
1239
9199
2900
7183
5459
7026
4201
5932
4132
4085
7783
2425
3232
4591
4530
5061
1641
1029
8080
366
7428
4604
1315
3487
1443
2817
90
5652
4728
1349
9301
3192
1208
449
779
955
6260
6336
5839
4074
4818
787
8971
2607
9382
5617
4366
2540
102
8958
3446
3491
4957
3740
6859
1323
1622
1498
6384
8513
1368
5820
8782
6174
4922
5740
2255
6255
5545
4581
8939
1623
9363
266
984
7342
2953
3062
3751
5404
3483
2850
124
2628
6437
2457
7209
5139
2975
7259
569
672
904
2467
6385
8715
2364
738
9331
2543
3587
6627
2111
3355
3710
4647
1079
253
5843
7815
2771
6002
8247
1057
9352
1992
5187
1364
8259
4310
1538
6080
6023
4678
1504
4648
565
6025
1735
9298
8590
7730
9015
2637
1535
3341
3061
747
6212
3079
6400
6688
6387
2571
9317
6954
5095
1548
269
5118
887
6581
6857
5351
9035
5930
2510
2004
911
7246
5091
193
2112
3739
5767
4510
775
6208
964
5723
2554
2131
1203
1027
9449
5772
8186
2483
6271
500
3843
8892
1591
1295
5946
8667
2507
9133
7037
8704
9176
6746
4142
7557
8820
1771
4833
8877
835
9012
5830
7095
6075
3779
389
1314
8108
7351
1365
9094
2611
2629
4155
1260
3715
6294
1616
7433
1511
7743
8319
2693
8616
4381
2536
2235
5699
4447
6782
162
6575
993
6514
4523
6733
891
717
3212
3007
7946
395
2240
3393
6310
1684
3836
3960
2011
2386
4723
5510
7389
4034
4037
7159
607
1725
1990
7602
72
1351
158
350
7958
1224
1252
5119
1468
2764
9310
4304
6142
2616
8871
6471
7361
3350
5602
3225
2449
3594
337
4443
4873
9485
4826
3719
4420
6793
87
2219
5015
8426
8641
7084
3811
7020
7908
7248
1311
8233
9170
334
8935
2502
2446
9184
2580
9178
5045
7202
307
8343
5007
4148
6660
4997
5666
5384
9068
3268
4003
8812
8339
6018
1544
8624
9516
972
8866
9390
3956
7250
3907
9203
4127
159
8740
3088
6702
3632
8702
175
8091
7477
7974
4402
2660
636
330
8342
7914
563
6151
4442
5032
1143
1021
3068
7736
7935
3325
8174
4974
5519
836
6382
3010
4441
6732
2845
1932
4185
7510
7330
7710
5391
7427
4803
4980
3291
2211
7111
9194
6964
154
2992
5361
5882
3621
7400
8901
8311
8511
8684
2388
7650
2756
7789
2480
2770
6070
754
8658
3641
1350
4549
4841
2367
8411
1810
4623
1431
8293
2263
8456
4124
7149
4390
219
4384
4343
1005
196
6778
5671
38
9303
5501
4724
5381
125
2533
810
574
8221
9026
5698
9286
5881
8886
6390
2346
9216
9146
6767
3294
7868
2405
3679
2956
8161
6556
689
3493
7071
2372
7564
3026
7516
2814
2788
7993
7731
5106
8436
1525
4861
3053
2939
1546
5700
4363
4016
3351
5714
729
7817
2801
6254
7068
9328
2528
4258
4551
7057
2150
1675
7884
7522
9379
4636
1784
3977
1637
5400
3420
5883
4136
730
8962
6221
2164
7073
8463
673
8869
6480
1722
316
1284
7155
7612
965
7118
1303
2656
490
7990
9237
9218
9416
3540
2442
2166
6215
9080
6750
5616
6899
8493
3800
6169
8881
1194
3202
7470
5643
3427
4889
756
2930
2287
5494
1388
5075
8446
4297
3591
7559
5544
3797
9229
8966
3165
6488
8989
9378
3640
9055
4168
6405
6449
2722
6201
8256
6316
83
4940
8481
724
4935
7626
4491
7105
5192
6264
4637
5573
7777
9233
7647
3926
2338
2428
3569
8880
9448
1242
1677
9149
4495
8817
5684
7384
5644
4356
7126
3277
8819
9467
4535
8885
806
1172
5039
1640
4570
1571
7547
4788
6613
4370
5218
4938
2694
2484
1076
1001
2451
5592
851
6345
9022
1222
4972
4220
2725
2734
3967
1197
4915
4610
9478
3093
5138
9412
1519
1597
9185
7488
895
1579
9361
5388
4521
7368
9266
5575
7247
3097
9484
6535
2479
3979
8961
7229
5716
8437
7867
2515
6783
2566
3086
6696
6546
606
2568
6102
1703
6109
2366
6051
3773
9311
5706
1721
6986
8037
2207
5927
5124
6031
9191
8226
814
6830
3317
2002
5111
9089
8050
6125
785
1189
8691
1926
5863
7766
6683
7818
2918
4600
6726
403
3983
4547
2157
1132
4046
8145
3590
8920
3625
2950
2279
5213
1720
8557
6634
1790
5524
6824
3883
4244
4468
7257
5688
7113
8986
7418
2769
8967
4472
5199
1409
7796
9494
1348
82
2186
3224
3755
571
2435
4964
616
1593
1435
2759
6429
2547
31
4346
1715
1903
4872
4494
900
7457
8760
1531
2866
234
7242
1849
4783
4660
1510
5319
2368
7500
5579
4753
9171
495
866
5366
1803
8302
8653
9144
6132
1152
5569
6005
8273
8156
6095
3608
6630
3757
5760
5703
1165
3242
207
6862
833
646
915
3357
1770
1155
1470
8239
5484
7685
7055
1813
2116
9232
4740
1480
8786
3815
4149
3442
7109
4544
1187
1748
5667
9142
7052
2444
6433
1101
9042
9028
2621
2032
7801
1693
2184
7442
1678
2895
6205
4190
6805
7004
3554
1670
5507
3299
543
6902
2619
7878
2516
5328
4261
5202
1036
6541
8401
5135
4605
1476
4741
4583
9204
1264
8579
9160
7952
7422
45
2205
2612
4092
2697
1319
6275
9501
8937
5896
7115
2044
6920
9150
2886
6292
1502
4223
7624
6267
598
8162
5171
2942
8749
3480
2028
2951
4265
8992
5603
3993
7716
3720
4566
1801
2090
5522
9440
7545
3969
8594
8872
9006
654
4055
2638
2696
3839
2966
485
1043
8320
3003
6177
3592
4234
2433
4215
1406
568
8924
6625
5993
230
3845
7332
1567
837
170
7576
3463
8381
3415
6191
8340
6106
3964
6841
7337
744
2306
5065
8828
8189
5129
4272
8807
2129
7420
5632
3806
4042
6984
7672
5933
9139
9270
6155
6882
2910
426
5990
6853
1559
7255
6245
5058
920
7489
3307
5062
4752
1473
8275
5115
720
5844
6498
8516
7288
8222
7961
7933
6361
4422
7768
6243
7042
6548
925
4747
8322
3326
2750
7398
1805
3910
4721
2973
4076
6654
1540
3199
71
6309
4212
4756
3256
223
4300
1328
115
3040
4466
3156
9187
1414
1940
9540
6883
937
4506
7502
1603
9084
5296
7850
7461
7705
3946
8829
7825
1610
4487
2399
8179
2867
6116
8542
7258
8199
1081
9212
4361
5313
98
8864
6422
476
6457
5256
8494
1686
1210
5891
8799
5128
4125
6650
6536
7945
1090
8036
6968
2123
3647
370
3672
9339
4409
9508
3100
9272
7670
7018
2558
3078
179
9358
4563
114
3466
3566
2251
2259
1357
7081
7728
6085
6640
5198
7737
3210
3447
3038
6406
5329
1486
8780
4225
4392
7121
2925
9077
7236
6468
5571
5482
5460
3858
459
1458
3245
1451
1120
6956
451
3602
3563
3070
2401
609
3933
7656
949
243
1447
2290
8057
3461
1837
8832
3377
4580
679
586
5306
6727
3429
5582
8606
6682
641
773
5238
1012
4255
9167
5655
2904
480
5864
6599
4458
7163
8116
4981
5965
5405
4919
5304
630
4871
8784
817
7450
1384
4380
2532
558
1412
4072
1654
1367
5056
8031
1087
32
8541
7719
7487
6100
595
6618
1799
8287
7915
7333
4939
5955
4822
2359
6760
2100
6500
5785
5791
5624
1192
4734
4063
343
5209
5474
4910
5614
8976
1522
2237
6777
8163
6374
4153
6646
8372
3130
7951
2657
6657
3132
5367
971
2373
7538
5923
7707
9284
739
4665
513
1631
6752
4461
7663
8379
6608
7985
6396
5360
6121
634
719
3746
7869
9307
5645
213
2412
3047
1911
1665
7204
6470
8127
1846
7077
6737
7460
7778
2411
5588
4904
328
3229
8196
9408
9214
6003
6957
51
2148
5850
3046
6379
9058
8400
6734
109
288
2783
1883
3941
7227
3392
7499
1524
3735
8419
4157
6180
8941
7632
1736
2036
8725
4945
7406
8558
7819
5027
3413
3252
584
2209
3305
6027
15
2086
8444
204
4973
2248
3104
4299
6272
5890
6278
7593
3782
245
8781
6268
6413
1170
3148
1627
5048
6840
190
6699
7527
304
4095
9059
4196
1744
3438
8018
4951
4368
6256
4022
7466
8927
3485
4633
9455
2906
3362
5926
8452
6659
1811
348
7842
2084
501
4709
2424
5395
3627
755
2991
8317
3173
5796
492
357
519
6430
862
1996
7887
8498
3204
643
7101
5554
2920
7644
2284
7349
4546
2897
7590
7536
5897
6723
4634
4680
1545
4689
5018
1209
1292
3996
3786
3550
303
8458
7936
222
6832
1305
8569
537
9169
5241
5230
8535
6690
5113
8249
6258
7859
6060
4480
6152
8060
2440
2175
5595
4838
1553
8327
4714
8910
2970
4801
4106
6450
6302
8102
5724
7290
6368
9488
6745
4920
2024
8408
8876
3464
2329
5610
3901
3897
4102
8888
2653
8671
4701
8184
6766
8972
4585
310
8506
493
2682
8835
2381
1353
9162
2670
9346
6897
3914
966
4122
2700
381
8171
3661
7506
1734
9495
5449
9062
4379
4290
3871
110
4528
950
56
4486
4400
8026
8723
2777
1247
2766
58
8824
4606
5085
7495
1456
4362
4706
7339
2008
9388
4561
9100
5123
3426
4820
8227
3706
7047
3336
4639
8852
1146
9128
3875
412
795
8903
6748
8462
3849
3568
5561
4813
1020
3322
511
2561
267
7519
4579
7456
452
5185
6828
2514
6363
3619
5368
6227
4425
5387
6572
9048
9137
5971
6202
9147
3288
7408
7827
2668
256
2135
3644
9377
4031
7666
1461
5297
627
1516
5424
2456
3917
1955
5440
2747
4902
2911
4303
9541
6478
9451
3677
527
8422
2081
7431
524
7145
4036
1713
6339
5695
5934
3804
6938
4324
6231
8945
4192
5608
6162
3120
60
711
364
3752
4333
3168
9536
95
1764
5581
2674
3829
3818
6355
945
3697
2778
853
6477
8744
7550
2210
145
644
7294
962
8960
9502
1558
155
940
260
3662
5702
1615
612
6392
8445
4720
4624
5815
4360
5298
941
2633
9090
5611
4843
7584
7344
3607
5860
903
6305
8856
4970
8015
7512
5915
1199
2947
2015
3991
1904
5231
1184
8286
6321
5539
7636
7031
5987
5303
7285
4588
2460
1325
1758
3001
3695
2384
1186
7739
6917
2792
1549
4460
2699
1004
9327
1878
9296
152
4646
7003
8551
7754
3188
9228
6421
7714
8709
6814
5338
2266
8130
1551
2829
8722
1901
2403
3517
5240
4944
3348
4909
1041
7924
8267
3267
6870
8051
5005
1845
1918
5875
6730
2955
6371
6839
5457
1400
868
8149
5312
3231
5076
9293
2935
4564
197
3838
6364
4785
3622
2397
2066
2088
1570
5812
4083
5037
8700
661
1000
3220
6492
6026
4507
7541
7350
6921
2377
8761
3692
5133
504
5942
2138
3406
8890
5747
2046
6087
7826
7119
6318
2409
2224
1340
4911
226
49
8581
3219
5049
3696
5821
1832
26
542
3090
2159
6510
1825
5793
1589
8841
5431
4254
1529
4211
1135
2842
5659
5974
4385
1520
6206
1059
800
8898
5499
6166
4287
9120
6425
8002
918
17
5224
4331
7021
2572
4887
2856
4462
5508
7469
6961
1310
2522
506
3990
4306
1253
7048
7833
455
7931
3929
6706
4661
1479
7548
6104
4052
8578
4217
8609
3263
7075
1951
2564
8160
2872
5590
5097
89
1651
8215
314
6448
6357
3186
5916
1202
1893
7987
4180
1484
2573
8834
881
1410
1989
1096
905
5373
4219
6381
3345
9219
8975
1067
8328
6330
4926
4876
6178
3424
1949
2898
5203
4733
6250
3459
9243
6529
5836
362
1129
826
1829
5154
3986
5481
872
8923
2639
8788
6799
2421
7611
6794
2053
6543
7954
5243
156
8192
7894
5669
5068
5654
1612
8405
4414
7918
7479
2875
9426
2267
2468
2404
6140
4354
9555
4395
4404
1138
1109
8264
8564
3302
2225
5088
6992
7286
329
8878
687
946
6741
535
873
8298
5768
594
6974
353
8705
8821
2147
5835
41
9220
7771
3087
6410
4021
3206
4309
4097
8495
676
5344
4449
2045
9242
8646
4115
2723
520
16
7291
7772
3646
5527
6083
2963
8904
9543
5450
6216
6380
1745
1749
6583
7218
3320
7676
2826
5261
5033
6946
8148
6419
1337
3006
3255
3190
1234
983
7269
9200
5264
3887
1294
2590
2574
2901
1796
4338
3359
6695
8269
6397
861
3620
2655
6073
2362
2899
2503
9207
1366
1754
1827
4159
3128
3358
4119
8655
2117
2183
5577
8980
3419
6465
8231
1118
6442
220
3821
2908
9429
5110
2586
1969
7483
2716
2006
8815
6973
7994
9054
443
9047
6513
8753
3886
2033
5271
246
749
5233
6445
1019
8429
9003
6141
5865
7740
2599
8125
935
1507
2276
8631
7252
3864
1933
2926
8762
1243
1590
8185
1885
970
5330
883
7169
5601
4006
2410
8332
1300
4403
7220
727
9278
9518
4924
1508
3650
1105
4049
8943
8008
8818
5745
9280
7910
3004
3376
5442
667
5538
1297
5350
9085
1176
4039
6725
2868
7112
5833
7786
2303
194
4892
1121
8209
4446
8041
2202
1449
548
3879
7681
3043
2871
2994
3944
2936
5628
875
6273
2187
2229
6312
1033
3381
6496
7595
2884
3771
6978
9396
7219
6009
3436
1681
2387
229
134
8942
5589
7738
6981
1836
3744
9159
2840
4718
2029
5443
5102
5804
2893
1680
530
5975
50
6542
3451
423
5562
7182
6194
4045
1245
5583
9386
2198
5885
3953
192
6409
4534
4339
6138
6869
7856
5210
8097
4481
2891
3989
3085
3020
3945
2324
1635
4456
4979
6063
1215
130
4737
6757
4736
3681
4216
2273
7897
2143
4273
5031
943
3527
8965
4906
8115
6300
2371
2233
5918
429
6240
7696
3862
2760
3382
7621
1727
5958
5944
6244
4429
1427
5290
2659
1977
829
5057
4383
4087
9394
4687
161
6809
1997
7645
4499
7402
3556
5121
6545
5093
6807
2751
3201
1086
774
2738
1115
1952
7725
7401
1606
7583
7194
1794
8276
3866
1633
7455
1987
4329
6319
9545
1407
1659
1936
8902
3930
9500
2453
1772
9349
4276
2962
3174
4520
1002
737
3549
4197
3921
4626
5092
3274
6718
6825
5337
7603
1572
63
1919
6378
9527
1762
7581
7122
4292
5382
8783
9019
766
176
6039
2122
5003
374
5472
7394
358
5615
9267
9462
6585
5292
141
4532
3610
1921
118
7580
4057
8573
4649
8568
7232
2391
1318
1701
640
2316
4810
6105
180
3403
4860
7921
5548
1543
1399
2188
3624
5649
4436
5824
8212
9507
1980
3054
5173
4183
6551
2299
1271
5311
3284
5620
8464
3373
4406
4514
4171
4750
6804
7568
5464
7764
4484
4659
7784
428
323
7205
298
605
8137
8617
1679
5841
8855
6504
5458
1698
8460
7761
6219
9210
5234
7970
7604
7051
6466
1097
3535
333
3869
2794
4109
9369
237
164
7262
4983
2754
4208
4018
878
2686
3657
332
7821
5043
7001
2808
9297
137
1304
4040
9209
1009
477
6740
8385
7152
8955
9107
579
8598
4426
4599
233
6879
7174
2431
9065
510
1906
9029
4766
3750
7301
205
5237
1452
5471
9078
6120
5604
8417
4455
7646
8188
3208
3018
7446
6802
5900
1598
1916
2193
1649
4715
4697
2596
2688
6399
5809
3699
919
6955
9503
4834
2042
3911
5888
3570
8164
7440
7563
7943
8752
2678
7364
3470
3503
8500
5773
1563
6779
6789
7102
7367
7503
6203
2905
6224
3877
1376
3394
1495
2541
2443
4725
5316
9224
2664
2043
7100
2177
435
764
6473
6762
9070
1965
1694
1717
6235
4700
4829
7176
6343
384
3970
2997
928
7475
3667
4516
5096
1934
9482
5749
2141
1587
4590
6579
8738
6285
9116
9141
6615
1218
484
5318
3129
8345
7944
6149
5696
7393
6604
1564
4601
5221
5621
4268
4295
6619
4256
148
2691
5069
642
8518
3056
78
5730
7016
3975
4602
5735
7485
3298
4961
3163
4676
5511
3137
8229
9190
6234
6048
5770
3764
3240
3564
2511
4899
4126
168
4152
2863
1142
8025
7520
8180
1776
248
8687
7041
633
8457
3111
2713
8711
5912
7792
4193
7795
6494
3867
1917
4246
3709
1217
9424
5859
3733
1391
3149
3453
4548
8374
5079
1100
4539
1053
271
5078
4154
4578
2475
2613
7196
2069
4686
1723
7582
6159
4611
4396
4071
6365
6524
206
3213
424
7006
1110
4856
1221
899
1673
3234
3762
7123
7511
8351
6754
2844
4690
5326
2838
9145
4775
4821
2269
4905
9461
6796
5320
4508
9436
5314
4965
963
7161
4114
3572
2798
6776
3016
1040
1206
9193
669
1496
7554
2348
7486
3439
1193
2505
6501
8486
735
3743
6849
8747
1782
4809
3023
8661
1666
3395
7747
6066
6147
6925
6874
675
1153
663
2790
2000
3113
9322
7494
3669
5623
8242
8679
792
1161
7605
709
2767
2548
7407
4145
8520
458
8512
5055
9329
561
6126
8107
8899
8480
4413
3511
845
4011
6507
9154
4865
1737
3407
3639
8678
3198
5476
6868
305
4028
3265
3900
5181
5694
6236
2241
7268
4041
7212
9496
7601
8166
4488
4962
867
2286
8183
1267
1050
2292
1711
5317
3154
7691
847
8612
5050
3742
5132
8368
3422
7059
3036
2594
9309
7909
6283
7211
2313
3844
5966
212
6495
3370
2339
855
4918
7760
2064
9112
5188
7264
9281
5176
5269
2023
9520
440
6286
7745
811
4511
2212
9342
2888
8282
6454
1863
874
1236
879
2919
3196
4969
8526
8012
7773
1148
8349
4070
3383
2351
2179
9345
2030
1441
3125
3270
9069
6721
5795
2301
186
8870
5378
1022
7565
3024
6119
2021
4671
4079
7090
8688
4305
2134
46
652
9045
2864
8867
4336
3474
6441
1285
7005
8529
6835
7125
2959
4103
4847
1816
6905
5473
7065
5861
5648
6592
5542
7759
7319
7348
198
5020
9211
1225
5359
406
6456
2218
8035
2687
24
1626
2345
2007
9450
4921
2848
8489
7329
6798
8176
225
9071
2331
9127
3434
57
4365
4224
5117
3138
7756
181
5560
9413
5051
6663
1830
112
1557
8789
1605
258
1619
2204
5122
6047
2447
1554
4407
8957
7785
5898
8323
4271
4501
9418
3785
7849
9060
2646
3318
722
9463
1795
7891
9155
5537
8076
6620
402
5720
29
6098
468
2974
9498
1082
6439
4473
3300
5954
3082
7317
1136
5980
7199
9431
1425
6738
5205
1240
8914
1163
690
5108
217
1705
107
8863
7131
1853
5410
3495
505
5769
499
793
2332
1428
6111
8919
5282
1251
2408
1383
1474
4790
272
932
9088
5201
9414
2497
5463
5762
525
3521
2821
6461
5691
2761
2200
3118
8772
2208
9182
6596
8028
5985
7224
5557
3596
9277
5948
5949
6628
4759
7905
8365
1063
138
6375
8921
6089
7592
4010
8492
4787
9046
5758
2077
5630
7654
3175
938
2576
2333
3467
7171
9261
7473
1625
268
6476
4946
1302
6864
1144
5250
7267
7441
8392
3778
7922
7170
4397
5323
5421
8689
2374
100
2104
4020
2102
8696
4410
6970
8220
1682
2945
7173
7549
8403
7668
3112
5594
5686
6004
7203
1372
6945
9140
37
7816
7641
2589
6176
1102
5354
7313
2827
8216
1962
5969
7702
4067
7872
1469
1820
632
8719
9460
1482
3831
5130
6756
7721
7386
8003
4120
2120
472
5744
842
6402
8300
6791
2784
2474
9411
8668
8742
7697
5232
8017
9428
7066
3579
840
1386
7239
6894
5895
2634
985
4054
5246
259
6117
5929
4437
6590
6308
8202
7463
7191
142
7693
7423
3920
3091
5416
7628
6559
2227
2967
5799
6092
1581
5910
1646
8911
4572
4560
9086
6772
9151
9423
620
1191
1266
2579
8348
3600
4685
4802
1182
8850
3423
5072
5558
1268
5170
7184
7091
7971
1555
3131
9288
2478
174
6555
3283
5585
854
2222
1072
7587
291
8915
8191
5957
9442
3676
3153
2420
7505
5067
3216
4640
1392
1518
4198
9314
8639
6928
4182
3218
1038
8813
6951
3981
1505
3928
471
1819
1636
8086
1669
6931
585
1843
2264
6282
3611
4376
1580
5439
2436
347
8729
8572
848
6334
7713
712
7472
434
6059
6826
6014
6719
1211
986
7920
8795
8124
2071
4467
3680
5543
1111
8039
3850
8476
8393
6122
1190
4048
9285
694
2321
788
2822
4431
5255
4221
6163
2490
6617
8294
2305
8122
4698
2094
2390
3727
6415
3603
5236
6935
664
6994
2161
5540
9153
215
4099
9024
7757
4457
1582
6623
7608
6184
5533
7610
6257
4344
7975
7701
4956
201
7675
1733
2701
9308
9312
5164
2330
8545
7462
2861
2097
4739
4806
502
9497
5086
3772
7998
4562
2938
5961
101
84
5832
2010
2458
1128
4880
8931
3523
7221
6997
3052
1281
4992
7791
3102
4679
8071
3197
8291
6295
7534
9014
1873
1881
8792
9348
3766
8814
97
1975
5973
5010
1785
5455
4776
7094
828
9326
1826
5911
1547
8995
1117
1501
7571
5605
7599
4629
9096
9316
933
5248
8378
344
1276
741
4210
312
3705
6858
8054
8421
686
6096
391
4321
1420
4682
8490
5208
4075
9049
8548
1309
2890
2185
604
2517
4230
8238
2473
3906
6237
481
1042
8925
5268
658
8093
8682
8388
1657
7104
6228
7932
3356
5752
7015
6998
850
2419
8308
4463
3574
1313
2718
2706
6684
1995
6821
5342
311
7720
3726
3200
6484
2606
6198
3840
1706
8255
7787
3444
1672
6134
5568
4117
939
6720
3512
1114
4077
80
5513
4200
6852
6598
2038
9437
2171
7667
2062
4559
799
9250
4094
3140
7643
2370
2418
5748
7919
465
117
3637
1338
122
1394
7491
1999
3754
4796
9335
7889
5487
4596
5880
5467
414
2805
4515
2156
4450
9129
3856
1526
8533
2060
6038
4663
1658
6904
1254
3796
3854
2823
3634
815
7873
5967
1645
892
5080
7106
969
7690
2663
2360
7674
1347
5052
5229
4620
3902
6418
752
7669
3730
3997
3354
6293
327
4614
865
5729
7471
4317
9050
7063
4163
8040
2353
4189
4394
3475
2980
7957
8407
6113
8727
5591
6091
8874
1909
8769
210
2837
7758
4628
1377
7726
1915
1436
5866
1374
9337
4851
5708
4199
441
47
3988
7949
1
119
8794
6664
9353
2824
6017
7680
5687
660
7107
1668
5200
9033
3633
1026
3703
1891
5763
1415
4594
8917
2672
9067
8274
5046
5682
8468
4870
8439
1237
7804
6616
5418
227
7256
1793
2310
7281
6146
4030
7270
748
3388
3965
6172
578
6662
3891
7775
5309
294
216
1870
2730
2025
3793
86
3243
5535
3286
6549
5462
5963
5847
8228
9370
3834
8376
1491
4043
9202
564
4312
2228
3405
1088
3034
3524
3230
8770
3982
3580
6411
2087
7193
1293
2879
338
6322
7620
9269
7054
4699
3809
4242
5530
3683
8519
8970
526
7673
1986
5347
838
1798
9061
2786
2195
4774
4653
8611
2083
7619
6061
2569
1402
5477
3110
1872
3183
77
1946
9430
4557
1204
3567
9118
6341
7700
4888
113
2917
5674
61
1910
5336
6851
898
4264
6880
967
1941
5817
2057
6391
3162
2280
9223
8596
1092
4967
4051
1320
6638
3195
8361
4632
7156
7808
656
2922
6407
4762
5764
2155
6644
8745
4608
8811
6715
7340
5222
3868
7899
4831
5506
882
7942
6610
9421
9406
9506
7841
36
7278
4275
980
4279
3469
3387
208
1378
9039
363
4143
2727
6980
4617
740
1046
743
1868
9074
1287
6847
3441
3665
8733
4722
8810
4243
7732
320
3656
5633
4089
4259
319
9439
2121
8991
9415
1014
8021
5
3160
5718
7521
9320
2818
3717
3450
6209
8555
3598
4453
2931
1095
2642
3083
99
2494
3035
4316
8126
5434
131
3736
2379
7185
369
446
1742
2835
592
6451
786
7525
7061
4555
5920
2993
801
8743
1714
9530
7923
8288
1379
0
3558
8375
7572
9245
3601
442
1200
4141
7088
9236
5040
8450
5838
498
6764
2145
8109
6651
252
7981
5805
5609
3551
2393
9132
3700
1700
2535
7279
3353
8701
1514
1847
8044
3347
5002
3606
8505
7322
9152
7845
6517
6689
8092
6914
7684
5144
7569
1445
871
1232
3894
8129
27
8666
7296
5489
9208
3316
7888
5722
2873
552
6521
2712
8983
746
6631
6936
8461
3408
5517
7847
8211
3881
599
2214
7870
8634
2584
9457
614
11
6709
1839
6326
2811
2361
5165
4954
3842
6145
2645
9409
6386
1611
6564
7865
2650
5741
7864
3203
9499
1773
7452
4694
7275
9493
6165
9082
1094
6888
4121
5731
1741
8837
942
1439
8085
4693
7334
4536
1831
4100
1261
7996
2542
4655
3872
2356
1879
4947
1604
3660
8645
6812
5937
9079
438
9123
4531
1475
3352
8537
7235
9188
4478
7578
2498
8963
2089
4597
7892
2363
5587
7618
6074
4603
554
6844
3745
8735
6490
5239
582
5219
2524
2591
7397
5637
1370
447
5986
7341
2119
3049
7727
8357
8907
7166
807
5100
62
651
4754
177
1892
2643
5531
8873
6168
3674
5848
6786
4673
7058
7417
4807
3071
5858
4794
6923
3763
4642
1417
5162
4138
2298
4842
5127
8144
7381
2937
1437
4023
9263
7335
4936
7421
4650
6728
4130
6034
5155
8883
6314
3890
1454
182
2103
3152
4355
782
407
4985
2163
5991
8766
5006
2957
3155
8011
7871
9350
4485
8997
6569
1369
2929
6703
9283
7513
1438
2862
2336
5469
4173
5140
841
3342
7437
8313
6440
4
8797
8496
8451
7735
1689
165
8465
6950
4681
5928
1983
3335
2178
2752
3648
3133
4408
8499
1149
6223
8632
9177
144
885
7357
1274
9523
5972
3089
3898
7072
1316
6942
4895
7195
706
132
897
5919
3281
1974
2812
2698
8198
5818
7129
6335
9072
3323
6704
6523
8859
4342
8601
5107
1943
3903
8297
8360
4026
9567
22
2732
8438
9391
171
6753
9553
760
3331
1667
9020
6697
2465
7320
9053
8777
8787
805
6035
2903
3737
3642
3425
5576
1405
270
683
9064
4618
6562
8842
573
2441
4917
306
1044
9282
7216
4147
6768
8994
8133
6667
3126
5385
2124
2049
3364
7060
6717
6467
4541
5834
9115
3688
5278
1769
3882
2851
2039
8497
8918
3702
2982
3852
9041
2843
3526
1074
3346
3031
1198
6511
545
5693
392
6033
4949
2987
3899
3328
1317
4527
5186
9036
375
4987
8633
4849
8851
6067
4675
6519
7284
463
7937
5103
279
3994
5792
265
4927
235
790
6985
6687
2073
3630
2322
8751
218
3278
929
8260
1695
7810
2108
6143
1747
6472
5697
7079
8151
5852
3319
7070
456
6567
6303
601
6774
4509
9479
5305
44
5719
544
9124
3985
8621
4251
7379
3014
952
4206
8074
325
4065
9447
3127
2749
8432
7689
4000
2106
3344
1607
7321
7535
7036
8427
6653
8369
4707
1344
3261
857
7287
9091
5798
378
4765
4498
1424
6414
4878
3966
5206
3813
1947
3025
7354
8306
9108
8707
8483
7080
1472
5299
7929
9279
3915
318
4241
8550
2232
3519
8014
4672
9371
5426
7127
1931
6674
7567
3238
6499
4231
2860
6233
1908
1433
6127
7982
3084
834
4934
7240
3057
677
9205
8067
3241
247
4881
3369
6854
992
1922
1533
2758
8887
1710
4438
1629
4423
1852
183
8662
7570
3724
5829
4553
1709
2565
2308
6192
8158
3555
2488
1093
4607
2717
7410
184
4008
6115
539
649
555
4928
8094
7712
4896
5778
5447
4768
5584
8217
624
4388
8771
6800
340
5999
8082
6349
8341
8200
7261
5626
4374
1071
7490
8099
4635
9368
3496
823
6996
5081
1731
1137
723
5263
387
81
7
5685
410
1899
6915
5734
5212
7312
3109
1808
1552
7623
4558
4270
9558
7508
8748
2328
7326
5468
2040
3074
9519
7376
1212
3708
3713
3846
3236
4113
5661
6001
3166
4883
8295
1342
1385
4937
5258
69
5774
9287
200
9158
6648
19
4540
2422
4146
2881
9417
6502
9459
5497
769
8
5931
7662
1013
7642
6
5787
9117
4598
3295
2230
5300
638
9548
8262
6354
5606
6963
2217
263
8402
1277
3260
8066
780
4994
396
172
1403
603
3618
5195
3731
4282
1858
4283
613
3614
5641
4490
7328
7436
1630
6370
5565
1984
6773
453
4387
3955
6281
4907
3528
5070
753
1401
6639
2631
3659
577
9258
4284
1066
3612
2278
4353
2627
6816
1465
7939
7338
5253
6291
1382
5665
6193
7076
1306
2780
6713
757
6666
1056
9517
2757
2206
1783
8063
2127
5598
7359
8006
5356
3248
2395
6161
1585
5780
9240
9323
6458
430
8642
8325
9099
7630
4727
3822
8165
5272
367
2803
3287
5959
6538
8359
1174
948
9564
9470
570
1283
777
5083
2601
5362
2079
716
2477
8336
7325
5827
1617
5964
6175
5399
7050
1971
4348
4971
2708
488
3513
7853
610
8664
9101
4517
7967
7158
285
7454
9407
3416
7244
7372
2504
1653
1655
4903
1061
6323
8969
4150
5415
2736
7116
5145
8731
3455
3303
4854
1802
8778
2615
4890
5217
2294
2462
5259
1257
5265
6668
3399
491
7120
3819
4195
5636
4666
3017
1656
1030
9008
7802
5801
3290
509
3041
2394
1151
626
5146
4738
1069
1335
231
1107
7178
7834
292
4082
5886
2380
4477
6188
5059
3147
7251
3030
4595
3741
4416
8605
2125
6714
8111
1205
3781
21
3477
3215
1166
8159
7540
66
1718
4108
9235
3514
8219
1662
7902
9
5619
3670
914
4464
9456
8203
7089
3711
9175
4191
2763
1981
8068
1851
13
5738
289
8597
6012
3324
7552
6389
8982
910
3452
8152
6808
996
1296
3489
4717
5546
6580
927
6372
8607
8862
1954
479
8650
8602
3643
5191
1704
409
4186
6710
7562
8371
6424
5358
8672
8098
7449
7539
1003
8087
7862
9114
2201
4819
1596
2680
5456
6052
466
9534
5549
1942
2022
3534
6642
8938
65
822
5152
8865
5534
2407
6833
4777
6029
7405
4372
9134
5429
9264
1716
8618
8248
4433
9522
1339
3673
8431
2512
3976
1781
6046
6239
583
2563
1939
6076
4988
8648
3310
1130
7722
4257
149
8447
8096
3936
830
4330
7977
8190
979
6320
166
2623
5104
7188
2702
6078
4249
6099
9505
7749
6064
5436
7698
1855
397
2768
473
9007
8117
3171
5631
6806
8412
8121
6916
5156
4214
8488
2624
250
8001
5788
9557
6332
789
3033
3107
4975
4864
3417
5842
4503
7824
1089
3222
541
8947
5116
4351
