9382
4977
8220
8179
2410
8245
8212
4597
6126
474
8985
3601
985
5506
7508
2270
1315
8787
2068
249
7630
7606
6595
7562
5385
510
7618
1655
3811
3246
3635
1592
7782
2106
6129
4155
4697
6349
2704
2208
8910
1225
7733
2729
6152
4238
2492
8731
745
8181
4469
1535
2430
4868
4980
6645
6875
5050
6477
799
6528
5810
6363
4283
3683
4195
7235
149
6740
7784
1451
4394
4444
181
1601
2571
2605
2945
8076
6779
2325
514
4065
4339
7532
1005
4404
2581
1189
5782
4270
4956
5285
5197
3769
4682
6227
6274
1795
5923
5304
902
671
6273
5133
9123
5274
2076
3617
8460
2006
1983
1666
5213
7497
8117
1629
5124
96
3852
5020
7398
7058
6674
2537
1056
4370
723
9205
1880
2540
9358
5132
5333
8330
5932
531
5250
6163
1444
5997
6241
1514
4043
5673
7461
5445
240
4764
1418
1339
9399
9026
9022
1224
4482
688
8244
1921
2590
2174
8970
7613
7208
5182
6920
9277
1660
3375
290
3120
3237
914
4264
9256
5065
53
573
4981
8677
7712
8573
2970
3071
1413
6524
6869
292
1207
6484
1957
9062
2926
8811
5915
2985
9267
6947
8932
5462
2999
1970
4614
2193
3547
120
4628
5005
4884
2701
5364
7415
5588
8168
1858
5151
4253
1241
9443
68
7955
1077
856
9529
1766
4653
1387
1156
7764
5956
8549
3175
364
7339
9295
9442
599
4878
5905
806
7824
6782
3064
4052
5386
8096
4416
3566
3675
2971
376
3411
6541
9129
6471
9270
7125
5476
9370
1466
6726
1992
6804
6546
1371
3478
5644
8313
6554
999
7364
6954
4925
6774
1645
1895
2000
6718
404
4451
3200
9225
3203
8479
5077
7122
3191
1966
528
7370
2871
1347
6625
2306
8623
2035
1510
8142
4811
9521
6979
1643
6097
1247
1888
6000
4371
6512
6115
6267
8702
3600
3423
6924
9234
2428
7494
2795
8357
4579
5594
8609
6136
7266
6150
1959
2056
1397
5054
5538
3710
8749
9272
1175
6996
3680
2059
7840
4552
2730
6387
1263
3909
7767
5115
2043
4799
4543
283
3254
9359
4260
6207
3960
1081
2552
545
1194
7028
5630
5577
9209
1222
3360
9153
5064
2321
9214
2631
2848
4258
4941
5357
2652
5824
1360
7154
3812
5129
1926
647
1896
3748
1842
3370
1665
5171
2820
6962
6898
3608
782
8081
6662
2194
3108
3989
6610
5215
6228
910
8791
7510
8584
2817
8886
6158
152
957
8047
9085
5614
4123
6083
4875
8156
7047
4080
9248
7283
4887
3340
613
9236
6282
5261
9162
1671
7845
7853
3277
8209
7196
401
4119
6945
5902
6479
3283
2982
8
1060
4456
8347
8157
5607
2716
1637
9098
2955
9337
9119
4502
2287
1874
1273
3300
1672
1258
6657
8125
7765
3326
5615
7639
3240
1754
3908
1331
1489
4186
3764
7036
372
1435
5223
4224
8409
4849
1577
2016
8846
8296
6957
8951
5857
774
3174
6723
4581
654
5010
2718
4794
9341
9371
5392
9553
5612
9050
4405
6082
3854
6638
2231
1343
8885
1065
5754
4299
2705
6494
5034
4606
3100
4591
3024
2093
22
2898
1901
1080
1201
6024
8557
9349
8670
3652
7157
6712
1063
9228
4302
4503
4688
1128
4093
3507
6014
3505
681
4464
3390
6491
562
399
8230
6225
5771
4629
3321
7855
1110
8199
4561
3285
7017
9113
1297
272
9504
3631
3467
5210
8613
6394
6062
3489
2053
5216
6745
2254
677
5689
7776
7793
5687
7749
7380
173
4577
2426
3041
7590
6826
2783
1345
7922
4322
8547
3382
9112
4960
1025
3281
4042
313
7115
8694
7738
8394
8812
4930
6310
2470
3797
3592
8494
1050
6250
7526
7021
9308
838
8143
2345
7813
5803
4413
1483
6794
1840
5821
5914
5194
6739
5716
2033
4417
6974
9285
1967
3438
113
8441
1913
7811
1715
4401
991
2220
3133
8998
3689
8349
8710
145
3895
5988
3093
2182
821
2866
576
2699
1953
7841
3229
5865
9064
6364
2666
1977
408
9217
26
3705
8408
4447
3074
2152
7117
2904
1573
3595
3269
3708
8072
9134
8106
4352
5176
8295
7009
9509
1726
6101
9312
3451
6605
228
4319
3400
6617
1448
4481
1700
3415
3313
6891
9476
777
2221
1642
258
2543
9538
8342
1641
1169
4692
931
3634
2443
1868
7759
849
184
6300
1091
8123
4215
3783
393
6822
5817
1775
6991
163
110
7893
596
3508
7254
4691
7572
2585
1424
9276
609
3123
4025
7631
2377
2588
2765
6035
8169
6969
2049
91
5691
6936
7850
2942
4364
9163
1774
2744
161
7444
3531
4766
2968
106
4792
5674
2641
6953
3658
6379
213
2402
1758
3195
6317
5236
5055
2320
6432
5547
6824
6185
4769
8997
920
3511
3079
1093
5822
3858
5410
4373
9049
4528
2161
4249
1571
1155
6401
7787
3083
8858
4664
4335
7857
800
8756
320
4004
378
8419
8981
3260
4852
4704
2979
5949
7979
1605
8857
2752
7209
6846
9421
3522
5264
4455
9296
6630
5122
5629
9560
3222
4409
8979
7476
8628
6816
2317
5191
4232
9280
8116
179
621
4036
70
2959
3985
5439
9255
5658
1089
2310
3253
8999
5408
2212
5748
6931
8883
993
8809
6138
4095
6573
1914
7055
3481
4008
803
7175
2163
700
2266
6694
2544
1547
2290
8017
5013
1830
2913
6574
5531
4945
4317
2751
8832
8533
4415
4824
2808
3060
1845
658
2066
4965
2844
4999
7713
7373
6289
5362
6542
6464
9002
5840
1712
6468
9250
8558
8607
7859
4525
8599
5231
7743
7347
5628
3171
476
7342
126
5456
501
8422
8336
2215
335
1515
1765
4225
6397
374
4598
6514
1102
7233
4728
4005
8603
73
7668
7972
1431
7145
1296
4336
7491
4734
4219
1539
4433
6327
3048
5696
5878
8074
1067
9150
1350
6700
1595
5981
7124
3334
2332
1785
2225
709
1244
2863
8569
8529
6338
3743
7958
2566
3306
6971
7948
2184
9027
1145
4467
8335
4533
3255
3007
2398
2071
5155
7349
2154
3182
4152
3129
2125
8742
5323
3367
8207
2082
7334
3339
7442
3331
7153
6385
4905
8358
2572
3526
8439
5718
5706
6903
4338
833
4070
7549
712
4048
1167
5305
7908
7762
9306
9143
2148
1528
5417
2867
8632
423
2329
4122
2599
7063
100
6955
3021
7507
7151
649
880
3663
1658
4244
4297
2663
6997
6415
3437
3096
802
7180
9219
2648
3144
8151
812
4660
969
3238
1974
7797
4118
261
8003
6243
6019
5142
2240
6015
2172
8936
2948
5650
4010
2404
3399
822
6094
5329
1797
8754
7604
8334
6446
4863
7830
6919
5823
257
7421
5886
2742
3494
7659
3213
9016
8636
4292
2236
4179
8379
6189
863
968
3597
3664
1964
9245
1320
2806
6319
5500
6077
2109
5220
8706
7322
6255
665
2733
3692
1183
5980
994
6797
2330
8630
3673
7277
5503
5507
735
7130
6497
8071
8329
3231
813
678
5497
6522
4046
2584
8240
9039
571
8185
3629
936
7959
2246
5461
1380
5056
8132
5724
8019
2535
660
3955
4
329
3712
7005
4555
1551
7002
762
2023
3178
5544
7264
9293
6923
5622
6055
7550
1762
8810
4279
5561
4892
4844
5969
24
7352
5153
4648
7680
8024
1164
6179
112
2178
8414
8050
2532
2170
2579
7372
5545
989
6982
6703
577
1115
1557
7862
7316
2219
3863
4107
1998
8338
422
1428
1260
6686
2656
4542
8553
7466
5789
8539
2640
6817
7619
2462
4802
7519
5575
5608
4806
2024
1546
8836
1009
8351
9544
9369
1484
5943
2322
6160
1255
9080
8838
8912
7577
2211
8411
6043
8867
8954
9189
1002
7530
6404
3091
148
1139
7312
7457
8897
523
9087
5493
1804
8853
9111
3012
88
4021
8236
897
7715
7720
2489
4208
1377
2179
2592
690
2887
4428
2274
6750
8538
9177
8963
3990
6579
3875
7001
1239
7608
8196
3381
5457
1349
14
6749
2415
7412
8937
9072
3893
1383
4082
7450
6975
823
5145
4839
8089
5779
8633
7646
6527
9091
4239
1777
2608
9074
1262
2156
9460
8332
5527
1419
1137
8850
4983
4289
8090
2092
4167
6730
8546
1367
8759
2612
6738
2764
1228
2812
1937
3884
6575
3921
9075
9146
3192
8511
7816
714
6728
2171
9445
5730
4975
7201
8478
2474
6485
6270
2672
4831
1304
1443
344
3099
3685
5784
2463
1927
6124
865
2190
2500
2406
2950
1663
4330
6309
7516
1740
7866
4698
3993
630
5088
699
2931
2014
6655
4501
2940
8122
5747
8975
248
468
4325
5119
5647
25
8841
8344
1860
8087
5438
29
8753
7609
5568
9012
9292
2433
6894
8571
7353
1142
250
3185
7900
2804
8165
6408
9533
3052
5282
3396
4506
4019
9557
5829
7128
8544
1504
5709
3510
5230
9391
2526
6911
4177
5710
8092
6149
6534
1898
5006
5539
9069
1293
21
8380
6980
4097
2975
6956
3914
9216
4786
3190
6295
1455
3536
7745
2655
7152
7223
1163
3401
7622
1676
8302
1709
7711
6567
8907
8237
7311
315
948
3121
6198
7925
8416
7742
452
3904
7230
706
4775
6409
6578
9401
6536
6469
7665
8119
3823
3856
1403
451
7751
662
7327
7701
1744
5773
6431
715
2911
488
7520
9115
6833
8107
7884
5184
4127
4991
5533
4955
796
956
7541
9191
7492
7901
3139
9110
4642
2449
1267
1980
6885
5737
9107
351
1628
6948
4584
1382
7524
7957
7612
2425
6673
9151
2628
4985
6303
7237
6223
7137
7282
9239
3583
9483
1534
831
7522
8005
9271
7852
6828
323
6170
1447
2977
4385
6533
7967
2694
6413
6747
9535
5838
5719
6608
4639
1570
7470
6028
5415
1996
7728
4009
7231
3779
3827
5777
5127
4678
8955
7455
8758
9310
2380
661
3896
4377
8827
1512
8847
373
1919
8988
1772
3548
5121
2187
7920
5416
4801
7436
7906
4011
8508
1761
3227
7289
5758
4515
3534
2108
5983
7560
7392
2788
1162
390
9259
9547
872
5237
1465
82
45
8471
1847
3957
158
3660
6757
3570
3545
4027
6489
6036
1889
3
4500
1234
3661
2203
2793
7387
2917
178
3941
7956
8325
4910
4544
2293
8265
8699
7536
5884
7760
3539
2547
6176
2301
2686
8227
3627
5470
757
8281
255
1916
6098
1180
603
5957
5265
3860
3349
222
2821
353
7744
4266
7987
4217
8863
9218
1597
9251
6724
3110
5428
6108
8721
9552
3774
3939
453
7306
4241
9261
5162
3796
4035
4015
9193
4166
4944
9311
5818
3933
6427
80
6821
8435
5401
8880
7592
4968
8660
3659
9056
6689
883
3699
386
2962
6205
6423
7886
5101
5899
7200
5669
1417
965
731
6519
9128
1580
7224
2253
1438
6644
3330
6290
7102
556
7971
7623
6049
331
4679
2085
7708
3963
551
5082
2185
266
1246
9433
2417
8775
7774
5402
7552
5581
3124
8426
9086
8077
2323
3084
5898
4836
8204
4872
6493
8388
2135
9375
4982
6500
4675
3784
6362
3622
7804
703
8869
2438
5195
1817
4178
9513
5047
8274
9180
4976
2061
7443
6501
6859
5869
1270
3973
2983
5224
5794
5694
4670
3376
5435
7934
3947
9155
2339
7593
1524
7114
598
3530
5441
5068
6729
2976
7843
7825
4168
572
4211
7632
1
6390
7771
186
5763
6154
4050
7113
8180
7090
387
2483
4247
6142
8781
3371
1486
325
5041
9539
3503
1805
5009
2477
2206
3669
3268
9548
8280
5083
5685
7288
3051
2100
4938
925
3737
9430
7023
4139
504
8658
469
5961
8793
9117
6684
5283
8524
4718
4709
8825
907
5585
1832
8831
6117
9541
3077
4084
2740
7814
101
6192
5667
2239
4073
2130
4022
262
2281
3466
5811
7134
4448
6601
5159
3793
7777
208
5269
7710
1736
1897
3043
505
1272
8745
9196
6173
1850
8961
672
6612
7070
381
6809
4851
2358
4834
8987
5427
3279
3815
9372
8782
127
9336
354
6619
8000
691
1401
5970
396
5168
7440
5805
2762
3979
1825
6111
3031
5873
4199
3575
9199
3690
9173
3469
2191
1976
3703
1969
3637
4595
6332
3034
48
689
6171
6076
4074
2792
2865
253
3462
4644
1453
3676
5491
1076
7
539
1250
317
7645
4181
7271
5160
1694
4406
617
5946
1172
9077
6436
8301
772
3197
8028
6870
2728
341
9531
2746
8779
4557
2708
2727
2138
841
659
5643
2063
4713
6884
6800
7838
1584
3750
7503
7772
1471
3839
1470
1015
3440
2939
8118
5947
8402
2461
5589
6503
5257
4109
5259
7314
3543
5572
8647
3841
4133
5616
3766
8091
9001
2368
8461
8485
8190
9015
7404
8251
7699
3735
3286
3980
2045
4509
3952
8671
8250
8801
3106
2756
5936
90
1932
3755
2527
1801
2146
586
6037
893
3867
4789
7517
8373
7736
369
6017
801
7635
4480
6237
6031
5026
7723
3899
2775
3727
2684
2242
1386
4226
6795
4833
4732
6165
7166
8476
2927
4386
4553
6965
8273
2207
7879
9537
3978
2312
415
8324
8935
3923
5681
2617
1197
5676
5185
4262
4527
3582
7543
7367
4067
8506
4931
7040
3072
3864
7100
8392
9284
6340
6312
7044
8449
2610
6921
7469
8548
3359
6736
2143
9458
1654
2331
7786
2828
4284
6261
6664
5720
4310
2802
9008
5830
5317
6296
4513
8984
4468
2089
5679
8082
5024
4321
3972
6448
8177
347
8013
3920
1877
6876
4952
7489
1627
9116
6725
1001
1835
7564
9041
4333
1303
7170
8025
5290
1294
2989
2267
9426
1392
3866
7707
8590
1863
9132
8080
1705
5143
2671
4459
1708
5061
5233
5192
61
853
517
2720
6933
7856
4125
1154
3291
9278
9004
3930
3465
3275
3610
8532
1621
5207
836
5394
7142
7065
8740
2545
7792
4890
7525
7700
850
3665
8620
4818
7849
869
7475
3709
1376
7326
7285
6406
6018
8901
7756
2520
2899
5841
4693
1278
6366
444
834
7918
1069
7573
2598
4191
3199
2736
2388
2466
8824
3982
4403
1783
982
7641
5442
4184
785
8695
9345
9346
6051
4063
7650
6787
3693
2796
5605
5075
5990
1602
6504
9010
5485
7975
3806
1299
4182
8860
4303
1149
5736
4331
3935
1363
1117
7660
5511
6791
4441
9024
9444
7447
6659
312
5764
2469
7904
4756
2589
8345
56
8187
3713
884
3314
2405
1943
7847
2935
6361
5152
6672
1166
2855
3822
8097
4462
8404
625
3226
9187
2284
3473
9019
6434
5275
5120
1699
911
6046
648
6981
1538
7323
5063
211
3117
3486
7663
4473
2505
6392
4848
5889
122
2394
6277
322
8458
6789
7467
2662
4689
8700
7556
4835
4997
6342
5995
1702
4171
5154
2418
9342
13
4079
8920
6238
8266
3688
9130
2690
5797
4499
6353
5740
5541
3299
6141
6516
4624
429
2028
365
1411
6287
7167
2789
2606
9170
3716
4328
18
8021
5069
5369
7024
5288
8709
6293
9090
1894
3475
3567
2326
7766
5985
655
5031
1545
2494
7035
4973
8683
9030
663
4268
3239
1675
4483
3940
6850
5218
2058
6566
6967
4854
7571
8163
5363
4013
5217
8691
5699
8693
8543
5100
7698
7062
419
8574
5826
5306
4062
2894
9488
2042
10
1415
8966
7942
412
4791
7030
8136
7993
2919
2008
2974
8663
7087
8100
4987
6012
1138
8664
5808
5850
9447
448
8268
9011
2956
4592
5870
793
3002
4869
4773
9436
4632
4355
6632
4295
3829
1593
2046
3589
3448
5368
4640
6807
6760
2849
1893
5170
947
8617
5505
1277
895
4932
1208
8473
159
667
3894
9474
8990
5074
674
8602
1755
6374
7864
9126
8768
1852
4814
8962
7529
8320
6032
6329
1072
3742
5008
3424
3981
2843
9
7486
367
2241
4056
5901
7149
6677
7885
8455
8260
7188
7302
8651
2787
5576
6360
5388
8894
5093
4396
3341
2550
1668
5258
8120
5486
455
5322
6079
230
2086
5337
2607
7445
8040
1341
4348
2482
8167
9215
879
6088
5353
124
7162
5778
1256
3039
4323
4235
3318
7578
6041
5948
6966
7999
4203
4638
2753
2055
3181
7084
1482
1716
8662
3644
2403
3234
9320
5372
1781
1407
7559
3906
6643
1566
7136
5606
8060
7818
8783
1732
530
8495
6853
6827
5270
4286
5756
6988
2348
6992
2739
418
741
1607
7750
8534
1459
5796
8945
8162
900
890
3995
1844
7961
2900
3047
5836
5721
3519
7732
3351
5656
618
5855
1988
7286
6
5558
2777
4145
7493
5868
5930
6168
4655
6482
8318
1561
653
7400
5752
4361
2088
755
7293
4460
9274
6635
9416
3218
1800
1292
2693
4570
7952
1848
1497
4847
809
7278
765
8641
3053
8616
5381
5336
3577
8859
2316
92
5941
5518
8499
1238
8109
55
8427
8995
9286
1325
4942
7222
4706
4787
990
5671
4759
7402
5728
5792
7846
4227
4972
2328
8112
8469
5052
6186
1236
4619
9377
5598
5638
7983
5814
7345
3383
3398
406
3950
2542
1982
5703
7716
368
4918
4090
5891
8102
1590
3309
7929
3885
284
4411
5321
1269
7839
6544
4815
6120
4214
1125
5489
2200
9133
3312
2031
3594
6457
3214
9383
1582
8764
1650
9164
5039
3016
7211
2524
5872
8871
6563
9040
3529
9330
9366
5255
1200
60
6206
8014
6776
6499
1109
807
3463
9031
2969
1226
9351
7468
5657
6925
643
3725
743
7250
7199
3464
1312
2354
2760
7238
1718
4554
2271
3035
3599
6292
5002
1987
8730
7434
5634
6480
1357
5563
4933
8001
5618
2496
726
7074
1439
6391
5934
5807
520
574
8054
2333
7807
5228
9169
281
3439
9149
8418
7570
7616
147
9181
2051
9505
4210
8913
6355
8929
7050
4652
2996
1986
5735
1049
131
7779
252
608
5567
1184
8659
9315
2986
4435
7640
786
8144
6323
6594
4332
546
1567
4797
6315
5859
1608
7661
5492
1585
9120
5172
314
9254
1116
4007
877
1618
1554
2198
7960
134
2336
4116
218
1918
9395
42
3911
3609
8377
610
2447
8882
913
1971
4378
8908
5313
5753
3752
7000
8938
5769
4392
1644
8865
1873
274
2040
2288
7581
8173
268
5062
9301
2794
214
1589
5302
3166
2227
2084
1587
5675
5281
2079
8834
8610
8191
6520
199
732
1892
4489
1749
8653
2853
4894
1016
1408
5739
2104
482
6834
3204
7257
1963
1434
8490
5963
2115
1078
585
7456
4340
5866
882
194
4605
5627
1878
4442
3825
1939
7870
5292
5044
8562
1248
8697
9183
538
3003
7273
1890
5828
8103
2951
8517
6825
2915
4350
384
6669
2903
5668
7652
8821
9047
7902
4131
236
1426
7376
102
7082
8876
7399
6358
4026
664
5423
9269
3333
2017
9396
972
3945
935
8991
8188
6862
7903
5952
7717
8555
2517
8814
4899
7873
8445
8576
1342
2512
1257
5927
44
3115
2070
1436
6454
566
8238
6693
4410
2142
8124
6892
7844
3974
4200
2862
5178
3886
4327
1731
333
8509
4898
8026
460
8130
8681
3976
9099
1287
4493
3919
5017
454
6682
8362
1603
4474
4594
8015
9463
5684
4461
4900
2486
2396
8346
5484
810
2362
206
945
3862
5179
9025
303
3038
5235
8018
1274
3647
1214
4205
3241
1289
6652
226
9473
4777
3026
4600
9527
1935
7094
1796
1838
6388
934
6678
1469
1440
6256
6045
1309
108
3788
6306
5397
4089
3859
4858
4475
6288
193
5542
7621
5071
3542
2688
6576
1119
5510
162
5293
5767
2785
9350
1404
4020
7876
1788
5893
7783
6190
4086
7099
2327
3611
5695
5903
9102
5625
5355
2391
3587
6153
2897
7019
2502
4174
9508
824
1656
1495
1281
223
3010
132
4281
5820
7186
1611
2921
970
5890
4256
1336
5700
3374
6495
3101
4375
8400
4774
6244
8438
1748
9258
7160
5867
578
4913
1917
1569
7642
439
9507
2427
6569
3395
1396
6326
3910
4198
8705
2678
1464
1707
5534
7926
9318
2457
46
3506
9159
5852
3282
8502
3590
5955
4958
7803
3373
7438
2632
7446
5655
6304
2243
3490
6607
7937
1334
4599
51
4051
2296
6922
7574
3535
3580
657
6451
6279
5473
521
4726
616
9456
3345
7644
5380
2007
3889
6705
3802
7675
6709
23
2858
3196
1689
1030
788
1423
4393
1498
5286
3619
2080
9491
1216
3795
3927
160
2854
7018
7914
9518
852
4519
1399
4978
1936
318
9165
15
3207
5487
8798
340
975
2471
771
3820
4568
6597
8391
7079
3428
6034
478
5623
8376
7994
8057
1767
3155
6162
1045
1295
4904
3427
2508
6447
31
8387
7614
5646
9131
7600
6873
864
1812
7309
7245
3671
6545
6584
3598
7896
7056
3925
8275
8600
9536
5049
623
115
3967
9212
5117
6651
263
1537
9503
3386
3787
1856
4245
7165
8738
1746
6887
6841
3571
5894
8905
9482
6398
9208
2292
7499
7515
1609
4840
4962
1008
466
7107
5920
3662
4865
1187
7071
435
542
8528
5999
1814
4829
5525
4430
2954
4635
8197
1622
7431
2223
2258
4593
2928
7890
8131
3668
582
5156
3410
3969
499
6543
3999
724
6389
1402
6916
2582
7731
7637
7789
535
9348
7620
3068
6633
5007
2304
7388
2702
2993
4359
1632
3515
5208
3891
2344
8592
6831
2062
9425
201
1210
6187
533
2201
6169
898
8805
6767
11
1827
5854
479
5374
6091
1181
172
6780
7595
1928
8110
8864
7704
3726
3149
8770
3295
1261
2539
4936
5727
8159
2121
5600
5358
2665
6476
5693
3794
4922
9468
7378
7627
8807
5342
2507
7234
1023
7512
7725
9204
5279
4828
417
397
3183
3151
4218
508
7992
2126
2249
4979
4443
3327
1010
251
2119
4540
8412
3449
5267
2150
9210
6426
1724
959
6116
8822
7940
1910
2155
4423
9118
7448
2513
6367
5346
9457
4060
8516
4216
5996
1934
2875
7015
7118
3392
7060
3777
3420
5856
9124
5183
20
7649
4727
5813
3586
9414
6555
7962
3287
4110
3576
432
7093
1773
8396
5247
1526
5352
1456
8434
394
94
9222
8818
8760
6456
6465
1370
2587
4654
4877
9070
2313
1070
6459
493
288
1318
3926
4735
2882
400
9325
5016
2930
1388
9242
8215
6085
8385
1329
8757
7207
1276
8877
6380
4032
8317
3403
5597
402
8729
8135
7012
826
6105
8154
3730
1048
6262
2491
7938
3163
4490
4230
4479
1956
7032
8009
420
3897
5165
6462
9344
8720
5613
1813
2158
8796
2412
1344
6904
3643
9512
6973
2667
568
2563
217
1810
1421
721
8531
6613
9450
6492
966
4114
2807
7812
2265
3656
4908
2872
2357
8519
8980
301
3468
7411
5367
299
9060
8262
2256
8829
9551
4874
5289
5
7217
2451
5202
8016
5110
2978
6354
4846
8689
1876
3018
2188
8719
9253
1298
8567
3905
6099
3417
2283
5405
9462
307
738
7763
8790
3562
555
6507
6191
5566
1639
5108
7203
8923
7875
480
5862
6048
5180
8298
2749
6475
5530
254
644
183
7297
6553
7974
8960
99
8383
908
6072
918
2355
5446
8258
7978
5097
3785
619
8601
4124
534
5432
4951
428
4508
1664
7836
7221
631
4541
4185
7488
6272
1191
6429
7657
105
3798
7103
442
8211
8381
9109
6754
7808
2943
1158
3801
8062
279
8698
5971
7821
58
440
437
6719
1332
475
808
4349
9317
5349
7437
4511
8762
7249
7597
2925
1094
2679
6928
3344
656
235
6061
1219
4146
1770
267
2781
2873
8542
8254
8948
9203
8723
2799
8140
7054
7424
2025
4590
5403
6604
1034
8189
1499
588
502
4625
2766
6818
4267
6932
9530
8736
8884
4995
9299
5734
2574
3122
773
881
3674
761
8425
967
1061
5984
687
7452
4771
1799
6357
5308
7823
7575
2864
4368
7069
1409
7359
4424
2077
1035
5081
8672
5512
7179
6897
2181
6365
4514
8866
1501
4539
8264
8665
5610
789
8915
6648
8045
4807
9565
2353
7173
9176
1251
1961
7296
2340
3358
6125
4296
7881
8178
4711
3315
6510
195
7780
2103
1313
3288
1920
5741
1903
6377
5212
7796
8570
142
5222
6538
6793
1284
8895
5241
6009
9407
7735
8536
5425
3789
7724
7362
3471
7615
5853
9517
4162
5837
2570
6775
9174
5795
889
7270
7253
5169
8126
2658
666
5654
1907
3380
6646
7158
1792
6907
3892
685
6690
8581
2851
2420
5909
2455
7599
6478
9221
7802
4820
1213
6755
2759
1196
4647
2022
8992
725
1820
2972
9441
8464
9013
6452
5434
8205
1352
7171
1958
8891
6593
7898
8717
6259
4104
1769
2255
9158
4069
7377
2603
591
5570
3681
1291
1704
4494
5599
816
1759
6104
4671
3546
6713
1904
5895
4720
6930
6417
787
6872
6977
8058
6382
4248
5116
8597
3422
7383
4757
1133
4841
3807
9496
8283
564
4357
7360
2923
5444
2944
3684
952
7108
3202
6435
2067
3970
6316
7502
1933
7255
2346
2861
3271
8816
5107
2452
1552
4169
2700
5490
1395
1710
1875
7096
7945
6213
2390
3205
7126
3063
6301
729
3008
3924
174
4906
2456
4559
1696
3311
2647
9197
421
634
8104
1422
4538
1452
9156
3606
3568
6748
3090
3844
3994
3714
4236
4001
1815
1425
3302
4783
1884
8315
5526
1562
3056
8231
9103
2448
6418
4471
637
6702
2565
981
6878
7013
3266
486
6343
4921
202
6211
6314
4454
2634
698
1568
36
3691
5896
3011
2429
1338
5053
8023
2803
3968
2123
776
6660
9067
939
3219
4231
894
4626
5702
4768
7206
2286
7256
6874
3212
7106
1564
9076
450
587
8711
1140
9357
7977
5459
9094
6687
3148
6603
1018
1384
4312
4449
4431
6112
5711
9281
5339
1869
5780
8384
3813
5580
5582
4657
3109
1365
5378
5395
1340
3942
2407
6399
6808
8924
2315
3457
3749
7912
9327
6307
5885
256
3404
4223
7218
3156
1017
5960
32
7496
6424
4535
3188
1780
3001
2823
1264
1885
8150
3278
7161
2960
8255
3706
6122
6571
7191
3273
2424
6929
2914
8055
5338
4566
9097
3882
8375
5783
2953
7110
7917
409
4395
4422
9066
3444
4651
4269
8417
8475
3027
955
1084
4780
1857
1429
8614
1308
9305
6814
8591
5559
4564
5686
6483
7545
5515
1794
398
7837
2938
5095
7705
5111
1059
37
3616
9289
8279
5586
4344
1152
5384
1711
1938
4151
5968
338
1038
3560
2961
4620
3513
9294
9068
8737
2176
3687
116
4609
3270
9374
2715
6802
6989
8650
5225
4708
9089
9459
6291
7409
4998
1317
3322
3728
4076
8386
2334
4587
6890
9005
1412
1020
224
3384
5819
8513
8326
4615
3176
4363
1480
950
4810
5375
6121
2859
7049
8611
2183
7458
6084
1990
8788
4382
5164
8889
9237
2101
5096
9051
1681
9283
7673
9387
5508
4374
8474
2922
2414
8813
5637
1922
753
8668
1946
3986
1103
8319
309
9291
2476
995
8223
2692
1130
7319
8467
830
5842
3280
601
6798
3066
6940
1519
6209
8277
4558
8202
4492
2139
4761
2484
9145
7678
1311
8777
2619
7226
3775
4683
5348
4694
3956
5680
6174
3365
8976
4880
1275
5109
7773
2197
2973
9122
59
5345
5945
8718
98
1179
5118
1962
1288
1652
7410
2525
8684
8436
6092
6066
5399
6218
8656
9246
7014
1739
1358
6565
1151
7363
511
6889
4618
8566
2291
7558
4572
6090
5278
7785
6511
3164
3005
3250
3588
7931
4617
2741
4779
6245
1968
6680
6857
8522
5641
6070
3496
1791
7232
1836
4240
1053
4512
5839
842
8565
9045
8095
9434
1307
3391
6742
7088
445
9526
5750
4845
5040
87
4809
282
886
3492
4532
8292
5421
9288
9542
1793
5557
6430
2941
4466
5701
8226
168
2668
2210
2480
5131
3434
4206
6232
5347
3966
2175
9009
4800
3355
9549
78
3828
7655
7748
4159
7546
7930
3352
2314
5592
2440
8149
4000
2052
7800
873
2299
4083
8577
9498
3137
7381
220
5804
4947
234
5219
9495
1361
4311
7832
8861
1619
5994
2102
7132
5722
1721
464
4383
2039
6706
751
8010
1105
8489
1729
6942
4658
636
8069
8968
763
8560
3154
5729
4276
3323
1837
6631
7521
7672
3521
5661
6771
3378
5670
137
9550
5907
6204
2384
7433
2157
8919
2626
3778
6838
673
7854
1900
4949
996
2095
6022
9520
9063
5391
7741
4857
1677
3604
6868
1923
1640
357
5802
5343
4432
146
3579
6025
8037
4948
4320
9519
5967
5455
1981
2776
2824
2835
3495
5098
5742
4891
2262
797
2541
2912
3217
1518
379
1366
75
7910
5556
7518
1965
6667
3902
8044
8004
8727
2029
7996
5843
2295
2268
2133
2677
5992
930
4144
6059
6840
8501
8771
7916
2034
9263
866
862
8682
1734
6650
6356
4926
8986
3584
6994
7583
3845
8561
1490
1503
7480
6132
3657
5786
1316
1143
425
5596
8322
3298
704
4193
2026
5708
4832
2649
6271
7633
5060
3840
5565
4039
9003
7092
8228
6614
9249
4723
7429
2893
4265
7213
1231
5310
7888
6777
7379
4705
8726
2226
38
8429
7386
7214
69
4623
7540
8751
4796
4172
9213
7586
3167
4724
2019
7324
3044
8206
5774
1613
3670
1653
2990
7580
5731
4843
1598
3158
4702
3527
198
6679
5209
1321
5483
5324
1779
7523
3574
6665
1136
7337
2186
7594
615
382
2964
4946
275
7348
2957
2755
5177
2696
9429
4659
3187
7611
8820
2633
6830
5253
3126
3059
4054
1026
8079
8926
3516
5271
2881
8993
7858
1118
4059
1479
4882
7973
4207
133
2635
5759
6941
5404
5340
6993
8828
7539
5495
1662
9055
805
1989
7393
2481
5331
4778
2478
7011
9439
6011
8852
2441
2967
1542
1742
9282
997
2644
6450
7425
1135
5919
3646
7754
1828
2222
1098
1687
4250
2883
4712
917
6134
4156
6547
5033
5277
5104
2110
5812
798
3216
3004
1960
2575
8679
4805
1405
2392
825
6063
6692
3140
4204
2514
899
5776
5125
4742
5844
9480
9466
3780
1560
7982
111
3112
5163
6675
6582
6373
2189
567
5975
650
8457
7077
8029
868
9057
5130
2411
5900
8969
7718
8520
4668
7220
1217
3603
5664
4369
8649
3912
9352
736
3372
363
2166
3962
5190
1114
8242
9171
6999
3325
768
8340
1381
4765
2932
1670
7022
676
1684
5419
3642
2673
4916
8310
870
8046
1839
5350
1999
4681
6147
5084
3170
2037
5683
3913
8741
6765
8909
7076
7414
8352
2810
104
8011
8053
1576
6758
8583
3335
1549
411
9043
1268
4221
5126
2247
744
987
3965
276
4356
2252
3954
8175
8121
1790
5001
388
1680
4023
986
5892
7308
6065
3030
5249
4549
1522
2721
2905
6359
9322
3304
4685
4964
557
3958
766
2907
7105
497
4031
7490
5933
2622
2732
1798
3105
6093
2868
2251
1979
7674
6128
9567
7052
4041
5150
8337
1487
9096
5713
356
2691
8646
7147
6463
3085
6515
2523
2421
3406
6178
1333
1851
6268
6155
4092
7585
2687
7544
9406
7287
5437
1229
7935
4390
3210
1745
8098
6783
414
2784
4197
4029
3907
5760
3142
9054
7537
5799
3029
9328
118
537
4928
9367
5879
4141
9427
5678
9038
8575
2735
4111
6064
3877
5418
1548
4326
4510
5200
2725
7851
1375
5245
4085
5645
7679
2713
5136
2838
8735
6386
7479
6581
9543
2558
7219
2335
7112
1588
191
7228
4288
855
5635
2709
4098
1146
963
8680
7791
7533
4673
695
549
6285
2890
7408
6137
6768
4102
3563
7010
7584
3303
8862
8229
7871
2159
1359
84
5845
7178
7882
6620
1995
1679
209
6866
1446
6253
3971
8368
215
5254
1991
1106
4674
7892
6196
4530
8105
6335
8331
3332
8830
7867
9389
2840
358
5186
2811
7548
7148
1713
7046
2083
7159
2137
3843
5513
8249
7430
7909
8145
6305
4033
4376
2711
8323
9528
389
2047
9059
7995
7059
5137
9400
7894
7394
8088
1615
7964
3677
6523
2218
2621
85
1182
4790
471
4855
4429
4014
2724
532
6815
4517
5982
9452
5426
8099
3328
9065
1942
1543
940
4707
6215
9354
1232
8085
3655
8716
2797
2815
1727
8397
7656
2745
5332
7310
811
6294
2651
4722
8184
8083
6640
1831
7422
4603
8803
7553
4739
3343
1829
2153
5242
5743
5663
7020
3561
1494
5848
8815
4934
6100
3849
436
5942
2168
2676
6899
9545
4710
7194
1373
5501
8675
9402
6908
7563
1457
6865
1086
7719
8715
4850
2141
3738
2038
5551
2731
2819
740
461
8587
4665
5827
9194
1984
7944
9243
6166
7294
3015
3264
6557
1400
2531
3387
828
1553
3732
8108
6254
4750
6027
4588
5888
3632
233
4631
8789
3261
4254
3251
4808
5639
9338
1266
8321
130
8372
9036
6698
1280
7321
7454
1630
4867
3194
3879
2963
9257
1871
2145
3591
2381
164
6707
1723
8752
5387
8305
912
5204
2383
8687
6852
7835
1891
8918
7868
1861
171
3267
2044
5144
4103
3532
5206
1682
6226
7834
5611
6710
6371
5043
6298
8629
5361
243
6762
6481
5749
4822
9275
1864
8398
8307
4747
3223
6642
4463
7806
7911
8115
2536
2444
3878
2289
5502
5173
5377
3767
6199
8676
3549
2364
2660
1872
3067
4024
4725
3569
6067
2981
4003
4143
2050
5550
2723
3036
1454
5315
2408
6572
7511
4160
888
8300
7689
1634
4817
5860
3736
5135
5280
3224
4135
1124
6096
5059
457
1559
923
216
3206
3419
7865
8624
9559
3019
2779
4407
4585
3842
6222
6561
8374
717
495
814
2385
2269
3614
1579
8638
5453
4649
875
3193
57
2562
6587
9335
8291
4672
9167
9484
529
3435
4438
3456
6057
7141
8708
6976
6003
1052
8303
3152
6445
9052
103
83
7778
1550
4176
8403
3228
8101
7343
8361
871
1159
1460
8267
237
2027
5243
6766
3873
6663
680
1819
182
6324
5263
270
1330
7042
2889
7269
6157
3997
3847
2597
4816
2165
3145
7252
4196
7150
9489
2459
977
9394
4616
4859
5677
5113
4611
9404
7279
1074
7682
1055
8692
3729
2593
8952
9422
1378
1516
289
8639
6995
6910
7629
6832
2560
5251
1973
5660
2580
7135
4548
905
835
1648
3551
916
6416
8470
8395
1544
6851
7555
6411
204
9409
503
9198
4129
4870
4842
2856
9398
7048
2987
4551
7989
4457
4804
2643
4099
7111
1477
1862
4507
7449
371
2952
2160
119
6676
848
6470
5546
5240
1123
280
2936
298
117
6848
9139
7385
6506
3718
3484
3874
7146
4929
6861
2503
4684
6263
1437
6961
3758
3356
7758
3324
3500
9092
1029
4695
4959
5549
8982
8667
4782
550
6217
9362
6021
2205
7317
6735
646
6402
2149
4347
2192
2852
9493
2689
8075
3472
2519
1012
9206
269
2780
1753
9307
3454
7127
5268
3296
7341
6958
1368
2431
4612
6759
5864
8497
775
9540
8507
713
7261
6984
5874
5649
8407
3550
6764
5522
3247
1416
4313
3409
3050
8644
5958
2638
3650
6071
6819
2734
6701
489
3458
8481
1420
5351
5037
6311
3442
6839
8657
2002
6240
2485
1596
1841
155
7666
2105
4907
5944
3497
5248
2439
5790
1473
2747
820
3818
4888
3487
8113
5027
7880
4486
6074
2609
6946
5015
7907
7265
2261
707
9042
3379
3258
8356
2869
2147
9333
7617
8545
66
5409
2827
2250
1500
4491
3479
8849
6214
1028
67
9556
8498
2302
7290
3556
3310
6123
370
1669
5504
2419
2557
3593
7798
1737
7163
6803
4150
5959
6490
5928
4518
5912
9440
5499
5479
2682
6220
3389
7941
4047
2209
8070
8038
1186
5360
4068
2054
1925
1575
6146
1659
6449
8837
8430
6539
8463
2275
4578
3585
4895
9546
150
6509
8743
5560
7730
8039
3189
7831
3480
8703
6656
7658
8774
6854
9166
9514
2830
5520
6177
9185
2901
2629
6350
449
1617
4037
97
7828
3916
8389
3014
4100
5314
4012
7330
136
8554
9321
9157
2010
8921
8306
4273
1614
6080
8484
9477
5998
1393
6641
3746
3430
6624
3362
8239
8950
7374
728
5398
5468
8327
3572
4970
7368
3804
4902
6896
1513
6968
6621
846
19
9360
4078
6548
2277
5918
441
1209
2639
3731
6328
5465
992
5619
5692
2548
3628
9195
33
1717
7138
3805
3626
2613
6345
3132
5300
8428
8678
3274
8973
8892
840
3768
9244
5320
304
7418
7305
5252
1259
6007
3901
2594
5913
1502
8052
7848
8059
915
5768
4751
3523
3153
9392
1599
2238
392
7805
8944
5755
4134
7423
2422
4163
472
626
2786
720
2465
832
7636
3161
9265
6203
8290
5938
3915
2376
1414
3364
5897
1855
6422
6455
9343
3338
8769
1472
8873
2654
3624
8285
4574
5665
6893
5880
8523
6069
3819
4189
3596
9428
6564
4909
9412
7101
844
2144
7547
1905
7365
3235
5925
5411
7506
4630
2569
3116
8563
6383
518
7726
5524
8252
2611
8133
1171
3816
8452
512
7654
2501
2177
6234
2369
2722
3262
857
7215
1305
8218
8293
3618
7187
3553
346
7809
6044
6609
8153
278
8914
9563
7500
114
4077
3751
8431
7924
498
9178
4992
5099
2805
2097
5953
6050
887
1657
4826
2235
8842
1706
5921
7473
9262
4562
405
3734
5091
845
7605
7740
334
3168
7603
8200
2767
3832
6671
5751
1141
2386
3937
3850
5199
52
4755
8496
3348
4453
536
3157
7109
733
4387
1741
3953
6133
8447
5666
8311
8423
9192
8967
4088
5307
3013
4342
6912
5407
7172
6264
7357
2120
3032
4676
6202
1346
5801
2685
7299
7696
9523
6517
7591
7869
8420
4101
5376
7988
6425
3695
9453
7371
5766
7417
4237
7242
4656
5825
403
8031
9558
238
1221
4575
4864
9347
5745
4571
2839
8579
2343
4523
4120
6741
4324
2674
1594
3455
5876
4306
7129
6197
7338
6140
5232
8063
5636
4912
4573
3135
362
7676
241
3620
8808
8148
1635
3817
8278
7251
3831
7702
5045
7647
5458
5319
1021
7897
7258
5723
4813
1203
7091
2529
6001
4752
9182
8174
1950
4351
3294
4772
3745
3363
6562
8182
8166
8690
6407
6746
8848
4064
958
1220
2874
7275
1326
7769
6844
722
7861
3290
2908
4420
2814
710
2307
8078
433
4495
4856
5087
3756
7799
4545
4315
1101
4440
2213
2994
3408
360
1882
6419
2842
7332
5529
4066
6691
1051
4365
1230
1127
4939
1205
5972
9511
1517
5448
4389
1505
5335
1249
9364
7195
3094
3470
473
4536
7638
6720
2822
3640
5472
3143
7891
6952
640
8748
2576
3667
1733
6370
4719
1254
4484
5977
8763
8406
361
2445
3679
16
7075
4137
3078
558
2173
1461
7535
6073
297
7080
8572
2909
5548
8360
3504
951
5494
5260
7692
6466
9161
54
6939
4743
1075
1144
8193
5806
5205
5090
3357
3929
854
3498
632
8363
4030
2436
6943
170
8953
5276
1427
9555
5158
1192
3824
8634
7216
8288
5032
6060
1954
6188
9226
3881
7358
5785
1242
544
6560
5003
8654
2202
2669
7498
2490
2370
6376
129
3416
592
5835
553
6985
6247
8595
7936
8433
8198
5048
976
3694
4381
3868
6627
4298
734
6488
4522
1683
4770
4677
6683
7554
2516
6302
8804
7950
470
1493
3102
2365
2860
8328
8366
8686
1826
3361
7006
2005
3317
311
2757
4827
8035
8221
4716
7483
5574
4154
5072
9223
8648
8568
3337
5393
2276
5772
5931
5138
7229
6526
7304
6858
9268
7737
6901
4045
8170
9486
7375
1211
8355
4057
49
2363
8339
5103
6918
7874
1691
9415
1185
7790
4259
6661
5019
1555
7734
8792
477
427
8604
4091
1385
1036
5521
5341
5532
5312
4785
6616
5698
5246
581
595
1866
302
9500
7095
7810
2013
4943
4280
5917
8642
7969
4767
2264
1132
2623
6334
5707
9534
3724
3533
5883
8903
3180
1667
9423
6895
4531
9340
4309
359
2809
177
6909
2273
7307
426
5714
2112
207
2801
2870
5000
203
3888
3146
1014
7401
5979
6054
1481
4294
6937
197
7576
8594
5112
5875
5433
6950
2113
929
4563
6505
2937
1362
4866
9485
1714
638
8094
7662
5238
17
6647
5831
1122
6849
1803
5463
306
5454
7951
6881
3625
2134
6888
2294
8615
6801
5396
3754
9229
847
5181
1054
1558
6331
1475
9525
5273
1604
5450
8851
6508
6585
1283
5535
6113
7905
7243
1430
3257
7328
2614
5705
6944
6286
2233
3951
3833
6806
1867
5951
548
6180
4436
5365
5688
1353
2132
3826
2356
8773
3781
1432
2878
8640
4108
5226
245
7561
1763
3578
3447
2555
6052
5562
4274
8286
2577
1616
7915
1202
7939
3076
6811
3131
9179
6867
7419
2615
81
2556
8916
7883
7727
6796
6135
6769
4690
4667
4914
2073
8287
1097
3276
4478
7927
8421
7877
8158
6551
5256
5690
1661
3414
5262
6786
4687
3046
4222
2094
8608
9438
4680
2522
5085
3686
8134
65
1037
5517
1157
980
7527
6164
3733
7192
922
8746
7382
6008
4426
8685
1849
2069
8661
7354
3790
2847
7505
9127
524
5697
6351
827
1978
5420
1282
135
8515
2072
4758
4121
561
718
7227
2437
861
490
6231
3087
3836
2495
8806
8794
3799
7889
541
9313
8795
79
1458
9411
1462
9035
3765
9324
5021
4038
4520
7664
3055
3720
9000
8064
984
7034
4261
4234
9021
2546
8598
3432
8845
4636
5325
6474
6089
9266
4871
4661
2116
2245
416
4278
7932
5791
604
3402
9470
6118
928
5058
1108
9023
4498
3613
5379
1638
7355
5471
9079
6580
2167
8518
6744
3305
1865
7568
7248
5536
5318
196
4061
3565
5452
5128
6420
7991
2703
5291
3394
7860
7140
6458
9108
3198
4477
3236
3648
3707
1041
7933
1391
4963
6751
5973
2498
4290
8390
3221
8826
8067
590
2763
6002
2642
696
4233
2630
1168
141
7587
7098
9020
584
6949
4862
9424
8552
2497
8728
4646
3201
8535
8839
4400
3949
246
7181
4731
4380
2458
4291
5537
8444
8453
5704
434
8068
1492
6182
6110
7687
3741
5761
9207
1883
7396
4346
1651
5632
260
7569
6472
4715
7464
3272
1356
6986
8160
6518
2837
8172
5464
5296
3242
2602
6753
6368
462
5481
3127
702
1113
8348
3948
1253
3872
2423
7043
2493
7557
6699
2228
6239
9561
1581
4130
2991
7485
5051
1738
5211
8454
4903
1271
2435
1215
8840
2743
7472
1612
1924
7300
6487
7174
575
5986
6006
3761
9232
4096
5540
9449
1160
2670
8854
4700
1509
9329
350
8875
3865
5229
3696
3773
3211
62
1206
9381
4072
6634
3809
1354
7651
8833
8605
4988
4496
1031
3757
675
7405
3653
3747
1190
3630
8996
7428
1631
746
3225
1223
4476
8161
156
9058
1808
8541
491
6439
1822
6743
1449
6886
2400
2782
2180
2761
942
1823
5833
2472
1300
3159
5477
4412
8472
5555
4795
794
7528
4263
8246
1688
6184
8405
5602
669
6588
6183
5102
927
395
1833
6276
3130
7432
5214
9478
7268
5146
7953
4586
7007
8786
7123
6721
4170
2695
1369
8139
9464
4580
459
5475
8503
874
1583
6040
7768
5659
4920
8835
8928
336
28
4305
5449
4402
6151
8725
4017
2122
2988
5498
8243
8878
6902
8066
2393
9363
2479
2885
4497
1193
9564
3316
3113
3407
2229
287
4192
896
342
4738
212
6790
5849
9172
165
6845
4505
569
2551
867
6596
4803
1703
3721
7244
6606
3791
507
5354
2998
3092
2624
9238
3555
9417
3346
3147
8917
3702
906
8904
6473
3918
5798
1649
4399
4337
7596
8234
954
7083
3855
5954
1433
5451
4388
7775
7336
6230
7691
2195
2338
3209
858
3162
6877
5094
1620
1945
7634
1751
9034
6251
5316
481
5012
8899
7420
4252
4798
9467
2515
4917
431
6843
7451
5940
6047
509
552
4879
620
1006
1626
7542
635
8480
5937
7333
4669
2074
1529
600
2442
6829
6127
3649
4753
5904
6030
1285
3992
5672
4271
6530
9279
522
277
8333
3501
187
1085
3045
6550
3220
8041
8354
1195
2140
1335
2297
6987
349
8466
8750
7325
5227
2359
2850
3946
8582
4439
463
7427
9200
2416
7441
3292
9105
1314
1881
8399
7481
3009
8241
6347
5078
3230
6375
6998
4989
926
8844
6403
1771
8896
4472
8819
3215
7406
1911
5578
742
4285
3558
3388
3097
2081
2454
4353
1099
6653
2916
7829
3368
7260
9100
8707
5334
2528
8767
8972
1173
5028
1153
7589
2257
7509
971
998
1450
1818
3932
7913
2664
5924
4087
7131
1784
9405
492
6212
3682
6531
3263
6959
3512
176
4546
5591
2748
6266
8343
2895
2924
8465
8744
7671
2559
3245
7329
5105
859
2248
467
7177
8722
9101
7887
7685
3233
7072
2224
447
9190
5834
9386
5356
7965
3537
6235
6412
4165
7241
4105
8765
5858
1176
8823
8666
6421
2833
8127
7826
3771
8627
3459
3581
2169
3514
6521
9323
513
2933
804
1899
988
343
2098
264
1100
4788
525
2834
5149
7833
1170
5406
5141
5974
6558
3172
3998
5440
1324
3701
3612
9378
7097
4622
1398
5881
5311
2946
3554
6756
9148
7182
9314
5587
6010
4421
9566
3903
4243
2282
6086
5330
1463
1692
5443
9532
5366
719
4784
5294
8042
494
2303
4434
4627
7068
6685
8263
2475
1764
3252
6194
9339
8755
3715
4016
651
2199
8141
86
1310
8413
5553
143
3461
5174
3049
4187
6145
5626
1625
6442
6081
6626
642
375
2342
7016
2726
5157
6900
3760
8186
5552
1530
9461
4819
2196
6139
9230
5528
6336
285
8931
1600
9353
4953
622
167
5359
8359
1931
3698
1685
2773
3938
7168
4861
2857
3762
3307
332
6590
6618
9437
8714
4246
7331
6201
3639
1445
6781
8888
319
5057
8214
3808
602
3057
8036
7164
2896
6708
2818
4408
3704
5640
1022
6599
7947
2902
4754
2464
1722
2947
5738
1476
6970
5593
4112
3711
2341
6577
4117
2511
8367
337
2707
7346
1047
4516
1323
5781
1000
559
2214
4650
6346
6103
8713
7295
1058
3621
3876
3232
6042
7693
892
326
3615
8906
781
5744
7670
1695
484
3474
4183
6193
6623
7607
4776
9502
932
5295
3329
780
5430
1046
8879
5460
3838
4886
792
2918
8870
5846
7681
2561
795
1906
4883
6847
8674
3450
2136
6704
1975
4190
6181
7053
6696
8965
2892
5189
5653
8797
9516
9186
4282
5584
6734
6905
3759
1578
4136
4893
4721
4427
7474
5906
2586
8314
4781
3722
4524
7579
1506
500
3070
2790
35
3308
5516
5089
4714
6038
4149
1778
1750
8655
9410
424
151
210
5926
5715
6960
8365
8137
4188
5161
7981
1302
4106
7344
1227
3412
2712
1007
6318
385
783
7706
3524
6195
6860
1879
5757
2518
8712
8483
5239
7340
3518
5861
4358
5297
8051
7284
4602
109
7471
3934
7143
3476
4075
1693
8855
7538
9211
6532
483
9562
5023
8527
330
1233
2737
6246
8271
4853
3443
7121
2714
6856
7514
5414
9014
9319
6221
6167
4876
593
9332
6498
527
1188
8989
3538
2366
1972
1478
7291
3065
4450
7997
8784
3541
1846
4138
8084
778
2488
1912
3846
933
8559
3089
7301
953
5800
6320
2272
5424
4740
4485
2772
3413
2280
7815
430
3042
9141
8086
7439
6556
7677
9385
7721
614
3103
3020
5478
1870
8550
8589
7980
5871
8111
8580
1491
4974
9490
7501
1720
5080
3977
4372
4745
6837
6200
7566
6440
2096
74
629
5482
6990
3179
6549
3114
5382
4341
9373
2719
839
1633
3770
3453
8890
8056
3800
4686
3525
5962
1728
6322
8284
4937
5383
580
7397
6913
8341
3069
624
496
2738
9138
4582
2090
2680
8183
8022
6119
2259
7688
4425
3835
6731
2949
2278
3810
9140
7722
3772
6529
4384
1853
4923
9494
5466
3740
6039
3354
6733
964
1821
321
2060
4044
2349
8410
8443
8276
8259
6433
3890
8482
7236
4418
3485
5882
1949
686
7298
9492
2578
7037
716
8393
34
231
6131
3073
7770
1265
3753
3460
1279
7280
1757
3499
2657
8645
2300
7426
1079
570
2800
3397
4621
1678
7601
924
943
9233
6107
3433
6297
6393
4148
8514
1467
5590
3138
4583
1129
6144
7197
192
2244
4414
2816
2591
9446
7602
3517
4504
2232
6330
4202
8217
4304
817
8637
8269
7120
4275
8195
2846
5073
919
6540
8448
4576
328
7628
2048
9448
4967
8898
3573
8032
7039
1859
6586
4142
1096
232
9379
8817
682
8034
4613
1199
7318
8618
627
7966
7240
6773
7029
180
8732
3353
6695
6871
3452
7247
2473
138
6444
4362
1083
6053
6906
9326
6737
4419
6855
239
5086
76
6591
6649
3776
5188
944
7567
3418
2886
7954
7051
3431
9095
324
446
7752
9469
1319
6378
5762
1131
2826
2616
3184
563
9168
3821
39
8922
9241
6341
9220
9136
7970
5911
2506
7276
6697
2319
4610
4201
1541
3118
6023
9017
5816
8065
4488
3672
6778
9154
6799
1701
1243
8586
3425
6628
3848
2352
310
9365
1348
8843
8930
3160
2958
4748
1806
3445
8304
9184
6102
1372
6258
5832
188
5070
4329
8216
8537
4940
2906
7193
8309
3150
4071
8626
708
6280
5244
6813
2382
2504
6602
979
6467
7697
749
7198
9300
9451
5922
7267
7031
8233
1161
4534
153
2432
6275
2698
2553
2372
5123
7747
7361
3900
5950
3887
5543
296
6836
697
1574
7781
9231
8020
554
6658
6106
1474
4901
7210
8294
3869
7504
9160
377
960
0
4213
7624
7064
2305
3700
5272
2065
7008
5987
1082
5554
7968
6029
8635
2836
286
2114
3436
7822
684
1993
705
4825
12
327
5166
6299
6681
6308
9273
7272
1068
4736
9413
9304
9479
583
6963
4113
5935
3861
273
2324
6972
4860
2350
7460
1090
6453
8959
6761
154
2510
8203
4881
6033
2117
5725
2910
9188
7513
2360
3853
3559
6372
4173
7104
1064
5301
6784
3651
8977
8201
878
5114
1286
8012
5770
7976
5203
2234
1511
2601
6438
8551
946
7946
456
6792
5030
1073
962
1290
3488
3564
7045
5198
2371
229
4601
4565
8224
316
200
8942
169
1747
3111
941
4343
9355
670
8521
9290
8194
6143
383
9455
4251
5966
628
2337
8253
5583
3697
300
5887
8766
5847
973
9522
2573
1686
506
694
3739
5447
612
7746
2600
8983
9501
6983
594
5429
7403
1563
1834
9081
589
3880
6248
829
8734
759
8093
8353
5327
9046
5851
7598
1948
4257
2768
8780
6395
837
3119
5344
7239
6570
2012
43
2618
9201
6568
6058
5303
4823
8887
7551
4837
7984
4006
2032
3037
8881
6883
8540
9298
6224
438
9260
7395
8669
2434
6879
3557
1572
8213
1786
2230
8943
8468
6056
8776
5978
7899
748
9497
3944
1902
4969
1985
8631
8934
4318
8578
974
9356
166
2389
1057
1245
4055
2984
8733
4547
6535
8505
4537
2750
7943
1485
4927
519
7463
3602
8800
8462
1690
4729
3792
9302
3429
8008
4915
2758
8043
1508
9465
9361
9240
547
692
8500
71
3301
1752
6552
6600
7390
8504
7686
4663
679
1389
4662
3883
4147
407
8487
6502
221
1327
6284
1536
4993
2884
1406
190
7534
2131
9028
2604
7169
465
1148
5187
2
6281
5991
1111
3243
5370
7872
4360
3482
8688
7695
1374
3297
3509
2015
2018
7531
9472
4560
8282
5993
7878
6772
9380
3717
7795
1147
1134
1178
5400
3830
8312
4452
611
7459
5221
5746
7061
7484
6559
8225
3782
6525
6148
6882
2375
2549
8978
1915
2036
6130
7315
9524
6410
5621
1811
6788
6068
5422
2151
7156
128
8440
6496
2646
1040
7205
7819
1719
2001
3377
8272
4717
9506
2710
4569
7703
2771
6583
6437
607
1240
4354
5431
2020
2645
1521
2966
2831
2813
6589
1997
1586
758
6428
739
6265
3814
760
7176
5939
8785
8927
244
8588
5877
7478
8210
9554
8724
5617
8208
5965
2263
3421
784
6269
6537
4272
6666
8299
3633
8073
5413
4885
3062
6927
9331
8701
1507
7225
652
1725
5733
3936
4161
140
3502
4028
4209
6820
4604
1824
1032
4733
2509
3033
7202
4699
6935
3028
3837
1591
4157
4812
1533
8007
2285
6087
3763
4445
7086
2401
5134
6823
4153
8270
7407
1306
8940
4666
2877
8704
5474
1092
5469
5018
9048
7303
5519
2467
5284
843
3922
5976
9316
9152
3017
7817
