8742
1203
5157
169
1590
6974
6359
8868
8495
8528
8225
7241
4213
4767
8835
8507
7492
6259
1542
3953
1067
4475
8435
9206
4149
8988
1670
5495
5129
6593
2311
1745
645
7435
1137
1754
8890
5357
7075
2368
210
7424
1119
4048
5333
6964
6313
3770
2159
1856
3053
9129
9289
113
511
3615
1334
31
4772
9263
4646
5982
6106
2344
1410
1094
5679
4439
3803
8419
8229
4138
8059
3438
7669
3711
8122
9346
9145
8785
4220
5304
3639
4682
1989
2652
4281
7523
2349
5213
7050
4849
9255
5977
156
3922
8814
6994
362
3241
3731
7965
9141
5575
8896
5005
9272
3208
7589
1075
8743
5125
8647
1040
2665
2605
5562
775
293
2628
1349
6001
4531
9111
5425
5832
3559
6218
8911
5012
6444
3111
4719
1945
4898
5920
3107
5689
1783
4145
3049
4631
2676
7506
598
5503
3114
4945
2525
4294
3593
1600
9486
1688
9340
3860
2307
5946
7656
7560
6
7519
1507
2597
3328
286
3304
8548
7183
9221
9233
6277
7215
6773
4706
5205
8775
7790
9168
3665
2680
2464
5986
5077
9096
7539
8915
1636
5087
2669
2076
6283
385
5784
8023
2648
6301
8046
253
2971
1760
7326
8503
6691
4598
6818
5672
1668
2323
6583
831
2275
2317
1034
8787
4263
6817
3872
9383
1369
6901
59
5698
7601
3697
9562
4503
797
5321
7734
3912
7564
7547
7757
5427
4813
5296
4183
1895
2922
7620
1988
426
3353
3938
5769
342
9299
3449
803
676
125
2376
4108
1329
3751
4781
9516
8866
5764
4010
8892
8587
6157
3820
6743
6176
412
7830
353
2844
1708
4163
4510
9121
6227
1947
8752
424
6586
8025
3315
8980
4034
6155
4184
2099
2054
2238
3041
7878
5626
8148
2113
6632
6931
4006
7642
2515
7711
5711
7987
7785
7666
769
5437
2248
6698
7263
2145
1663
375
1093
2198
1116
3849
5552
5771
947
4984
35
4218
1492
3552
2241
6041
7940
7852
1930
6268
9139
4480
7300
2433
3369
1862
2717
8453
7612
7617
7382
3161
4954
3652
6890
5200
6292
8014
2346
2227
3914
9186
758
53
6389
8650
2917
1789
9375
611
6470
138
8009
8052
193
376
3146
4472
58
2984
2237
77
6437
7624
5687
5474
4031
7542
4722
3675
5150
4041
8652
7169
2081
297
6494
2837
5767
1206
614
7772
4963
646
1415
1813
2280
3436
3811
6753
7927
6710
7090
106
2988
6280
6255
6607
4619
6348
7986
7702
5271
3679
6251
9226
464
3214
9427
5538
8018
719
6241
5592
3035
1316
1956
3030
1772
5663
1072
9450
2733
7351
5287
6009
7533
7524
5409
2684
1852
3480
8574
3484
5540
7429
4879
2784
5404
9491
1564
4015
4161
2829
6308
9526
2121
1584
2501
8603
4592
1980
8072
4526
5897
6145
8844
4508
5154
2260
6048
8791
4570
1509
7041
4640
8530
4734
6031
3807
4629
1593
7713
6505
3421
1243
9277
8460
7007
3322
5445
7401
9235
5815
7462
3546
843
4431
4940
5289
7213
9366
5285
2704
8755
2133
3170
2357
6712
8275
5955
8807
752
8313
6790
3786
6596
9193
7261
1784
8365
976
6282
5647
2955
765
4307
5732
8330
2144
5773
9419
6347
4398
1127
2558
4998
5775
8543
4542
8897
6077
670
8487
1443
3213
5508
6075
6519
9094
97
4442
1324
7881
1063
1536
8462
7060
452
8581
4054
5275
2683
2701
6874
3553
1700
7255
1222
8550
1909
8095
7143
6464
1527
4211
2879
2228
5803
4390
346
6802
6915
6113
1530
770
9365
2472
8434
1782
555
2458
170
5633
110
9393
9165
7753
4009
7893
8612
4479
5745
9498
1882
5391
7348
3968
8792
1984
5190
4386
6860
4301
1322
7900
9301
2396
7196
3257
326
2055
6603
8724
3594
4171
5936
25
9140
2161
6258
4134
4745
4979
7866
7106
5403
4738
116
3295
5736
3467
3781
1672
4967
3446
2783
683
87
1833
4861
688
4097
2767
1284
3537
822
8363
8925
8492
7179
3152
9465
1781
5465
4632
7634
1881
5779
4341
9241
8577
7784
4636
3690
32
694
143
6758
1070
2960
4227
6777
6732
5888
1155
8914
4315
3939
8345
8784
5015
8078
2009
336
2025
2792
966
5975
8273
8580
6408
3769
5624
4532
5992
2256
2369
5976
1239
6336
989
4943
1142
3958
364
5735
4820
9322
8450
1934
4936
4708
1401
8722
888
5051
60
1115
368
446
9142
5664
8922
3519
6618
960
4430
1835
2734
1182
7675
8811
5397
7598
5822
983
6706
1374
2613
3919
4407
3611
2425
6243
2567
7766
2068
1880
3900
6671
4785
7436
3619
2059
3268
6298
6434
964
9070
7219
196
7217
4906
7898
5787
8809
1299
2757
5019
203
4557
2586
9311
7042
1540
6537
6858
5294
6175
5438
6647
7924
2470
717
7173
4293
7665
1358
5716
8941
1136
7685
6365
1723
8761
7396
6214
4110
3543
2363
5505
2523
4234
4990
8524
3555
26
5983
2573
7717
761
4926
6703
1081
37
5701
7267
5382
1605
6512
3168
8430
8035
3794
6116
7102
1904
5143
8418
390
3148
1005
3332
590
2895
338
9102
4378
1238
7256
5149
6888
4941
8138
6040
572
4276
3248
5835
6128
8172
3766
9533
5834
1495
2427
623
2409
8309
185
7118
2114
2400
5367
5254
8517
6720
7818
601
2901
5499
3768
7570
5412
6608
5567
6396
5696
9078
5510
4299
5008
4374
2053
698
6895
1955
8960
1028
8971
130
6918
6068
4978
7271
6193
8978
9505
7944
6320
409
8878
3743
306
3595
4136
7609
7291
3188
6284
1970
2986
4529
4951
5327
2731
1021
1981
6095
5778
4633
94
3882
7307
7220
7630
1774
5722
654
4555
3124
3313
8021
8086
3032
2127
8383
1417
383
9285
7400
7166
1231
5801
4630
7778
3465
3512
5684
6010
2504
5922
7395
6616
4090
189
328
4488
1121
7088
7904
6309
7469
3127
6861
8033
6714
5892
5522
2623
2354
1412
2434
8748
731
6054
8707
5934
2200
5531
5578
6198
1347
9280
3995
5073
6377
2655
4519
3940
2104
5421
4760
3541
631
9342
1742
6091
6355
1809
6731
5693
3979
1692
5887
348
2184
3119
3709
3102
9268
1016
3256
3655
5411
6673
5307
7575
6789
9247
8065
3121
9291
6764
6468
1095
433
4166
4459
7578
6420
5439
8158
321
6465
1466
6809
8171
2827
3408
5204
3204
3116
7370
5115
453
1767
3855
3981
3216
4304
108
5539
6807
571
8944
5878
3489
606
7344
691
4830
7112
4875
4345
896
8219
6908
1711
1891
1796
8906
8551
47
7301
4319
6546
8096
7654
302
4712
2794
190
3497
6724
1066
4671
5614
7288
3005
5960
4548
8032
8057
9229
1502
2765
2627
6783
1022
5940
1885
5544
2945
4988
6201
919
5513
5944
3019
4788
8798
2785
1154
510
461
2407
6407
920
937
1041
662
7795
5460
3586
6428
3604
1830
6506
1531
7137
3712
2639
3409
9435
8970
2622
9239
6904
2027
44
6228
5895
4261
1877
5133
2446
5046
4957
1822
6410
2760
8199
6253
7716
2380
2764
4922
5192
6772
930
1868
5591
2419
2262
8338
8206
7037
8133
3429
5493
5809
504
4088
9471
9502
4732
602
465
5044
1488
2180
3886
6239
4755
8817
5547
24
5909
1171
9052
6523
7890
1678
7016
967
7150
6427
1173
729
6363
1820
3220
1297
7423
3880
753
2950
2651
6581
9338
1730
7134
5810
3887
4176
7786
1408
9227
4729
3923
5462
5607
5202
5831
6978
4412
6979
2540
3767
7516
3648
1102
6575
9345
5797
7126
763
8989
6986
4165
3583
81
395
7602
2532
2807
1559
1841
5619
2449
30
2745
6305
7039
8621
6213
5310
790
9442
8115
4810
7962
8776
9182
7817
1644
5833
1611
3373
7603
988
5318
1616
7262
8210
4224
7990
9515
9317
4391
4200
5785
3015
5669
2426
2987
8364
22
3199
4092
4429
2517
5072
1941
3278
1269
7696
4044
279
8094
1314
6474
1493
2981
2936
710
7447
6461
315
6655
1647
4962
8589
9194
6548
1359
2739
533
9521
4987
2486
751
420
7457
2083
6760
8711
6221
4173
2203
8730
6588
9386
4225
6876
6916
3888
5195
7879
6473
1147
2424
3999
8118
1333
1843
5534
3871
1384
1397
9024
5385
6907
6716
1898
3486
6499
6634
7312
5929
5273
7722
1285
6726
9539
8531
997
5489
5177
1710
4825
4527
7885
1088
2403
5361
5258
5265
823
3184
7184
1952
1085
5681
561
2445
7398
278
2204
8712
3368
5387
9181
224
5364
5424
4588
1968
6891
5901
9101
8701
4147
3083
3821
5301
3013
805
7003
4583
1444
5881
3044
9292
305
2194
1200
4892
9332
7185
9499
1421
9520
2107
5581
1292
318
1440
8827
8966
4180
8361
953
5772
3929
8689
6035
4561
1936
5218
9011
5939
1512
8044
5151
4072
9364
8525
640
9406
2617
6386
3863
2415
2884
5622
146
5362
17
428
1418
4973
6744
7930
7028
402
2563
9248
7796
7957
6053
4102
3014
8420
2958
5898
8060
7537
1194
2831
3094
1741
2590
332
374
6590
8560
3843
202
813
6855
9166
7708
5188
5937
7363
4872
1130
7988
3054
660
4641
5423
682
4876
8282
6260
8454
582
8894
958
4216
2324
4387
2034
8080
4087
128
7513
9567
7751
7700
6536
1169
5712
9357
8879
3236
9051
1850
3029
5950
6927
8385
1725
3749
4645
793
9173
6622
2996
3854
7780
7058
4252
7488
9352
4098
407
7783
2286
7440
7055
247
3274
8279
905
3425
6014
3607
3911
3515
8056
2929
1964
6736
4612
7433
6923
3153
5193
4676
1068
9353
9282
4563
9008
3964
8633
651
7296
7408
8806
6972
8238
4096
2039
7012
7735
151
1414
3961
1961
1718
379
9071
5048
3073
6024
4985
2406
4858
4298
4099
9160
6663
8751
6257
3025
2670
6356
2609
6674
7954
4494
2899
2687
1135
5551
7049
2803
9454
5573
7776
7121
1762
5443
7079
344
6485
9200
8720
760
8854
1211
3991
3078
6982
1240
4426
2516
5930
6778
1244
4164
7163
2702
2649
3975
4286
7171
1773
6827
334
891
7467
9259
34
6845
7445
539
1253
6669
1192
2878
8582
5227
2592
3340
1657
3210
1510
639
8655
3926
2136
2839
6917
8498
1330
5104
8439
7738
5603
1008
1279
7320
3039
8937
594
7025
6952
4248
4710
5018
6617
6462
4350
783
4695
434
9041
6495
1112
1196
5394
3684
9061
8146
8261
5481
6697
5570
6717
2033
7360
1146
6149
4693
2797
1766
1323
7613
8617
4300
7848
8747
1808
8522
2545
197
1399
71
2815
1648
1087
2223
4338
597
7831
2816
908
502
2842
5419
8166
8202
6853
131
9423
1039
8808
6237
4013
4196
7264
1306
3424
5240
7767
5306
5636
6242
2355
4628
7827
6652
2294
8660
1341
2412
4975
8573
298
3337
1844
8389
5
2
1224
4181
198
9439
1997
2812
809
525
8640
7664
4275
5247
704
7230
2219
7116
2992
3006
4175
1627
5440
3896
6333
4436
2714
5886
2251
6842
7761
6796
5417
8673
5021
4919
8441
9195
2969
1926
8693
9500
713
732
4467
1547
3228
6504
9215
8344
5010
8113
2058
8491
3370
6491
8160
1653
585
2273
4603
1262
6887
2979
3178
1658
4238
1788
5146
4329
5884
4637
3897
985
7234
3901
3661
4581
7452
4618
4845
7644
618
1270
2402
6545
8399
2718
7322
7205
8066
1042
528
3159
9414
6163
8611
1923
7679
9275
8916
9524
2450
4461
2095
2333
2847
3185
6638
3921
9086
4610
3365
3397
3603
608
4465
5945
6436
565
8771
8436
2681
4127
6082
324
776
9418
9430
6154
5377
5366
6256
2414
6781
1053
4663
6070
9528
4662
4260
3825
1719
6580
8247
9250
1929
249
1620
2169
3374
2162
3744
5191
2906
8497
137
6189
8013
9549
7650
1965
5179
6379
262
6765
166
1259
8766
9149
5853
993
6570
8333
5007
5124
7682
8102
7917
5543
875
8324
1831
6103
2913
4546
7242
2662
5274
4121
2272
9456
363
1218
2779
2832
7771
844
2801
7597
4589
5029
5325
1902
3403
9148
6056
8767
6534
6090
2876
8781
3566
6656
2022
4545
4970
7549
2711
7745
9360
7967
7596
6814
2168
7369
3572
2082
7799
917
6402
2338
485
6000
2834
8366
5434
4893
8679
8085
2456
2754
7371
19
1637
3312
1519
2287
6745
3742
1373
1608
3634
968
4372
6039
2611
1276
4884
1195
8959
1301
2746
8141
4045
4642
879
2664
7321
4062
7999
9542
551
7411
6187
3600
6099
73
2610
3977
5148
8729
7412
3589
6894
3824
6846
4835
4221
3636
1037
4232
7483
3881
3460
2466
3759
2937
4910
2283
7677
1775
8953
802
2659
3988
1407
8068
7744
1953
282
4541
7555
4117
5907
1832
9091
201
5031
6022
2074
5818
3925
2708
4703
287
1480
2259
9501
7551
7368
5436
7912
5262
1960
2993
2454
6749
2640
4687
2080
6729
4847
847
2762
1763
4385
2170
8982
3062
4696
4704
4179
4302
2944
3135
3740
1179
6374
1245
7680
4799
3818
7864
8034
7922
9284
8314
9059
3814
4144
1140
2340
4339
7254
2999
9373
6522
2974
3727
2202
9021
7259
2013
5140
5068
7443
6606
8883
5967
98
200
3522
8557
1237
3916
3095
721
5097
3705
3986
932
4130
3110
8276
3138
1103
2519
9319
4400
2253
7508
1504
8804
1815
3587
628
5674
1318
7854
6438
4242
2952
1954
2838
735
6084
1217
2569
5062
3629
7626
6748
3963
3930
6784
2351
1139
784
9453
2552
7915
3164
5715
6264
5458
714
2018
1416
5781
8481
8727
1922
1780
4250
2477
8409
9410
7792
8623
3956
8264
3143
8062
1959
2583
2312
4701
4623
8316
4977
3528
4326
9252
4186
5270
1574
4699
9308
6286
8458
595
8545
8298
5450
7484
2703
2004
6209
1163
7019
9058
3129
2553
4244
8841
1025
3689
2214
7250
546
3651
2314
5201
4565
7903
5033
3549
3488
2105
4115
6746
2423
7434
5827
3189
8173
544
4567
542
8949
3693
6321
7704
8681
8476
3906
3211
3638
4318
1167
3605
2071
680
4113
292
1229
2626
2601
5061
1350
3075
2953
7740
2691
693
9420
4797
4753
1303
1715
6481
3915
7026
3542
2875
7701
1050
5720
730
8858
3266
1355
5255
7902
7187
4381
5710
4111
8349
8713
5677
7812
7668
6086
1056
4635
3475
8872
2265
8268
1489
3246
681
972
7973
4956
3474
5994
3773
7553
979
4093
358
8387
470
1089
3051
3610
7837
8674
6538
653
5315
1385
532
1378
1308
5708
6064
4761
5082
8917
4466
3351
4774
513
7355
5971
9014
569
4912
2216
743
3799
2124
3250
9023
204
3660
2230
2869
257
9163
8438
4827
3305
5673
6737
9003
9164
5857
6172
8216
6244
244
2097
4417
7175
6250
9330
5052
8610
4190
8214
7353
6178
4470
8983
903
1219
2874
2468
6792
4437
5184
6341
2975
6885
8220
6346
851
8500
5392
3154
2093
8719
5119
5908
1289
4853
7446
5349
5629
2421
9432
7639
4075
8564
4807
7491
3932
5942
1033
4694
2761
9068
5956
4418
2465
5685
4907
3732
4118
3875
4992
2309
6026
3412
8215
5268
1949
2175
8015
1503
2028
3632
9042
1078
6477
4780
6222
2101
3131
3464
3144
9156
1811
6252
9066
8108
1090
4937
554
1951
1326
4167
4052
5426
5229
1606
5444
6941
6159
422
1797
3504
2556
3473
8760
5220
8993
2883
9090
7821
9258
7485
3949
4139
3251
6174
1924
8451
8005
3856
3452
5990
9162
4814
2522
8294
127
3433
503
5968
9055
2017
2264
8529
9408
2549
4886
4756
4726
6375
5224
8936
6267
2392
6856
6838
404
8538
7559
4124
4980
5768
5899
83
8100
6757
9279
4789
7981
9424
3245
3022
2416
3079
839
9179
7671
4638
5733
4153
7901
8093
8359
8939
4155
3391
4801
33
3299
1379
8355
6803
885
927
7628
9433
864
9060
1060
6956
7692
6233
8952
5120
1268
66
5020
8064
3103
8962
7324
8682
6051
5252
3878
3778
8790
9484
466
8380
4296
4321
3280
9270
6453
741
3352
2770
6705
6651
7061
145
5039
583
8958
5346
263
5497
7782
3099
7963
5237
9076
5047
1528
5024
6751
2970
1679
29
2094
6971
4803
2741
6036
3920
4205
836
3338
1335
3223
271
6089
4132
7847
8884
8692
186
815
8739
1538
2100
8299
5526
3448
4187
8340
924
1735
4104
819
1101
2939
6578
2750
8549
4497
99
2332
986
7565
6487
4404
74
7798
7756
7996
7585
4066
9249
2980
5749
4443
6057
3485
1523
2290
5559
8961
6049
1699
8594
6836
5459
8924
5825
3729
3501
4877
7419
5214
2673
8204
1552
5298
8169
728
6073
716
1158
7876
5924
7781
4773
207
1535
5535
6657
8121
8227
562
8855
1779
9331
2122
3056
603
4336
3086
1361
3842
588
4266
787
2148
8384
2932
545
1705
8069
5153
4823
7862
6877
9323
7640
4715
3943
2528
4056
4727
3908
4022
3643
7808
372
7036
3574
7278
3326
277
7861
7115
8671
6824
4705
7636
6667
1031
2700
7969
915
4593
9397
2295
5724
9488
1395
6460
3616
4079
7522
5246
1566
7643
3357
587
1612
221
5164
7208
515
6115
5926
5132
8194
4074
9391
4707
9464
6991
3195
7249
5345
5646
6644
8901
7606
7422
8001
8357
3591
7018
1317
8183
4691
7164
4794
4146
481
8704
3018
5824
8455
3669
3658
2638
3354
6166
978
7942
8735
7571
724
8297
2293
2152
3518
4360
8088
3774
6649
3265
4427
9175
2841
2561
4365
6204
7499
2011
5283
134
4902
8658
3345
3685
5631
3840
8027
8893
5819
474
5386
5165
9057
7618
5095
5550
231
4804
7507
6822
1295
3476
9479
4356
2010
9045
6372
3704
5261
5798
2367
2559
1736
2072
7888
258
6296
8382
8403
552
3420
6502
483
1550
3132
5859
1660
2912
9441
1931
2940
6003
7286
7123
7329
6864
2065
8406
4811
6306
8326
7939
9325
3133
3683
345
4881
3633
5464
9561
1344
7133
121
8684
553
1236
2431
4197
3626
2510
1505
370
3105
8114
3524
7588
524
7554
3343
1278
9558
1740
7968
8515
7008
5644
8285
7592
3469
798
7823
7616
9296
399
6071
7366
54
904
4528
4457
4432
6503
3261
3955
4817
5049
3826
3247
3297
7421
1457
560
7961
6169
4904
5519
4353
9310
6319
421
2697
7931
7310
7803
3581
1216
2677
7648
1615
1746
5654
559
8598
218
9004
7935
2818
1485
7561
5138
2318
5695
6496
7465
5433
3983
2925
4684
8643
9278
1392
3663
4901
4851
5914
7257
4116
707
6560
781
5107
2660
1942
2828
5260
5358
6920
2840
686
6912
8601
4564
8615
1546
3089
1987
4172
2749
789
7237
1456
9315
158
7841
5194
4969
2843
1386
5667
6985
6919
8932
3209
3052
4752
4049
2439
6925
5541
7374
6195
3823
2808
8831
5572
5868
7911
3130
3279
6488
4915
2188
655
176
7068
7132
3699
5422
7080
9355
6723
7113
2724
7339
3068
1596
3706
3447
2637
1866
2817
1036
7069
4836
2384
8117
5846
5561
4460
8877
5935
3681
1129
5555
5328
1548
3183
6332
7172
9114
5813
8130
3708
8656
2263
4024
6958
4487
2645
4690
4758
152
3564
8226
6429
7673
2171
6998
4665
194
4316
5344
4866
6192
7614
1585
3869
8017
981
1453
4653
6630
4040
1307
5970
4986
5026
1327
6230
3500
8305
6871
7586
8945
3719
3411
3289
480
4723
7899
458
5134
2056
3496
5623
5504
3004
13
3617
6060
3366
4411
2301
1516
6411
8699
3556
8091
8251
3714
3830
4435
3350
2164
878
1190
8378
1857
6713
7908
1133
2892
1004
2845
9098
2201
1419
6129
2326
6150
5448
3205
6659
8845
4194
4697
8446
8244
1274
175
5249
5449
4489
1046
8026
5726
3817
8253
957
2329
5717
4422
1864
6806
7284
3521
4778
56
5483
1478
2030
6482
7688
942
1382
5640
5743
7871
4444
7775
1469
570
3226
7279
6556
1707
2064
7125
8134
9037
3644
7529
7747
1002
6562
7330
8546
5259
5053
7141
3798
4270
8946
9177
6928
7193
6109
4498
6799
7949
9109
849
8176
9079
5865
733
6984
4464
6459
4864
9202
4502
1481
4362
1057
9143
7127
4212
1577
2728
6490
7801
5501
313
2063
220
9378
8750
7482
5469
114
8107
5492
5407
1524
8191
6226
2178
2707
256
2689
4346
3296
8563
6088
6318
8774
746
9344
7239
5643
5196
5838
4655
3235
5867
8824
5222
6370
2151
9455
3057
63
8669
4053
3788
178
9369
8797
5034
1186
9050
8101
9376
3174
2956
7719
4692
2125
4455
4928
6543
5612
335
161
7052
7674
3387
419
8394
3924
914
7923
1673
5864
4579
5096
5378
1256
9108
1047
8269
7627
7078
4060
1728
1919
3311
977
2021
3538
3378
1588
1556
8267
1362
5821
8111
1099
7082
1520
4934
8583
7599
3271
3331
5152
6299
2616
4274
8710
5872
9274
2014
6832
656
4375
3673
635
445
6967
1260
9075
2408
7226
3819
3531
8578
4051
2802
6108
3608
3444
6083
2179
4100
3934
7546
3417
8061
994
3994
8289
4245
7006
7426
6654
3635
4908
3647
934
3560
726
6801
4416
2404
8796
3171
381
8636
9554
2306
7246
5656
4865
3682
5174
6507
2366
6351
669
5076
5866
4063
543
9565
764
3085
1214
6455
4037
7743
65
2852
4065
5393
1125
7306
5467
1076
9563
5921
1662
7260
1840
5156
7804
5170
8002
7481
6660
3302
7896
1818
1635
7877
6508
3957
6559
6700
6615
7038
7825
6066
3262
883
7998
5291
9347
2007
8280
9506
8541
9541
4670
4897
2209
9234
8843
8257
5600
4994
2032
7455
5728
276
5228
5395
2538
2790
3696
4288
2087
2471
8665
9446
4983
8153
4397
8045
10
1058
2947
5985
1591
8278
3599
4950
7742
6948
6881
4854
4182
8935
8947
4070
7096
3061
5326
1000
9103
8695
8690
3891
834
6388
3523
7402
1454
2570
1816
2473
8595
4126
3885
7316
531
7085
8662
1935
6342
6989
1104
5081
8415
1806
3306
4976
8686
5751
794
2149
3970
5782
5066
1242
4160
7712
7342
6957
4996
5737
5587
9380
3386
4580
7146
5648
1215
5554
9209
1737
7633
7303
6440
5694
742
3156
6829
668
3972
2796
6124
4452
9487
9007
2633
5490
6725
80
3933
489
3162
6279
9167
6633
5780
2907
8427
657
2846
6900
2019
1867
4891
1617
4800
4776
4591
250
3657
2088
3493
4223
6350
6304
8087
6653
6167
1814
7576
9095
1162
1023
1393
7191
9127
6186
2276
5297
7490
4043
4396
1792
3698
782
7984
1496
9458
1325
2810
786
102
3128
4795
2991
6999
1642
6690
7838
8634
9217
5869
6549
8187
5721
6921
5849
416
3800
7035
1656
6776
5023
7093
2304
4674
7736
9368
4883
5658
6413
360
1048
5714
5128
2576
1468
5638
2398
1992
7124
2873
8606
9123
9550
8165
2436
2042
8079
1371
7512
4342
7070
6533
2826
442
3535
1938
7938
1113
6539
5383
2774
2139
697
4551
9161
6574
7883
6779
5518
5442
3151
8248
2795
701
5354
9339
5661
2555
1148
2919
8642
2581
9131
3509
3239
7317
172
2857
3197
9548
6294
9260
1738
1445
7466
8887
8449
3982
5339
4672
6683
7971
1907
1872
8620
6889
8957
5221
8985
2742
5549
4614
9304
2965
6450
1704
810
4648
1477
1126
5906
2771
6232
6185
6081
3191
1191
9038
4313
3007
8331
5984
9044
715
8637
1698
1572
1263
1633
6719
1925
6510
4368
3754
5965
2678
9374
1391
5583
4406
2484
3570
2574
4083
7690
7397
3969
6240
8423
2331
2254
9022
168
7375
3609
8180
9490
241
5473
6531
5083
3139
990
9297
5311
8842
9001
2604
4889
6569
9556
8336
5368
2208
3601
36
4137
5038
8218
7849
4586
5456
8828
5776
8208
9318
9457
703
6664
9497
5855
6171
7793
8329
1539
5457
7728
1650
3573
6950
8725
4016
931
85
5765
2432
2278
3423
4878
4008
9388
7518
1086
8486
7836
8174
3258
1360
6785
5927
4909
347
5870
7138
7706
2631
109
6373
4021
1007
5406
6911
7729
4249
6648
7687
6553
6932
1879
6544
1471
3243
7997
1071
6767
6551
8205
8310
3463
1275
4748
6085
7625
8737
1795
5399
1020
1950
2176
5322
5682
4105
1592
7819
5110
9211
2859
5078
2282
2877
2729
5197
7005
8271
9361
6699
6756
6080
1610
7839
4125
8152
5485
4076
7764
1899
506
1752
333
195
6961
1446
1049
4195
5084
8207
3455
3389
3748
1074
3739
874
4669
7860
7186
8416
945
3529
6164
9372
6929
259
5127
3363
5874
140
1908
4514
737
3401
3047
1420
9153
785
2498
6144
8029
62
6421
4106
5299
8586
692
1233
4425
712
6661
4741
6514
4855
4859
4481
3430
2281
5885
5281
5064
1978
6042
431
4247
2542
7604
8252
8235
20
2437
4783
6131
1012
6898
7844
4025
3334
1368
6631
8910
5435
7328
7678
3308
648
4103
7715
4170
7128
1821
4537
5166
2120
2666
2037
9063
7407
9477
6837
3255
951
4325
8260
1525
6443
8140
1804
64
2642
6484
2599
1044
4490
4725
1703
7765
8030
6670
7843
4644
6184
7092
3642
8629
1659
3507
5476
5739
7493
6272
6314
3219
4733
4844
1305
9031
8105
5997
183
7959
5880
6740
6902
9399
4554
5351
7045
8770
7874
6521
3527
2654
3442
3290
3036
1272
8571
1128
1677
4622
3717
8834
5845
2041
8190
4921
6061
5183
7293
8928
2111
8871
7615
2348
8666
2814
1166
6947
9092
4791
7232
8921
7731
4150
7875
5988
182
708
4890
5470
7773
8150
6180
865
2530
3837
9494
8869
8992
9085
4698
6830
5699
792
5744
2451
7029
5418
8987
5574
2225
1144
3067
28
8663
4525
4419
2405
6152
6122
7600
6422
8509
652
9190
8873
6017
5902
8475
3752
4656
1006
7381
890
5432
6393
1024
9513
4946
7621
6047
50
8077
147
969
4798
6357
7108
5829
1958
460
7556
6368
8154
9122
4449
4843
9382
1459
2031
6882
1097
1465
133
8600
6173
7983
936
4046
6281
2435
5851
6983
5649
9228
6435
129
4805
678
821
3310
679
1032
8213
310
8372
2442
3232
4549
4421
1896
7313
314
3903
3375
6111
2052
2615
4344
223
1859
9535
1429
7641
3808
122
5471
7349
4650
7755
2374
8484
2142
9312
1109
8849
2296
5446
1411
2978
8
5630
2630
1756
2695
4505
6045
5604
8234
2300
757
5067
1409
6498
9040
1484
5488
8853
6973
8410
7136
6526
4230
4448
9438
3281
3169
6288
4932
7305
1110
1876
1223
2024
484
7985
9276
6848
1624
2571
7845
3267
8459
3451
4477
2686
6366
5410
3736
1526
1810
3437
6602
1846
1962
4068
5816
6059
3288
9047
2606
1695
3670
841
5176
4658
5063
8676
7504
354
8175
4309
7926
3662
3503
8572
2716
8232
1869
3765
4306
574
177
8510
7974
1035
7657
8908
216
3150
7993
2766
5702
3520
5484
880
5009
7189
199
7413
4330
7856
144
6480
3395
4763
2751
1983
5074
1174
2566
1720
9459
943
5401
9350
320
6190
3406
5099
4478
508
6107
2026
8083
7021
4129
3902
647
2732
240
9532
3494
7721
8870
268
8923
5017
1912
6471
6147
5517
4256
1854
9507
7212
2499
443
5795
3087
6897
4790
8414
7223
2512
907
40
7207
2777
8931
8193
6520
7725
6728
1801
4348
6153
3069
230
4355
3563
3857
3580
5974
7031
9547
3978
180
8599
8979
3058
7302
9133
5949
2782
3864
2920
5279
5763
2871
3234
4507
309
4981
1251
7403
1288
3853
9180
1470
4047
4109
4974
9010
5595
4251
5454
6662
1252
1667
9546
8913
4643
124
4666
6138
2490
7359
5102
2479
8112
9409
4828
2715
5144
6525
5500
3104
3462
3561
3140
6665
2240
2284
4550
6466
2743
2541
6530
2313
3735
8483
3499
3285
6552
1805
1726
5718
3913
940
5167
7732
1664
9083
3622
5162
5820
5441
869
3045
8561
227
2527
2596
9104
4664
6062
5185
7009
400
6628
179
1901
1609
4870
3758
3762
2418
4857
7548
6126
4428
9512
5931
9293
8142
3238
778
5472
3070
7727
3172
3954
5563
5617
6445
3728
5568
9560
4026
4268
4484
1286
6640
1423
1553
9510
1696
6962
900
2370
8933
521
5991
7919
8230
8084
7071
828
5979
5105
5071
1018
3393
4255
8464
2747
3413
5741
7886
1684
6681
2580
3264
3435
7130
1851
9370
7815
6055
3038
9264
9026
9018
4512
7667
1643
1472
6933
530
8440
4463
3173
8963
1825
6695
4911
6008
4226
7094
641
488
1691
4347
1933
9334
1051
3876
1319
6913
6854
5475
4657
4491
1750
3877
6033
5136
768
7487
243
492
482
4369
6880
7325
6594
3347
8196
7976
2339
8822
6339
1106
5286
5319
1748
6541
4486
1629
5219
6668
2911
2377
8881
2090
4403
2195
744
1966
5000
1277
3100
2172
8335
4504
4243
6976
6926
5480
638
4964
1438
6074
154
9176
5359
93
984
12
8899
7535
4914
1567
7651
5244
3848
6637
3989
89
696
9013
8290
1639
8321
2242
6722
9150
2998
8342
6833
5002
3557
264
7530
6568
8392
6032
2675
6733
3737
7531
7797
6600
6626
5704
1448
6384
4660
8308
7662
5524
9125
6004
4750
9107
659
9536
115
5236
2671
7699
6025
8011
5557
173
2244
9328
4287
6013
4019
5037
8123
5828
9437
6937
2117
153
962
7895
4058
1915
2092
3008
9174
7590
2738
3950
6369
2270
913
1993
1865
438
3292
6037
6791
6448
6345
7243
1228
7345
4028
9462
187
2962
1353
6302
1282
8876
2730
1114
5969
7361
2557
4860
2126
8759
2452
2193
5272
8368
8746
1029
2903
8569
2448
8050
7710
8323
6704
5754
3147
289
8675
4920
829
1776
3134
2096
5746
8703
1500
817
9230
3050
3221
7281
8668
7859
2585
4217
3263
3339
3646
5996
6100
4852
584
2946
5774
7855
9417
1646
8408
2813
479
6151
8020
4834
6878
2382
1320
6331
5516
4754
5093
4393
7655
8888
1694
5727
5248
7056
7057
5159
4278
18
7148
589
4718
4317
8885
8769
8353
5101
5353
2029
2949
965
5210
423
3180
8688
5597
4782
4802
3637
2463
6202
2206
3244
1686
5759
8616
3113
7451
3625
5075
518
7154
8783
9113
3392
3952
7532
7811
7188
5065
2401
520
5860
8396
2725
6012
1059
7937
2116
9356
42
3784
3457
5360
516
9422
9443
1534
7298
4993
2267
5373
5028
5320
7119
501
1105
3399
5596
8728
4713
6621
8081
1837
4324
6828
2720
319
5235
9117
8653
261
5106
7684
8919
2420
5161
5900
3137
8103
8526
8631
6795
8875
3329
7934
8241
1352
6118
2928
8812
8685
1761
6261
3383
3654
4862
1793
270
4264
6476
6966
284
3360
2079
7579
2786
5332
8448
4786
8254
5709
6528
7720
75
5527
1372
5215
4566
3645
8195
2885
4822
7814
8004
8311
6094
2544
7577
2356
1343
3832
7120
3115
5461
4647
7332
1587
6500
1625
7390
2485
6641
7383
9440
4337
2060
7829
7063
4094
5226
8501
39
8283
2579
6872
5706
3481
1138
1994
2548
3224
3859
2780
2066
4819
626
3776
4328
941
7135
356
7545
887
6899
1549
6303
8127
1985
6527
3997
2889
1092
2682
9240
337
6354
910
8265
8075
8212
771
1389
3016
387
9377
2417
4241
9522
2330
4303
3341
9034
5963
5216
8362
5178
3833
6965
3966
8779
3126
5588
6859
3023
9283
7832
2045
8149
9203
2246
7857
2023
1565
2914
736
6558
2625
526
6134
1302
1687
2069
3789
3059
5800
1990
3323
160
2856
2231
6849
3215
96
4838
4135
5546
7683
8339
7816
1998
5645
624
5871
9032
2261
7095
517
2930
8242
272
5335
1143
2620
973
2271
7910
95
5330
7194
4154
6884
2444
1122
3307
4597
3217
2836
4359
273
7195
5293
3671
9478
7536
4453
1944
9449
3077
580
9402
2908
1498
9313
2108
6246
8119
8426
7379
6990
1853
6254
8328
6730
7304
882
860
373
605
6486
5145
6007
3253
4366
3010
4473
21
3510
5199
548
6585
7380
5478
3540
7393
5302
8147
8802
70
5608
2641
2222
3092
2165
1878
8354
4949
3602
7760
9517
1124
1583
711
3753
9392
579
3407
4681
644
2756
2268
2679
4933
3862
7865
7834
7632
8657
4948
1019
8975
9298
9126
7703
8341
762
2699
3117
8334
3985
1607
6324
9421
7277
1508
2819
7955
6540
901
5512
5925
6098
827
755
9538
7758
7629
892
5688
4485
3065
7568
2726
2593
7385
5137
725
9006
9172
4000
8938
4349
6030
3227
4495
2205
4451
365
667
7013
90
8067
1428
6951
4447
43
4005
9341
2668
6944
6431
7273
7210
5893
8431
7726
7266
8442
1681
6629
5911
8608
3576
8867
5232
9411
9062
4769
9379
1357
9326
1618
2138
1017
6788
2862
322
4829
3419
5789
7574
3809
3301
437
7338
1366
8920
1597
868
300
613
8256
9077
4162
2791
3588
6561
157
991
8203
2624
6225
5250
7352
8836
6426
4323
2220
956
7347
7558
1875
7572
6132
1655
7977
377
4927
2787
6310
2443
2564
6276
9048
2636
1304
4156
3380
709
6400
2190
7387
4634
8880
4686
478
4014
9093
9030
1332
8687
1208
7846
566
8976
4700
3516
1404
8478
3511
6419
2012
1151
2321
8523
5690
8128
7151
672
290
4559
8533
4652
9084
6739
4573
2663
450
911
330
1201
7689
6475
8639
1849
382
5463
2607
4202
6403
5295
2520
5525
6601
9511
3118
3101
6392
8471
6750
4816
4520
7165
5494
7820
5791
6120
8731
1586
5605
2156
1001
2173
1914
1827
1483
8773
5615
649
6815
8765
7503
7943
5316
2667
4193
7224
6335
4340
7569
5142
6843
2706
7218
2298
604
6857
6293
3508
6755
5266
8477
8031
5576
2153
8351
5402
7214
3259
2347
7386
4824
889
7109
855
2849
2722
4608
9118
7391
7638
534
4958
9046
2247
7763
5036
4291
7593
7754
1054
8221
3892
2612
7591
6711
2894
1184
1842
2303
3346
4120
6016
8644
9381
7698
1246
6274
4496
658
6406
6694
7842
1903
2001
921
5666
3291
7161
2410
5553
6759
8905
6687
5172
394
6315
6831
6205
3680
5826
6401
4744
8116
7605
340
1649
2511
4036
8201
6137
4522
9363
3716
8429
8973
8022
6524
1712
9116
5372
9557
738
2821
4787
4730
6451
1010
8895
6752
8012
8856
4863
3942
61
4237
3325
3631
2577
2269
7582
5343
706
6021
2336
3947
3946
254
8319
1701
4517
4415
2551
7724
3349
1743
3805
6307
1431
4081
2337
9403
992
6125
8670
4331
3733
7649
8405
3072
120
6418
1038
7472
1716
7297
982
7989
4991
6423
7327
2562
567
830
6378
4899
8851
3971
8795
1188
8120
9222
759
7245
2106
6896
4569
6020
9447
2543
8837
8051
8627
8990
7431
4206
6852
6949
7623
3294
9290
6329
3760
1975
3379
1888
2177
1785
3701
8479
4916
2002
4931
1558
8039
6754
5738
7670
7807
3396
4766
1828
3847
1321
705
4240
6220
8758
9072
4373
4201
8732
8948
8412
1098
4289
386
6747
621
7248
4174
5530
4357
2861
1900
1225
4152
1170
7107
2084
52
9371
9468
7197
8782
3532
6317
1479
5223
2249
8185
9394
4454
7377
9514
8054
3020
6672
740
6432
3517
573
5334
5496
609
2753
1132
1266
3918
3082
5520
9307
5830
8511
7299
4413
1749
1396
7201
4721
7404
8350
8645
2915
3492
5100
2933
6693
3797
5025
6825
1918
4071
2735
329
487
2361
149
5245
6140
1622
4516
8346
1554
8691
6353
4305
6328
2365
5388
8445
2864
2167
7131
225
7880
7936
1770
5947
6612
9056
6002
8504
3182
2413
7892
2535
8741
8470
1589
8447
5598
1807
3
1972
2696
5748
1134
5155
850
88
9395
4445
430
2186
206
7787
317
3795
6278
7346
6677
6023
7233
2391
7960
1786
184
5113
4483
1939
7828
275
2942
7442
2390
5594
2292
4989
3028
2902
673
2467
8322
8840
4808
6067
7805
6517
1578
4759
7410
3445
8740
4018
2110
7521
6105
4812
8778
4440
9039
1683
1187
4821
916
8512
4011
7581
2526
4616
7607
8667
5814
1791
5160
2146
6696
1474
3176
8098
5080
3935
6340
2806
9028
8048
812
1571
3816
4982
4826
5098
2644
8537
7425
3678
4311
1771
8651
8863
1848
3031
3775
1928
1645
1897
1339
3270
902
9002
846
1394
625
791
4235
1921
944
23
4575
3973
4809
7952
4499
5792
833
2693
1207
898
1250
2886
107
3548
2692
5756
1604
7335
11
7953
5263
2078
8697
893
5628
637
209
576
7235
5676
2737
7932
105
3618
7631
7157
8513
615
6367
4269
9178
4143
3055
1739
948
401
2221
5533
6457
6605
4737
2954
684
723
5014
4208
6762
1974
5290
1747
378
5966
3440
7470
550
1920
7282
8397
2453
8860
3836
2488
6360
8518
5602
3627
3763
7916
527
2285
6774
6179
9134
8965
41
4272
9087
4017
2215
9009
7405
1836
1123
1666
3551
2788
5972
477
5989
4625
8457
7520
7074
1161
2252
6642
7647
6183
5180
5657
5090
7081
959
4599
2196
7494
1375
2157
435
3177
5933
537
7004
509
6599
2880
9428
4310
9271
581
281
2848
1661
1871
4506
2513
5506
6584
8521
995
1328
6376
248
294
6249
2904
3450
4371
5231
8432
8540
4414
4131
808
8736
1560
2277
5700
1387
8559
2197
4585
6275
9451
4233
7925
596
5697
7891
1973
6869
7770
8505
1568
323
3783
9367
6547
749
9237
5356
8472
7468
1887
1823
3984
722
9444
1621
8404
4942
6390
2518
8347
7693
7945
1894
2824
1522
8493
837
4543
2963
4169
4596
8082
4846
4913
2793
5088
4122
4363
9191
469
3554
1721
6383
987
9256
519
5141
6380
6635
6289
7882
188
213
4639
1281
1778
3371
9461
7153
500
8490
8733
5169
7275
2835
4661
6564
7168
6262
5962
7495
9120
3851
3990
4530
8622
5804
4895
8903
7378
7475
1630
541
5823
2373
1640
9551
2302
6493
493
4239
7290
8590
6404
5843
7240
1986
3747
3400
2524
9208
2397
5114
8467
295
8714
7315
2061
496
397
5632
245
9073
9359
2534
8539
622
6820
4382
3810
3796
8694
8950
607
7964
7178
1254
1511
6247
5173
8721
8198
1482
5844
2882
7372
2521
6993
4343
5904
4199
4361
4685
946
4784
1957
2207
6766
4203
6110
2887
2482
4209
9100
7587
6953
780
3941
3321
8592
4869
2621
2350
5850
5126
67
7023
2103
1164
449
447
9351
3585
288
475
1599
666
6535
5761
2927
4482
9476
341
7149
2457
8716
5379
3620
970
950
3562
3812
1449
2075
1083
3088
3868
7117
7992
8137
6811
3194
7420
7538
974
925
617
1651
6135
1111
4540
4867
6850
8209
2399
3206
8407
8857
7104
832
8984
303
2174
8825
9387
7229
8296
174
9495
9025
3944
3695
1579
6572
4673
5625
2243
971
1273
3414
2478
6182
283
4749
1062
9124
3064
3700
6604
2335
6847
8161
3434
6782
7497
3317
7152
3624
3364
8718
7909
331
9492
3962
3490
6409
4141
3866
8106
3883
6472
9266
8506
4119
5139
955
2224
6452
3884
8772
3668
8126
4590
7822
7913
8073
4930
3764
5374
4265
2560
867
7951
1819
3166
9333
9081
7392
5308
4376
5168
7394
5375
7583
6627
7824
2134
3427
8969
6415
1777
5380
807
3200
4604
4584
1235
239
6271
9400
6903
6969
2509
3273
1967
7777
5203
7044
371
720
3582
7040
848
4751
1180
3229
6741
9269
2898
8272
1817
2020
7199
4873
4677
1676
9236
5729
1724
2305
2514
3801
8859
9246
5799
7863
3889
9201
7014
3097
82
5350
6231
7788
5189
7873
6870
285
7509
9452
700
9184
2854
7287
7156
3904
922
9523
5131
3606
975
5957
9136
3928
8468
8954
3034
8307
6223
5601
5680
8566
2109
4621
1455
5123
8132
4091
3676
8312
6027
998
3355
8042
7155
3060
2853
8749
7077
3303
4649
6883
396
4352
3793
1702
9321
5514
3394
3899
1798
820
2550
1311
3024
5586
3614
9035
8181
4680
3513
3525
6680
1517
205
6835
3640
9069
4651
1652
491
8371
7498
8810
8744
4717
5651
918
677
5415
2935
3692
3318
3951
1205
8291
8104
5660
2342
7065
2183
325
1467
4535
7209
6458
7409
6613
3186
2182
9015
349
2865
6579
3000
3384
3233
6639
8231
1889
4627
5577
1529
9033
7694
3163
7087
8179
3757
7741
7337
1082
6038
2469
4089
84
3804
5338
4624
3945
8444
8972
507
8793
6104
5355
6598
6936
8624
1283
4389
7929
8245
2595
6112
4476
5089
5981
1096
963
2507
8898
2000
4856
9504
3461
8677
4231
7619
7064
7225
886
6597
4004
6349
9472
745
7453
7140
1969
5241
6076
1064
1172
343
9262
2008
8847
9390
6666
1227
3385
9519
9302
8638
8567
5766
7897
3422
2131
1669
894
1874
4742
6397
591
2923
7418
8602
4492
7027
7072
9027
6866
9553
5312
7994
5054
366
4434
7356
800
8553
486
9415
1209
7
1632
1442
5416
1680
1755
163
6975
1370
408
8794
9329
191
9099
7975
4107
2547
4257
9552
4885
2050
5912
1996
1376
1159
1562
8575
2602
8734
4327
7471
5790
6718
5671
4282
1499
3828
4736
7101
8753
8236
6297
7608
4462
4401
1460
685
3578
3125
8768
9219
8402
6143
8437
5515
2712
4602
8726
2422
6968
2016
367
5847
7458
142
5280
3710
4254
6834
6142
6211
4757
7399
8927
7032
7265
5675
949
6624
5566
3822
1437
352
9189
2833
246
7543
6005
7170
1145
5398
8178
9152
4947
9559
8995
9135
2118
9128
9396
2985
1555
8224
7707
7697
747
7211
7227
3428
2505
4148
2910
3575
499
522
3335
3426
1177
38
9469
8788
8591
505
55
3502
494
1309
8367
4370
5980
2462
774
671
9489
6812
6582
7982
9144
1892
912
5502
4177
7511
8192
1714
7388
5613
2634
6442
3967
5314
8258
3415
5606
1340
8125
9251
9192
2646
3160
7541
6742
5336
2353
3890
8886
4210
136
8536
1354
1234
7051
9207
5794
1727
3649
6322
6224
4409
1717
5650
3656
8249
9067
4085
5282
8461
1860
6425
2995
6563
8287
4779
5806
1551
8071
9335
642
6707
1003
6738
5027
6207
4837
564
2966
6270
870
5284
2572
2994
3390
3898
1581
6065
7145
5637
6769
4600
406
8635
8943
3756
8832
4746
9065
8576
2375
8865
3093
5011
4458
9531
2480
9265
7958
5915
8532
3190
954
307
2150
4082
3782
7415
4850
8799
4178
5431
6287
4067
7851
6761
4277
7129
8801
1434
8010
512
4038
2257
51
8605
8139
4770
7103
2266
1991
9463
6798
7097
3240
7611
5175
1424
1365
8999
1873
3688
2972
3965
5627
5288
2533
2497
3791
1043
1447
8393
6839
5135
7430
2855
2773
3664
9448
593
7010
8443
4574
5993
5620
7853
7946
4002
5723
1030
7810
7714
4446
3998
6141
4077
5725
9303
5918
3677
8043
6210
3324
8542
1858
7274
3192
7970
2255
773
4939
3545
5841
9157
3628
7510
3356
568
5070
2658
4050
1674
2690
4728
8700
4523
6219
9429
1193
6385
3198
5092
5239
664
1267
6619
2983
2185
6478
4905
1296
5757
4938
8360
1247
3650
4558
1883
4960
627
7054
8585
5863
8417
3286
6266
7645
1732
3653
5016
4518
1501
3080
2688
5305
8473
7017
563
8826
5951
2776
5376
9545
1905
7563
7144
7653
7100
5371
6097
7748
4262
3344
9354
909
1910
5665
5253
4157
219
3483
862
7417
414
2123
5482
7450
523
7739
8413
643
8514
4279
6997
1149
871
1065
7295
8974
2976
3707
5610
6127
6676
9137
3867
7048
3761
2308
4764
4848
6199
498
9389
3342
6079
3874
2727
3630
1731
540
3109
5163
7884
4229
5317
3579
6611
5952
7228
3565
9405
327
8228
6364
1999
2388
5050
600
3718
48
3098
7011
4880
8994
1799
2315
5652
3333
4552
772
923
2359
4607
6576
8738
8900
9436
2820
9188
3277
1450
872
8558
15
2489
4806
389
8502
3336
6399
8049
5621
5381
3987
1569
150
4101
6139
164
4246
8964
5004
1913
6909
6456
8356
2614
7610
6290
3725
9286
6311
7979
181
4793
351
7318
5611
557
9012
2429
2327
2383
9245
3027
7505
139
7268
229
265
2805
4971
1153
6685
7091
8648
5719
6194
5837
5085
2379
854
7691
2181
2091
661
9401
418
5678
788
2035
3108
630
5571
2386
3300
6886
5234
5999
4626
8348
1729
5998
2896
9158
6161
3330
8428
3996
4578
3165
7502
1598
9425
6771
2893
8144
1084
5238
9336
6865
8838
5616
2381
6235
7336
1342
7244
1963
4158
1982
7528
4354
495
5873
411
1345
3477
4351
1300
7950
8040
7737
9223
1189
7204
5896
2554
1152
9016
2040
8401
455
2297
6156
9316
8815
1290
4832
5916
8163
3260
1426
7333
3536
9540
9529
1826
5006
2129
7406
1706
2051
4379
4377
8337
4168
9385
7272
9231
6158
2345
9358
6930
8823
577
636
2536
8547
8986
980
1204
4285
2653
4815
5055
1654
3813
6006
999
4033
2921
1183
1061
8625
7750
9036
6555
4679
7354
2778
6414
9000
5323
5329
873
5230
852
5875
440
6034
7067
117
8661
7365
7308
6804
76
1802
7479
7376
9530
3042
3381
104
4935
3284
1690
5842
4469
547
799
9362
4059
2752
1971
7251
8233
1160
8200
405
5840
2825
2866
462
5653
8991
6701
5309
3865
1543
4438
795
814
895
5509
4720
3777
2325
8425
7076
845
8902
6160
4714
9287
1491
5536
425
8709
2916
2160
5056
9281
1181
8754
9064
1518
2934
8562
4724
2191
2128
2141
4501
1338
3879
3037
4283
4771
2371
7948
7972
8188
4084
212
7190
5486
3569
6454
1331
7914
1829
6529
4333
4042
3974
6793
2710
3592
5905
9020
2067
4887
2086
9473
100
5894
3158
4192
7444
2155
2322
3441
906
876
2441
4534
4029
7759
7162
8488
3713
6096
8568
9305
7500
3672
3785
5171
2393
6245
2258
5854
3272
280
4185
69
5987
8848
4709
6905
926
6977
1764
8223
4295
5487
4198
8556
5003
9337
8300
2661
4765
6325
3478
8164
2539
7887
2870
126
4402
8028
238
7802
8940
5022
7947
2643
9348
8381
2968
7557
549
796
5793
1463
3835
4968
9474
8211
4536
1563
8374
1120
1906
91
49
8003
3893
5760
8861
8805
4668
9005
8000
6515
1685
2982
5198
6787
6492
1298
4228
5730
6851
2085
586
5807
3026
8672
9019
4711
312
8956
6334
7062
5507
3534
1422
4061
7709
3936
9053
1351
8352
7340
5208
1601
5580
7046
514
415
4468
255
4035
2943
7437
8099
6992
804
4332
8763
232
4367
8926
5491
3377
5692
9481
3218
4611
6295
5303
1603
2474
4675
8197
7083
3319
6643
7059
4961
929
1265
3841
2961
5634
2584
1561
8683
5396
1768
3514
5593
1943
3720
1557
3686
3703
7635
2619
8465
5269
4388
8136
2941
5811
5639
1675
3539
468
6412
1069
6554
9324
3852
4777
9199
8109
5130
8302
6996
1150
6682
2868
9232
840
7637
8358
4735
5429
1055
4620
9216
1751
1348
9106
4290
2291
3558
8680
4613
27
6148
826
226
7681
4259
3779
6424
6394
4114
8038
8527
5883
4500
5225
2288
359
384
211
5528
3011
3547
5777
1787
9466
5852
8705
3091
4423
1838
7022
6686
2990
7001
3076
3894
3834
4133
9555
6269
1595
4292
4078
4562
7580
8519
8862
8698
92
8520
3495
2438
811
2897
996
689
6509
7907
1356
8786
2650
5953
7258
9404
3722
3702
3498
1430
2632
4842
8217
3959
8167
9082
3122
8981
4214
6532
9151
2320
6229
228
7367
46
4917
3466
8780
2143
4739
2048
6636
8708
5207
4547
7030
6770
5713
4868
5542
2823
6735
8777
2858
4577
1293
8821
1168
2755
3584
3491
118
3468
7002
5705
8664
3327
1427
9243
9119
2015
6248
5342
7552
3544
2005
9534
5958
3838
1995
3613
8411
8745
3071
8757
5923
7089
2137
380
3571
8646
861
1398
6130
5796
1713
2341
3487
5856
7762
5035
6892
935
3048
8584
1580
2476
8659
260
3598
1367
0
8909
6469
214
6391
6780
9218
5750
1432
3905
5655
8654
8846
699
5242
8143
6449
8063
2213
3590
7661
8053
3090
237
619
8370
8579
6052
2537
8184
7177
1313
9110
4191
5331
6867
8803
3724
413
632
5683
8466
4995
6734
5060
3533
2772
7024
8315
5300
6439
4538
1462
2850
8288
7454
9213
8604
8613
1118
5686
6819
7676
7180
9294
6123
3526
5430
3002
1863
3844
9320
1291
7221
5932
2598
7774
141
9074
881
439
2115
7461
7202
2218
1641
7053
3976
4142
8889
9155
3179
5209
6191
6446
1009
2959
5477
4524
2232
4999
1178
7956
5938
3043
4896
9273
6316
8074
8177
3222
391
2217
5277
3282
2044
5181
4441
1917
5186
2233
9434
444
7114
7850
7384
1013
6808
4001
4918
192
1073
6940
5917
6162
7515
6960
1433
403
2888
6567
4689
1257
251
2502
1248
6087
4215
5786
8552
3568
9185
4271
2867
2758
3142
1893
7868
3741
3362
2989
7749
8131
7480
5267
9212
6786
3046
8343
5032
2057
6344
2189
5013
1932
9159
5783
6565
1294
7833
8977
3910
8554
7966
897
8320
1757
3009
5086
6939
5256
2926
350
6620
3458
497
8250
4944
8373
4539
650
7252
8452
6587
3993
8882
274
4471
6943
5455
3418
7142
9147
8151
1185
7158
5251
4151
5069
3787
4792
7894
9220
9470
7933
8391
1794
6273
1241
5805
7501
4553
8508
7323
6181
5117
3917
78
4796
5523
4095
558
2102
1403
8485
5116
6338
8170
1614
7034
5862
5212
4929
2744
1080
2491
6841
1157
267
3175
269
2279
2600
8092
5903
8182
6479
7314
5877
1682
961
8918
2492
6800
6914
1027
2447
457
5537
5961
5498
6840
2881
5147
1202
8496
8516
5964
3309
6381
816
1364
3948
2098
1271
6542
111
7809
7779
754
4399
4533
436
72
2719
1870
1490
5808
2362
824
8596
6813
5579
5182
2587
674
2789
6447
6433
6416
6043
6285
45
4219
2475
1758
9537
5348
5891
7550
2674
8159
610
5635
6763
448
4747
2799
215
6963
3367
8609
8830
7350
4595
2709
7439
853
222
2591
690
4768
4030
7364
2967
5466
6018
9225
6513
3577
3780
7099
4568
7663
4080
7110
6343
9043
7459
6826
2588
9518
429
101
1626
8189
1573
6577
7174
2006
9496
2212
7870
3196
3120
2798
355
4841
6573
5564
5742
8274
9187
1473
6970
6177
7373
7176
2428
3771
6810
5858
6117
1011
5995
7769
9267
766
4972
8089
4775
6679
9413
8306
5582
7789
5158
2310
1602
2811
5589
9183
1800
6387
2387
9544
7525
1141
1212
235
4273
4086
7292
9029
3096
357
3694
7660
8535
6483
1380
7544
2872
7343
16
5041
5758
687
3937
938
9343
3293
7269
4112
857
7015
3252
8618
8912
8555
7813
4312
6863
6592
6327
7730
7594
9467
6910
8304
4965
6906
5001
6658
756
6727
7791
6922
7438
3792
6879
6816
1026
2973
6371
4064
9197
9261
6945
5365
1464
8534
1769
8424
4334
1015
6121
8565
1435
2192
236
5447
2316
5691
103
3472
4128
5390
7066
1249
5919
4572
9257
4012
4280
3931
308
459
3106
1425
1199
410
8266
4544
2769
5609
8717
86
1079
1461
9483
8614
1594
6805
1937
3275
6102
1406
7047
1363
1390
1264
7869
3845
8277
856
7139
4253
1759
3992
119
8839
4450
3410
7000
9112
6114
5941
2049
3873
7573
1855
4027
9309
2672
148
2077
8456
2328
5121
3666
3203
3858
4322
5030
4925
6011
4456
6797
6263
1734
473
6326
5414
6029
6044
5040
665
2948
8819
7341
5670
4188
4556
7806
1693
842
1131
4582
8678
1287
6511
2759
3470
234
2003
9253
6441
1506
538
2863
9416
1946
3471
4615
5400
7920
1117
7334
1220
2705
5313
5451
9169
6212
5707
3382
167
2062
9509
7414
9244
6566
5103
3846
5747
6715
6046
8641
1377
301
8295
4762
612
123
2289
3802
6501
777
1383
3596
9480
7122
6133
5057
8376
1916
6980
8390
432
8222
1230
9146
3815
9
5112
252
6684
8998
5217
316
8301
7906
5890
