4413
5661
7325
6051
175
2205
4557
1013
3045
8709
8486
7108
8789
340
950
1993
8761
5123
7890
4466
8990
7444
4124
3247
1041
5953
1691
2155
9454
7707
430
5737
1672
1496
3059
4868
6073
658
4195
6157
7233
4471
9452
2301
4081
8210
3363
2062
7130
468
8310
6672
6636
5511
4815
6868
7758
3398
5327
3430
6191
7243
535
7722
2539
2114
3
1379
9224
2160
1874
2644
7235
7288
2530
3525
7354
8137
1469
2546
7575
4887
8436
4428
4353
4632
2478
929
8180
8421
4583
3426
4756
3943
6418
2973
636
4334
3538
7040
1288
9139
47
5600
3074
608
6913
5452
3689
4369
5425
8974
6512
7719
134
1916
9294
6206
5445
7963
3847
3267
3251
7739
640
6910
5879
7497
4032
6169
2651
278
6205
5909
4514
1886
3208
5388
6989
8475
9086
3343
456
1669
9153
5710
8783
1454
4181
3942
1088
8656
5890
6693
5009
3821
984
5118
6800
3997
1291
5130
6532
2360
1752
7213
8312
2836
9368
1830
2804
9546
227
2806
3832
8910
8675
2726
4894
30
6944
7289
4446
4134
3417
5224
5539
8297
9300
9487
8423
9030
4988
6509
1892
5288
5794
302
6332
1413
2233
8319
3691
1688
5189
5225
8101
607
5081
7874
1571
354
1306
6950
700
2787
1239
1502
1995
1607
8916
4155
3470
4290
1907
4142
7679
3598
1836
1603
7149
4415
9241
2431
2490
1416
3480
3064
5023
5398
2365
5005
9046
1541
6057
4316
4820
5574
7175
6436
597
285
5269
668
2021
3135
8353
1961
8509
7699
1733
1136
5330
6196
336
3105
57
7912
4038
5620
743
4643
3389
3163
2558
5914
144
4743
648
4243
6590
1445
5852
5041
8808
7248
6060
687
6461
5375
3142
934
209
3962
5480
2829
3082
2127
7671
2705
115
9169
8707
4886
4176
3263
508
4475
1943
2713
6655
397
8794
284
9393
6356
4615
3568
1488
5994
1704
2359
1255
2888
4288
2550
2886
1077
1113
5809
6978
7317
5545
6291
3836
859
983
5997
4381
4049
6489
5787
1683
6384
9447
1331
3654
637
7250
5839
7775
5086
6478
2959
3758
428
5736
9460
895
1320
5627
9051
1059
886
8280
4941
5401
3662
9387
2727
1197
3813
7025
841
3260
80
8933
2182
1443
7413
1487
1002
7380
3423
3102
4242
198
2242
5893
8131
3761
7099
4805
583
2394
2418
2718
1786
6895
6592
3435
3308
4380
3443
3272
4045
1119
3638
6382
8271
5160
2009
838
3085
3346
7767
4562
4178
612
9406
9147
9034
850
3680
4054
9165
7584
4145
4992
1646
6257
4662
6516
2234
26
4009
4210
3348
9100
7234
8816
7324
9170
8786
6305
4534
9256
4294
303
3698
5102
2296
7479
1829
4817
6681
6085
5254
4033
892
9491
8459
3488
8061
2995
5227
7057
8871
1784
2575
6617
1549
9166
1819
817
8819
4397
1439
6788
769
3379
4497
4589
8727
8633
684
701
6939
3063
4115
8010
7551
829
4476
7569
2372
920
7763
628
5866
7804
4665
8024
2515
4483
7458
3631
2998
9094
7363
7687
960
5014
8809
2445
2001
8384
7476
3622
4180
3335
1442
2353
2243
4000
4216
1804
3515
2494
5635
8723
6858
4229
5002
8432
5621
2712
4417
2055
3711
9501
7155
3366
7361
3811
6902
796
8833
5277
3399
3123
8052
7193
6202
5931
8090
6903
4883
271
9543
8343
6699
728
3465
4061
1964
1856
7902
2838
2089
6482
4303
5919
7597
3186
5999
1785
8547
9047
2538
1234
3170
782
3477
8750
2250
5191
158
5585
1185
1350
1075
6262
4310
9508
8915
7131
5874
8848
1260
6300
8823
1629
3750
5907
5715
7043
7677
3194
6626
5306
2264
2953
3213
5860
790
8977
8094
7885
3511
196
2376
2277
9542
3802
5333
7813
3548
3772
1353
2799
4445
1863
5933
5235
8673
388
7374
7546
4057
2817
5214
6427
1749
6848
5682
2348
7979
1894
5500
69
5896
6126
2300
3384
834
7774
3508
9507
1838
9500
4198
8134
8851
4812
7599
1177
8775
2661
8520
6691
9419
4199
1457
7128
3464
4091
5410
7340
5503
8993
4553
9156
8419
1500
2429
8900
4396
9468
7967
7036
797
8853
2996
192
2736
3851
1021
7853
1791
168
5564
2606
3301
9486
6519
2955
2710
630
9556
3390
1850
6068
6591
3257
3554
333
3024
5732
8315
5986
1399
4997
182
4885
4323
6595
8653
9070
4737
7070
2226
6896
7416
1797
8448
5406
420
9376
2768
7110
7336
3748
3262
4711
9457
3510
6107
5090
3125
3697
5259
4140
1313
5807
7231
7983
6361
5128
9280
7843
6623
6268
7425
8782
8200
6927
8515
5588
8044
7278
5889
7609
5088
6098
3981
718
7514
7156
3620
8000
2106
447
3205
3393
4713
9232
8804
8746
9523
4624
4818
870
4150
1960
3841
8235
8102
3531
6181
7452
1090
7314
7238
1616
3281
6448
7669
2525
9204
8594
6091
6865
391
3838
7796
2303
7265
6530
2315
4029
8143
9410
2059
4998
8903
226
1630
2003
4627
2681
3536
1391
181
8450
6957
6301
8758
8409
1154
5826
6279
6211
7209
3970
6761
9334
4718
1217
3314
4263
7918
4680
1817
5310
1551
1409
2677
3859
7203
8765
6099
5004
1942
3512
6487
3581
7400
6093
5752
2724
1120
9292
1720
4822
4762
4549
3407
8841
1681
8260
457
195
8350
1187
894
5336
8793
5255
4012
794
7705
6745
1305
610
119
3328
9480
959
2241
7938
8772
6437
8531
3978
625
9041
8502
6174
6525
2658
1868
6883
7993
1281
3066
8004
7948
8732
5061
5020
2771
5654
7954
2026
96
8929
2413
6615
5485
939
3038
851
8991
3126
6059
2386
9172
9435
8087
7467
3549
401
1657
7236
3580
9449
6634
279
320
3609
6504
7678
2523
8892
3914
4580
2002
4398
2122
9102
1813
2818
3329
6828
3585
1106
4623
5006
6258
9168
5095
2792
6432
3996
8268
1397
2824
6161
4325
1292
3744
585
4508
9103
4579
4986
708
1693
5687
8171
692
4785
8513
373
2977
6284
3345
1178
9013
9409
2587
4272
3261
2969
9459
135
9002
4742
4283
8885
4352
3151
703
5187
8336
4823
5746
6908
2967
6162
7820
1641
2025
3912
1523
2728
4942
1068
6603
3861
848
53
5144
6914
6168
376
8426
3485
6367
8203
4279
6056
3871
3980
2420
4230
2730
2307
4975
6569
4165
163
7522
4672
3255
3709
5407
3179
5667
7421
7046
2885
1430
7283
7398
3129
1201
162
4982
2840
4748
5664
541
4512
4493
5565
6339
3350
6302
2846
1246
8366
8681
6468
8396
4209
7486
7889
6050
5157
3969
8788
6665
2000
7450
3840
2116
2873
2298
367
3118
5842
8731
8844
289
6270
7076
6352
5936
3360
257
7969
6619
6637
2915
4336
4567
8759
6203
9158
1746
5838
6531
2573
290
5031
5694
9197
2452
5502
4173
8425
6574
2403
8085
7945
5415
9099
4664
6215
3777
3971
6397
6758
406
7168
9058
8883
3930
2286
6964
1770
5201
1928
6630
1582
1835
6783
3259
6165
4919
808
6662
6159
5115
7181
3621
2433
856
7448
6553
219
5007
8496
7190
1761
2050
7808
9245
5439
7562
108
2280
6760
7311
7022
1257
93
7697
526
5643
9275
6402
792
5720
4338
1200
7899
6399
9063
524
5065
9090
2069
2458
3737
9336
5024
4595
7724
8308
2623
8454
4378
8925
6776
627
8109
3068
7349
1751
6786
6706
7829
8799
9386
1164
8801
4710
1626
243
5859
4520
3730
968
2020
9152
9054
5671
2904
7942
5911
2065
3721
5437
8192
2428
8584
6995
9271
8678
7223
2322
5416
5252
8828
1121
99
5116
8660
1452
6721
4237
2749
1840
5025
4655
6602
8568
3646
1235
516
1555
833
4308
649
8836
1271
7839
7322
8504
331
6570
1132
4647
8691
9375
5094
8617
1161
4775
6690
9394
8952
1226
3812
120
882
4260
7812
6104
2874
4714
7862
2709
8472
7927
7440
467
1667
7901
1025
1753
4042
5788
7167
5979
7124
3794
5409
4920
3974
6292
2465
193
4638
2755
2557
2361
827
7886
2075
8879
7461
8283
7089
7122
4412
5633
7285
3232
810
6579
3352
7799
793
3053
3473
5466
6101
9167
4691
918
7097
6230
5723
4996
6726
3368
1638
8236
4541
2877
7929
7754
6750
4277
6818
3830
2402
5432
425
7544
7654
1884
1326
4900
4914
2412
2631
3566
9526
4957
8888
659
7372
704
1563
7262
6055
7591
6185
1368
5900
724
6714
6717
3632
4225
5885
6237
8992
4170
180
5899
5430
2778
5719
7256
6685
4802
2152
4931
9193
8632
6565
6103
4621
7628
5207
88
4693
1812
8710
1486
1269
8098
4946
5815
6640
8433
8123
1847
7055
5684
159
538
4792
495
887
5605
7397
7019
2783
6398
837
5825
5316
3831
5045
4203
7157
2018
3927
8
3915
7978
4759
1117
7909
9123
6718
2805
904
419
4467
123
2487
740
532
4373
6285
4212
1927
3965
5293
2741
6738
4752
3863
3023
3183
1475
3666
8745
7526
8303
5765
4993
8276
5867
1952
1564
5954
3156
2358
2347
2343
4208
1910
2422
543
12
3643
4256
2382
1152
676
5139
8806
5170
6386
7348
7390
5251
9254
1854
1196
5223
4410
8147
4461
6409
4438
1428
1679
9065
5030
8286
7792
5739
2185
1114
7428
5168
6967
5848
3947
7454
2377
439
1212
7119
1530
7589
5800
1173
3681
7158
1301
1689
27
1302
7676
2583
6026
902
1987
6977
5519
7407
8440
1351
4953
1066
671
7429
7817
7327
6313
4701
2224
2389
7910
9495
2249
3835
2884
7729
4801
5000
7033
971
9089
4010
974
7778
9107
3189
6613
6809
873
2266
5541
112
5047
7708
166
1997
2143
5791
2626
8328
3803
6940
5652
5512
9549
8316
157
7766
2482
6563
7197
3833
2283
994
423
5120
8964
349
6488
3991
9033
6224
8908
617
3710
4807
311
8560
6028
6277
3258
2548
4971
2887
7566
2788
126
5182
6556
938
1146
5706
7549
6290
3285
9418
7306
8562
8655
8317
6194
3184
5784
5990
5240
7013
6670
5991
1158
5531
4399
5093
5372
5910
7216
5646
1241
3190
4444
3165
2229
4945
4819
3845
8407
8911
2964
2511
5280
7268
579
7299
3209
2632
7994
6053
6527
7704
917
5117
6113
362
2082
7163
5540
92
3050
390
6321
2750
3558
7
688
3905
1744
667
5967
3086
6658
9553
6429
757
7151
3791
6897
194
3959
1024
5681
577
8936
4227
1137
4709
1568
8376
5373
3011
9541
6515
6115
9057
8711
3926
8468
8014
25
2368
6052
8362
8351
3518
4767
8395
1410
9104
1977
6756
1572
6145
4593
6475
2449
7368
2334
4093
2252
4530
6836
3447
4542
6049
2500
3182
1983
513
5998
3519
2562
7404
5611
4264
7728
4223
844
2566
7471
7633
4571
9443
6472
6477
948
149
7020
8069
6578
1429
6061
9121
546
4276
1335
2023
4317
3468
896
3146
5851
4300
6653
3199
4617
5345
502
6250
727
1228
5572
7160
7928
2637
4810
6546
3715
9220
5792
111
6360
972
9120
6597
4462
1009
5647
8330
3843
9145
1550
378
7127
1941
3193
1094
9268
1556
732
5925
7682
3233
7495
2642
6479
6005
1448
2476
8719
2048
1510
8595
5049
1718
3820
1633
4976
6139
6778
738
5458
9162
6494
1724
1576
8483
2136
5203
3724
1803
8422
1367
5162
5364
2535
6528
1129
5712
6351
9430
8267
40
9253
1166
1342
8715
5760
2586
1758
5482
8946
2729
8942
5001
2232
1344
7254
867
1895
2193
6316
8124
1741
8748
7226
8391
6204
1485
9005
4572
7484
6355
5596
970
1503
3590
379
1172
7436
5018
5618
261
8680
3143
4708
5136
3906
8390
3185
7282
9303
506
7732
5593
5413
358
1620
1176
941
1898
6364
677
9296
5637
3243
7215
1663
5688
5159
3252
8258
3501
6023
3248
6853
6032
8585
6627
2589
6239
5210
8835
1614
6922
8863
7644
5988
4537
2952
5555
5149
7586
9144
3015
519
9382
2187
6562
7323
7875
709
7365
832
3316
6941
5048
6083
7199
5725
8263
35
4215
2007
2295
5176
253
8091
2944
6226
1254
4658
3340
433
4641
2939
4947
6046
118
660
8878
5339
7286
932
3702
5332
2073
3181
9251
777
7048
281
8191
7113
721
8121
3494
9195
6993
720
2223
2707
7519
1184
2117
3864
5854
1232
8110
6969
7502
8184
5381
6063
1686
217
6728
4083
7800
249
4228
7596
5284
4515
8195
5352
1277
7534
3237
4377
8150
8334
3816
2527
6833
256
7785
5378
185
8918
8189
5819
1756
6326
9279
189
3137
1312
4403
6598
8226
4577
4788
2938
4496
2919
6381
719
996
3588
6486
5211
1040
2634
1336
2641
1953
160
4345
1789
6106
9148
5884
7435
8914
3277
3948
4532
7661
7652
9497
3600
4543
6737
4107
7658
8179
6346
6827
9433
3103
7735
6303
9018
6584
6767
4842
7836
7073
7556
6440
4301
4968
2390
6413
7790
4174
6789
1521
4103
9261
8869
6730
5473
9365
2565
5801
3637
908
9420
3742
5236
5468
3738
300
1354
7914
1670
1160
3685
7186
3177
3692
4479
3615
878
5509
325
7468
8737
7585
1933
852
988
9049
6296
1138
2943
384
3534
9091
6673
7747
4705
2654
5337
8616
6607
7343
7810
2324
3780
5470
4039
9181
5992
3094
7718
4241
3602
4614
931
7483
4485
1030
5016
2605
8730
9023
4043
3381
5947
1333
6140
9450
66
346
7346
1381
2813
3808
5915
2259
7178
8508
7492
4828
6616
3913
3786
976
6240
1569
231
4963
5964
2611
3239
6287
9221
3561
7702
2448
2045
3893
7028
6992
6019
7021
3552
7228
8682
9402
7465
5043
7101
9199
4578
4856
759
5981
9455
5904
2150
8358
4251
75
5974
3049
1824
2451
5697
6529
7784
5142
1643
3414
3021
8571
8834
8996
786
2489
7087
3214
5200
1263
1207
6097
997
1415
1014
2770
3404
437
8692
3211
3555
1527
9068
3882
7618
6801
8962
4928
7592
9524
164
426
76
8551
2219
7961
3868
6445
4003
6261
1270
5217
6012
7296
9214
4291
4354
1781
1512
8666
116
664
7481
1019
344
7855
6187
6876
4432
1699
9329
4873
9492
6431
5850
3062
3629
8569
4576
5278
2479
1772
7822
3056
638
3569
8565
2460
3197
1694
9490
575
6154
6480
9273
7996
7870
6282
1524
3069
6826
2554
3779
6322
8368
545
7856
6916
3954
5927
5188
7326
9155
3132
6567
6866
5356
1992
8674
5721
4148
1061
2297
6179
2695
3966
2845
6455
6936
61
2635
4238
6542
910
286
4943
5589
2698
4732
5412
6183
1116
9398
7742
8950
5334
1355
4489
3678
943
4162
1872
4574
1971
1251
3544
661
28
7210
8049
8383
953
6774
2397
7488
7770
599
1846
766
7493
2486
7931
6233
768
341
124
4679
7310
6609
7750
4626
3310
2481
5750
8441
1579
2797
9367
4846
1128
3077
2485
4551
5451
3695
9388
4753
6017
4631
2292
840
4884
1561
4066
1055
9105
879
1578
1585
7459
2720
900
2131
2086
1986
1609
7106
9324
7029
645
9291
5521
1666
1043
5714
1618
4650
1855
8159
3687
2954
6021
7759
5789
8646
9012
4730
6796
6072
8406
201
1980
8002
2733
4442
3707
1715
6980
2293
6648
3120
4362
7712
3013
8620
5636
1923
8416
7176
3037
3584
8167
5891
6611
9085
7409
6416
6307
912
63
2786
8435
3856
2438
2184
1654
5918
1834
2262
5544
3667
4927
9083
3413
7096
7554
963
5247
4382
2336
7709
9072
5300
3089
3768
1534
1020
1484
3591
3530
337
8922
9471
2498
3995
7408
3176
5297
2194
4266
5064
1097
5323
6723
7239
1211
1427
6806
1653
2288
9438
3036
4987
3500
4267
3168
618
8172
4366
8521
5597
9333
2354
4533
2769
3699
3998
4136
2855
9278
1471
472
3626
6038
6698
6272
7733
312
6635
504
2665
8763
8320
9007
1411
2579
5488
4717
7164
1358
283
2484
5354
8382
1008
7123
2374
50
7734
4322
5877
9289
3433
2279
7603
8076
1209
3327
297
1988
399
4113
3380
8658
1934
2834
5829
2603
210
9209
3478
3100
2850
8534
6963
4470
1168
8957
2474
1110
1796
3319
1632
1507
329
8596
854
6746
8813
8072
4197
7623
1575
5462
2601
1264
8537
9311
1721
2120
806
5668
1860
5537
2399
978
5230
5347
7833
1455
6144
2414
3722
9095
5876
695
5099
4684
1202
1665
1360
9230
2310
9118
643
8335
6955
3432
2212
4221
3787
9097
1141
6493
365
7091
4110
5080
1973
7496
3149
992
6580
3895
5769
9552
5771
288
7946
4806
1981
7793
3296
8008
4875
1621
3196
5270
5342
3789
3444
8193
2664
1446
100
8092
6586
9494
6380
5274
8796
1601
7981
3200
626
5728
7242
1687
8003
1930
4501
995
4782
4566
811
2318
8257
2027
8020
5355
9164
4950
7588
8346
6170
4078
8007
4092
6484
3815
3198
6309
2862
1615
6109
5070
3907
7245
945
5067
1473
1321
4051
4
969
2646
321
7275
2522
5578
3785
7950
9048
3333
8532
6008
139
6075
4973
885
5517
1905
3169
1532
1204
5617
4159
2706
8474
6535
8055
6744
3235
3044
2154
7219
4163
1451
8613
4855
8665
5209
6682
5184
8581
4800
1027
2512
7287
2987
2141
4594
603
1505
5803
694
4407
7373
2373
4463
98
5660
6129
6765
4274
7624
3805
1016
8237
2534
4948
2289
2847
2777
2281
6079
6395
136
1084
4704
4358
7111
3018
2618
3701
5193
8153
5085
2467
8018
3242
3302
1552
8105
6197
197
2912
3502
6651
2732
7192
7132
6457
6642
5357
2415
4102
8344
3408
6217
5171
1537
5662
7760
9177
392
8277
924
2192
9061
4503
9510
9421
5012
6587
1247
9305
9161
1441
5220
4409
4602
2051
1955
2102
542
8130
7272
5497
3925
651
890
2411
8831
7453
4983
104
3647
5689
958
5107
9213
1773
6583
540
1190
4529
7541
3745
7321
4400
7949
8292
7035
8970
2246
8229
5
9052
982
8428
5457
6333
1300
154
6421
2595
6438
1400
142
3097
8345
5935
8053
5727
1732
6610
8127
591
3875
3931
7066
7277
1275
8032
7456
8608
9149
5318
6986
8231
4133
6749
9032
2255
5447
3766
8912
3888
7995
5740
51
5358
3657
3749
7074
6379
7826
9274
2648
8430
5292
1538
9266
8186
7681
8455
8578
8630
1577
9222
2468
2767
6923
2274
2472
5173
8919
8339
8538
7536
2349
6956
5395
6485
2068
7308
1362
2339
3668
7794
8543
4261
6331
5490
2258
2758
4018
6722
6314
7291
3674
3421
4844
7806
1702
5821
2350
4480
1156
9135
8148
4699
7604
7737
613
1225
6692
3452
3437
3047
8896
5008
8270
7786
9422
6886
574
3553
7701
2875
6235
8405
853
6241
7555
1435
1169
8041
5906
8626
3288
734
9050
8611
1407
6536
6632
3220
9445
469
911
3624
8177
3192
9098
3733
7144
6124
1677
815
2867
1175
7134
8039
3439
697
2900
8597
2076
1554
1131
9425
1393
389
6838
2247
7625
9249
1046
8175
2084
8865
7080
2645
6775
4556
1815
8145
3344
436
269
4285
3422
4278
3052
5735
1647
509
1748
8875
72
6644
5377
7524
6125
5104
5396
7809
1037
4424
9159
2748
9252
5905
2629
1318
7780
4156
1996
1604
9154
7347
2946
8924
2678
6837
3370
7510
263
1631
371
944
8868
485
9395
7102
8667
8413
3403
2326
1560
5756
6247
9567
7402
2612
2543
990
500
2424
4075
2594
8144
221
7509
5858
7602
5703
4348
8738
9217
8246
178
6231
6946
2700
8956
4769
2598
8242
6847
4119
4545
8862
7752
1438
7105
3799
6830
2453
272
7847
1182
998
4406
1345
9043
4065
3016
3655
3474
9187
5599
1287
3042
7052
4601
3503
9258
4841
2113
565
5106
4678
1461
7093
8621
8243
1979
5243
8026
3355
8610
906
8670
8347
3594
7384
4870
3521
8224
7535
6338
3696
6781
3428
6080
2058
8535
1862
7166
619
1421
4299
44
2577
7298
2168
8829
1064
4405
7911
5955
6256
828
8249
5642
3358
6391
8986
4967
8978
2267
4104
3307
7583
6221
3706
6666
4239
5213
2470
8602
7395
8115
7630
2440
756
8861
3083
6499
5939
5454
6552
1828
8926
5766
7047
656
7726
3382
949
3026
4262
750
6501
49
6175
6559
8197
5946
3783
5645
7966
1081
3918
4907
83
13
1897
2576
8590
7032
387
7378
5302
7646
925
6905
7424
5781
5498
2516
7220
9140
3377
860
1035
4270
5921
9428
7805
1533
2097
1265
3872
3405
7653
1586
595
7232
3293
3953
5262
722
3682
7851
6336
4781
319
1976
6832
8036
2947
1188
451
3583
1418
6119
1882
2899
9353
9059
4004
3240
7573
3669
1405
820
2146
2630
1968
3048
6447
6138
8820
1466
4097
2590
3349
5158
6612
2417
2717
2691
9262
203
593
1062
569
8215
8827
4959
8636
5696
7442
5626
5404
1472
6873
9399
327
4280
9316
1767
4695
6195
2441
2094
803
5796
587
3951
8850
8403
3885
4236
5975
2785
6606
9306
9250
5855
3106
5590
4481
835
34
4687
3147
4321
4867
3297
8647
1028
5380
2312
5366
7866
7240
4610
8262
9286
4755
4015
2532
6983
662
2942
3850
8605
665
6082
977
240
2006
6777
1316
6348
7183
8389
5785
5205
1039
7006
7280
4293
1713
3693
8822
6420
2529
3374
3520
2680
6503
4179
161
2379
7337
2894
223
3790
2752
1107
8998
8103
4487
3848
2191
1289
2209
2740
7944
8766
4965
7359
3440
4355
7211
2572
5301
8135
642
6435
8807
7828
2410
7749
463
9335
9260
7587
4909
2439
9208
6433
9027
1054
8734
8340
9215
8062
1600
4689
7746
4642
741
7779
5361
1939
1436
6850
5063
4599
9385
6218
6214
9243
4161
3883
2480
8491
2907
5683
3469
4667
6275
3977
9550
2918
611
9255
936
2493
691
9127
6094
3819
6112
4158
8953
6149
6566
7342
7716
8979
7350
1325
6018
85
4949
5350
332
881
7720
7717
8927
9132
3946
2784
5369
498
4363
8961
1029
9179
561
7009
8533
6252
8296
1498
4821
8635
842
530
4735
4114
1105
1742
2898
2200
6251
156
7893
2735
6031
6274
5527
9283
1390
4498
8948
5089
3174
3490
3110
666
3818
2640
165
6747
3009
8341
1047
7743
2409
7730
1245
4200
6497
3275
5608
4985
1946
1133
4612
1963
4524
4510
1167
8797
360
9360
5305
8176
499
2044
4420
6820
5438
5612
1574
5827
7787
2775
6013
6465
5920
4105
6725
5386
3597
8306
6881
5062
9014
440
7563
6353
5782
6624
357
2920
4932
8025
1984
3325
4994
6153
2158
3535
8048
7014
2506
408
1514
747
9391
306
7900
7824
5387
6045
3574
6629
6088
6924
4526
2159
368
5050
6526
1076
6719
6884
1529
954
8107
5180
2810
7205
7451
8873
1417
5811
1406
2895
5702
3825
2405
9190
5155
5828
5353
1610
394
1861
1806
5759
3610
3159
8781
3336
3719
6281
9077
8230
7201
5932
9389
7063
6917
2989
3955
821
1625
8544
3986
7411
1056
5929
2317
3294
2325
150
6160
215
1750
9248
2261
3999
5440
5486
2388
11
3729
3694
683
89
573
1570
4309
2825
5887
4088
7271
1216
3028
4573
3318
1912
9442
6973
5951
6394
8126
6298
6312
6406
2063
872
8702
9533
6545
1925
1698
3359
7525
7613
830
6517
3950
5202
2617
2966
1221
4660
3409
5770
7253
5039
6650
3300
6459
804
5110
9530
7005
6260
5526
2273
5153
5426
2237
7284
1716
6192
230
839
3111
7230
1853
4511
5805
3331
8238
4760
6058
1286
8890
9239
1735
2238
1080
9319
1091
381
2930
3866
9338
5221
2793
0
8188
5272
744
454
1628
1573
9390
8201
8773
8169
1266
3487
5818
9544
4656
8736
8116
3849
2408
4286
2313
4016
8859
9126
4535
6383
3656
6176
5494
6311
8751
6548
7366
7621
4258
9431
5326
7542
9462
5154
517
5674
4798
2028
4837
9198
6753
8056
6845
4740
2268
5587
3455
326
5835
8795
6266
5215
6522
9244
8754
9117
4879
6087
1999
2443
2121
7832
95
8030
2816
7027
5895
609
3757
5433
4504
6932
6359
1642
1695
4109
1015
4064
3575
7878
8259
6236
7247
1003
2979
5346
8877
4694
6373
3741
2110
2078
4776
4979
1022
2790
4590
594
5340
8909
7936
4072
2132
3445
9548
5959
5581
3800
7745
1363
819
7772
5281
1259
1634
5391
8240
3611
6210
559
9184
5602
2602
4437
6933
7115
6372
4371
5554
2692
445
8559
3001
291
4149
4505
4882
1766
8481
1580
4490
1865
9110
6564
861
103
4332
9396
9426
3460
41
3736
2263
2363
5321
7657
7840
2688
8202
1371
1195
6329
7165
6752
4494
6769
8301
8599
1323
4005
7344
1583
2861
8142
2742
8337
1764
7814
8695
1738
2329
4761
3246
8904
9109
8838
6030
3672
2357
7888
986
121
7686
8662
7577
5873
8791
2675
3759
3671
7077
7891
3462
7241
8446
6184
177
4892
8218
6223
3865
6808
2098
7622
3911
1338
644
714
5659
1065
3206
9356
5653
4318
4787
8207
2962
8516
807
2902
567
7489
2276
4715
8099
435
2636
5042
3271
458
8846
5673
2156
9469
8392
1658
7789
8168
1947
2999
8818
2177
9075
8699
1012
5886
1157
3152
9022
7738
6888
3264
8223
3365
8401
5666
7162
109
7375
7370
9302
6638
6554
4390
4616
5778
5071
313
7951
1327
927
8618
8093
5841
2071
7807
4089
5112
6343
3362
7559
1619
7146
6400
5677
2338
680
5619
7830
8975
7184
4872
825
6506
3387
6407
7641
5639
8849
2130
2582
5638
9446
2466
6190
507
2393
5493
5913
23
5069
4298
3639
6772
2404
6127
143
7129
5724
6743
9489
8536
6762
117
1513
2906
8473
9412
7642
6288
6007
550
8095
2929
8811
3728
8417
3527
6620
5359
3612
7329
2398
2367
5294
9285
8641
1005
675
5941
4455
7475
2911
4099
3522
38
459
3218
813
1199
8332
8166
1238
266
6404
3046
2933
2171
2857
3676
1848
1493
5595
3765
4372
2013
5686
4328
6677
8331
2462
3249
5249
4421
9200
4219
7267
4068
795
702
9521
2972
6171
3746
2260
9545
3723
6366
8227
4644
2951
9223
6871
3000
8939
8752
1841
5298
448
4335
146
7614
7513
2851
3613
7777
3683
2945
4450
4554
5862
729
4569
2093
1086
8307
6135
3030
6656
4629
1063
6121
3158
7118
2011
8928
770
6679
5934
6022
7255
8519
7883
2599
3496
1711
584
8614
1431
8988
4346
5307
4528
2450
6123
2761
3874
6474
9502
6585
2309
3353
1153
5552
682
1284
6558
7386
7470
5812
8739
7388
8011
6212
4056
2870
5034
2704
5832
6393
8500
2206
7675
6177
6040
4340
7854
4952
6875
4050
7751
9397
9000
9434
4121
7501
8447
3547
4686
942
3919
7962
2600
7873
2764
5830
1045
4024
1805
8567
7711
5806
9157
4724
3394
1468
8019
8488
3467
6289
8907
5308
6299
3010
2649
7636
8321
5151
6596
3076
5985
3117
350
3091
444
5863
7674
604
1219
8586
5218
2327
7405
4418
4661
3767
6463
5956
1714
6695
1965
155
2088
9357
3541
7438
1357
4757
8385
4172
3442
3005
6604
698
5091
1426
5856
549
7427
9351
8068
8225
4763
4917
7581
5774
9350
208
3475
4125
5501
7432
1125
7864
8906
8774
8987
1479
5435
1762
6861
2162
2584
6255
9111
3880
363
1825
6979
5314
7917
8119
3625
8881
4939
5035
773
4789
556
4324
1899
4728
7973
9227
3492
2622
1504
5382
152
380
1490
3238
952
3286
7537
3827
4255
7665
2396
4771
2031
7801
3735
7303
5286
3870
8122
4259
3180
7392
2169
1692
5165
1624
9321
8940
5282
8767
5836
4736
186
7865
5804
3269
6105
2852
2265
8549
5857
836
4733
521
101
8318
2879
1082
2225
1492
2848
6687
5453
956
8438
2514
6819
4915
1253
2701
6862
4036
6834
580
7684
7189
5757
60
6405
52
7075
7320
9317
4889
5623
3395
3175
7968
8938
4143
6645
1352
7558
3324
8690
4082
8051
3938
2275
43
8206
1833
5244
620
1612
9557
4433
2650
4311
7218
8668
6357
4484
2859
483
7274
3896
3705
7174
9142
486
5570
2181
2997
8298
2660
5422
6784
3881
1540
2993
6163
7139
4360
7092
6323
2174
6860
5233
6533
1998
9359
4719
3448
2421
1690
6751
2833
5586
6428
4898
4231
8638
1684
3543
1611
3491
8138
6934
2916
4751
5606
2496
8393
8563
4122
6631
1857
9517
2216
2633
6560
2401
1149
351
4233
5343
4171
2345
6770
8994
6898
7531
6521
6671
639
9465
7593
4625
3829
5237
5449
5989
5313
2140
2978
967
3212
3782
9313
1682
1112
2473
5348
919
7082
493
7680
9328
8790
3245
9314
6839
2882
4836
6633
4888
9171
8022
1450
6731
4425
8564
4235
7474
4999
8876
1402
4657
3587
5021
5513
2419
5303
1198
5543
6804
4341
7078
8348
5076
6901
3446
9417
2488
294
2302
3280
4521
6044
7081
5399
8815
7915
292
8652
4252
8615
496
9436
8016
86
1460
7251
2064
716
2991
2352
4271
5315
2878
2081
3867
1731
6674
6520
1383
58
1664
5448
6388
1273
3217
1662
7172
6378
5524
6143
3792
1769
17
5944
3658
3539
4367
2588
762
2994
3703
8266
4044
501
145
3922
6264
9078
7903
1954
4468
5434
7698
4414
1606
366
7334
1671
8222
653
789
9045
2047
8060
6859
2378
9516
1218
3514
7257
4654
2294
2332
4808
2119
446
1594
3425
3341
6167
8370
4164
8542
9114
1873
6568
1206
7974
8083
4951
3576
9325
1852
1340
5987
4586
2505
9295
7292
6454
3793
5029
1278
8379
2091
9231
3636
6347
4430
3133
3577
1243
7846
4151
6669
229
2231
5163
1765
3796
6467
1462
1520
564
7650
7989
9499
2356
2239
7953
9192
4690
4546
8086
4106
9017
4379
1370
6067
7478
8735
9282
8905
6004
7443
4809
6462
5256
4683
6415
8487
2285
6362
1214
8054
581
7877
316
7204
6987
6117
2099
9371
7610
3560
4077
7690
533
5916
7764
7842
6042
4391
6116
4839
3191
5132
7054
2721
4955
4101
7991
128
4265
1459
5580
6962
1317
8720
8412
9538
410
7919
412
4447
1587
1879
3878
5742
1918
1501
9183
5615
5146
6524
2782
3121
487
7295
8899
9506
3160
1911
5222
2305
9448
4606
735
1649
760
8232
6430
6464
7997
4772
8028
4268
2744
1389
8287
4838
4112
6350
6835
2537
3929
6907
4214
2211
6065
2985
2104
3599
7700
461
4100
1544
9537
8854
6572
7229
1562
9513
6675
7313
6242
173
7881
9407
3093
4084
1356
9074
2685
3441
4565
3529
2643
3754
4154
4513
183
207
4519
2812
9358
482
1787
1236
2046
1147
2311
655
5464
710
4652
2432
6766
8768
3826
2351
3523
6077
9564
1673
2956
1542
2383
7905
3979
4881
5533
9451
6854
2366
8747
1285
4011
8718
8040
7382
784
5250
8377
8669
370
8650
7578
9361
1779
1011
4207
153
5026
3461
785
8843
6146
6707
2827
3392
97
2801
7023
6207
7069
4517
4902
9163
2049
5718
2492
3166
3731
3304
1519
1623
8497
7376
2551
1807
3774
690
5421
8070
488
7626
7094
2163
711
5616
7281
4339
4031
3559
4220
4774
566
6422
8985
8913
9555
5125
4786
1376
1938
8505
6974
6702
3890
672
1174
1099
1382
9323
6155
8857
8089
9062
3627
8812
5295
3415
7447
3139
1680
4028
3012
7984
6198
1057
4871
6310
8360
8514
7393
8960
7449
5675
1778
6426
5773
3027
5557
4095
2142
9362
212
8606
6375
8485
246
9441
7975
7351
2213
4394
4186
1215
4436
3195
6064
5492
4851
4365
2961
4224
2077
1814
7379
1951
5496
1915
4548
8467
2199
105
8471
3983
1036
2107
4749
3201
5402
6006
1339
3075
9307
641
3006
3903
2849
1456
5219
5389
2574
6128
8371
8989
7072
8603
7352
3219
8917
2924
22
9290
1145
1913
6942
5097
6951
2921
6708
8047
7260
8598
6811
4863
475
6982
3481
3202
8930
3606
431
6887
7617
2314
1420
670
355
2188
8399
3373
7038
1267
7598
726
7315
570
9173
7207
9536
6988
5131
871
2103
8408
8394
5965
2036
8524
5767
4729
7639
5271
4981
3095
6376
8967
7547
3356
1904
883
6712
2673
8221
1869
6016
1017
7859
8075
6700
4754
6540
1826
8725
2328
2178
6971
5487
5279
2693
5614
2592
2974
3635
8136
6500
4738
3489
6972
8302
8295
2656
3141
2753
204
673
6092
7187
6879
3486
6327
8198
8261
7152
2826
5888
7031
1366
8805
9138
4419
328
8769
3844
5670
1348
2986
424
8034
3188
5547
6994
1909
8832
6935
847
5628
5824
6763
2166
6872
685
5924
8196
8424
2052
6661
398
6975
4138
3244
2774
7143
3361
1958
6557
5650
8826
4734
202
462
4929
5341
5790
9236
476
6601
7521
601
7943
4675
6466
4646
7672
5037
1058
7998
4139
2984
9205
2567
5592
7898
9069
4956
6869
3814
8042
4507
7147
5483
5722
3096
8442
9016
7431
7819
4674
2197
1401
4858
9355
8081
1224
8293
2215
8284
3887
1705
864
9467
9498
7782
2766
2638
79
2684
9518
2828
8955
24
2123
7050
4727
3376
6797
9415
3797
492
5622
6182
9207
7795
2697
4547
1709
5003
5296
4443
3860
1528
4584
8464
5169
4934
8152
1908
8445
9522
3725
2795
8112
4831
616
1795
2980
3873
8755
1866
4924
479
554
1231
1007
5844
8837
1482
755
979
4575
6102
234
6894
84
3985
9133
8182
4320
2320
6947
951
1966
4305
4558
3909
5121
3144
2437
7304
1567
3115
2619
6025
4337
4211
9453
7434
5814
8629
7148
2591
5172
3605
7088
1822
7098
4423
8740
6911
5098
3975
2756
981
8149
3901
5261
5273
8947
1757
3031
317
7710
3727
8494
4094
7755
8213
1967
2251
6419
4157
4668
5562
686
8254
2965
8400
8108
167
1477
7142
4116
6970
5865
3122
6981
4516
1261
5669
1887
2207
531
6368
3434
4120
345
8155
7462
4600
248
6996
6002
6076
2269
9320
6709
9113
7103
4688
4330
260
3222
6961
1396
897
9343
6608
8640
4296
9028
7490
6458
582
2928
8639
713
6710
2330
5238
3412
6918
4622
5239
4587
9131
2553
2240
3321
5542
3579
6001
7580
8743
2822
7982
3493
3223
1155
4254
6228
6821
6780
8342
5550
5748
4040
2024
4439
4202
3164
7756
5808
6328
3894
8954
4073
4854
2738
3402
220
3937
6043
8493
4876
2863
8484
1547
3226
1385
5872
449
45
4213
2153
3114
1845
5510
2754
528
3466
4022
9257
252
7788
5505
3505
8096
7924
6831
7169
6476
9298
481
4191
9340
8443
2507
7104
4619
6929
4431
8255
5304
2541
2982
8971
9374
8031
2903
4319
5538
7761
9380
7141
6141
4135
8314
5609
3760
3834
8252
2346
4055
1945
2019
2746
2180
7611
4852
3660
6824
1896
8932
3642
1380
5783
31
9363
764
74
5930
8146
258
2937
5383
5114
7221
2108
6424
8659
1096
4247
6414
3017
6495
8190
411
4053
1722
9011
2714
5649
4025
8279
9424
5275
3659
3889
9056
1760
2731
1635
73
8211
9108
4741
395
1205
7571
1880
9237
6507
8697
6511
5367
7768
342
6625
8033
2151
8499
6178
3940
7018
2210
3603
2960
7869
3020
2041
2734
8817
7065
9151
9036
9079
8529
1922
4126
4857
4448
3119
8077
4304
3276
4357
975
8251
1660
6892
6952
4037
7532
3025
3070
1248
434
239
8874
5691
5263
4893
7212
6029
3963
6444
9265
3614
9128
1888
393
8510
4146
8677
2762
818
8627
2662
8125
7053
7696
9234
4130
1151
2477
1975
6701
7016
206
8278
1026
855
3726
3924
9116
4561
4874
6342
54
4404
4538
9408
6069
8199
5019
7195
6736
8503
2380
2593
9515
3775
1831
7879
6130
1703
8856
191
4635
6152
5390
6283
4196
2483
216
966
1098
745
4182
5167
2889
8462
4329
4030
846
4640
1337
4087
4034
572
441
2639
7422
8728
5779
1179
3879
4183
5319
3756
4169
176
5248
4829
298
1535
8643
8489
8300
5363
6976
9558
3862
4269
6581
2757
5242
2737
4824
3495
7692
65
2715
7932
1000
5685
402
6843
9189
6739
353
8703
4639
3994
3504
4344
3161
2970
6628
523
4401
1701
6646
880
1936
1474
6926
7154
8742
2803
3078
3939
9535
9532
7068
1678
5371
4669
2118
4284
3755
1994
131
9082
6345
1867
3090
9178
822
9247
8129
888
1150
3265
3900
6785
4814
5704
1906
606
414
5385
6990
6325
3857
7783
8066
1324
5335
905
4853
9456
307
669
7643
3853
6389
9143
5481
9470
3101
2381
3648
2034
7246
3817
6807
2085
6110
5051
7827
7360
1948
674
2434
3809
2880
7369
2148
352
3471
4008
7557
429
1494
5709
4916
788
8264
9339
6514
8921
6734
8714
3081
7590
5082
8324
5405
5980
7576
8217
9146
422
6803
1900
8067
4023
7860
322
1042
1651
7269
4645
3450
1491
7237
4618
4349
5972
7041
5768
3956
7355
7608
8173
8684
382
5700
4964
8043
5175
1723
9458
631
1330
4048
3254
2881
1189
1926
8185
551
1165
2244
6844
9141
6054
6254
3644
3578
3003
137
9509
3410
2499
2370
2306
8078
7615
725
6276
6779
4958
400
553
8644
2222
6280
5518
2134
3061
1728
1545
5840
259
4395
2254
5960
6295
4847
9475
7572
3570
8398
4563
275
7925
8778
5777
1181
1881
9060
7714
7341
5534
5392
2501
7420
6491
7270
9270
1464
2040
7748
7831
6048
2176
151
5566
1299
5701
3763
1073
1100
7472
7191
4452
654
1052
6246
7034
4416
5831
1297
2871
7884
6039
8427
5549
4827
9038
3542
8609
2547
171
1725
1590
8154
874
3616
8359
8600
3351
7086
7971
7460
4141
8506
2581
9304
901
2014
1334
3153
7010
1890
8046
6815
2080
4201
10
8100
5147
4350
4880
1186
7312
8140
9381
5017
8671
4634
3973
2624
7894
1361
679
8966
5111
1463
8017
1771
2101
6600
4250
781
5672
8526
188
3458
3653
889
377
515
3173
8619
5680
4046
4921
7426
816
7933
4007
132
1298
3904
4440
5948
5179
4306
1972
3823
1978
106
8648
3040
7601
421
7114
9210
7986
2236
2157
2950
1069
7987
5772
4560
1118
2272
5745
5260
404
8612
4935
8704
3279
3732
1599
5113
5101
5186
2949
3839
3961
5312
9009
5234
891
8038
3234
1595
7771
1517
5141
3567
3949
3231
3171
5864
9349
4630
8546
7916
364
1734
6541
5423
8726
578
1596
1244
3498
1109
6131
4026
7137
3266
7527
6840
4539
9551
3822
6683
962
4608
3990
1794
3127
3778
3762
8205
4605
2694
3572
8492
2202
5204
2033
4877
2235
2627
374
6122
4592
6599
9238
6269
1809
6156
8174
4780
8729
8999
4502
6208
9019
4473
7988
2922
6882
4628
474
3910
4768
8291
8553
7261
7338
1598
409
7904
2316
5143
2876
2167
9341
4544
2561
6137
5190
503
4865
7896
8872
7276
6684
3073
6024
9322
605
7517
5711
1447
4911
7307
6033
8480
6229
2940
2183
8945
5397
9039
7685
8708
4185
1991
7100
4930
8530
2495
6423
2625
3283
9053
4465
3641
4525
1919
5514
5508
473
3712
3298
6958
4193
2781
1592
7385
6959
8104
8059
7715
90
5469
6401
1191
8117
7328
8356
1593
2948
8803
5744
7505
6649
4783
7252
5528
2798
633
7464
7244
6795
8657
731
5460
8460
9560
8290
7940
717
6369
2676
2699
2299
8253
7632
4702
5068
1213
6919
1929
8079
1142
7723
7196
1032
598
8244
7062
5428
6846
6755
1274
1605
3517
497
5109
6954
8233
8458
7290
2578
270
2145
3988
6473
5370
8852
7838
494
6825
1970
8570
6232
7410
4726
6425
6697
6344
7844
2337
681
9554
2126
3482
2868
707
5283
187
383
4282
9427
5265
8713
1372
8587
5156
4845
1526
4747
1144
296
4540
9342
6470
7706
8663
5055
1726
452
8387
465
2164
2282
2725
335
5290
6417
926
7539
8326
961
4292
903
8404
3155
3804
6294
7776
1123
5465
2128
1739
3429
8864
7112
8760
1893
6689
1777
2872
5138
2971
2278
7003
114
8212
5178
1839
4385
1332
6534
6142
4784
7964
776
6703
5489
9035
9315
6278
6034
6931
748
2743
385
9348
3513
2563
3852
5083
3562
7638
9080
1617
6582
1712
5177
64
3661
4978
5655
3084
2135
6189
3807
5607
3563
8449
8847
1412
733
602
8272
2090
8239
8181
7109
7694
8009
5976
7561
8013
8352
2491
3677
3837
1637
33
2913
5058
4995
510
1414
4764
5950
7133
3788
179
8982
4899
868
5105
8997
8157
8414
7965
876
6857
1558
512
5317
5379
8972
3305
6271
450
9101
5973
7802
2580
5506
9001
8770
7367
6733
225
3753
8891
993
914
1252
6523
5548
5038
8118
2765
3273
8029
2990
9405
5713
4598
9540
267
8088
7757
2423
3419
812
2230
9309
4653
7821
1478
1902
6798
9512
3877
2016
141
2015
6041
7673
1071
1696
2800
3934
339
5087
348
3292
4364
7403
3019
6318
2545
736
6742
2060
5150
3203
8012
4923
1311
2569
5644
4047
1776
1398
2017
4453
5693
5556
8333
2526
1851
7934
1001
4147
2570
5164
4581
1859
6787
5476
2533
8716
5993
3842
1808
3002
417
4488
2521
544
2072
3289
600
5692
5558
5576
2524
5741
5226
5040
1283
9130
5698
1089
539
7871
7153
5420
7908
5320
5970
9218
9404
1310
5799
7332
6150
170
7179
3801
6084
8814
1792
1903
470
527
5431
8700
2751
3290
287
3684
8369
8552
6732
8968
6147
9006
5414
7004
6915
7825
1223
4062
3008
7362
8577
7797
1192
3964
4860
3291
1048
9096
8402
6643
5631
9432
9137
3686
7182
5847
5145
5245
5195
5797
7316
8623
6863
5764
6965
8821
1876
3828
8884
9299
2270
4187
2455
9528
8073
3546
4257
7837
7882
3140
7138
2391
8937
2100
242
4681
4518
3516
7371
6829
3958
5403
7412
5232
1719
5417
7845
3187
2604
7713
7430
5751
7691
5504
251
1377
304
1516
2355
6335
6842
4568
6890
7515
7818
4127
491
1481
3436
2823
7545
1548
3128
4454
7906
91
7121
5027
9483
4499
1891
87
8554
5075
4376
8798
4611
4457
6782
1957
4014
9531
5648
3987
1143
2968
9037
71
6096
199
7302
2659
2615
2716
7695
940
6172
8802
2257
5849
5882
5834
4795
652
2504
2883
8476
2609
957
3713
5536
8787
6062
8935
2392
915
5846
6015
930
752
4240
466
9464
4926
4226
907
3178
5264
5013
7171
4555
8161
3071
4253
4878
1774
9191
4564
849
4249
4190
3798
7030
6408
8591
563
308
4509
4060
4506
1227
2509
490
8027
7383
4607
3145
1509
3431
3630
2364
4486
2074
6108
6010
3663
8593
5761
1659
1279
2057
6589
4153
8944
5658
845
6618
8219
2620
8437
8478
7396
200
7177
3334
9482
8194
2926
801
8288
4980
9364
8721
6248
5134
7741
6741
774
4522
1640
7670
8512
3401
8589
1276
8920
4478
4938
7895
8156
3108
5716
547
8463
1470
6074
4908
6893
5833
6014
753
9377
2672
18
2030
5903
765
3372
7939
6593
6320
7045
9203
323
4922
9160
6668
1237
7415
4799
6855
3130
8045
4746
4700
7530
1661
7067
5418
761
4721
5733
2331
7634
7300
8457
5983
5228
7976
9416
9281
2843
4777
8375
3282
621
650
2502
2893
7972
5529
6151
6948
1408
7637
1858
3420
6186
6188
9561
4441
9076
9015
8545
3846
9024
455
6095
130
9481
3640
8386
6456
7655
1710
6496
6358
8507
7339
5108
9565
6349
8097
4273
909
6909
9534
3908
4603
1423
8866
3463
6555
4027
9400
4117
2447
3367
7017
5231
7188
1674
9437
9122
7955
2436
5100
1645
947
2528
1183
1139
7721
8525
2860
5530
4131
16
9129
2138
4059
5571
7249
4527
7740
1974
562
5961
6377
9344
7574
2032
6864
4041
2196
2442
5325
8679
8064
1079
3771
7026
8517
129
8634
5880
9346
1793
3092
4972
6805
4123
3876
4862
9201
1256
8887
8676
2935
699
2621
534
1222
5917
5103
1832
6319
8084
999
1193
1140
7977
2112
1467
3113
1303
2406
2807
1
5424
1589
5897
4076
359
5810
5923
7548
4536
8388
1343
2256
489
3098
7357
9373
9176
2037
2111
3769
3557
1163
2066
8661
7263
2369
8576
7419
592
7504
4663
6434
6363
2038
525
6
865
9330
1419
9185
2981
2039
537
8023
1322
7662
8063
471
9174
2759
922
3072
8397
7056
6047
866
39
110
8582
330
9463
9562
3386
5569
2518
7688
558
3337
8015
3936
5594
8762
8902
7200
7753
6259
8311
1395
4758
6238
55
3274
4331
3229
6945
4890
2340
8688
7150
2375
6614
9272
1940
9504
6450
6622
9259
8733
5984
9473
4966
2779
514
5816
5268
8842
2663
6538
2941
3509
7887
102
7227
1440
8411
7664
548
3041
3323
863
9071
5613
42
1782
8898
6035
5126
6469
2271
4816
5775
1827
5823
3347
8065
4137
8216
4275
3396
6912
6371
6120
1565
2686
7117
6768
8693
916
5912
4582
7689
6267
9297
5786
7401
4570
1018
2248
8309
7668
1518
5881
324
5822
3109
3650
2696
7125
7318
8322
8374
3941
1162
8555
2936
1959
8452
4477
5229
4744
8557
2670
4069
8037
7867
7736
5665
1095
5958
5657
9331
1676
6771
779
2221
5898
4495
6442
184
3250
3634
8528
8275
989
5583
2542
4840
1272
1597
1650
4144
800
5996
3022
3411
7798
438
5135
1341
875
3338
8800
1483
7135
8780
7061
8706
5411
4826
7960
7266
5604
2690
1639
7659
1070
3339
1917
3784
3921
5963
6412
3717
7463
480
7528
955
5073
7439
7319
7773
5520
2290
8410
6878
7921
5328
1051
2957
3858
6222
9264
334
6505
6234
5472
6729
4750
6551
8651
4830
5820
2560
3984
9429
5584
4834
1821
4248
9566
6880
3454
3928
8897
4449
8111
7423
6550
3944
1233
869
5427
282
6588
6696
5192
7007
4685
5471
5133
5022
6490
5461
3311
6817
6688
6111
4098
4167
4779
3014
3854
8256
2607
6245
361
809
6906
6330
4677
4613
3739
9055
6571
7058
2666
8058
7970
3330
693
6920
7214
4070
6481
8158
5553
3317
4670
3483
1268
4006
5731
5450
9293
5843
4427
1644
8601
9212
8282
7120
6943
937
9461
8696
589
2198
1295
663
1849
1877
576
1783
3033
8717
1489
9125
7533
5032
4796
7090
6396
8220
3424
536
3150
7769
1522
1365
1985
2519
2284
4696
7876
6114
5322
9277
1759
7446
8329
9134
3087
7848
3675
3545
6411
4393
1329
4962
4086
9514
7529
6134
8074
4090
746
1293
7002
4307
7136
6410
5837
1675
4597
264
4778
2703
1935
5365
555
6518
6605
8592
706
4703
1103
301
6792
4722
1262
2668
4604
3982
8444
933
2866
7568
407
2416
3917
3309
7498
6814
9372
7008
3225
8465
8588
9479
4118
8855
8867
5926
347
7414
5546
8705
7985
6891
7926
634
4482
635
3884
1717
1425
2475
6764
8776
3306
5324
3740
1956
3751
8792
7353
3241
7356
1810
7980
9414
1754
9511
2975
4989
32
8963
3136
715
6078
7564
7647
7059
6090
9413
1031
9287
798
7051
7445
7418
4492
3124
3375
1511
5598
2910
8893
8686
8858
2129
8995
6953
3134
8434
7145
36
7208
1800
250
7000
2708
646
5763
6720
3596
3506
2585
9312
8050
8367
9559
8777
3385
6985
396
7399
1944
4937
3065
3652
6998
8572
3957
5137
5028
8378
6537
8558
590
4096
7173
7791
588
5331
5875
4977
6735
8304
4188
6754
1067
1240
823
37
5478
5949
8784
802
6225
5253
2616
1870
2821
6209
5738
7491
5174
416
5563
8294
4315
3322
21
1386
7823
9088
2723
8575
5408
2864
6594
8625
7331
1294
5945
4559
2832
1937
1347
1249
8035
4451
5758
8349
3383
4408
4794
4085
4671
7441
4940
6856
277
7477
2510
8764
511
1780
2186
7868
5573
5291
3933
70
4591
3079
405
5567
2517
2218
8949
8380
8106
3054
7433
8654
4386
5057
9115
923
8285
9383
5446
9392
4637
1349
9092
4731
4388
4383
4910
2
7512
8749
6657
3216
9136
442
5937
1546
1802
7550
6686
2304
4918
3935
3582
5484
4790
9042
5651
5198
2914
8624
3764
1584
4723
7060
293
3855
791
460
4984
4458
1083
1148
2469
7466
8128
5853
2683
2096
6793
1134
8539
5206
3131
6387
8299
1087
3472
5640
8373
4811
6984
5753
8021
7107
3586
3565
8574
1878
3268
4343
4659
624
737
8439
6220
9472
2464
7293
5374
8114
2079
9439
3057
3080
4217
2179
5942
1627
5957
9026
2400
5892
8208
1844
477
6889
8113
5516
7952
1290
1208
2508
1314
1495
8187
4825
9519
4333
7582
6009
2435
4585
5074
893
7180
8080
3718
8722
3476
2780
2333
6904
6573
6639
1736
7992
8151
9525
3573
5442
6324
9211
2172
884
1203
1889
826
9411
6166
8889
418
6802
4111
3099
8694
9527
3633
7198
8522
3034
5582
3770
5010
799
7816
7345
9040
6213
9477
8561
8607
1622
2814
6794
3418
3039
5376
8470
5878
4020
5011
5079
3007
8466
8941
1369
1559
8923
4843
7015
7540
7570
2988
2927
4500
8132
8825
4770
9288
3972
3357
4206
6711
9073
6199
8162
5726
8429
705
8418
3215
5762
9186
19
9180
7044
6081
4375
5656
7480
5349
6297
3207
5577
4969
9021
140
8741
3688
5456
5845
6354
1038
9229
3892
6286
8672
8664
8683
5780
3920
1842
629
6011
1220
557
1480
9539
5560
2853
1539
5463
218
8273
8583
4833
8241
68
2133
6334
2208
8685
1044
8839
6715
318
7222
571
5575
742
3593
1159
751
2702
7600
4991
3456
5311
237
4342
4905
6446
7518
6740
2556
56
9352
6483
2344
1072
310
5257
4429
805
78
4058
6812
4245
5161
1740
147
2839
7258
4244
4184
2321
3526
2362
2992
6216
6227
1798
858
8523
7079
6304
2555
2335
1962
4648
113
7907
4356
1180
7765
3427
899
4706
2773
4177
2958
5632
1864
6877
7259
1194
7567
148
3795
3256
1307
1476
4204
127
8420
8931
9345
2042
1591
1359
4160
4673
647
5679
1060
2144
8969
6308
7264
6201
1823
3484
4402
6306
6086
1885
5084
1989
3204
5747
1280
6315
6508
3989
5579
4925
2201
2932
8354
4232
7640
2671
3270
4766
9269
484
7161
9354
8983
5734
2865
7620
3315
403
6337
3533
5871
5287
4071
6654
6997
1811
5362
3550
48
5092
6921
3369
778
8980
9066
314
6253
877
1652
8901
4469
3060
5033
2901
2220
8214
8170
338
9332
2614
4327
5072
2892
8779
5241
1328
8880
254
7202
1433
7849
787
758
1092
4194
1920
7920
4289
7499
518
2811
6200
3595
2427
2747
4712
1388
8984
2934
5441
1108
7095
5908
2319
174
1050
7012
2687
2054
7693
7309
771
315
9337
3664
7858
7803
233
6575
1515
9379
6549
7485
4464
4435
478
1010
1424
1990
59
2139
7852
4698
8604
7279
9093
6273
6621
6748
4019
5459
386
4933
3945
4313
8951
7381
5216
5046
3952
5477
1788
6652
568
7619
1707
1755
6249
8556
1497
1816
6899
6949
9326
6263
5610
1818
5743
1730
2772
505
4152
1729
427
2791
3364
4108
3743
3055
723
7605
4175
3378
5285
749
7999
2544
4903
2597
5522
8645
3679
3886
780
7612
8248
2571
2459
4474
7457
6498
4168
5729
2923
1743
4312
2891
4666
6841
5817
980
7406
8501
8363
1843
2087
4351
3507
3224
2214
8234
9206
5096
7835
5122
3976
4649
9478
169
8753
2674
7781
8364
3716
8642
3148
2426
2905
3537
5444
4361
7473
3923
6823
7660
5705
8415
7437
5394
2819
5943
3967
7631
415
375
8518
8265
5754
4765
3601
6543
8372
9505
5869
6704
1111
94
6164
4392
6694
305
4491
7084
1768
7863
7116
9003
6158
2395
2549
5436
299
2043
6852
8860
7377
6966
5212
1553
4620
2323
2203
7744
9496
3067
5995
3107
8165
1883
7897
9087
1346
2856
5966
4913
7170
9008
9263
343
6449
3004
4990
1727
1404
8981
6667
3670
8771
8649
1093
1122
520
2444
2564
1536
7185
1308
2897
8313
7507
5015
7880
4912
6810
4707
