7800
2785
8282
8973
149
8043
4337
7865
7605
7472
4758
9434
8139
646
6725
2962
6548
5598
1031
6499
2859
8963
9473
3748
7827
4383
5682
3700
1731
6122
7275
1427
7297
2121
1569
7034
5873
2635
3242
2695
2712
4874
3667
5601
8896
4411
5704
4440
844
8589
2802
5505
2413
5472
8847
8513
6416
7148
8928
5579
4420
2585
4453
1448
3051
5451
7076
6511
3844
966
929
9563
2865
4226
476
1575
8219
5576
6487
4803
5910
3560
1688
4572
6894
4433
5415
5414
6371
6104
1077
3489
6842
2039
8269
1959
7282
6427
262
3004
2511
4335
9294
4150
3574
3635
6526
8823
3006
8263
6345
3856
6342
6672
1567
8953
6890
1428
8694
6224
9267
7395
5538
8448
8199
1252
7006
6699
5703
4858
4808
42
5561
7156
1501
7235
7990
4003
7928
2796
3771
9051
3639
3671
5771
922
1202
2462
2981
3280
6407
9158
8672
5926
8464
79
1397
5217
2269
5392
5657
1352
4280
7817
2576
1089
8559
3140
886
2364
4960
1488
6686
1768
2229
3390
3829
6256
4699
903
5056
1329
2638
3769
4935
3759
6640
6518
4775
2753
5120
2911
4892
2562
6469
1520
3184
4364
2383
2650
8416
3957
7338
4703
737
5047
5533
4812
4256
4134
8980
3901
4409
2110
5479
5836
7065
9495
1511
950
3747
4583
8369
4761
2864
5549
4050
2250
7392
2497
5484
1411
4216
5165
3383
1059
7257
4071
2126
6677
1263
7965
5548
3000
9172
7779
1118
4472
3731
3935
3513
372
2308
5297
7466
2552
472
6276
5089
6141
139
2678
1236
836
7018
5564
7465
1792
4560
5922
1144
1494
2579
1010
2160
1905
661
4044
2649
5884
6064
5440
6902
7689
1012
3857
7877
7021
8693
9041
3832
1473
8660
644
3691
6302
2544
2466
3528
193
1069
5299
7673
630
7325
1892
3692
501
6653
9133
2312
8933
9555
3620
8677
760
579
4653
5881
9303
4087
197
5606
8729
104
7975
238
8834
2105
9331
1587
8051
9523
2833
7215
6693
517
5710
3915
8010
5080
6804
9221
919
7785
6409
3059
1503
5799
3110
7729
2365
6599
7835
2427
4607
2951
8669
8641
4100
4749
3063
2195
8348
9339
5470
2246
3018
6196
7713
7471
616
1689
1386
7647
4317
2368
6523
510
5118
7727
3237
7491
8950
8499
7328
3224
6813
9545
5159
1419
4175
508
7590
125
1901
2840
1307
7470
2221
9156
3204
5670
8410
8633
64
8699
2835
1381
2082
1047
9477
7422
1816
7109
1552
473
1644
9025
5608
1375
2861
419
3308
822
7584
5965
739
9087
2787
5615
8572
4943
9304
444
628
5340
2721
4923
752
8307
500
764
2654
245
7391
3614
3370
7329
3189
1847
257
119
9488
6209
1879
7120
1932
369
8327
1364
8624
9414
1941
1260
7439
1073
923
8997
7946
5312
1249
8936
8930
3933
5039
6202
1769
1957
2948
4095
9375
9369
4104
2292
6529
7372
225
5024
4957
3621
5552
1691
4488
8115
1594
7057
7942
7506
9257
732
2057
1374
9007
3160
5683
2987
2030
9218
5396
7637
5243
1924
4936
1736
5313
9539
160
5916
5002
4092
8244
5151
8759
6502
4689
1919
2844
3893
5714
2435
5290
7686
2512
2200
8620
9290
839
795
8775
6142
6648
4738
8257
8718
6223
273
2068
6442
4834
2647
6013
1851
1459
7796
6308
8207
2257
187
421
9322
9481
4933
3078
27
5248
4537
5006
9379
5932
6068
6929
318
6667
6267
7720
3892
495
8988
5206
2878
1141
2527
4234
5746
5463
9119
660
5554
4036
6920
3438
6263
4657
7492
234
8280
6337
2879
8059
683
4346
2718
4093
3092
631
9512
4079
6046
3527
769
6724
860
2875
6921
408
3812
838
9224
5264
3557
8473
7094
9271
7956
1577
344
223
7155
4646
339
4283
2279
5659
2130
5498
8575
6384
8052
5820
3213
3736
8664
9110
906
8152
6169
979
9557
9297
1116
2395
2056
897
5550
5807
5375
5338
9343
3559
3709
8381
5532
7187
8853
7518
8502
8700
621
1489
4115
7270
1560
7244
6757
4060
7200
9324
4382
834
559
3079
6410
4612
2877
7188
8035
4267
6453
9402
9502
2155
4306
1850
7759
5677
5903
687
377
3318
6752
5711
2173
3623
1930
5293
2811
2181
1090
9301
617
671
7495
5955
6164
16
1838
1369
4086
9317
5372
1509
1246
2598
7998
3289
6841
1797
2182
9227
5568
3278
1810
6483
3612
9360
1940
4804
6560
3792
8202
525
8779
3972
4467
1711
1297
8659
9458
2596
1082
3952
657
7383
558
9411
2950
5779
2164
1388
3467
8151
7276
2741
8308
7859
8056
686
3609
8099
2351
2747
689
8221
8637
482
4286
7644
5756
7540
2891
8507
438
1969
4402
2611
8246
8801
889
9376
2842
8546
8531
3526
2998
7543
7210
1111
2923
4068
2536
9176
2686
1646
7160
2858
9127
2002
9551
2559
2198
2400
5989
7696
5738
6628
3587
2727
1218
1915
9073
7212
7852
4679
2922
5109
6071
6447
351
2353
7780
8328
8610
269
1085
3846
4436
6460
3017
1710
7581
3363
3335
7776
9243
5629
690
3536
5366
2694
2503
3473
4126
57
8564
1274
8695
7751
4790
7999
4956
576
7268
5403
188
1162
3582
4231
7683
1669
2014
1292
574
2534
8417
2783
1410
5204
1362
1491
386
802
4564
6679
1799
7393
8023
8460
3593
221
3227
8197
2564
6491
5635
768
1523
73
8396
6464
8667
7583
481
796
4544
9552
1320
2698
7874
2993
8517
7299
2158
1029
6540
743
5742
9293
8332
2487
650
5473
9419
8220
925
3399
3816
5230
9114
3633
4830
4007
3787
5432
2990
880
5026
4464
8923
5074
2672
9050
527
2355
447
8715
6692
6268
3323
9037
21
5997
2801
4375
7515
2652
128
6355
5246
6188
8229
4253
1652
6766
3926
9095
9032
1209
70
4867
734
2168
2331
1287
6129
1573
2315
5200
6414
8330
531
5438
1537
3013
5114
2437
9490
4301
7114
2162
7033
8403
1613
4750
314
6162
6611
9206
7719
6809
2163
8087
6525
7579
306
5553
8289
92
1925
692
3298
5257
6761
2114
2484
2485
2486
5985
960
2293
1070
5774
3919
227
6317
2473
5207
519
3743
7015
4628
5610
4430
711
588
5694
287
2505
8842
806
3143
4212
7654
6418
5500
1534
1026
5525
6009
8814
1136
3751
5745
2657
6765
1226
1392
3704
6364
5708
958
6661
2387
4594
1313
2062
7172
7122
4877
6055
1815
2170
7936
7294
2640
8935
6512
4865
2231
3597
8339
658
1402
5737
7157
5393
1041
7355
6251
841
399
9204
6577
8581
4997
550
7489
1995
6376
7564
8991
5105
9048
3244
1378
7809
2453
2936
9527
2520
7074
9348
2590
452
4343
7387
1078
2242
2377
6395
8012
5605
3603
2194
4606
3519
719
4532
1978
8799
4989
3712
1493
1858
8198
7899
5150
4757
8671
5284
8284
4934
5908
4953
2138
9350
7046
4780
5653
753
1225
5928
4004
6721
1586
4805
5902
3757
8088
7668
426
8709
6198
5420
8446
1950
1117
4592
6219
5912
1074
6462
3139
1009
2098
666
4391
1564
8455
7736
7578
3322
3804
4625
9242
6177
7112
2704
9030
8999
3305
5281
7606
1412
2778
4443
6370
5087
4681
9212
8274
4435
3530
7939
2515
480
6374
6063
5155
4645
7115
3062
8763
7995
5464
8540
3825
6963
6151
7139
4174
450
5674
2464
4194
2656
5394
5459
824
4415
2930
3097
634
1936
4880
321
5068
2049
6411
6401
5483
8769
2593
8849
4434
3396
885
1933
3647
4202
6633
3680
3860
8573
237
5351
3928
4978
7041
704
6397
3836
3351
7025
8731
2825
3388
5930
8375
2213
7516
1807
8783
5497
7519
7836
6924
8578
668
8009
4465
2731
8792
2333
4794
4963
3102
6110
4031
8283
2272
604
8346
3089
4667
8089
4203
4809
5981
8084
4682
7828
8606
3468
5841
6649
475
1565
1647
101
1223
4581
2223
8189
9216
8940
761
1348
881
6918
9409
907
2405
4835
2831
1248
6833
729
3146
2688
4615
5053
1785
2458
6941
3618
8458
3988
8955
4410
2136
1606
2149
3064
1452
5316
6315
4491
7576
5848
8178
859
9337
1436
6709
7832
1805
4826
2499
5132
3265
3943
5969
5837
2659
8118
8181
745
3663
9006
4227
7312
9009
4810
5076
6682
7351
7256
2472
883
2555
6320
1
24
2595
2798
6443
5348
253
1972
4987
9089
757
5966
1706
4288
5058
8292
8868
7288
2813
7493
6671
1536
4973
7775
5536
1215
7897
471
5358
5084
5349
3499
6781
6126
837
5539
5696
9410
5129
8794
5346
2157
1416
4875
7702
9258
1098
3096
6864
1877
1971
2186
3564
333
8924
2733
776
200
3936
7730
2959
4650
4795
6280
1547
233
8212
746
9378
3377
1608
41
6520
5147
2660
2004
34
8325
4468
1849
147
6701
756
6166
5170
8393
8062
5401
3729
3329
8271
3492
4815
8279
526
3127
6860
786
3833
805
7176
3912
3826
587
7901
158
840
2375
7189
956
4901
9255
3367
869
2602
964
437
6274
7934
7398
6402
5079
1499
2432
5918
5045
9446
4499
1279
8551
5439
9054
7607
8722
2843
8857
4767
8091
6054
845
288
5253
8737
697
910
835
3230
8649
8108
6617
5790
672
9064
4125
5380
7140
3855
4851
6127
2744
7611
8267
1273
3373
1134
3239
5824
6569
4238
4326
4362
5426
2183
4284
4551
2214
6426
6697
5732
943
3659
3312
6962
345
2903
2863
5209
2887
39
1505
2207
4840
6476
8467
5994
5781
349
2546
5688
3869
2663
6779
7873
7138
3123
4588
1083
1398
663
4998
1472
4482
5142
3449
7238
1453
7613
4713
8518
1446
7070
5179
4579
6582
1982
2426
6608
712
7216
6507
6744
6085
4451
3533
4398
9171
208
1163
2017
6389
4662
94
8734
4266
4599
2397
5749
4985
6807
681
3246
6303
5137
9241
4642
3578
5872
1894
4357
773
3916
8486
4634
610
8797
8175
1675
3349
5518
868
9047
6606
3446
9029
2011
9319
4526
2396
7485
6180
3978
6233
6187
2920
5176
7932
2984
5231
8120
3161
8946
2278
12
4444
8910
3465
9165
7420
3188
9385
7196
4315
4442
464
4793
665
6624
4661
7225
2737
7010
2366
7500
4736
3835
7052
9001
1245
8785
5223
8588
7595
8143
7803
4424
8063
8708
8351
1829
7453
2682
4853
7108
2440
4777
2032
648
6830
6119
3823
5520
2094
4843
4291
8454
9320
3461
1725
9519
552
45
6191
4165
8230
5301
4529
4264
9534
8305
2506
3463
6652
8876
1973
3814
2612
2074
7694
1149
165
3296
766
1764
7537
9302
5609
5996
7101
6563
3662
4633
385
5650
9386
6932
2755
9053
6808
502
1170
1748
6949
5868
6952
1572
7180
6112
3963
5180
3197
990
7258
6172
292
5239
8869
3235
2072
4959
4351
8038
4179
4541
7902
2245
4025
8676
2069
1611
718
7643
1539
7194
3158
1860
6573
4363
4833
3754
8478
8130
6113
1506
722
1310
1145
854
2280
3080
7145
4270
7068
5990
133
8511
1281
5323
5968
9561
6657
8252
3147
3292
6863
8006
229
982
8163
7314
1408
1433
7409
4261
2680
3048
5559
1406
4394
6981
5434
4788
5145
1603
6510
8501
775
4966
3841
2188
6324
74
6690
9230
3346
6641
2856
7365
3429
1562
1457
997
8206
2083
2675
202
5847
5921
5185
3382
3660
6153
1092
3032
4422
2629
5254
4784
4223
2261
1394
4764
1254
7170
812
3715
9139
5798
3187
1339
3366
5025
8762
4726
5501
3723
6778
4188
3214
2496
6264
6030
5468
908
7184
1861
6011
4660
9174
4065
2476
3795
8943
7254
1154
4213
2780
8213
2421
400
148
5493
2530
2713
8780
8904
2571
6076
7888
2058
8893
176
8907
2202
7861
1777
5069
1001
3389
5537
7426
3240
5292
9388
7411
8081
3573
1305
5240
2941
3154
928
5373
585
4561
7125
2029
3796
4077
3460
5421
7682
3821
8347
1557
8790
1462
1153
4540
2362
439
7198
1150
5332
2705
4643
4250
2091
8727
4968
7878
7279
3100
5214
4233
538
9219
9284
3178
3975
5269
8436
1405
1200
8784
6098
3886
1680
1692
6630
1147
2338
9000
2141
9261
432
2769
7962
6515
3093
3069
4327
5934
9019
4005
8397
7860
7149
8562
7837
330
1541
5806
8650
4665
8228
4106
8520
1426
2876
6585
6163
3626
7612
8217
8106
2389
4222
3685
7847
8360
7907
3437
1996
7243
2430
6791
1657
2873
1953
1361
4076
376
5226
3256
6379
7716
346
3656
4178
4047
3650
4548
1806
3949
7378
8577
7953
5090
7201
5905
4066
9052
3498
1529
9209
3276
9424
4920
3516
3116
5978
2019
5817
4739
3882
2263
8820
1723
682
1490
5172
2001
9306
1296
460
7014
1803
4905
8539
1119
3421
3932
3682
4938
6680
6457
4861
4647
8503
1964
2822
1161
1788
1165
474
7640
4083
2104
251
6037
3203
2883
9471
3409
7631
5303
1344
177
5945
7415
8367
1870
8399
7675
3541
4354
8768
5577
7551
409
3198
4190
4211
2434
4603
4774
7072
5339
8630
270
1192
4778
3964
8812
4684
9115
4471
4345
8395
751
5534
2480
5049
9546
3168
8306
1987
7406
5951
5698
988
4241
9215
4887
4358
6359
3750
5901
3041
5186
3934
9455
3974
8082
8142
7223
6025
1555
5578
8817
1422
2477
6203
8880
7349
3871
595
2886
940
4622
8892
2404
8566
2701
4859
8008
6352
2569
242
3119
2601
2212
3770
9452
2988
2047
8796
6358
599
3509
6758
5198
5603
9400
1745
6361
2580
4
9384
9094
1481
9315
7417
952
1282
3973
280
272
800
6597
4242
6904
8258
2359
8900
4152
9474
9558
7202
4604
7947
723
1485
328
249
5210
3012
9168
7048
3136
9289
5809
6432
1891
82
7820
296
3476
4111
1321
8243
926
730
562
5250
4522
3517
6839
7064
3490
6691
7968
7302
9354
3328
3448
6194
3001
4113
3789
5508
9299
5936
334
8025
2045
6245
3475
6114
8770
6549
2528
1229
7045
9211
7552
7801
9368
6614
2565
2080
194
9506
3065
7488
2940
6400
609
1504
7000
5435
3122
7408
1656
2817
5621
1497
4320
8615
1311
2144
4139
3417
7624
7948
5456
9043
2766
2500
9417
2041
7133
8005
7388
3324
8748
5219
945
633
9222
8382
3380
3007
8512
3450
961
8392
1804
4692
8086
9272
6252
2637
236
8964
5278
7362
5121
4205
6347
1660
8146
3151
636
6310
5583
6871
7842
8117
9121
7259
50
5686
4602
6341
6817
5800
5362
7077
8753
1112
4976
8841
2799
9097
4718
6440
427
4121
2838
7093
673
3569
3085
3767
212
1328
8224
7053
4487
5611
4384
8662
9459
605
7375
5633
3601
7058
4971
5947
5235
1132
3264
7183
7152
4259
1474
2016
3615
2944
8116
7740
9542
448
7705
1091
4034
352
2928
5767
1027
3212
4636
5988
2804
6738
6879
7096
8377
3616
1868
1291
1184
4396
5652
4721
1993
2764
8030
3883
2866
1242
2553
7512
1129
9413
3849
8764
9327
3878
8356
2904
130
5565
2024
9361
3019
3381
6806
243
4130
5381
1727
7868
6632
8871
4576
434
9431
1862
3243
8889
8800
205
337
2199
486
2826
1055
6097
8456
2038
3684
963
5295
2259
1842
244
4516
3192
1284
8825
7253
3020
4275
3038
1399
1182
4792
1424
2857
5801
7777
3735
1524
396
5992
3520
2343
8860
7413
7646
3539
6793
226
1772
5741
3913
2290
9049
3402
7855
4882
8811
5255
5899
8304
7082
1353
3009
4431
7895
6420
6867
6150
7468
8020
5258
8917
4252
2852
7231
8544
5632
3113
967
8674
9398
1368
6031
6437
3695
2488
390
2318
1413
8887
7218
6161
2607
75
2889
7636
5149
4300
6802
6995
491
5786
6363
3996
3471
5933
5671
5015
8862
2077
7209
3416
2869
7037
5429
6131
11
4258
5082
1609
7441
8915
1600
7132
4753
7816
7632
3225
7920
7357
5894
3250
3285
6985
7262
181
4627
513
3487
2268
4189
4610
3205
9059
8954
1926
493
3896
5506
5304
2052
3291
5010
5007
9465
6415
4450
7295
7113
2023
6090
3689
7652
1907
56
453
4374
7226
3357
161
1199
1854
6282
8105
8851
1819
5141
5602
6978
9134
5596
1833
2521
4872
4741
2232
9381
6496
1445
9149
2862
6328
7341
4078
4359
4708
463
7028
887
4844
6490
1844
3034
1533
3111
7486
5900
3067
9436
1387
1653
7909
4157
8248
8952
246
4413
6200
9522
580
5148
2664
8092
3369
7757
1690
1561
3818
5020
3101
357
2781
2346
7867
6470
8176
9153
7246
8237
638
1947
3014
2812
3344
955
6613
2947
5462
3090
811
4206
8014
6227
2677
3664
173
170
895
1195
5542
2345
7896
9152
8314
821
4502
6506
5417
7203
3697
9217
2288
2084
3985
8998
6878
2274
1278
6604
2977
598
5389
1554
5192
3057
7460
5920
3558
5944
6532
3044
2828
6234
7317
5322
2086
4021
6
4948
281
1099
759
1157
2283
7960
7638
2541
2391
4441
1566
1072
832
5626
114
7435
626
1268
506
4334
3022
9476
4073
5466
9554
6235
2428
4380
6201
1455
8743
707
4279
1515
6365
4655
8324
535
7815
5359
3673
8281
1720
9364
2097
353
7915
7687
4565
5507
7056
1976
2468
7230
8408
5383
7693
970
2979
1633
3861
4848
1039
6429
1240
9210
4058
2711
2206
8656
5919
3220
6481
3376
6688
31
823
2254
9213
6240
6431
1954
313
9167
391
4855
6980
179
1379
1888
8902
7150
387
3081
5021
1365
4187
342
1979
9560
5630
654
8425
6851
4752
7541
4085
5331
6241
4051
4323
5282
1912
4950
7608
6771
1233
731
1188
1094
9208
9296
5569
3327
1025
4801
7633
1893
3353
2050
6970
5492
5758
6270
5156
1332
1779
2958
4514
1765
7741
9017
9141
6217
7707
1120
4981
2092
84
5386
4186
191
9509
1992
8510
1333
5625
3219
851
1750
3164
3851
1588
6285
2409
8065
1744
7650
9347
1981
6595
9547
6828
3026
1781
5315
5616
5251
6983
1357
5700
1970
1346
5271
4732
365
9478
7049
4927
2846
2192
2303
1403
5329
4536
206
1966
1643
2626
6016
8249
2314
6339
3236
8580
1166
95
6061
9203
1902
5355
4818
7121
546
2271
59
5413
3426
4545
9034
2997
4457
8918
5390
1372
4639
2702
7369
3411
3889
1812
8788
8824
7700
8839
2957
8233
9263
2374
5957
9063
5309
1576
6773
2386
9281
7403
5907
5352
6106
1232
1290
912
9177
1693
8981
4577
849
393
6584
3260
4691
2382
5028
8047
5755
8444
3486
140
8376
54
4330
6417
136
6996
2348
2666
9016
8716
6056
565
3694
4474
2191
5350
2372
6357
190
9418
5762
5712
2964
4666
1367
1146
1393
9033
7186
8171
6919
362
647
4480
5062
767
9223
2740
5939
1220
4341
3464
1450
8890
1543
4814
8169
7396
4142
1186
458
3542
8238
8002
6882
6501
6343
2927
2310
5377
4271
8773
5333
6647
7374
4656
91
7987
5408
2513
1673
947
8888
7085
9020
4675
9540
6434
3408
9069
4949
9198
1599
3156
7914
4075
433
2491
5072
6989
3496
4478
1343
8411
1130
4067
4771
4225
7560
4289
2087
4146
9514
866
4002
8632
7900
168
3997
6823
1985
247
6173
4597
3910
4128
3572
4553
5469
216
9002
6627
5655
9395
8309
7717
6128
3287
1823
8832
948
9231
6927
2034
6015
524
9511
5923
5424
6913
1677
4282
5152
3277
7361
7546
5441
9083
4716
4590
1050
2532
9536
6552
5476
3537
8761
1272
3481
5075
3005
3765
4297
3422
3994
5523
1304
2108
5586
8323
8123
2475
6895
892
7459
4321
8951
4101
7615
5260
1674
4204
7476
602
8728
7399
6513
6522
3356
3358
2728
3746
2768
340
1814
3755
6998
4221
164
8226
5915
2367
3891
4619
2325
6248
6452
9151
9044
5317
1257
7427
1684
7232
2743
1548
641
6045
3433
6687
8966
7545
1513
7781
5971
3494
783
900
7586
9529
3030
1016
7214
8611
2902
7529
449
5161
5876
2122
3337
1460
4644
7007
5088
6609
4730
1518
2238
592
2945
3258
4534
6535
186
5599
6042
2989
6776
5753
6319
8976
9394
1843
5811
3925
5911
4112
8666
304
2759
6199
4944
8756
4029
2253
4332
6073
327
4921
7976
6330
3583
4724
8995
9439
6450
7454
5300
659
9193
6588
6125
5679
1834
7423
93
9429
2022
5764
4722
7773
3895
2224
1703
5706
135
518
7309
1540
5213
5092
942
8112
9277
7261
1324
8617
3511
1997
5276
3103
1302
5906
3176
2431
7377
2106
7444
3174
4230
3902
2954
1414
830
8007
7602
5827
1980
2566
1177
2465
6720
7555
7649
3775
7639
5986
5850
7026
5001
6373
8239
4114
6645
9270
8802
1046
1317
2043
664
5761
6299
6307
4839
788
1732
2172
1178
6026
4052
5970
8251
8489
5046
5664
2827
6412
9463
3920
4768
7811
3286
6838
1383
643
8745
4268
7840
6368
2653
76
3548
478
4166
2215
5085
7247
1277
954
2449
2248
8140
9067
8586
2007
7440
5086
4796
901
2385
7964
2210
9363
8426
196
1873
3744
7452
8413
2169
7430
1363
8856
1294
583
8361
7679
1623
6711
1193
49
8096
7692
4975
9518
6607
7943
6422
6612
2370
8525
7763
3845
105
539
3504
199
742
6305
9170
8816
375
8838
1927
6322
8680
5494
44
7846
1612
2
3302
8320
8521
5648
9039
9550
3042
5481
3105
2275
5974
1904
5844
2782
4365
4711
5154
3354
9036
8541
428
5335
9516
7091
6051
717
4533
4182
8937
7354
3428
8153
3407
378
2625
8557
9291
1708
5819
5842
6043
7274
9358
7428
3959
9380
7938
3112
2123
8978
606
1634
3730
8287
1022
2775
937
7542
468
9425
8766
4239
827
9117
9232
1018
8884
8173
4237
7298
6673
8073
8535
5431
5067
6458
544
3807
2187
1409
4168
7766
6311
9091
8916
1584
9191
6705
6403
4054
2749
1127
26
5337
8435
5543
8013
8480
8605
1227
8293
9225
8754
6820
5976
1625
2591
7099
2573
977
9142
8165
4914
3540
3782
4727
941
6928
5017
7755
3342
8033
7748
4120
3484
3965
4986
4281
2710
3629
3958
3879
6868
8414
6637
8373
4169
8034
8477
6101
8554
4693
9524
3485
3837
5654
1604
1556
7771
5721
4523
8111
9147
8182
3976
1370
3319
8749
6782
4896
6396
263
6643
7929
4373
3443
1086
2046
3510
7973
2111
6244
2335
9389
8938
5917
9454
6383
5242
3862
137
4132
6579
7306
7587
3454
5949
9013
6723
8640
1295
4310
1447
5528
6074
8750
4167
5054
4390
3678
6819
5665
1194
7808
6957
4519
5948
8843
5816
3939
1264
6763
7473
1017
5225
8886
6583
1045
7434
2691
2220
8713
2985
1617
8149
3130
213
1071
1051
1683
8979
2128
4587
3121
7737
3217
3847
32
9102
1616
7798
8412
1707
6456
6327
9334
7935
3598
4180
8972
6521
4412
7714
6287
6620
5412
512
7761
6041
8791
9342
3391
1778
8568
4596
3241
5715
3922
6266
7363
120
6297
5637
706
335
489
5384
7280
4996
3674
7281
6591
4909
8835
7185
2392
2474
4898
239
9486
8334
6474
3762
8042
9179
4339
8268
1417
2956
2872
5490
6873
282
862
485
5324
6158
4303
499
3806
6675
2679
1088
2754
8598
9517
6747
8744
5486
2376
8296
6449
1122
3049
969
5371
1760
9288
2742
8196
9393
6930
2935
6877
6231
6022
3604
5956
7582
6186
8850
1822
4153
5397
445
2630
5668
5993
4014
4149
8996
2033
2463
798
3222
2285
4912
8242
436
5778
1514
7429
1942
3761
7704
6615
7371
3648
4210
6281
2354
3720
2102
7151
4685
1659
8407
8670
9074
3717
8234
8864
7233
5196
2748
8496
9098
1207
8003
8148
106
7421
8942
589
1360
5557
8536
4379
2394
5572
1740
7507
1517
1522
9146
946
9461
4706
7
5093
7271
6858
6273
4214
6715
3183
1737
9042
2814
676
1921
4518
7031
8983
1373
3859
6971
6805
8702
4820
0
6991
4064
3874
2042
8184
4917
1963
8679
1401
9031
8993
3793
8
5256
7807
1632
3098
976
4042
283
129
1568
4445
6023
7097
4056
1827
1228
7738
4911
8311
7118
5685
2070
7974
3393
7003
3415
4589
5275
3596
8613
6003
6772
3330
5091
5893
5314
9494
2025
5128
8583
7182
3447
2276
3634
2005
738
2757
7419
876
8000
5725
2897
2441
7783
3153
4528
3531
230
1008
7937
6816
4305
4263
2830
3867
9181
1538
325
3320
3375
1914
2471
4611
2584
7478
891
4751
7044
861
8698
3677
7315
5950
3640
9370
86
4307
8432
8340
124
6531
3288
4381
3683
8986
3779
7746
8365
5509
2118
8859
189
4269
470
5855
3535
7278
2371
6986
9531
8600
8741
2165
3742
7641
5556
4372
5305
2673
8548
8479
9061
3282
9480
4035
7193
6853
8977
2357
3563
2719
9058
3345
9265
5038
5802
8903
6018
3575
23
4769
6567
299
6212
819
6174
6912
7892
5270
2603
8776
7648
2127
8563
7912
9057
8363
5201
9015
8523
3234
6356
370
6111
8858
7528
4733
9090
649
696
7144
7092
3033
8054
7040
4147
2845
3617
7822
6275
9521
4191
2171
6406
3853
6799
7479
8725
3670
2854
6394
1655
4254
5636
2786
2412
4620
3768
6109
4542
7906
1093
8626
58
5190
4043
6835
9515
3819
2793
3726
7461
7414
4509
2517
1179
9501
217
3813
5454
1043
1855
7951
6096
1776
4197
9066
5095
6346
8210
3378
3179
8272
8495
2847
1023
6717
6707
9244
8260
8587
3061
107
5658
4894
991
8270
781
110
9201
4531
7629
5215
1965
674
2336
5597
7954
846
3045
6907
5843
7191
7567
7380
118
7469
5733
5942
350
6505
6580
2239
2455
8147
5853
7105
7116
2587
4671
3273
6393
5391
4845
2234
893
8872
6375
8201
1872
2352
5765
2570
873
4779
2884
3745
3301
7336
97
7004
8967
8472
7950
2581
4511
5475
9565
1681
258
2036
3877
3693
265
3191
3106
933
6754
3091
7569
4899
9500
909
4318
7550
8526
5878
8419
572
3802
6937
521
429
3303
8622
9112
3412
7263
1467
9351
7941
7559
7103
1550
8494
3252
6931
2720
6293
1484
4017
7661
9122
6498
4879
4171
8183
6901
2233
3251
1487
6424
1722
394
716
9072
4787
7310
625
5033
4324
516
4298
2384
8098
2776
8429
2868
6366
7691
6278
5160
2510
5283
277
8297
2451
1593
797
7174
987
4312
571
7481
568
8706
8760
5485
1138
6115
2167
3585
3507
1831
4918
7449
3905
2334
2444
2380
8187
3343
8102
3384
8378
8721
5789
9349
3562
15
9312
7078
7829
9207
2968
4907
4605
52
6911
1109
1081
3696
7670
5546
1476
2482
3646
8705
8078
4940
553
7135
4148
2107
540
680
275
3462
1761
2015
615
7881
8359
6220
2311
9107
1532
8205
2667
6461
4219
5675
3702
2604
5310
5846
2901
5870
1956
2446
2648
3740
2326
7660
7743
4313
4388
8266
7788
146
5962
4020
3493
1808
3538
302
3313
2752
3777
6670
6413
3043
2393
6876
847
3589
3728
9451
8829
7376
5327
2115
2460
3643
9432
6079
8405
6207
8956
9045
9253
713
1139
3567
1087
8595
5634
7651
3435
8428
8316
3873
4663
7450
6446
2112
7596
2226
5888
354
6623
790
8286
8602
3951
368
1034
6973
1496
435
6519
8919
4782
4756
8570
6668
4404
6094
2152
5136
2294
7162
4897
1853
2218
266
5623
5124
2420
3257
6167
7012
9420
4800
6484
547
5077
29
9080
2429
195
4850
5628
7503
6225
1037
348
8349
555
4311
9287
3968
4525
2180
67
586
5829
8714
5730
1142
5777
6419
7017
920
1820
3703
7511
3654
6883
2040
224
4140
3843
9250
7437
1140
5061
4302
6047
8060
7591
37
6681
5723
789
9
9562
3262
4483
2542
2161
5689
744
8090
8878
8522
2961
2134
762
1113
5744
3228
7863
4886
1330
300
4356
5019
7982
5787
4459
785
3283
8492
9345
1423
9326
7848
5555
6812
7959
8037
6002
2651
984
4096
3385
3854
6027
3602
8690
3149
7347
7830
4505
5852
5547
117
343
2810
5228
1319
1715
4417
7239
1685
4000
4785
2703
5406
4806
5273
5173
2252
3206
1771
8048
4245
6178
3608
5004
1235
4651
7657
2217
1882
7084
4376
620
7839
4308
699
1032
7887
3138
3611
6300
1701
7734
4421
1191
7984
5059
971
5662
9352
2791
5286
8124
9470
4705
8341
3834
3906
8927
8227
7726
6296
4816
4734
1712
7181
3128
7600
77
1442
1795
7925
1939
6192
904
3268
3186
9423
4355
679
7513
4084
9247
2190
6826
4870
6138
4156
2952
4366
5157
2681
5740
144
1471
8387
7163
5952
8159
1735
1908
7458
5385
2090
4550
6108
398
8826
6887
7260
456
2055
1286
6731
6936
8735
2085
4678
358
6093
5133
5064
4631
6067
3644
9567
5972
2078
392
4080
4919
6558
7580
6381
1124
4802
6537
2707
6759
8027
3711
71
4807
2073
2992
4837
3783
6309
7024
7539
6593
1036
1852
9145
235
3785
6032
7164
3341
6702
7005
4316
9280
3580
701
5595
9248
6184
3010
9525
9150
4154
5859
4993
5805
7308
5938
4090
4053
33
7242
2174
8646
6080
6790
5571
5563
5125
3495
6856
8895
3107
6444
3477
2328
4010
2204
7722
1880
6539
5334
7856
2313
9010
703
4119
3630
7930
174
6803
8225
2388
5822
2461
3310
3134
4696
6433
3117
1531
6603
8074
9408
1415
4503
1696
7501
3114
6086
934
2535
6741
2978
6423
2119
7364
3208
9226
417
2467
4260
7889
8129
8241
4672
3008
8867
6189
1878
8434
5036
6891
4389
6211
3924
3554
3350
4393
5718
871
765
4895
7628
2599
9428
981
8433
63
8565
7146
6021
3413
898
1350
3931
549
5717
4162
2262
8250
6165
6133
2631
80
4822
8629
1766
8188
8071
6703
3773
3899
9325
6136
6742
4567
175
5780
556
3890
7348
2619
714
2006
8450
5030
4889
8555
532
8639
413
5960
4138
8648
3989
6979
3810
7875
6869
301
1285
560
3987
5365
5862
504
6581
3200
3124
8133
9344
4475
3570
3962
1627
3163
8863
7961
5766
9195
6325
5029
1958
1596
1859
2615
1943
8321
6821
9078
5784
8343
3661
4012
6509
8678
4428
271
5731
8285
9105
3400
3082
2932
8500
994
9279
8687
9298
2939
5645
8505
1563
4198
9103
4831
927
20
930
2264
3297
8506
5442
4215
6897
986
7876
6387
7128
6088
2143
2622
5166
1654
4974
4181
7758
4977
7267
5445
111
974
2320
6441
6313
8156
5289
7601
3698
1875
1753
8055
5073
3023
8167
7534
511
1256
1826
2504
4097
3930
5896
5480
9018
3190
381
600
2767
431
5793
9166
1322
4700
3083
5100
3199
4694
2436
863
1846
6694
8315
3607
6562
201
2067
7020
5267
5701
4144
4348
8214
816
8253
6369
297
8497
6170
9100
529
8906
4864
7575
2583
8223
5858
6997
3714
8049
2821
3923
3229
3686
1521
4006
6385
7818
2606
1148
6634
7806
5854
7908
4454
7036
5491
4557
6360
2230
4486
2089
1682
5277
771
7477
5541
1650
5354
6846
7653
932
3911
3180
7438
1211
8719
6621
4069
1597
8468
1266
8697
3046
6024
4400
5031
5409
1262
4772
72
4862
8256
8537
4964
2433
8881
2820
3705
7079
9391
81
8805
2860
4759
3880
172
5262
5379
8101
8352
2363
3108
7969
7981
4399
6594
2671
2297
6262
7626
2816
4710
655
4618
6367
6020
3245
5342
5104
3655
5367
4063
3591
7353
4277
8275
833
6729
4329
7496
7764
3532
4906
7826
5220
7073
4377
1581
924
8657
6454
446
7234
2867
4255
2616
6714
5619
8809
5116
425
5458
8259
3523
4637
5171
441
457
1371
1244
5832
6382
7047
6660
1968
7124
653
232
7642
3688
4980
6665
1396
4673
3024
7924
250
5838
9383
1800
1836
7386
7480
1864
8488
8828
10
3221
4369
8160
3456
6190
3503
8355
533
9096
2644
1602
4765
6547
2265
6734
5511
5973
3361
8350
4133
1899
2709
8066
4568
5098
7744
2880
7991
6160
8665
3733
85
2415
4900
537
3625
3512
3039
9180
9162
7424
4371
6635
2349
3690
87
4439
1479
9399
3872
5189
5831
4991
7792
3401
799
6974
4762
715
7248
1911
1306
1585
5614
145
4173
2946
4124
6596
1724
3687
9487
7949
750
2549
5471
2971
612
613
815
3942
5444
8164
9310
9496
2550
7379
4885
359
8882
1280
4714
6975
7789
7558
1107
5203
2154
7556
3888
4873
9118
2832
4866
2493
167
2662
1938
9382
467
1579
5163
3470
4638
727
6197
5113
5308
603
5263
3070
1298
3722
9082
8469
7293
5530
6543
9173
5387
4055
9256
3657
8039
2960
7514
3524
7211
3800
8127
627
6430
2059
5013
3808
7585
7397
8441
9055
6831
9040
8064
5647
6885
9373
3501
1239
5023
3142
8313
1301
3999
6616
3209
2150
9194
2697
8623
1762
5164
4299
6154
8079
3791
222
1106
7910
2943
2054
355
8789
422
6221
2633
7059
2942
7630
1234
6713
5867
5236
4629
6732
1856
9426
3397
5527
4309
5726
8466
7926
8290
6081
1909
8113
5330
284
8619
2772
8310
3658
6899
8561
3321
5833
5566
7562
7768
46
6479
2999
5249
867
4257
411
3424
803
3488
8738
9005
8191
6889
2739
4937
3522
7498
1345
1075
8166
8317
5791
7850
7381
782
5624
7206
978
5051
5298
3778
5146
6536
407
320
872
4617
5643
1216
5998
5570
5443
5048
4652
1152
8627
7597
1694
3274
4863
9442
6066
9144
4462
6629
9161
5052
4228
2109
5482
4046
9075
8144
695
2147
7680
6730
8675
8703
637
5083
3253
9238
5345
1783
8067
8848
4538
1645
4405
1791
4019
8190
4632
8218
4990
3141
7195
8050
2765
1123
424
1135
7508
1991
1624
9286
7204
4571
4824
7050
6955
7620
5318
2668
4185
8331
5818
8114
9240
6903
4045
7445
4955
6658
7464
4032
1884
9493
7894
5864
3368
9422
6053
8443
1786
2745
4674
55
9359
3332
4246
9405
6334
7672
1867
3780
4235
3170
4196
8490
2369
8040
5983
8470
6568
9190
2995
7237
4294
6618
3940
2309
1592
6958
4177
2356
1580
2135
4717
3270
332
8362
6854
2184
4554
1866
2244
7883
7060
1309
487
5782
9462
3547
8372
7795
7957
9071
2304
9415
6038
2129
9537
5531
7812
8647
949
1605
5627
8194
6719
1198
1666
8337
3073
6323
479
1717
7886
7676
2379
2714
7484
3269
2450
8894
1629
5374
7169
8720
7504
3887
3876
8075
1787
3193
8912
3425
7710
5433
5285
1168
1478
5368
9460
3515
6353
3084
3969
7350
1665
7522
451
4290
455
3842
1670
5904
8208
3075
8516
7221
3196
2347
5545
9086
7054
5558
5457
4209
5640
8865
890
7997
8683
8807
4697
6561
7448
8710
3505
3185
5946
3223
2639
2406
2685
8962
5722
6938
6472
2241
6288
8254
6504
6840
4116
3207
7666
7352
1336
7922
5399
725
7137
9282
8288
310
8653
4127
5672
693
4931
5022
3737
1702
2915
4591
5551
1469
8508
9027
4570
7662
2258
7405
7318
2447
5205
4463
9559
2756
3786
423
5496
8374
1910
9157
51
8879
6485
1015
4419
2317
4098
2967
8945
1033
7749
6722
5891
4143
35
6075
5094
8465
6553
169
360
6834
9246
4881
5488
8582
8418
6898
9138
740
2589
5336
8668
7366
8771
1189
9014
2419
8560
7373
6014
2342
2151
6001
8558
8692
7945
7134
6800
6768
1944
8211
8333
1837
4110
2492
48
6057
6696
8344
6134
939
8083
7229
2750
7739
4432
4776
6004
9132
8529
1183
3099
6436
3372
5218
614
4811
8422
7482
9469
7786
505
9353
4566
4640
4760
1425
4344
7245
8357
5140
7966
1527
5592
3300
6145
293
406
7593
6880
6473
366
1698
163
3271
8509
4928
2914
4580
5238
6774
1380
6716
6428
4890
9268
1726
3394
651
4089
4902
3784
8711
3983
4601
7823
8982
1835
6884
6695
8905
4367
5512
5287
6255
4982
1733
2929
9155
3233
2197
8921
1340
4018
1757
6587
4584
2577
5892
3309
6642
4009
7286
180
240
9214
7119
192
7131
477
7313
1631
3166
5057
4720
3031
814
1299
5112
2882
4049
3491
7110
2010
1385
7089
3868
1931
7684
113
691
7265
4469
6689
3459
4123
8402
6575
9510
7154
7718
8299
545
6398
5999
4595
4910
882
7442
7810
9120
6250
7831
8070
4493
5478
2407
6226
611
2117
8883
1444
1937
7963
3115
1230
8053
484
2236
9549
7290
1928
2061
1622
2758
4438
132
6306
2808
5055
810
6146
9435
2142
4476
829
261
8004
7917
7701
6260
5361
2975
1407
5681
5995
1545
5739
6168
8209
6875
6733
7339
5622
8021
2298
1754
6102
5452
748
3805
2574
1546
6121
4137
7635
6354
2910
4331
7250
5792
8591
6818
5208
4530
2908
8808
5925
7916
8100
1377
9233
6206
6007
4145
6557
3831
4832
4903
9412
1187
3306
9159
8758
326
4437
9482
6258
3588
4791
9374
1635
6646
1169
573
2918
1793
5174
3047
4823
3595
7927
8093
6006
936
9251
1038
1828
935
488
1104
4490
9081
1558
5382
2973
1156
2568
100
5011
7321
3966
88
1128
7431
9311
4370
497
8782
6139
4578
3631
3035
7805
7986
5193
7425
5961
4485
6035
9338
4951
4161
4546
8736
153
8772
4916
870
1315
6176
7557
5288
2425
1857
7111
4786
2548
6542
7213
2634
2670
8158
7385
1067
5135
8636
1923
6541
1052
2717
3998
412
3953
6277
6350
754
1728
7401
9475
669
6946
5788
1349
999
2209
7979
1559
3977
4983
7088
780
8661
7252
4755
975
116
7228
7851
4243
5341
1097
4783
8104
3104
9274
1618
25
3904
5430
4013
219
6099
4072
3716
5620
4039
3676
7220
3971
3362
4340
60
6033
4218
228
4690
1767
5291
3624
758
3881
9485
1628
4497
329
5673
6674
4386
6247
8409
7016
1466
1595
864
1700
4754
2849
7843
2031
4159
8001
4664
6788
1661
7335
1400
2225
6439
6740
166
3021
9466
8638
7303
8635
5875
3514
6471
3056
8628
40
6488
5398
2567
3436
2850
2249
9377
6105
1121
1437
5991
3135
856
8644
1003
2955
4427
6922
9178
143
5130
4057
7885
3427
3610
2575
7051
4136
1607
3131
5719
3552
3811
3410
4484
3534
9541
8969
7197
8484
154
6745
3403
1742
1871
5131
1775
5728
5279
2332
9453
5018
2665
6712
3970
3738
1916
2582
2339
8474
6438
6832
1303
4624
9464
1500
8855
6662
8186
8730
2676
7958
4333
5071
3094
8031
1621
1512
4945
7334
3897
3290
6650
8948
4024
6028
755
5631
496
7337
8366
8992
5502
7532
6208
5524
4456
6785
4838
9484
1774
3753
7407
9008
6205
5461
3794
3850
6183
4770
8949
6926
6331
2890
7173
7255
5447
9329
4401
4287
698
6425
7561
65
4635
8778
6116
4695
7814
7266
8803
5265
1024
8295
9079
8553
8125
1180
9513
2479
2445
1190
8095
1391
542
8798
278
1259
5567
215
2907
3864
2913
9390
4455
1648
3359
8386
8032
7081
3352
1886
1840
5474
8457
7331
5612
1610
4582
8203
2470
210
6316
5416
1389
2145
8786
9070
6095
8597
9336
6149
5229
3299
2526
7664
2926
1011
5144
4461
5103
9447
8172
6935
7674
416
7688
30
4569
466
9108
5050
1620
5639
2079
4304
8584
7066
3938
384
4744
2732
709
7996
9472
4817
7549
8431
6993
7389
1975
1752
4397
7432
8370
6044
1125
7732
4958
1454
9004
8461
1929
414
7013
6824
1699
855
2805
6698
8926
2139
5958
7784
6378
916
38
3365
6872
3340
5060
8326
5311
6338
6065
3458
8822
917
7307
6259
241
3331
809
5014
1897
4251
2469
905
5070
7697
8132
90
1318
9566
5785
3776
4176
1404
4748
5066
2456
8028
7853
4481
1110
8245
8939
951
9266
9528
5037
7706
3590
7659
1068
4109
8911
7538
7978
5465
843
8804
2788
4160
3444
5117
6489
2777
1756
3713
9236
5410
6639
6503
1265
5880
2277
1749
2247
813
570
4961
7566
1213
8724
3126
848
5770
735
8818
6181
4680
4641
1341
5980
7002
8303
8652
1283
9498
1237
8688
6852
9491
3445
7712
121
2806
6859
9533
3053
9387
2256
7130
6956
8371
5839
7142
1763
4995
1440
7143
7944
4033
1316
1990
2906
1201
7370
8180
4008
9259
2734
1589
3181
2018
635
276
7594
9088
9479
3900
3914
7711
109
7844
8739
1832
4728
1250
520
8941
5734
9182
1040
462
2216
5168
3708
3918
784
2921
5953
4105
142
5897
3632
3675
7864
4965
5600
7165
4385
4192
684
6228
4654
2483
688
1989
6210
6249
1874
8958
3749
6117
2627
3981
6600
1441
7080
9365
9093
7923
6795
356
3652
4501
2690
7802
4470
7217
7326
9160
992
2037
5963
1185
7497
9333
1525
6019
5035
2724
9011
7277
3701
9392
2295
6321
8651
4163
6844
8654
6156
2028
4272
8438
6917
3679
2646
7574
4527
2735
2489
4349
9163
1983
3944
4893
6972
3884
2823
957
7577
9056
4871
7794
1658
6528
5369
944
5935
2763
7342
1323
5005
1951
4319
5588
733
1429
8934
8122
9084
1667
2316
5834
5224
4883
9184
3766
6638
8126
6232
4030
3167
5405
3132
2708
4829
1376
3440
6625
601
9273
9197
7284
7475
4352
3758
6185
3706
5183
6556
8204
5743
1672
4558
584
1649
4593
5516
1721
9340
4494
5638
8836
7038
9504
8844
5795
9341
8193
778
980
5504
2096
4854
2189
9308
3452
6865
8451
290
6626
5857
2636
3314
888
590
2495
7039
1994
5274
1821
2736
3137
2284
6213
4506
1839
9128
14
996
3052
6326
1253
2760
2373
6656
6960
566
7205
1626
2452
3162
7870
5885
404
842
2824
705
6408
6289
7043
4888
1913
2746
5975
4723
5954
3441
1630
3336
9441
8437
8914
6243
324
7030
5237
591
7753
5959
6950
1203
8420
5187
7332
4466
1528
3521
6271
8401
6123
4613
9443
3917
8609
8897
6968
6292
4164
3707
2795
182
4229
1079
9450
1598
8136
3961
7055
5562
7884
2418
5776
2687
3566
2834
4524
7862
915
405
2319
1889
1477
8846
3863
2898
2095
4117
2700
8681
2071
1784
1729
6301
5227
3980
4821
3605
2773
6964
2211
1342
5877
1267
8185
918
6750
700
3927
5515
2543
7989
2176
877
2618
5736
1896
2417
6977
6388
4448
7616
4659
7446
1005
7207
5102
3275
1741
341
6495
7599
5449
554
4683
4687
1308
2501
6144
36
5678
875
6036
3339
9104
3820
9135
6947
6524
4745
9556
8301
1483
5127
4195
8787
6216
3838
3606
5589
5943
7166
8174
7782
96
8379
7433
3279
5890
5181
7563
4131
6069
2716
3195
5693
8162
2730
8957
9130
5797
3304
5418
308
2178
4547
720
2411
6005
3172
6052
7858
53
9065
1809
5266
4285
2683
9200
2797
6269
632
1798
2179
6246
3431
1705
28
211
8990
3036
9538
2803
5984
7967
6179
8684
5519
8806
6861
5667
9012
2013
5
8404
430
4926
1686
7760
2237
3109
2966
7087
6214
7819
1770
6836
305
3992
8255
3506
61
7287
6092
6792
8273
6215
317
5825
2235
5119
5363
8415
5909
911
9328
150
8870
1671
8080
6193
2779
9229
2478
4747
5460
3
3118
403
1351
5175
3451
6666
7787
1238
9076
564
7663
6923
3025
7940
108
2894
3553
3725
1366
6314
7544
6908
787
3316
1818
3645
6351
99
8421
8406
6811
8391
363
536
9520
7619
2358
4040
1553
1811
374
2438
685
596
8534
183
7316
5065
5197
3752
2329
9023
1495
953
7360
134
2674
6857
2885
8462
2529
5646
7621
4477
8046
6478
9553
5585
4091
7190
9101
7346
5395
7063
962
9305
3284
2208
5898
7678
8528
2490
2972
1719
8179
879
5134
3628
3666
2422
6850
8103
8044
8236
7083
8135
853
5378
4515
8240
7536
307
2931
1418
2296
5407
2196
6465
8932
4425
465
808
6551
8168
1790
8385
5138
8278
3016
5663
2101
8024
364
204
9124
4406
6663
1516
2140
7618
4626
1796
361
5106
6455
4799
3159
8723
5177
4614
3311
1174
151
670
7343
4023
6576
4702
3247
8898
5691
380
7027
6706
7725
2551
6636
4247
1962
4876
490
6559
2175
8757
2789
2307
1044
7685
6534
1922
3423
965
8944
3068
9403
3885
3074
1004
4670
4715
2125
5347
6554
2507
6685
4552
410
1434
793
3210
6659
5008
7869
402
9269
6969
2401
9275
7778
4407
1946
8538
9309
5302
3202
4621
443
3457
7891
3984
8504
5081
4224
5695
5167
1439
2715
7062
3556
6238
3231
4563
6390
2523
7845
5280
9440
9449
4361
6148
8985
2837
1021
7793
8154
4141
1325
2341
1952
6914
2053
522
4925
1903
371
18
3480
8519
9183
3956
1676
4891
7821
6538
6953
622
2100
3255
9062
5871
267
794
8150
2459
1176
3756
4798
4392
2855
4037
2790
959
5856
1664
5607
8398
5108
4677
2255
8247
6944
1181
1327
1197
5835
8685
3133
7304
6786
8922
7168
2888
5245
5613
6843
1196
4276
5158
2540
5860
2991
4492
3254
4135
1276
7985
7677
5866
7904
3790
3325
8793
4446
3145
4586
3500
3211
2323
9318
1204
3788
6827
6253
6942
3858
7903
1865
5729
9022
1465
171
1053
801
1468
203
483
1642
4688
2340
5097
442
2399
8155
5964
5411
1571
315
2600
7548
2020
5244
8482
9548
8475
8493
8358
2974
4016
5713
9125
6590
1384
791
3071
4947
4158
8556
2933
1114
6669
5016
7451
6451
4414
6143
1035
6760
6915
8222
5296
5641
6392
1420
4712
3050
7447
8530
5544
2403
264
4082
1747
6100
8726
2402
6218
7384
8077
8746
5676
5707
6764
1421
2390
5404
3719
5651
13
1651
5720
694
4562
581
8141
2725
6070
6533
6837
9505
8524
5143
3497
1155
3600
6999
4452
6905
1549
9407
7834
6318
367
5467
7296
6514
8840
8712
5199
5573
8740
6463
9355
9260
3259
5376
2193
256
8732
8599
8439
6988
2321
5982
8424
6801
3077
1013
8813
5259
6103
2322
3201
459
6845
7402
3721
2003
3469
777
3848
1000
2153
899
7067
8264
4122
2586
5353
7723
4908
8545
569
5110
2201
548
8364
3171
1358
6664
7797
5034
6482
3903
4952
1845
3347
6700
6091
2443
2558
2076
6405
6783
5977
5425
3929
1172
989
7911
1986
2684
1214
7141
921
6421
3315
8390
9175
9330
7273
968
4510
184
3817
3763
3894
9416
3364
543
4183
2012
8045
2547
5101
2457
7227
7443
8383
972
6399
7721
8463
6130
6678
7530
8192
6060
2286
7208
6516
68
1312
6155
792
7890
3594
7918
6500
5000
155
7980
6893
938
4395
7669
6565
4342
2597
5448
2965
7324
7709
8733
2563
1288
8072
8908
914
8837
3781
3248
2519
248
6797
2360
4939
7667
6261
9445
678
652
2794
2132
2976
4737
9116
2537
1101
8901
4623
5513
6286
826
9068
7769
2361
5419
1431
7285
1824
6229
3955
7455
7573
2905
8634
8819
1999
7123
3710
2900
4992
1007
985
5821
9492
9123
2792
1679
8592
2917
6775
3619
6077
5042
6881
9003
2853
7179
6810
8215
5139
6945
2064
5783
2610
6710
7291
4322
6990
9316
3194
3950
7715
4094
3824
6746
2205
4847
8909
5587
8899
507
5107
1164
4061
9508
1492
6939
6592
6631
1508
1961
6654
7249
2628
4608
726
5594
7774
8329
8682
7008
1526
4353
4539
8200
9497
8157
3011
4170
1794
6598
1918
6965
7913
6910
2841
3272
159
1095
7977
4649
597
1570
5272
3334
9489
5591
4781
8121
3945
1920
9186
1869
593
5535
2963
6279
3672
5775
5211
415
3414
9396
3148
6159
4648
7833
2994
1456
5649
7756
6916
645
4041
103
1056
6239
4325
3263
3991
8338
7994
5929
2693
4249
5495
6466
1326
3307
4585
6283
8300
69
1663
268
9456
5760
2572
4293
4328
7880
5699
2131
2696
6728
5169
7609
2113
5499
8515
6237
2299
2048
3908
4884
7032
3266
8604
131
8781
6295
1115
7075
5931
5560
1300
6029
8616
7703
4813
4429
156
382
4766
9092
8989
4962
9137
2916
7042
2556
7177
8885
1062
3668
5851
7849
8384
3040
5063
7509
8427
6459
7554
4038
1714
7192
9283
3478
5582
3852
8777
8029
4473
395
4860
9307
5823
3157
3627
5814
1356
8686
1443
5344
469
807
4513
2159
440
274
2899
5748
7129
3579
1449
3169
6107
5178
5400
1638
3550
8663
9346
7919
865
770
9164
7565
2088
322
9188
4403
5437
5191
4027
561
9085
2594
3555
741
9397
7603
8960
1482
2645
3420
5540
373
5188
4274
1883
3665
7750
2266
7992
7993
5357
1219
7614
7241
1960
3060
2762
5388
7838
83
7147
8987
878
3439
7289
3551
6987
7765
47
303
9028
2608
8959
3294
4913
1751
708
8380
1730
9262
4668
3809
2177
5510
2774
8579
3037
5320
4852
461
4081
1641
3281
6544
7825
7090
1063
4295
6000
1917
5874
5194
66
7410
2093
2228
7311
1967
1137
1451
3076
3828
3584
7086
6610
7344
8128
7106
254
575
4314
98
6468
4360
3218
5702
9278
4789
2561
1813
9313
1065
874
1338
5428
2539
702
3129
6254
5808
2617
7029
2655
3293
6089
9131
1709
2502
6236
4151
3261
1780
4062
8929
8134
4103
1057
5321
5941
9129
624
6445
7456
1984
2533
9448
1048
5840
4236
8097
6380
331
9427
6329
3466
4011
3455
4828
7517
6727
1802
8138
7136
8795
5489
6959
1615
1105
401
279
7952
5455
6546
5724
5529
7272
8968
3232
7463
7754
4827
6124
1028
7269
1347
2063
9106
623
8449
1758
1289
896
9035
6787
2632
1020
6870
4059
3636
6175
4994
6530
6486
9239
8291
2267
7264
6704
6718
5234
8177
8483
7158
1718
3967
8970
4979
7333
640
3295
7520
2982
8861
4102
6284
6404
420
259
3066
5402
2099
7368
1590
3086
557
6348
8608
1255
3453
3840
4698
2137
3249
2881
2044
4740
4520
5009
7490
8947
1463
1058
4701
9148
4099
338
4967
295
5752
5423
6951
931
5153
5517
8965
1438
894
5043
884
5436
8026
89
7592
1331
6825
8550
8161
7069
8017
4193
9196
3215
5041
5940
1739
3827
850
6508
6480
4609
9483
3003
7752
6157
7161
551
8751
7494
1076
5111
1258
7301
5370
1275
4423
5593
8485
1470
7467
3581
1222
6906
6684
7547
2287
772
3483
3718
2949
2531
4869
7588
8569
2809
319
7009
218
1830
2723
6948
6961
7499
2592
6794
1977
8336
4220
4512
2919
62
8389
9404
5656
6222
9366
8542
9237
1998
2605
7023
6784
8742
2557
8543
5487
523
1713
5233
7610
8643
7292
8353
2893
6769
6497
1359
4878
4201
9046
1293
8607
1614
3797
639
1863
6493
8085
4070
973
820
6925
1945
4970
6566
1126
993
8691
7665
4846
2658
4496
8235
6257
8354
5887
9220
4347
7695
5216
1395
2912
9433
7933
1390
7872
4676
7117
7236
3565
3801
383
1662
7340
2729
123
2669
7505
3734
1231
6492
1848
1084
1210
4248
1900
3960
8701
607
7502
8601
8925
6848
7175
9371
8261
7127
4107
3870
8854
8931
2291
1890
2305
8018
1687
3432
1486
8491
6829
5979
6589
4207
8590
6083
9099
3173
3525
2156
5914
6140
4232
9295
2120
763
4460
9544
4048
1639
3482
2986
5325
5849
7671
4338
5690
5815
3921
8974
7095
4942
7905
582
2081
7971
2851
6954
2892
3875
6814
6994
9252
2424
5794
8445
2722
7882
5812
3592
4600
4408
7623
9503
7394
1464
2689
4856
3326
1173
3087
8621
7728
4458
1151
4368
6062
1480
8011
3866
9285
7791
4686
5590
3419
3545
4954
736
4984
6372
7487
2302
8527
9438
2641
6578
3641
6780
2751
2522
7521
4930
6822
9024
6291
2516
9154
2222
1314
1108
7356
7804
7526
8596
323
8514
3348
5769
9421
8345
1734
7742
3571
6619
1382
5861
2281
6555
8016
6676
7416
5803
3360
1355
2525
5863
618
7367
6574
3653
4074
2706
1243
8875
1133
998
2800
8442
1789
9254
9109
6789
5751
2578
5604
8022
4929
913
8961
9234
1261
8277
3216
5879
336
8696
1502
6967
5526
577
6332
4387
3150
3907
