6078
56
2792
2574
6103
5535
3846
6505
4216
3699
3961
8684
4556
2469
8471
6472
1470
2628
6947
8240
2433
7193
774
6631
4366
3570
9155
5853
8857
8377
5182
5525
781
9495
9416
3911
5584
7649
4885
3648
7697
8445
3194
5337
1766
4521
3003
14
5593
626
3320
846
3893
6082
4540
6697
8396
1919
1757
8798
705
5875
2743
1981
8804
377
8366
2905
4519
4983
3944
9523
5081
3819
3404
5664
3481
2824
3675
4183
8325
4784
6920
3248
6333
6618
6561
5427
9219
4352
6851
2814
5604
4138
1170
2419
3493
6153
5715
2007
5447
9013
329
8313
3394
4378
4273
5034
1563
9546
4078
7038
3634
5470
8224
2119
2757
5618
1818
1865
6720
5498
5833
9299
7346
8743
2390
8492
4007
7741
8019
2786
1934
8694
8737
6773
3172
7994
4692
9212
3052
6160
1401
2853
4060
3630
8003
2344
1826
4059
2370
3370
80
5891
9271
6941
2013
6114
9494
8319
5131
5894
3510
2455
7225
6246
119
544
2681
2760
7087
5492
1386
2686
8701
7582
9534
1354
5985
3395
6222
4853
2125
132
5190
7468
3068
4900
1537
2000
6307
8376
4478
64
9069
318
5438
5462
4077
9062
8761
8533
7289
1755
2158
7029
2634
8707
2803
5877
8624
4298
5564
9083
741
7001
7355
2870
458
9162
6832
1421
1723
1316
2725
5948
6999
4733
2238
4946
4417
6997
7742
3425
1890
1498
5353
2939
7839
1685
3154
2494
183
2922
8128
7961
5135
8928
3379
2612
7100
561
2875
7058
7884
8316
7097
8913
784
5315
720
7821
191
6971
3735
5925
2427
975
6541
2551
5988
8520
6477
2881
5693
7479
3796
560
3312
986
2912
780
1739
651
7154
6458
4982
1915
6320
8130
4749
9197
6995
7162
8592
2018
7416
8911
5336
3702
3896
2067
3535
5510
5415
6792
8332
2919
2586
3768
6922
4338
8646
6783
3139
6940
2840
7090
2306
4925
7093
3266
6444
7258
7306
6601
2213
525
6497
1001
4210
7606
7410
4705
5841
2672
341
3704
961
4085
4375
7119
1803
3937
3593
2846
2497
8772
29
3249
9012
7331
8155
905
3452
4284
2393
4947
4722
4393
8575
2621
3689
6378
2453
1330
7344
9424
209
8776
2394
3042
9283
3524
4206
7909
6779
1368
4102
8768
8794
2899
3048
680
6213
6806
8052
1960
5975
2359
2338
6567
4350
1210
1003
5145
1029
4437
9545
1648
8426
7245
3196
1331
4570
512
1216
1390
6764
6724
4770
1315
7161
7349
9566
3631
3609
4433
6898
2752
8827
9090
3419
5887
9204
2768
1139
4840
9316
8665
7206
7809
6258
5670
8873
838
7642
182
8096
8714
6944
8984
9343
1545
5580
1815
5701
6300
6191
5424
4652
5684
2727
8690
8329
4106
219
3526
9363
2183
4511
8262
2221
1910
9378
4132
2740
7764
189
9348
930
39
919
4020
9086
5172
9366
6239
2810
2606
8837
2925
9030
9564
2187
1688
4141
4828
4507
2367
9511
2236
2136
7892
2761
176
2600
2138
1578
289
491
5052
6214
906
196
8658
5471
9501
3167
7017
4481
2006
8101
7159
2694
9455
3
1624
9519
8949
3542
2564
6391
789
7810
5761
2251
1102
554
6468
3612
8494
5476
4870
5084
319
3161
4458
3760
3250
6192
6916
8595
1302
2720
2776
2495
7999
9527
9234
2869
2484
6688
1466
3807
3826
8527
3500
1535
4971
8243
385
8352
6833
481
4566
5472
2267
2928
3624
8787
3051
9552
1698
2447
9205
7356
2929
5255
6784
4928
4695
2862
3845
2609
4734
1496
5640
1232
2670
6168
5057
1161
5004
8615
4264
2479
4858
8310
3779
4930
5418
3759
1322
3523
6063
5567
7663
8861
0
6887
6297
5868
3088
4492
9485
5382
3021
8675
6008
2898
3038
2255
456
8627
1416
5235
6642
6785
2908
7112
2461
588
1678
314
3946
8264
2540
5708
6173
2755
6924
581
7054
1464
8574
9362
5206
8976
7902
5410
1362
3812
405
6692
2048
5992
5673
3401
1065
7694
9045
7490
9330
6061
8153
8642
4381
4229
105
3274
616
6778
2888
1593
7998
7941
5906
4048
4290
1638
3102
1241
5517
5812
9521
4790
6815
4005
7007
7082
4943
9231
7806
2209
8854
1149
4510
4605
658
3798
1061
3222
8124
8078
5692
8996
3182
1292
3251
6195
7345
6115
3983
3554
4531
5169
5864
5910
6118
5152
623
9099
2825
4444
6705
1854
5757
6337
4269
3405
2174
1371
942
3818
740
4862
9201
8422
5323
3563
9263
6762
6443
5615
3640
4038
5963
1092
2530
7115
6346
2535
617
1134
2512
3745
1808
7825
7874
4289
2073
7244
6111
499
6925
5125
147
8724
2641
8440
3701
8812
8071
4323
7924
625
6805
4896
43
7271
9529
6534
6775
6211
1229
6493
8729
9374
2630
6735
5334
7451
302
8502
5928
3108
1444
2819
4113
3204
9020
8082
1722
2487
158
9303
258
1325
7512
312
834
8954
9323
9434
4383
2173
6506
2566
4499
8589
1051
728
8563
4187
1250
6208
4682
9354
7070
1839
7865
3181
7458
5017
8756
7683
8904
6623
8586
8176
9476
5955
2836
1115
7152
9515
7146
1861
1944
2591
4839
6845
7856
8470
6568
868
3475
1715
6437
6317
7169
7932
3477
7986
4641
1577
4443
7851
4740
9398
6365
3033
3288
8650
5204
1004
1540
1196
92
726
6959
1488
8548
5288
5364
5225
2811
8622
3903
5128
6233
4911
2736
7215
2284
1072
6345
6252
9532
5884
9496
858
395
7456
4097
9389
8950
1047
409
2921
5411
9464
4326
3692
396
6613
9088
5909
2784
5731
5686
2892
2244
3032
4322
3550
2046
7286
1296
9142
1507
3423
511
460
392
6752
5187
6954
2659
6030
821
4280
9167
2691
5720
3963
2017
1350
8334
6666
863
4054
1735
5238
129
4427
7814
6142
7660
3684
8272
3160
2816
413
6052
1876
5275
8814
5426
6231
4259
6990
6733
6575
4409
2705
4619
1136
6598
1430
153
7896
107
776
527
2964
307
6820
4638
6250
5448
2676
8333
1211
8358
1195
2942
5678
2175
4496
7811
2278
1964
5746
313
6086
8390
3133
5980
3077
369
8140
4472
6951
6085
2832
4907
8888
7977
553
9475
2576
8770
1035
3444
8017
9333
3840
800
4732
465
4594
7672
8486
8666
7037
7969
772
4637
3916
4972
8613
6276
7813
6243
4711
149
1393
3332
7676
3294
3101
814
357
1832
8365
5076
742
577
8783
9232
1045
2974
7348
9278
9284
3685
5449
8912
7818
3522
6719
4480
940
1952
4720
5876
641
1595
8864
1904
9244
3772
2249
6446
1985
2876
1414
4676
7765
3632
178
1801
3085
3763
2141
6009
1165
2701
9357
779
2619
9112
2763
7931
2217
1355
4645
4317
8641
7177
5803
3777
4334
4965
6166
6284
3790
9392
4698
8734
4616
3920
8807
6159
7534
1617
7033
1517
7099
2064
4998
7650
888
5333
3562
4315
5363
8780
1373
2901
6681
3203
4342
3045
6610
6685
757
2311
756
3114
235
1733
2934
6350
7321
2864
8947
1884
3396
1908
5488
5986
7553
3746
6901
8597
3281
4220
557
837
3930
5425
9407
3602
8644
6091
74
1768
4429
5075
8489
4018
480
2813
4663
5596
7745
8414
4200
3533
5595
5619
3671
4148
46
694
3664
5394
3839
3186
2475
1130
6139
3887
6739
8265
6694
1095
2861
967
8466
6037
5194
9033
6895
2400
5845
3258
1614
7322
7620
7645
647
2240
3725
3868
6408
509
1980
899
3377
6524
2072
1619
6962
1381
7358
4037
3864
1231
221
7086
926
3086
5537
6203
1279
700
3915
4034
4468
37
4963
8241
5072
5126
5601
8585
6800
8499
3874
1882
1228
4455
79
6928
704
8731
8660
2522
4490
317
8679
5586
5821
5037
7770
1119
6259
8795
2043
7997
100
6670
1951
8758
9329
8969
42
8681
8117
4807
890
229
3442
7131
9081
5366
6171
6682
5774
6673
6790
9275
3150
6606
1060
1522
7979
348
8053
3482
8921
5236
3078
8637
1332
650
63
1074
5251
9150
4300
7079
4341
9024
3797
3679
1391
3992
1929
2
3753
6978
6430
5509
9481
4649
3499
6654
7579
550
1303
8491
6201
3252
528
8210
9085
8863
3957
5905
7407
7379
3635
1415
1157
523
4647
461
3600
2529
2232
4841
402
2140
3767
2671
2091
7975
8621
8532
4379
2207
3344
973
5683
7670
9540
8216
7903
4644
1180
6889
701
201
1909
2778
5794
6988
6465
6261
5120
8937
104
6904
1284
108
1817
2903
5223
8024
9037
2886
807
3782
4479
813
1020
2834
1182
8559
231
4694
8893
7413
928
5790
4916
4798
4447
4177
8263
5249
6121
8405
5802
4600
4064
4771
1217
2594
2508
7181
5228
8918
7637
1049
3317
7077
6090
5045
5170
7362
2652
8773
3532
2956
4512
7666
2865
958
8386
6354
7499
5798
5660
8763
5957
3539
7655
1246
5136
5257
3275
3424
875
4783
8726
137
2361
2149
3276
3706
3008
795
2800
8872
6579
6840
6285
6392
4164
6455
5290
646
2116
2313
8688
9409
3326
8484
730
7167
9423
9334
8110
2342
7713
5960
1014
8402
7400
6788
2874
6489
5962
7374
6099
9093
3365
2887
9347
8693
6712
5217
5695
2375
3006
6973
8142
8538
697
755
7467
6958
6255
4099
9025
180
6888
3187
1122
5727
6075
6519
1197
9433
2201
5200
3755
7747
6271
5282
9324
8775
6236
3097
8131
9134
4528
1176
8934
5108
4567
9161
1447
2756
7695
4327
983
7015
8122
7073
8981
4348
7242
5361
5899
6991
6786
7107
8299
886
2063
11
3567
5536
7184
5209
4764
6611
2062
7592
9463
8037
1412
7925
761
2541
8635
7587
7246
9034
8841
2164
9239
6396
6581
5412
5441
5391
477
3516
3599
4104
475
1888
9335
4614
1247
1212
9346
1277
9163
5248
7385
7585
4612
6462
2239
1541
8890
1979
5284
8477
734
748
8712
3620
1087
8392
5345
2206
2010
6475
8314
1358
5858
2167
6292
8479
4065
1724
1452
9170
1701
3665
5504
2685
2579
7041
5379
5094
1747
2988
2678
8297
6827
2230
3588
5044
871
5705
1976
1378
1547
9114
8058
2022
3247
6839
9537
1086
8438
4560
8618
7706
4899
76
8757
4416
6723
9151
2233
564
2997
4343
1453
4542
5324
3103
167
3457
6989
3547
9016
5042
6228
1128
497
220
6671
1107
9419
5775
712
3945
2651
8565
5080
639
3951
4789
5247
454
5016
976
7914
4948
2480
5502
5805
6968
4428
1457
336
3850
9096
3099
750
4780
8514
5368
8249
6987
1607
252
2446
7815
855
691
9390
7
1077
4482
5539
1286
9461
1849
2536
5218
2035
2655
3512
8049
2382
436
4246
1293
2878
8629
747
22
753
1940
8118
653
7519
5093
4168
7040
2040
8389
8676
175
909
6907
6626
8849
9413
1823
5196
9377
1418
3284
4310
3089
6340
1957
6974
3375
8367
775
8518
3825
228
4019
4712
3027
2780
6544
2355
4063
6870
6921
1099
6486
3496
4796
5998
9300
3147
7398
7249
204
5733
9064
2771
6966
4233
9411
9272
5292
3939
2241
6909
4545
1406
5300
1901
6646
8022
3361
8799
1365
4984
8317
1913
5317
1311
8753
1423
7847
4819
8985
6902
7232
8212
6945
4365
6420
7522
9257
8099
6935
4194
7648
1288
5269
2194
8833
6680
767
9429
4825
3724
8150
5021
2318
5652
7418
9021
8881
1264
3906
2260
287
7125
1245
8659
6714
4050
6324
2790
4651
1179
6117
6136
8076
8063
8529
6196
9173
8174
5581
7475
267
8843
4069
7968
2132
2554
8309
6838
1183
2589
1591
9295
4829
7656
5397
7002
6821
2587
5460
3468
2026
8550
8039
4713
2088
8883
9516
1767
8747
483
3996
520
882
5316
3749
4305
3016
5616
6573
7547
4917
6157
5840
6494
1314
364
6897
3591
5096
7126
1226
6709
6868
5800
4859
2185
6751
2741
4151
3849
7023
3286
124
254
1285
8797
1124
2298
3979
4843
4848
133
4313
6917
4025
4453
6736
508
1825
6024
6048
8102
2758
255
6622
4465
2457
9328
990
23
9325
533
7274
5809
643
9412
171
7207
7168
3188
9039
6044
7831
8560
330
2180
7564
7389
1069
5138
2304
9302
4228
5574
4047
3224
898
3722
9502
5583
8522
2055
9550
346
5865
3199
3904
4886
1679
1497
9224
8452
5130
2951
4918
6755
4440
3606
17
447
5755
8944
7846
2470
2281
3987
7885
2303
3999
3573
8945
6251
5786
3393
4574
278
4818
7450
1499
244
8219
77
2946
9373
3094
5437
9192
4217
8320
7452
2364
1987
73
9152
1902
3740
7638
8683
5927
5142
8290
7816
1795
1221
7565
6485
5675
7879
467
470
7391
1567
1056
1011
4707
1809
6367
337
1875
2131
6956
5148
2271
90
6644
6429
9046
2936
6488
5442
3672
5402
2734
8416
3390
193
40
6034
4926
5497
1932
166
3348
7731
7600
6914
1156
7853
6803
8670
6722
7773
5897
2033
5725
1872
3990
8448
3410
4976
7221
2569
469
154
3552
3238
9118
3231
6304
876
1847
4199
2731
8819
6693
5477
4110
298
8229
6363
9438
8048
3808
8403
1853
2270
7212
3590
2095
2108
7836
3836
1523
5297
4622
6599
6342
1603
7382
1280
5429
7946
904
8190
1831
954
9558
4610
2034
6957
5011
6674
1515
4504
4758
6301
4105
8498
8632
8750
6133
8273
8178
9074
7334
4033
5996
1948
4459
4986
5729
3123
2152
7669
5633
6515
1956
8525
660
2441
5213
6186
8000
2581
8242
4673
3998
8695
3575
5563
9123
6134
5631
5649
1494
5326
2849
6662
4167
1741
5726
1441
7949
7211
8687
7293
261
7789
7343
9125
2398
3491
4535
2372
3228
94
9555
4524
7703
3880
8534
8788
4175
8907
6435
1718
6062
7309
4248
208
3776
7919
7510
8521
6066
8235
1748
8752
1366
5811
8111
5578
6163
4671
3919
4996
5436
378
3371
9267
1300
4031
804
6150
4249
9313
7962
2622
3824
5035
9395
2693
3686
7939
7465
4861
3071
979
3545
7199
332
7441
5054
4202
4814
9149
1886
6689
5566
5964
33
999
735
4723
7643
6015
4581
4913
3553
690
2388
4606
2986
1632
6884
3889
4359
6106
6766
5679
3658
5954
8187
1791
5386
8927
8218
7622
559
4791
5307
8121
7373
8603
227
3882
8839
3681
1589
5208
9322
7118
6359
3356
4561
1392
2842
9342
1783
3925
2462
8465
7940
384
3480
1078
3109
441
4650
1925
4635
2261
9247
1774
607
5302
1598
8748
8900
8874
5286
8431
7424
8293
8539
8114
3756
2584
8557
279
8369
594
5400
5745
3429
286
471
311
222
5613
4865
6112
1204
8256
7448
3956
6614
656
4599
9238
5338
3713
2712
2692
5387
8572
609
8170
5762
38
5280
8716
5272
2656
1923
3914
7781
2205
2112
6776
4985
5383
575
5000
9196
1576
1892
7739
2627
2471
6799
1936
1734
8261
7394
7252
957
893
2459
1543
6511
2653
5043
7143
3192
1769
5012
1002
2247
2739
5739
3619
2855
7515
4579
5220
6270
7945
7483
3502
3714
6072
3146
765
3791
5997
6469
6428
4988
7039
4744
9236
4253
9104
744
7057
1736
4860
3960
7992
6277
7516
8583
9364
8789
4937
8887
8941
8959
3453
8070
864
8749
8551
8678
3709
4425
2488
9138
7224
8582
2275
1544
1435
7641
9266
3062
4765
3458
2572
9060
2815
3943
2363
2639
7837
353
1063
3072
6635
4017
4049
5533
9255
1189
1776
1021
2499
4751
5661
6010
7726
8495
4197
1438
2897
6050
6873
5435
3885
4582
3804
8164
5903
2539
5303
4571
5025
994
724
541
7922
6747
4884
8796
8421
9111
361
2171
1225
4452
7661
8410
2817
2014
9554
3096
1977
383
4203
1525
9338
6679
8825
3280
8943
7862
284
3922
522
7446
3690
8186
9171
6470
5958
4793
7520
8682
9442
8347
8778
9100
3426
874
1057
5141
7338
4593
6605
2423
7062
4180
1141
861
7237
7409
8935
604
1289
2773
6318
7912
6338
3607
4408
7575
1479
2287
6140
6198
9321
2490
4890
421
4410
7740
6181
591
6388
2801
2911
4978
6089
2410
8746
6690
548
5524
9524
4489
4095
322
494
2056
7930
87
165
340
2902
4390
7442
3083
4855
1224
4051
4354
3202
4944
6399
7593
9276
7957
5924
8668
2610
8183
4145
6012
2833
1125
2366
479
6578
6624
2625
8785
9121
5857
7709
1340
3644
7696
8636
2900
8607
1006
1218
5191
2467
99
4466
2968
5582
5101
9339
8215
6759
5976
1848
8851
5143
8292
1596
8744
2745
2093
5105
7840
168
8859
6938
6351
8182
5216
1616
6473
7294
5118
6349
7735
4398
1273
7480
4547
830
648
5001
2326
1024
944
6033
3528
3487
368
4356
489
7653
6447
4639
103
35
1536
6336
1851
7279
9514
7201
9222
8420
8652
4321
1667
7127
6858
4173
2117
572
4260
2426
6274
9221
2214
2954
4067
246
98
3697
722
6852
8351
485
4786
4893
1696
7205
9405
1928
1793
6863
1155
965
1608
5312
5561
7498
6032
1821
853
6353
6110
6101
5332
6699
6818
8217
6683
3557
1694
8691
2254
4286
7141
1270
1676
574
3830
9301
5010
4270
6754
3610
2111
8942
6220
2403
9483
7048
2256
9147
7571
2877
4537
3589
7189
7179
1824
2597
7064
6296
9531
6588
6126
9425
9233
1109
1933
1433
739
3734
44
3046
6717
3923
7921
498
3886
621
7680
8561
2948
3883
4057
7369
6244
4349
2037
6096
3517
2327
7586
297
9166
4351
8792
4153
1749
448
1560
1062
9305
45
4915
4311
8092
3111
6130
3816
5680
114
3437
7524
3900
5630
7277
5129
8674
1972
68
7238
3454
7455
3977
5829
5818
2156
3169
5151
6158
7710
194
8345
4230
3246
1711
1419
3965
8276
2269
86
3310
2350
6835
2053
2674
7654
4268
3389
4068
391
3898
6796
6020
6041
8823
6294
3206
6438
1516
6361
1533
9359
1905
7864
6185
3770
3098
2061
6479
8382
6079
6930
2134
4262
9131
4152
2389
3680
7136
5642
5562
3802
6793
1363
2295
2661
3655
9017
4274
9340
4513
8447
4420
93
6504
2346
3191
5738
1531
9437
8860
4932
8113
924
5659
2489
7195
7412
7187
5987
5827
1992
5195
7191
9175
1834
3230
4026
2401
7530
6384
5376
6400
2931
134
5807
4015
4096
2473
6537
8902
4558
9098
6738
2373
5494
495
3982
7220
1631
3978
7535
2216
3376
5103
5354
398
2334
7549
8862
1942
1294
6912
6043
2650
5381
4460
296
2096
6961
2032
540
3932
2965
6627
6272
4150
5674
2703
9432
2796
5780
6060
5127
9265
6983
2845
7898
1201
428
3268
692
4399
1878
1309
6372
7380
2498
7824
4002
7025
7732
2413
8472
6994
6431
8600
768
5090
1262
4636
4777
7880
2094
5915
9113
8656
8858
2336
1682
339
7629
8010
7760
8599
9360
8853
2115
7471
6753
2578
5888
6426
5202
9102
4761
4411
3341
6760
8992
707
1467
2328
5620
7328
6955
6890
272
160
7543
7133
8103
2926
1983
2325
5433
4144
1071
16
9270
4729
1333
7917
4066
915
5645
2357
7259
1732
3307
8312
5848
7785
8459
7202
4235
5
921
8143
8458
4127
6518
4232
8669
8089
8779
2992
8321
5475
636
4198
5724
1090
7312
5655
5667
9507
188
7024
3822
4213
608
8828
8094
3488
2750
4568
5714
5607
112
7759
2068
6661
7841
3041
8116
2258
8006
5952
3369
1777
4136
2452
1953
5512
2181
5294
2507
2947
1323
6416
6811
6881
8926
7437
5797
3002
8197
797
8946
5053
3387
3400
9153
5944
115
3034
4368
7965
285
5003
8895
7103
9176
3463
7557
3210
3022
5140
354
8704
832
987
2717
6179
9517
7262
3345
5174
9505
5937
1691
852
815
8474
1022
1556
5029
8359
8508
806
3198
6583
6741
4448
1527
4087
7476
1120
7788
1475
4337
4953
5231
4401
4679
8989
2407
8673
9457
266
5999
8923
5071
2799
6749
7762
2548
8151
1098
3121
8667
8505
1969
6451
2596
7164
5820
5662
9107
8145
981
6742
9154
6227
7634
2714
1894
1655
2981
3309
8285
6019
7329
6295
6371
7065
3758
3748
4826
5792
2531
8689
8829
7937
4430
7180
5737
786
4667
6953
8031
1582
7194
2637
1958
8876
6629
8011
5671
2197
716
486
2516
7960
901
437
3383
1646
1357
1413
4181
5014
7792
3233
2036
8062
4159
1185
7822
4852
3346
200
4721
6364
7889
6728
4293
7430
5178
6559
6498
946
3407
847
3185
2220
3314
9352
1521
3695
4422
7260
5030
5767
8879
2793
2028
1166
1364
506
4980
7933
8098
8237
3947
1759
5587
4934
5702
4868
865
1780
1070
963
7267
1208
8570
3205
9298
2463
5855
4090
9308
4040
5741
2377
1760
2299
7496
8598
4276
5556
3881
5404
8998
1866
5409
9103
989
5913
9450
2684
3506
1652
7826
1519
8838
8307
2643
9498
6036
9003
1999
9132
5155
4804
6293
7699
952
4205
8427
8614
5058
5839
5226
7296
1227
198
2102
5777
3140
8834
2178
2690
1858
8931
3271
8205
2805
1962
6377
955
5253
4940
4261
4188
9508
116
6517
3555
1367
3116
422
3227
2231
6442
3438
3165
9553
5869
4706
3162
9065
2286
5493
7106
126
2995
4966
8327
5849
6376
7434
118
5022
1988
1081
6918
916
2202
7340
3657
3592
5112
676
7436
3653
6057
6527
6707
7117
5013
3428
8993
3327
3980
3892
1898
1019
4924
1914
1937
5736
8137
1474
3587
3440
4043
3456
7843
8896
6913
708
4588
2553
6369
1359
3142
4397
6923
2598
9448
8868
7417
1460
6687
4929
6425
3875
6325
5180
787
4954
1584
8335
3737
8324
2791
5465
831
6436
5048
2747
949
2245
5917
4333
8341
3412
4585
1658
8723
5844
7122
5569
5089
3647
3151
8777
6212
19
3037
605
5007
9047
2982
7198
2341
2483
9073
1615
6965
7313
5283
8015
9452
7016
8073
66
4945
3785
8590
2097
6383
2435
3398
7408
2491
8158
8490
3363
9261
4291
6716
6219
7405
7166
8990
3529
1456
4355
5104
8982
2894
5946
600
9344
1301
3693
7445
5059
4922
1686
3829
1726
7339
9164
3568
4959
2150
2104
6463
8279
4640
2414
5609
6926
2147
2632
1233
3981
4475
3962
4011
71
953
1656
8168
8251
251
984
5588
7525
5344
6732
2172
7631
4307
8166
2396
2779
9084
7492
6143
9079
9117
1283
8387
3433
4546
7234
3435
9185
2276
7554
6257
1032
1714
1259
1205
988
6189
6002
2177
4555
1789
5243
3613
6639
4792
1427
7281
5742
6237
5240
4103
4596
1975
539
4755
7013
306
649
3049
5984
8870
1959
1135
6329
4803
4961
6584
1439
6538
8601
1278
8269
7333
3995
2485
3381
2519
3057
5669
4762
8677
8304
26
6123
1662
2268
1641
1842
1863
9488
9402
7551
3352
2647
1276
6328
6996
482
4491
1151
8481
2296
9214
8869
3712
1112
5065
1068
3047
7715
387
5544
3708
4036
6533
6162
5912
9129
737
323
3004
3298
3183
4345
7733
5553
6878
964
5879
4876
3926
7675
3638
1426
1947
9356
5636
7028
7693
1449
5935
1178
6348
6734
187
3721
6556
6767
7913
8512
7589
3781
1282
6667
6970
4846
4863
654
7627
3866
6513
9369
1492
7081
7628
3651
3490
1880
2272
7711
7240
7664
3786
8609
6070
9019
3447
8507
972
3583
3010
2546
6427
7223
2294
8081
9304
8394
5511
2128
2285
6053
5473
917
8344
9136
9400
1042
2482
7231
3385
7268
8129
109
1600
7823
8542
1836
5274
1490
9478
3025
3949
3070
8199
4877
3017
3687
7170
4728
3031
631
7983
6861
4854
1409
5793
9567
4404
638
2059
7536
1192
4028
3257
6910
3729
5395
1737
8654
8411
3674
8373
4849
3762
619
3670
7724
1142
4089
4576
7226
5256
5507
9291
5481
2378
7976
2069
67
4675
4256
1665
1066
2074
6770
9128
3803
5543
6607
4927
8364
6545
6313
4973
5406
6905
8700
9146
4294
6165
3176
759
5233
4184
8362
3091
6586
2718
1630
2047
7749
9010
4215
3000
1054
9449
598
2089
8536
1897
4400
7906
5522
3727
4308
4073
7808
1256
2301
6663
8686
9486
7905
3902
2264
9467
88
8496
9091
25
9158
6326
7172
4471
2198
5966
4147
5314
4752
2971
7003
1046
3870
2831
8951
5838
4252
5227
2754
6102
3899
1489
1079
2340
5644
410
186
9462
1893
7444
4242
518
2092
2049
7626
4302
4250
2660
8043
5651
696
7402
3462
6045
8302
8696
3928
9009
7101
3044
8791
9188
8181
2772
8956
6512
8653
9361
5123
5532
2465
3255
1100
4906
2682
2307
1565
2599
2273
5721
4523
1558
6454
1480
2668
1846
5329
3569
1986
840
4021
1219
1950
3304
7388
6794
6808
2302
8970
9493
951
1463
8719
6758
729
4316
363
3483
2464
5941
1073
3801
4116
9504
3434
3823
1943
6373
5295
6831
2738
5637
4757
1016
2166
5931
350
8453
4795
4376
6964
5972
9174
9137
5676
6931
652
5945
2590
2563
15
3492
7987
7566
7415
6480
2726
8032
1146
8318
7128
4981
3577
5163
7085
9453
7080
5621
6737
2721
2910
627
1998
4157
1594
2924
9380
9446
1974
3392
822
5981
6403
5370
6411
7035
7717
3118
2749
3719
5559
8711
8544
5735
1807
6929
2310
7563
6743
6569
937
2669
7315
7354
7527
3917
3023
3319
1609
2450
500
2635
239
2785
9526
4189
3391
4572
1703
3994
7006
4336
9135
6660
5979
6256
397
4680
1754
1083
4094
8978
6095
5922
5959
6397
5355
1623
9119
7250
6014
7970
9487
9408
3736
7991
464
8813
970
238
3145
4394
2506
7298
6421
971
3501
8046
2371
6001
400
7302
41
9428
3974
7072
10
1802
2884
8983
7602
4665
4735
6972
6156
3676
9512
1761
6047
6379
8899
4098
3353
4130
5951
4772
8384
4952
4822
5456
7488
5973
1794
5863
8903
1939
4569
3985
184
1281
8564
7135
2955
5605
877
1089
106
3924
9445
6432
8638
203
6092
1610
8247
6499
5527
3273
1772
216
5146
21
2020
207
2219
2188
1559
8267
5942
5124
624
8156
5070
3337
4717
50
3942
3316
9332
9443
8965
8962
3855
7652
7283
8283
8244
5900
6387
1978
4525
4950
670
7603
6132
925
4824
1799
9491
4155
6700
8867
2384
9068
3673
1154
7473
4076
6410
7074
809
234
5822
4287
5908
6247
6967
7088
1375
3717
4166
1030
5856
887
7111
7378
6520
7053
241
9043
5885
7833
6603
2891
3489
5154
2051
1335
4975
9038
6587
2065
1261
6711
2843
1111
8380
3058
299
1949
9186
2808
3382
5950
7236
3503
9336
9465
4775
7046
5503
6491
6046
7251
5468
8835
2409
1778
9049
3087
5614
6560
7779
7578
891
9274
6552
7004
9051
3715
416
7854
218
9288
8802
8623
9040
9160
4703
4505
7384
7722
6023
4994
2624
2369
3784
1491
1628
571
206
4754
6860
1075
4710
7689
7204
1645
3546
4030
2420
8326
4330
1382
8735
1442
9281
6323
9456
2580
9143
585
4062
3738
6282
5801
4035
3805
3616
5993
6144
6706
7624
316
4999
2687
6357
4146
7297
1144
2658
78
4374
3466
8233
1471
1082
9080
4583
9130
7540
8328
3408
7171
1067
7364
3148
7682
4630
9056
249
6330
2417
630
9202
3604
9473
2680
4088
5622
6763
8975
9533
6145
3260
4503
5278
4702
4517
9268
449
2250
1564
3262
7869
3832
7988
5031
3334
2079
3305
3331
4719
7109
8751
6980
9124
514
2769
493
6826
827
773
6445
8127
542
2137
4421
4782
8350
6068
5276
47
4704
3117
1758
6844
8515
563
2788
7185
3043
4380
1868
5221
269
4403
7342
4533
6064
8202
2265
3597
1636
7433
3378
1428
5495
7387
2914
3774
2787
7307
1191
5597
4538
2224
4548
4738
3744
6151
9097
2025
7491
1121
5192
3733
8939
2432
1982
6424
3209
2858
5646
618
4518
1626
6190
4835
5443
9277
6283
5398
9089
3324
3308
3449
565
7687
2695
4431
1446
3988
7701
4697
7151
7904
6528
5541
5036
3193
1469
1018
3240
763
7472
3485
6535
7761
2766
1788
3479
2866
995
4643
3244
7877
2315
1570
9549
4817
7460
3155
8464
3730
3292
2638
4328
8203
6087
3498
5175
1031
7353
4672
8177
6551
4997
5222
1744
9460
7774
7830
1039
8639
4726
5634
9417
3579
6029
3848
143
8206
1417
5617
8605
2527
5348
3509
6979
3465
230
4648
27
8115
5098
4172
2066
8510
3338
6022
151
4071
5606
4626
3884
2312
612
6172
3232
4162
6866
3515
2208
1916
8925
5977
393
7044
5445
785
4869
5514
3113
5440
5572
2927
1132
2290
4655
2789
4179
7020
8790
2923
9209
4674
5439
4142
7229
6580
599
4163
6235
2918
439
8035
7871
3120
3272
5558
8083
3245
140
7454
4933
4627
2124
7610
5378
7411
8473
8016
172
2697
5831
3093
4910
8196
503
1746
1152
4122
2719
359
3897
2157
2528
2321
698
5018
7419
8580
9237
502
1321
7158
1575
2602
1997
792
4133
7989
6006
8298
9200
7958
2415
5106
4234
2431
463
3065
841
5782
3813
4006
2649
2698
4013
866
867
6035
3540
7501
3972
4957
9459
6457
1573
3175
1422
2058
8516
7888
4193
4218
1873
4557
7121
6503
7381
4128
8027
7548
2623
305
5681
3130
1461
135
3374
1007
5046
3726
4158
7443
9403
7357
8782
7546
5434
6362
4449
5201
2259
2826
606
2601
825
5709
4920
1611
4696
9035
6327
4121
3367
7651
9190
9326
1431
9015
75
2565
5359
8051
4632
6027
7275
3787
283
8441
3036
9052
5461
5181
6590
9404
7605
1885
3835
9230
8826
9513
7124
2476
6194
4725
4941
1005
8356
3623
3927
417
2804
8085
211
1639
7325
1295
3153
6641
3236
9441
4405
20
9306
4384
3301
8180
7895
273
2021
362
1336
9562
7907
8476
3129
8549
1562
6352
214
3075
7276
8938
7078
6798
3242
6619
5268
8553
3931
6668
9379
6266
8932
4169
711
1339
9101
3289
5197
4833
3534
2077
8722
2607
9018
8706
7386
7702
2408
1532
1127
8628
1618
3752
1129
7827
8820
7503
380
9489
6577
3739
2949
5453
408
2561
2099
8030
4530
1643
9307
1028
7685
4486
2873
3019
2966
7872
2019
2552
7104
8739
5994
6129
9254
7153
4554
8284
9092
1625
1235
7705
1015
8179
4592
2689
1238
372
9002
966
1835
473
879
3549
1819
5313
7056
1820
181
1171
8399
8528
659
2967
8295
4857
8914
1843
2748
8591
3854
3662
2631
3666
9144
4239
8184
5149
8850
2998
7014
6872
2744
6125
1123
8028
388
6787
4508
3627
257
4086
1830
778
5599
4370
8450
5005
4003
5325
5934
6802
7123
2345
8657
6523
9189
5788
1113
4864
2317
1705
5516
2044
808
3909
1138
4831
3561
5040
4488
8546
5706
4325
9217
8661
2938
7595
4664
3934
2885
8135
7728
7311
4388
4236
8165
2706
665
4797
7996
8721
7008
7707
4493
5528
5346
5287
282
6750
6522
9042
4119
3728
8558
3223
6100
3997
8596
1927
3484
2867
438
6303
9311
260
6389
7867
8132
145
1549
3968
1833
144
5350
4245
7671
8625
376
4827
5153
1702
8161
7805
2700
8009
3459
6332
1206
7060
6756
1251
8112
7019
6207
2332
2151
293
4367
7690
6849
6859
4847
7390
8436
9235
6715
1372
9109
5901
5760
7748
7744
1708
5814
8736
1870
2162
4597
55
7725
8260
4977
6582
6039
1627
1881
1023
4756
3895
4412
6176
3625
5969
7506
2339
3470
3827
1477
9454
1926
7861
719
7383
1254
1756
699
2399
7138
8042
6703
9371
9216
406
4226
4258
7734
8581
7623
1672
8554
9253
3216
1033
146
8354
1606
8830
9225
4407
419
941
4186
5575
706
1313
6847
7241
6180
4776
7581
7009
5830
5250
811
595
6174
9350
7658
488
889
3011
912
968
3430
3720
9095
4931
5547
8703
496
5752
6746
9000
150
237
3975
8567
859
1482
8922
7555
1750
8577
5577
2933
7376
3656
5787
9418
3594
8193
2868
519
7727
5889
4551
6652
5266
5069
8973
9159
5810
4266
164
5723
4686
6344
1118
1258
5203
4140
7560
5330
9542
7043
3368
2854
5717
6404
6197
1184
6334
9388
8252
3865
5467
450
4620
102
3788
5161
5929
5699
2683
4969
6565
1719
7777
265
7720
7755
746
7883
2145
3144
8067
6187
6937
3861
4506
2449
3952
3448
2704
6501
8336
6098
7723
745
766
8952
796
5538
3450
5423
3661
2664
820
6729
5455
2545
8844
3771
6812
6093
2343
49
783
9226
8213
3135
8014
7000
4658
2570
128
1263
5026
7799
6651
5648
2838
2699
4894
3173
3291
8454
8842
2577
4838
5576
2042
1299
3409
7493
4419
3259
5306
7485
6829
6608
4265
5781
5097
3290
8588
6566
8728
8901
1347
7963
4485
7615
501
5085
549
8090
5842
3691
1633
9032
4816
7959
1348
9547
1036
9041
48
938
6105
6461
6948
4584
3966
9539
9215
2667
3566
7552
8012
5279
1008
2990
4212
4962
4297
4621
5322
6656
245
7148
163
8537
6740
7130
7887
3180
1041
291
6417
8188
478
677
3682
2534
4211
6777
3890
6525
4369
3063
3166
1810
5859
6564
1954
4387
4851
4668
8236
433
4872
5989
2945
4344
4055
7855
7899
210
8238
4139
969
451
8391
4498
6665
5056
2106
3710
6382
3184
1215
7776
303
6398
3397
8407
6865
3794
455
4514
5032
3792
6655
8144
1388
9053
2702
2907
5626
9250
1569
1971
5430
4254
3639
2397
6407
3842
1855
5687
420
8091
2977
1133
4442
8647
2082
3852
6347
412
2191
5023
8571
4891
1743
8169
161
7971
1745
2513
5239
4536
718
558
7798
4607
3342
1317
6141
9440
5657
6571
8966
2979
7894
2118
3012
870
8254
3834
8980
4389
7674
1230
7222
2179
3132
347
8568
5795
1663
3277
7218
5590
2510
2937
628
4611
6998
7470
4873
59
2242
7990
386
5518
8809
7532
3080
5224
4386
1459
7316
914
6440
573
5116
2629
1554
1399
2961
8742
7155
3136
1369
2828
5002
2126
3667
1385
4495
3811
8997
3106
9458
5144
371
3054
5309
4769
3384
342
5697
6620
5571
5665
7529
2722
9560
9243
7459
731
8909
3571
156
5698
5974
9262
895
7061
3863
5647
9240
7590
7607
8977
7022
3843
1308
4595
2524
3009
7089
6647
3283
8029
7438
5298
212
4573
7804
1699
6077
3859
5870
8175
6908
1307
1816
7550
9522
8018
4445
1674
5643
6768
2203
900
7910
3958
8894
6459
5703
3039
1681
4362
5373
7633
8429
1899
2075
7110
8461
6510
3131
490
3234
3841
5689
2732
8315
5837
8480
440
7640
2316
6038
4171
6483
3595
2243
8002
2663
4439
9210
8740
9530
7299
6576
5654
4809
4382
5215
4898
3300
9439
6289
5890
3035
2916
2348
6148
2526
7482
2573
8800
3857
9510
7698
5060
5293
7447
308
1640
9279
1725
6691
1319
3663
6
7967
7886
9383
1504
4662
343
6478
7462
6467
8960
9273
3158
2851
2723
2305
4598
3649
2991
9183
9108
4320
1076
8503
6637
9218
6415
3263
1213
6011
6476
4182
8020
4004
8026
5362
457
7255
95
5880
8125
7659
1190
3134
2585
6309
8511
6698
5156
3989
5289
6229
4794
3413
5198
1963
3659
8374
7010
8457
2045
7422
6305
6771
3213
7601
2184
6395
7594
1272
6952
5579
4746
3141
9199
8906
8576
9014
3110
5171
5677
9399
1164
794
31
7469
5299
1841
1993
9381
8786
3330
2560
7780
2896
4553
4633
801
1361
34
8852
1713
2012
6814
6563
8301
131
7068
4255
8910
4587
381
6927
5041
8762
948
36
262
1568
3793
9245
2746
3959
5754
4992
8995
2190
2708
5327
1785
4509
6744
4958
7619
379
2618
6286
1973
897
6891
5320
1650
7084
8195
8146
790
2975
1484
5778
8626
6664
1243
1550
5229
8008
8246
4195
3464
9022
7269
7528
7982
4820
7209
8865
6155
7570
9078
5162
2016
1287
736
1879
6521
5711
5408
4730
3654
1906
4131
1255
5006
3128
2626
111
5598
8506
6308
733
294
4014
1265
5722
5339
5611
6657
7371
7310
669
6017
687
3287
2011
7203
1222
2392
4190
8379
7114
8767
5270
721
6366
3711
4778
1202
7621
908
5668
7457
6500
2109
5176
1175
1055
300
1
1252
4457
2060
8611
6021
9337
3067
1389
3617
7474
1420
1040
1394
5122
6761
1328
4450
5799
6170
6253
9375
8069
1864
671
4631
3646
1837
3941
1729
9414
6081
2582
1260
3343
8339
6695
125
1053
5732
7427
2277
6441
8154
1110
7075
1551
7278
7911
590
4908
5852
5823
2130
842
8566
6574
8616
6710
1613
5335
5291
884
1326
8988
5914
6456
4296
1690
8355
4874
3964
3386
3282
6147
3295
7572
4559
8606
2711
3347
1200
7372
8064
6880
4027
8915
2616
7326
3278
5416
5666
3766
6769
7518
5150
3214
4657
675
7320
2802
6230
4768
3445
1408
1657
640
5452
9410
9490
2253
8784
7599
3359
3605
7800
4277
9122
4844
7243
4741
534
3494
2962
672
7011
4304
5565
259
1887
7608
504
5179
7541
4473
179
8821
3809
5260
7668
7743
7500
1349
4709
5835
3707
8095
2567
3650
3556
6846
1500
3001
7481
5064
4093
1207
9368
5783
484
2644
2081
7291
4880
367
4474
6875
5765
8433
3581
84
723
3402
7952
2474
8033
8214
3064
8730
202
5385
3125
4081
7852
3264
7750
2381
685
1274
177
2549
1995
7095
9492
1604
7287
1664
6018
3518
8348
5210
4222
192
2402
2199
8497
7795
8271
3611
9557
4263
7511
2087
6343
9289
2889
7783
5008
7256
5506
2999
5186
8066
9070
824
4340
5073
991
5650
446
174
1862
3066
1013
4111
8892
4938
6013
4244
8349
5867
4454
7819
4372
8569
6074
7233
3751
5758
1546
4774
3505
8648
6122
8882
1526
2356
96
4661
9054
7337
3471
9430
9556
54
8963
5061
8136
6621
8633
5550
5898
9059
6120
6721
4134
3207
8810
5147
6433
82
3876
2822
6381
1387
3014
3764
9182
7796
8604
2501
1859
335
8662
614
4956
8541
760
1518
6448
9249
5585
9227
7920
6531
9525
2144
3778
9293
7947
1236
2358
53
8619
1198
943
7828
1505
883
2212
6154
3127
3905
8257
6877
8106
8845
9194
7763
9396
8469
2818
3643
7964
91
1320
4117
7817
2443
6268
727
3929
7537
5401
8573
1941
738
6380
2646
9314
526
3789
8889
4243
5039
642
5365
5612
8138
2737
7305
3235
7174
5896
4391
1097
7350
817
5396
404
6594
5526
7335
5403
3908
6745
5422
4781
2959
5967
4923
7868
8774
4974
8443
1257
4750
4562
5360
6496
769
6242
6977
4866
6636
1903
9528
684
4402
5490
2090
1621
9067
3683
6748
6331
9397
2192
7361
8630
1731
9427
358
3669
9420
5074
3775
2613
3521
7261
9372
1037
2023
7396
4609
977
7513
7280
7423
2003
5789
4534
1666
1712
7173
8107
3551
666
829
5340
7332
7807
7049
1410
2679
1103
2418
2798
1443
4318
8061
3820
5273
3335
717
6495
615
3872
5978
1813
5560
9285
6449
2608
8424
8940
5271
833
5639
3055
1566
933
907
9168
7163
5916
770
8953
7453
556
2005
3351
4805
9258
3948
8478
4821
5936
4487
1506
7591
5091
2969
9165
4580
5083
2935
8204
819
6178
6804
1199
8697
7614
9391
8404
4275
7351
6554
6209
7908
2987
3973
9370
9127
4539
7812
6943
9206
2331
4353
7568
2592
3225
4887
7890
6267
3847
2716
8109
8958
3907
7618
9358
2288
4601
1856
4806
327
5763
6223
4936
4477
9187
3783
567
4010
2835
6405
6704
9006
8578
4767
7604
1485
5513
1938
8631
6822
8056
9393
6374
5099
8060
2133
8160
6273
4516
959
7596
5570
5953
2027
7352
5451
2347
7105
8806
6809
8504
1520
7784
1924
5158
6862
3558
7584
6542
602
8372
7612
7973
1601
1654
529
2335
5188
1994
3633
4724
3178
1402
7327
7878
8608
5374
6553
3750
5776
2963
6055
3237
3159
3543
4970
6088
5199
2292
9548
7644
7794
5417
4766
382
6152
6016
3056
1561
2229
1304
3076
7401
459
9310
1513
7235
1159
5109
4897
3190
5549
1798
2165
4837
3441
3991
7875
8077
8207
9294
3950
7665
7985
9341
8663
6205
12
1458
576
2429
2444
4029
8451
2320
1867
5246
1889
5939
8855
6104
5990
6879
4436
7545
5413
4292
4903
1012
998
9148
2266
8406
5414
848
8733
1911
5956
9543
7071
1828
1044
6795
4993
4282
5663
288
3495
2182
1360
3538
2770
5419
4434
5049
8817
6502
30
6558
9048
6546
3418
7881
517
1528
7787
1451
1580
6675
7018
443
935
5589
7681
4221
9312
4731
4209
3226
6713
4224
1338
764
6028
7893
1946
6193
962
873
8253
7942
7730
3967
3164
6645
5995
6183
8133
7300
8898
9563
1174
5177
3821
4424
2781
7063
6040
58
1502
2571
4174
7829
5971
1773
8007
7034
1376
5772
4426
7639
8540
326
8880
3731
3486
4527
2537
6051
5167
1160
8908
425
3279
9028
843
1931
1163
2794
1850
4552
2113
8822
3469
60
4618
1374
5459
945
7120
7751
6900
6263
9287
4515
7956
5685
6003
4303
8289
4578
8699
4736
1209
4708
7484
8134
4879
9431
2735
6164
8409
6514
6596
5501
8282
3152
3439
2860
6653
1248
8434
8991
8371
7918
2550
6555
5165
6730
2895
6217
4904
2015
6083
5862
4137
5766
6238
5132
8617
7766
3218
2603
8084
1434
6065
7928
5115
7786
1683
8754
4272
8393
6265
997
4001
5653
5068
1088
2477
8398
5343
9447
6686
6199
1637
7583
321
3831
6127
7803
7317
7542
8194
956
5771
5600
1234
3431
8287
3013
1634
6232
8074
695
8088
6206
3472
2890
4867
7598
6539
1651
3856
7737
85
1930
9211
5399
8423
3357
4053
8808
3311
1790
6067
3243
3615
5806
4082
5534
3189
2098
8692
4586
5377
6200
7712
1935
530
3443
331
7257
5371
3079
6254
8057
6648
4830
7562
2445
352
8815
4156
3201
7213
8430
4237
3853
9386
5904
7270
1291
3608
4964
6128
6540
5214
275
2917
1268
1324
7980
7929
5446
2154
3548
5358
9282
679
6864
3411
1043
3082
3417
2466
4836
7463
1145
462
2614
9286
6949
8397
5878
1945
4204
281
5219
1162
4785
4009
3576
1483
127
8400
9426
8709
9008
6370
9345
1900
6883
9468
8885
5185
6659
6669
3828
2223
6547
6312
535
2504
5015
5728
5851
6634
6302
5254
8331
7891
1874
2395
5734
7368
334
3601
5769
7399
9007
7076
32
5968
2556
5817
8610
6119
4602
7144
401
6843
1398
3969
487
4056
1822
3622
634
374
4072
1590
2525
9087
8021
5372
4247
7944
415
878
3513
8250
5486
4012
4690
8488
1306
2293
9252
6969
4660
1779
3970
8291
1177
4100
5466
7684
6386
5548
7042
5545
4446
9241
8698
394
2204
8415
8444
2439
5608
9208
9479
3723
4544
2002
8545
3061
2972
6241
7449
3208
2533
673
7282
9228
7196
2774
8710
611
7157
3954
5881
3901
4850
1512
4684
4435
370
5484
9353
552
7477
199
4191
7113
587
4617
4541
7934
7678
5474
7421
849
5696
6116
7927
426
8717
2830
5624
8163
4312
5020
117
4208
8905
978
1529
7219
8198
7134
3354
4271
3993
4135
3584
2730
9482
4319
5594
823
6071
7857
472
2383
4092
5759
2985
2812
9005
5469
8192
3732
136
224
6630
3814
5920
896
3024
8482
5866
7993
4892
8933
7217
7691
6830
3124
9066
8811
980
2515
5407
7793
6850
3688
8891
4727
3303
688
839
7630
5965
8831
5531
7617
6632
8418
3074
996
2105
3157
8055
6419
4196
466
7769
1599
683
6702
3372
5262
3285
7284
9180
8846
5310
8708
81
1377
2742
6982
4483
5244
295
2222
6234
7848
8680
9365
3296
3508
3578
1448
5450
3511
276
8718
7502
4628
2200
2775
6402
1343
159
4520
2425
7514
7950
6718
8986
1172
1237
5301
5458
2481
1700
2932
8593
6550
3844
8664
6936
1346
2120
4753
7052
7308
444
2920
1080
2379
5428
7324
9213
4522
749
2438
8556
5241
7790
7005
4895
7901
4799
4871
4608
6727
7870
1804
8311
1955
3355
6516
3005
2448
423
6315
911
2729
6708
4109
223
2856
5420
7526
3040
2472
213
6278
536
5828
5961
586
1707
5796
5568
923
2008
2944
243
8702
2227
5230
6000
1792
8671
7778
8964
2724
872
8258
8886
8602
7504
6725
8764
1587
5753
3414
2237
2543
4823
8519
2673
7478
349
1140
7140
6418
5245
1383
903
9036
5554
5825
3253
4123
4
3380
6854
6592
1249
3833
8226
2665
2841
1812
6464
8097
4154
4565
993
6414
8412
4451
5114
6042
1524
4058
7576
5625
9027
7145
1187
2996
1966
5688
714
5137
5342
4800
304
582
4882
7165
7531
3921
2759
427
1796
5088
2071
5139
6841
3541
8526
72
1310
5480
113
3795
1920
7577
4763
7647
1472
3879
97
3504
2662
1970
7729
2422
5886
4634
5552
2521
4000
5499
4990
8123
148
2782
7943
4787
2970
3626
3703
8493
8634
3030
7915
2274
5405
1661
7495
4227
6146
4603
4942
9474
5603
7775
8840
3119
5095
4968
5519
6562
6543
9110
5168
3598
8338
6819
3838
4564
531
8745
777
3156
4331
710
9320
7580
9246
2883
7842
7341
6942
432
4075
5252
5265
8288
5100
9179
4347
7210
7142
6810
1659
4335
7096
6184
5749
762
5232
4008
5111
8228
5641
9172
3323
8612
4991
1871
2103
5166
7838
732
7116
5748
7314
8866
3422
5750
9385
8357
4346
9355
6617
4810
7718
6026
3028
5629
2980
2405
7393
5164
8836
8270
7757
5066
2121
1717
4883
5478
6460
3614
4278
4070
492
8172
8149
9177
4575
9506
5546
836
5847
6422
6825
4919
6216
3336
253
6600
6385
1058
8119
6390
7782
1137
2196
645
7866
2080
5658
3333
8543
835
9480
7094
1352
4563
2575
5832
7330
2806
5062
7365
3773
5982
3478
2456
6885
507
9141
1026
5902
7559
7850
1223
7377
3514
8200
9559
3497
9499
5892
9181
1436
7489
4642
2428
4214
2460
6548
8449
3858
3267
3637
1478
7704
4960
8856
435
8487
5237
2458
9544
3195
7721
9023
1337
1108
1647
2568
5836
3015
1912
242
668
1487
1101
4901
6658
274
3564
4715
4414
6824
2976
1010
3297
1996
5933
510
5529
4760
2827
9472
3894
5508
2210
7662
782
8162
8277
4392
3645
2611
1752
2555
7754
1327
2503
6149
2514
2282
2762
7948
1266
3217
8584
4526
4700
6487
1857
1476
1586
4283
6131
2509
3918
8275
5347
4192
6882
2993
2368
5690
4299
2100
2983
8620
8847
2709
881
6649
9497
2387
2847
8300
1000
8036
6108
5285
123
5784
5919
3340
6215
3520
9565
3416
4689
6570
661
7318
3060
8877
6853
7031
6177
1085
7700
922
1574
8259
8087
4745
8079
5895
2882
7066
5540
7183
6934
7845
597
7273
3565
62
3302
771
8381
8038
8041
6004
7466
754
1827
3215
950
2050
7431
4114
5743
5756
4115
7981
3641
7092
758
6287
8803
4935
8023
2228
8368
185
3507
709
7047
7632
9422
7753
9178
3112
3636
5384
7719
2906
3197
655
8388
2943
4687
6005
4654
8801
5483
9026
4309
5067
7032
2715
139
1896
1838
9133
8848
9011
2615
2532
6509
5157
3696
4815
315
793
9317
2728
333
9106
7323
1811
8816
2852
2279
6530
4693
4423
290
6339
7494
9471
268
5860
8100
3373
545
4589
6985
8875
4951
3322
248
7188
9157
8025
7688
2958
205
8455
4361
2365
2404
4238
857
4677
4577
1687
4462
4285
7197
3420
6874
1918
3229
5119
6903
2246
7051
3095
8120
4714
4739
3149
1116
5826
2324
4267
6280
4396
1509
4967
3873
5744
3741
3360
4165
3451
1297
232
1407
9116
6240
4914
9484
2086
9561
5591
8208
6335
2957
9115
6375
6593
2248
2642
7820
4808
4432
7876
7569
1534
418
3220
1670
3059
1267
555
3986
6490
3329
120
7147
4438
7045
9260
7844
2291
7791
6867
399
4120
8760
4363
8159
4681
584
6080
2352
7954
4091
3761
6842
7464
4016
4691
6094
1158
8818
3628
3574
583
2211
7208
7139
7758
8651
9072
7190
1680
8500
4881
1671
513
6532
170
6602
7359
1305
3953
7149
4653
8
5632
3306
6314
1538
2493
7426
5308
6288
2848
1895
8044
8509
8442
453
4995
1384
4083
2941
2442
1592
4207
1425
7616
2122
6836
6612
1203
8765
5764
2542
1588
5911
6175
4494
7347
8463
6124
4371
6807
2083
3455
8278
2376
844
8456
725
2751
894
2953
6202
13
4024
4240
8501
3700
4470
6791
110
1585
3174
1329
2412
1455
6355
580
9063
6508
3170
2084
3265
5086
5694
8475
702
6412
3525
6311
2807
7746
3560
8108
7625
2645
5710
7916
6886
7772
5938
9451
2195
2797
1450
5027
5740
1753
4418
9269
4469
7363
6963
850
2492
1869
8401
4615
7069
1344
4061
6452
6591
1150
7132
69
4912
7404
6529
818
4813
1539
1341
2486
5033
1481
7266
1050
8255
8917
3677
9280
5719
4905
6894
538
8924
8266
5349
1181
2893
7290
5573
1397
2820
2636
3432
689
7108
851
7192
1017
8303
521
4949
5189
2004
2057
752
8759
4042
1530
1968
578
3137
7414
992
2054
9156
8871
3694
5393
4295
65
8732
5063
9309
3536
9315
4909
9044
9105
2052
9477
6876
8769
8936
2839
9331
6782
6368
4902
2837
7425
5341
1629
2496
3473
1318
2252
5369
3313
5768
138
5496
4484
6676
8643
826
1844
6210
788
5730
4604
6604
8738
5375
7432
4201
2500
8360
7012
6643
5791
5557
9394
1814
4223
6406
2234
3642
2821
5883
845
5331
2520
5421
338
9140
8462
1727
2505
9538
1411
4360
657
4718
6007
629
1186
5882
430
6892
8045
1143
1379
1240
4845
2078
7995
2308
2478
3364
2030
4023
1852
5555
5258
2300
880
1921
3910
1602
2909
5804
2764
8781
6492
1845
3586
141
3126
7420
4112
6481
5304
7573
5193
8555
6316
2859
5893
452
3544
7923
9031
2386
2795
5623
7227
3315
351
1253
4084
345
1353
4624
8437
3358
7319
9470
2354
799
5747
7264
6557
310
3163
4625
250
6107
1094
2688
6993
4543
3221
9384
6069
5464
9251
7486
5482
7285
1214
9256
7091
5079
8294
4788
8230
2863
7175
7667
5991
3888
5520
1922
566
8672
6450
389
2675
1454
5444
9001
7375
3955
1649
4143
6341
4463
4476
5943
1965
2263
1555
6625
2950
3476
4395
2411
1445
3743
4666
57
2559
1148
3603
5173
5077
2960
4126
6672
7736
601
4856
2538
6536
5264
1403
1501
6823
7360
3269
667
2309
2148
6678
568
6275
3138
8725
197
2041
7050
603
6984
6310
4129
4889
5082
2360
1025
2617
5160
1009
2430
3698
5489
8523
8220
4456
2593
3938
3585
344
9075
155
51
5050
5328
5485
247
6899
1730
1239
1675
4364
7716
4875
2374
9094
4108
633
3211
6471
3177
6615
7636
3800
662
3467
8655
9436
8209
2114
7505
5351
4413
4737
9327
1514
5515
2297
4161
5463
546
6781
7900
1493
2139
3403
4170
3940
2657
1653
7797
4241
2323
6204
1188
2226
8771
3084
3933
3718
5388
1989
715
1220
3399
8649
635
3912
5319
5773
6423
2129
5874
2913
2218
424
913
1370
6321
7955
1781
1356
7561
5078
593
2424
6731
5087
4801
8987
4742
325
7767
637
6765
7214
1380
9055
4358
3029
7692
6245
3026
5479
8378
1765
2558
1612
5628
7926
3050
6453
7156
8961
121
474
7834
5296
2437
1034
3421
4041
8001
1697
5212
9259
8483
9415
3799
4688
9382
3765
1800
4306
5500
1622
3652
3366
5813
3976
8126
3122
9203
4549
547
5432
9184
1495
8930
3705
7978
7303
356
6225
7858
1581
3105
8072
4373
5816
1620
1797
1704
8152
2153
570
3406
9264
8346
5487
798
8281
4039
6409
365
373
6356
1677
1131
6484
5051
543
5110
1104
7635
7487
6249
3069
8824
589
6597
1706
3239
9126
9191
3559
3474
1571
7738
9520
664
9229
324
5947
2562
1395
8579
9058
2039
1432
240
1786
1710
7366
4590
7239
2523
7897
3716
7186
6856
1510
7613
2588
7972
7686
2544
