4446
6668
4939
5231
2628
5825
194
5870
8760
4266
6041
6798
6392
3977
6125
4492
1852
5283
966
2803
4538
5069
7941
8497
4007
4477
9391
7371
737
9028
6921
7103
3145
15
9343
190
1079
3777
1963
7141
4250
8627
1804
6078
9239
57
4157
8021
9080
186
8739
1233
2639
3857
5199
545
897
285
1114
5063
8769
1242
9104
2400
4118
2403
5735
4279
260
4665
8280
1691
6779
3090
4468
616
1259
2957
8724
5979
5238
7378
8085
4611
5609
2633
7236
7230
76
9407
4224
536
7688
1104
5999
1318
8677
7215
3943
7620
2899
1479
3104
3059
9019
5369
6104
2155
4275
9336
6316
9465
8228
8063
6246
6788
8668
438
2421
1847
9059
4487
2235
7787
965
6382
2126
2636
8743
7039
9002
5692
5624
1302
4864
705
7404
2692
7333
4993
5774
604
8026
8323
1330
361
8717
6531
5351
527
7945
1732
4511
554
7274
5038
3368
3396
1270
6001
862
3511
7725
5647
6816
1886
9315
2914
1355
1083
4539
2763
299
4291
3527
1776
2040
4355
3936
2395
6342
7032
2272
2694
7439
3188
6453
8149
3767
7904
3882
3068
8307
8589
9344
728
7864
368
4638
2038
2836
9250
3778
5804
3789
6022
1268
3172
5099
5274
2075
7417
8997
4181
7205
7489
1628
5934
7347
3478
1197
8887
7477
7638
3716
1081
2283
1086
1768
661
8954
7172
383
8494
42
1448
3989
3672
8432
6301
680
8045
5995
8813
6491
8663
2241
5118
6205
9492
3136
9358
6743
5011
3582
2583
8902
1432
706
448
7943
3501
1218
7199
240
834
2257
3470
3674
5820
7140
7249
2908
893
8597
2958
8546
8106
5748
3155
771
7879
1798
8457
5614
1529
6624
9487
6496
4965
6264
9029
9184
6358
5630
7848
3151
876
7040
6424
628
3861
1073
4566
7279
6991
1051
8807
1907
6493
991
5235
4867
2094
318
9233
3957
5306
8768
551
6949
7994
2911
517
6978
7849
6710
4084
8386
945
4787
3047
4335
2048
1895
3282
2416
5228
8970
765
5727
1916
1147
3010
5375
2931
3580
8534
4042
2098
5400
434
3053
7597
4381
5706
9318
3736
5498
7323
13
3410
9305
7859
4280
4399
4354
9039
324
5030
6024
6381
3934
2369
8416
1303
605
3340
3106
1097
2824
7657
2268
46
1173
7108
6050
3046
7519
7743
3710
8114
4057
3309
3091
3804
450
3489
8838
3079
8609
6809
6145
5245
175
4180
5516
3152
7576
8351
5519
4968
8958
2163
7164
4713
5205
3762
9389
6894
5708
8261
7888
530
8576
3682
4696
4554
2473
4749
8016
1677
614
1612
4375
1598
2336
4975
596
8055
3174
4842
7570
8028
7718
4948
5531
8593
6649
4484
2173
7917
4105
1063
4646
1977
8473
7017
3413
6515
3933
7929
7029
1864
8886
8776
5840
1627
1559
8781
7112
1427
3852
4518
6658
7044
307
7868
4448
5309
7136
2332
8382
9481
4162
3165
2760
3761
4582
542
3211
3069
1274
4300
2353
9440
3653
5343
7368
641
6568
4172
516
4966
1876
2979
6964
5939
7792
4952
1740
2809
8420
730
8585
2674
1393
5716
7560
5601
5315
3035
2050
1865
8454
4937
4737
3312
4229
3596
4673
5242
3620
5779
5372
8143
3707
8820
2034
5380
2874
467
3940
7676
2083
1282
2225
5691
21
5370
6118
3095
6419
1467
8660
1941
2518
8510
6738
235
1285
3375
2017
5634
3772
8282
1359
9017
4339
7589
7233
8927
6606
3993
7554
2148
9158
1868
1205
8834
5620
1247
4264
8445
6100
5528
7114
3379
3996
3260
2365
9331
676
1750
4585
6043
2652
775
3118
287
6557
7171
3938
4636
4072
1254
1044
1126
2441
3986
4959
979
1770
9502
2203
6971
7074
2660
666
2130
6751
8516
7739
508
2631
4575
6277
1297
5170
238
3310
3896
5574
767
930
6513
3638
8460
6455
6893
1306
2971
4878
8577
4
512
2723
9162
3551
1962
8725
4282
156
3250
2444
9491
2504
4951
3007
7122
4003
8208
1292
237
3962
5230
5633
6561
1956
9245
293
7645
3217
1405
3595
3102
3264
831
5102
1817
1100
97
7667
2320
9345
2381
140
2030
7318
4171
4854
6389
2313
8181
1946
8815
587
6977
3973
8262
8961
7453
8939
6326
1550
1112
3695
8948
2601
5393
6463
8645
2088
8411
7982
1129
8274
3433
2146
4732
1011
3591
7915
852
358
696
4774
4225
3097
7504
9325
8443
7102
1909
7802
4296
9530
69
756
7611
7548
5823
9409
4200
2584
2514
2009
1438
8901
3557
7842
3627
8161
7465
6291
7033
943
3507
305
5020
2709
7647
1968
9299
5762
1725
7663
5643
195
2834
4501
201
9360
6131
7326
79
5695
56
3173
8808
8119
915
6142
1225
3076
2026
8355
9156
1160
1041
975
7502
2933
9438
555
3651
7396
8469
200
3870
3146
1080
398
5835
2397
6363
6317
694
2415
6508
4584
4552
4540
5248
1029
3289
9309
4219
3615
612
4263
425
4130
6355
3491
1449
9221
2433
3584
5638
3829
4909
4385
1650
2285
472
5208
1001
2697
3231
1351
1123
9534
2572
8933
2794
7918
5792
6781
4929
7789
3849
3728
4260
3498
5912
2449
9
5588
9300
2181
5596
3393
1578
1196
9015
8790
3959
954
2438
4531
4503
7227
925
6577
6488
3148
3825
8665
2031
6959
5849
3807
6133
6950
7197
6581
4778
9206
6464
1792
4592
2980
4829
4843
6170
5281
3851
6403
3439
7635
679
3066
6294
7443
130
8166
4051
5025
5262
5590
2446
3451
2670
6407
5851
6320
1951
8245
8855
6360
8184
5354
4123
3546
3939
5294
1931
1943
3421
2091
8757
2324
3354
677
5286
932
232
7799
6699
8018
5450
4734
5539
8756
3963
9251
7089
3038
298
30
7613
2484
4523
1577
2160
7316
5865
4438
5031
3735
7451
2394
6802
754
5127
2889
7958
4870
7655
2234
2326
8713
8359
85
9447
7480
2739
8788
556
8484
3530
2606
2015
5072
2640
1042
2580
6148
1591
5226
6647
8676
7403
6630
5419
2456
9461
2689
8100
160
3692
422
38
3274
4168
6673
295
9062
900
651
6939
2568
5800
3675
1718
9508
8778
1138
5046
181
1227
99
7522
3346
2875
5448
5124
626
8537
8763
733
819
859
5115
3609
2883
7965
3474
8931
6225
7938
2935
7979
1912
7545
6923
4333
1617
4270
8816
4041
6731
4242
1237
8078
1184
5485
2291
9071
5874
4896
7924
5162
4525
9036
4386
4332
1833
735
5878
2818
2370
7288
833
129
7800
770
8361
5958
7081
6092
3666
4616
6981
1208
5486
3415
465
7791
7363
4963
4761
7709
4470
8151
3703
4490
1174
3661
3180
8330
836
1343
7487
3709
9563
503
8378
1220
7889
5970
1945
7194
4791
8435
3808
8659
8052
867
8477
8621
9332
3487
3357
4758
6272
4936
3887
346
1857
6865
7744
7296
7681
6327
1638
9450
8109
5415
3670
3147
4058
1252
577
3500
4462
60
6002
8243
3821
8860
8285
427
5339
78
4795
7479
7949
6114
9010
3468
2646
4064
3486
5436
6718
1958
8780
3534
7656
2427
3295
2259
3791
6857
5503
2806
2334
9110
8090
3060
5613
6821
6331
7182
9422
7835
8543
8501
2721
6025
811
8145
4077
825
2496
7005
7471
8775
934
2805
3571
1700
5845
7492
5058
6933
3909
8926
6292
4143
4377
627
8952
1398
5144
4533
245
5328
1241
5487
7120
5811
6609
5484
7910
5153
732
7532
7073
2511
553
5254
1191
1179
7041
7602
2960
7441
8738
6361
6954
2278
2474
8462
9348
8371
6119
6409
4851
3425
6123
8881
6540
9102
7999
2314
155
2564
5794
2377
6516
4960
6279
3163
281
1607
7101
6915
8814
6102
4783
6794
4241
1777
5828
3049
143
9252
5156
3793
2376
9513
3898
9255
8847
3248
1033
9338
5795
6103
9236
1575
3544
6867
7745
8514
492
9151
4925
2297
9364
5790
5114
2842
4926
8400
5012
1014
6275
5568
6062
2384
3718
9045
8556
9109
2156
8669
2069
5445
4516
9193
2789
2648
236
5307
6719
1973
3171
1970
7850
2704
61
1308
1257
4814
2379
9403
6940
5458
2858
8872
8049
2705
9494
5502
961
1046
7072
940
5270
4847
380
2066
1236
9247
6873
8051
9495
3373
5831
8940
2942
8712
7661
9261
7816
5822
5837
5785
3533
5848
505
3469
7723
6441
2039
8253
681
2594
4436
5494
3965
7662
73
7036
5662
5427
7550
5894
6485
8288
6028
7365
1217
1508
519
1109
3485
6253
3075
6039
4116
7523
6285
637
1413
5906
2196
2589
8598
7427
6760
877
3646
309
5188
5207
7329
8097
8898
9079
7629
7782
3144
7992
5288
8798
2551
4496
5763
1155
4822
6231
3394
3753
7867
3120
7116
7826
3283
3362
703
323
5561
3886
8479
3834
1255
7957
9308
8127
5890
7407
2436
5472
2519
4988
7830
1058
7246
7093
3323
6026
4362
8946
8550
4350
2556
1743
5803
734
9161
5297
189
8664
5275
147
6547
3113
4079
5915
9195
6252
9217
3431
5629
6819
813
1139
8749
8956
9215
1828
7692
1848
1585
4195
5963
6985
7817
2688
6584
7685
2305
2540
6521
29
1271
49
9061
1020
5266
5755
6553
9235
1564
6999
2298
9111
1866
1669
8413
1514
5379
1767
9506
2907
6582
5203
4647
5290
9178
4524
233
7334
9289
9260
3731
5377
1606
2267
9203
9220
2004
5903
4488
3418
7981
1125
4530
5665
7680
8722
8054
5975
9323
3424
3416
1697
9547
6020
1486
7512
5607
4549
2445
1913
5137
8985
3071
8878
629
3622
7771
689
98
2092
6619
4743
5326
8158
1957
572
3684
6168
2962
17
3130
6477
7517
7075
1422
8096
5853
1745
2541
6556
3408
4170
8854
588
3034
2829
2795
1949
7022
3520
4297
9514
6843
5003
1319
5079
2926
4126
2179
9531
8944
8988
6951
2128
7860
2630
4392
4862
1188
7429
1315
3843
8507
4820
8293
4970
7317
8700
6346
9125
2710
2378
8391
4341
8957
4716
5265
1246
6233
6179
2019
794
2969
8418
6087
4798
2904
8233
6870
3342
5663
8502
7565
9011
2108
4198
7452
1383
1648
2054
5673
7251
7926
5154
5181
1336
1445
7263
5219
1576
8863
9096
2634
3755
2690
6462
6835
1549
4228
8290
9404
4014
4933
9124
2506
1354
5136
3531
9512
6639
3111
1378
4992
2996
4880
1146
6003
7050
1496
5582
7135
9157
5791
3552
9190
4832
584
6884
1305
7740
3154
4688
8286
3744
2116
2373
3495
9030
4849
1635
3920
4535
1684
2548
2302
1488
1388
8804
9166
5942
9052
1322
8104
7749
3575
5773
7024
3781
4751
6393
6248
787
9060
8183
170
5953
9056
8675
5988
3892
858
4091
3023
6149
5913
9024
447
2508
3570
7054
7092
2882
3366
2327
6778
451
3987
7003
894
3177
635
191
8199
6570
460
3372
1524
5886
2200
2576
7132
3903
5578
5186
7002
5658
401
789
8125
6227
7691
5738
6724
2892
6005
682
7380
1403
5357
9034
336
8799
6587
6746
2176
8487
3760
1573
5076
3395
9013
5001
6608
2006
7599
8493
117
4022
6425
4913
9249
7016
4797
7700
9012
7809
3243
3225
6223
929
1061
919
8171
6503
8773
3232
466
4957
7361
4347
3748
5109
8278
9259
4497
6057
5818
109
3365
6712
4100
2880
6817
2932
2081
5554
2575
3576
6963
2750
420
9398
619
304
9445
6882
2590
9532
2563
9510
8148
215
7531
2117
5075
1273
4056
6626
5770
250
9311
1364
4961
9020
3356
3358
7998
5047
4825
3585
3239
6716
5780
2954
5490
7121
8305
2265
924
6592
6270
3284
9134
3550
2999
385
5717
7090
520
9108
2549
5787
2062
4775
7418
3811
1980
2071
790
6160
8394
5734
8073
3867
1615
9219
2800
8193
1495
2950
905
911
9425
6898
8441
1371
5801
3572
7728
7204
4556
4104
6207
3389
4475
7922
63
4615
3078
7335
9453
4179
7079
8998
1154
644
4367
808
8064
3454
1836
1328
3874
8582
8463
5268
2728
4324
2171
5130
1394
7556
5908
3112
5116
1265
1324
4759
1837
664
9285
514
780
2661
2488
3288
9223
2828
5308
9176
3475
686
7720
9214
6901
9302
4258
3522
4841
5565
3519
2489
7106
1159
9411
8874
5806
4045
3924
6796
1161
8068
5896
6681
955
4159
5053
8480
1933
3247
430
8789
2737
2147
6907
5553
8601
1294
7594
1580
163
1708
670
928
5378
6408
6321
5032
4450
8098
6202
4984
7128
51
9131
1904
8412
1301
3784
3065
6859
2602
9381
24
7223
11
7698
6137
4393
3050
2841
2389
339
8587
3360
7148
5640
2891
891
4969
7561
971
5639
5514
4485
1763
112
4043
3659
1816
3110
7157
7342
4972
5411
3680
9321
2349
6498
3200
141
1659
2435
1552
9363
1680
7410
2201
6152
8377
6165
8732
8188
9177
3094
9256
8861
6822
7096
8908
2016
6071
4763
5316
5312
4018
5083
1070
7035
5721
4423
986
6565
3494
3952
9099
4400
1473
2814
7214
6085
3875
5536
3056
6299
1192
4149
8187
2973
54
5832
3824
1452
8475
697
7153
1975
1572
1295
5471
6300
2679
7213
1846
8993
1990
6988
8603
9238
5839
2937
2635
4781
5039
887
5366
5349
8140
810
6987
6916
6601
2780
1345
2372
4068
4361
58
1215
9509
2982
7490
6644
8464
83
9165
3732
8230
7891
9107
5184
4731
1662
2910
6482
3626
8646
7610
8959
4286
1482
2754
7011
7803
6261
535
1028
4054
7100
4567
1937
255
7618
2887
8610
4383
4508
3143
4978
4303
1369
5767
2258
4599
5475
6855
5259
388
5026
9038
1230
4995
2047
6528
4269
918
3074
5244
1796
6075
9231
6336
8446
6228
7937
3865
4868
7302
2307
8910
1595
5964
312
5368
6686
563
6850
65
5405
9335
4020
6384
6282
3839
4785
6144
3700
4089
3080
8853
2219
2608
8565
9234
3400
3240
6832
8628
1983
856
417
1416
8255
5732
8746
5587
6090
5877
7812
7030
7524
2553
3370
1699
1706
615
7665
722
8340
5112
8449
8648
9246
6434
7406
9551
5864
2104
5654
3116
6010
6519
741
7437
8679
6892
2282
2304
92
1905
6824
2289
9386
7198
7828
1418
3218
9384
3698
725
7442
4891
4114
1143
2947
8211
6400
4983
2096
199
6128
3015
6201
6795
2119
6311
4391
1459
544
1210
5495
9430
896
2821
8037
8678
8667
3387
2550
7181
4033
4037
6049
1093
668
4760
4915
8549
5049
6913
7256
9009
5094
6889
8570
7217
159
173
5273
851
3268
4390
34
9452
476
486
6271
5592
2833
5992
4164
7468
6904
7473
1955
50
1111
6151
4481
4173
7125
4373
6643
803
9417
2158
7968
7875
812
5247
8489
5660
5291
5488
8505
2897
6948
1882
1604
3221
9294
9458
1998
4748
6841
3054
5651
5610
5045
3427
7682
1349
342
3667
1867
6297
6807
6437
9454
1872
7281
9264
5821
7963
8099
6306
3908
43
1586
1589
2675
8647
2953
931
275
408
4078
4424
3819
3219
6141
6588
8206
8256
4358
2020
6583
1808
6566
5927
8401
560
5391
3311
1960
6014
1421
3029
8328
1380
8696
4252
1761
4107
8822
4747
4491
4420
838
6579
7689
8030
2673
9451
5644
4577
7178
5018
4249
1357
9337
8833
3277
2248
7525
9328
8827
4513
2358
2209
8986
1094
6968
1489
1471
1855
5676
6791
9258
1118
2321
7095
6127
7954
4897
6617
5443
7462
4699
7315
7738
8281
3305
6941
252
1738
4474
8726
1372
2503
7287
2188
9050
1180
1279
204
4557
8638
8542
2767
6219
8086
3914
4594
6830
6875
3210
4581
6427
2419
9179
7299
4768
6483
7880
3771
7940
9049
8423
477
8310
7606
8062
8205
8917
1013
6853
6782
8203
4464
7705
805
3724
4698
3316
843
8265
9243
564
2974
9457
7006
7364
5747
4895
4658
8575
172
1239
6502
5059
4378
7348
902
7142
356
7056
2226
6833
8425
2860
3925
3464
6312
70
106
1451
9172
6922
5543
8649
1162
3614
1727
4565
7344
7966
2567
678
4883
7343
3044
4416
1880
8066
7975
996
781
3639
4974
6842
757
1088
4351
6953
5141
5236
9535
1460
758
1510
2299
1190
4069
2337
8592
9159
3043
1433
7973
6705
122
937
5227
8654
3759
3028
2662
4093
6574
4243
3990
6295
4572
3197
4305
3461
188
5569
2718
3895
3997
1815
5833
9437
8685
2956
3437
6607
1563
4456
174
7575
4431
1547
409
8554
8935
1829
6621
5631
5027
5212
7845
4744
3915
2528
6208
7750
8112
274
8065
7869
2422
7386
5672
5548
2798
2490
3941
691
4055
5730
2848
8753
6474
6286
2927
6730
4923
1198
1517
8942
5720
935
2184
8620
4135
9517
7308
4206
2114
7528
8892
3266
4214
8651
1671
2208
5409
381
7535
2902
9567
2398
4251
957
8544
6632
4834
2851
9185
5388
6220
6229
2194
1021
6195
4666
4564
2106
5746
6787
4205
7513
2242
7772
2649
8708
7004
2895
6506
5040
8811
6627
643
3926
1466
5764
6839
2719
2409
6305
7113
9006
2260
7861
8013
7669
23
6182
6211
4678
7976
471
3344
8440
6150
483
6866
3011
5859
5943
3765
179
6023
3919
3752
515
2726
8414
7160
1710
8107
5483
3142
3656
963
1823
4357
8121
8130
3463
2985
9555
1314
1588
8785
2521
6729
8994
6638
2249
7425
7571
8870
9037
4672
6056
4721
1127
8865
7292
3805
347
3601
791
2172
2963
1994
5559
9424
133
2588
5646
2787
6552
2003
1667
9199
7301
2799
933
1176
1623
468
6689
7201
1989
2013
8693
9373
5480
3209
6302
7751
6611
2451
8852
1922
1342
5626
135
9022
3894
7144
5696
8427
7123
793
9044
2253
5637
6162
8242
5608
4608
3604
766
315
4166
1666
1982
7509
6481
4023
1974
9369
8222
9201
1929
4320
4578
724
6895
5452
4267
3443
3300
2043
7911
6357
768
5140
9410
920
4076
8384
3859
7139
4928
1166
6545
4338
5742
8468
6629
8513
8566
3967
8817
6188
7857
1379
2374
2124
2044
6829
597
6575
7632
1417
1594
8932
1311
4342
5589
1689
1546
6241
4780
1995
8277
475
575
5394
8978
6383
6804
8681
205
5296
5465
6037
8476
6376
3838
5753
3509
7948
6736
8996
5108
3386
2944
4605
4701
8311
5799
7260
3001
6665
8836
1629
6957
396
8291
5781
1502
473
8802
1222
6616
7300
1444
6562
6470
7244
7621
8010
2561
399
3806
1971
4017
3488
1871
5576
7951
4765
817
6213
8771
6257
7496
9433
6209
7226
6693
2940
5000
3004
785
5345
2492
6908
8821
7020
8532
3412
1382
4706
3497
1902
7268
816
6088
4752
4792
8115
7434
8300
7390
7377
1651
3663
5978
5062
7541
345
5215
3746
5605
3579
2859
2843
8499
127
6337
7569
25
5523
7127
7179
4839
6883
6881
6206
6475
6328
8156
1850
2467
2277
2699
378
5994
7362
855
2642
7679
667
9560
898
8848
6952
7939
8880
1298
1672
4230
8528
6412
4465
6628
1185
8324
4165
7248
6101
1005
4213
3558
7779
4652
8657
7659
5430
7331
45
7914
4676
9186
1520
6983
5829
5686
6072
2135
7507
4830
5390
611
4010
7882
433
1012
7579
1890
8108
4295
3904
1439
1920
6856
2983
166
7671
4049
4908
334
5168
4360
1426
7028
8721
9463
2264
8012
707
3039
8568
370
6446
104
9120
1440
884
6589
9273
8912
7520
9435
3331
9314
5177
4617
4708
5583
5500
8366
7883
6646
7654
6625
6239
1899
2364
9304
9069
8845
4384
3648
7165
6555
5218
4312
4113
854
814
7184
1454
3686
7764
5898
6180
904
4901
3031
5537
9224
9380
5347
3600
3270
537
2382
4663
4899
3714
720
4085
2308
9442
8490
9169
7234
7714
8640
9423
3381
9408
1878
9016
3503
7776
3242
202
82
9211
3532
8658
646
8299
5681
8979
5575
601
792
7187
873
6849
3006
1145
2049
4773
9058
7727
6911
8569
2837
9327
1434
5911
1535
4402
8375
4176
8578
1841
7012
7758
9538
5535
2205
1507
8866
5827
4835
9031
314
8091
3745
8937
2522
3193
499
4722
5907
1984
593
8406
8793
8690
332
8271
6353
6773
4150
8403
3749
2472
6958
6053
6896
4119
3481
2189
7551
2943
7896
2491
8723
3000
2758
6735
5924
5852
5125
9479
5433
7419
1047
4742
2722
9168
4840
8680
6801
5749
7083
8451
6750
3101
6436
3329
6440
3756
796
3222
809
4796
4311
3293
8296
6675
700
2457
1856
362
2502
8481
7
8508
7478
880
4714
2967
1034
3942
1967
4346
2650
1987
6714
4458
1231
8226
2604
3189
6489
826
4623
1898
9174
7064
7420
3725
2727
4738
8687
6505
489
6836
242
1724
3067
1258
4614
4483
251
8588
7412
7185
3994
8129
8938
8639
1049
1384
4439
6061
1431
4441
1487
6543
3569
1066
901
8141
4094
419
2453
6190
5078
9528
4128
5872
2555
6682
736
2029
6511
2978
424
8032
6420
6541
6027
3856
410
8862
2414
4326
4152
9095
3869
2362
4239
4733
316
8728
6330
5107
7161
4398
6667
5846
7389
2033
1639
4086
2356
8733
4019
5899
2292
5712
2198
4679
5937
1687
2517
5642
3733
4460
308
1811
2881
8146
271
5603
1140
6578
6117
6599
9420
1443
3105
3471
8662
4452
3291
7996
6831
1310
5305
40
6678
7768
5041
2762
9503
5923
5722
7138
4745
7668
6242
103
3257
8236
3139
5482
5973
8951
8439
3237
3930
8483
8116
7322
8082
6880
7831
7498
4945
7257
5983
9548
3635
3822
7923
9368
3333
3419
5442
7466
7578
4728
7677
6121
7026
6740
8388
2702
6044
5408
693
9227
8841
4315
1363
6364
4746
6770
3510
1952
8092
148
5126
6672
8346
5429
1707
8162
1151
3594
4702
748
1425
3743
77
3352
142
4845
9557
6042
7124
4955
9352
7734
2074
8252
9084
7320
7841
7695
2811
1641
8173
6116
9275
1391
5364
4088
1810
1603
8047
1915
4382
1924
7885
4604
2920
9536
7899
3888
4156
3818
8352
3087
7890
7593
8005
4740
3131
5957
2876
7358
1018
9229
5392
3127
9268
3726
4298
5005
6947
6034
3523
4026
2717
8966
595
2759
292
4668
977
7759
7633
2012
8212
2894
4685
3769
764
7130
1854
7415
606
2123
1055
727
4471
5197
9406
9460
7336
7078
3611
4146
2053
3505
1523
4649
1568
5453
7475
1633
4235
7547
6741
7066
6430
4598
6459
657
8518
4757
2325
8538
7209
7521
2169
5544
1608
8025
7501
5036
2922
3175
1735
6032
3149
4187
8731
6388
6596
6089
4876
3292
6888
3574
7107
6417
8348
4809
8706
7354
8137
7018
6708
7762
3586
1084
2390
4800
8511
6048
7023
7469
3868
4414
4325
3905
6854
5497
582
8859
2582
9546
8923
5812
8856
9387
1822
3536
1132
8397
446
7014
4545
1944
3285
6975
228
1168
8803
1065
1387
4372
7208
9212
4996
6659
7767
2348
5240
493
1992
405
8436
7340
5476
3951
4301
3403
5667
2793
1331
949
1554
4977
4726
5223
5067
747
2341
4934
1997
7019
9053
8474
6255
4619
2745
165
2140
1853
3548
4590
9382
4374
1619
386
7788
4651
4417
8196
7628
8369
1670
702
585
501
6354
1609
2644
8889
214
3516
6245
1332
5948
4124
4654
2680
8741
7271
3158
7252
1261
9081
7225
2294
1006
5416
4208
3902
3207
6925
6919
1103
2886
4268
6742
2951
8891
9136
8774
2266
3252
6622
5120
531
7118
6650
8344
108
8322
8801
4096
2162
5135
91
8061
6826
1267
8920
81
642
5549
9455
6808
9478
5579
7218
4914
8896
8113
8689
7399
2696
8844
3220
5945
3465
778
6997
7582
6334
3012
150
3077
7158
7307
6351
3216
7598
594
8160
7280
4770
2873
8043
445
7697
6273
4053
8343
4907
8871
769
6349
9524
2391
2711
177
7854
5441
3198
2731
3208
6132
2748
7514
6386
4461
2084
2912
7538
364
4579
9077
6799
3045
7781
7349
1152
3912
909
2532
367
3490
3315
8240
558
2368
650
504
1739
659
1826
7379
8304
1646
7946
832
3339
823
9008
8247
9355
4395
4112
3966
7605
546
5381
2658
3353
8630
1275
8376
225
6082
1519
8625
261
5929
8169
5103
119
1224
4276
7456
2988
4196
1873
8209
2529
1622
7082
5709
9377
5684
7109
4562
1187
6193
1036
4024
5518
2218
157
2856
6068
9426
5888
5413
5098
8260
4664
2681
7702
3840
872
2310
3619
1038
5399
5190
5731
2785
317
4603
1757
1562
967
9188
7431
6800
2360
762
5560
8941
5585
6970
4806
9191
4451
1620
4002
4203
6814
719
7549
6284
7272
2482
8336
8558
2045
2478
1455
5432
115
3103
9370
6281
511
5146
2468
5989
4247
7977
999
3422
1195
2293
7785
374
1121
4776
5331
1824
1917
1074
1655
4850
8058
2099
7155
4824
6391
3798
284
9523
2166
5883
6569
5949
570
7901
7960
881
9057
7382
3729
8864
3129
6343
8426
987
1054
5462
8697
8919
8164
746
171
1652
4976
1245
729
7609
9145
6974
7543
4571
1893
1879
1091
5677
6318
1116
6700
4330
6385
7696
6890
1887
2672
4469
1640
226
2774
1128
7037
7919
5606
7324
7097
8133
6287
6803
8618
7806
7583
7463
3978
7384
1874
5687
8194
4558
5728
2359
9068
1839
3350
786
5340
9154
3384
5139
8634
5564
404
1400
2820
7529
2533
5335
4369
1636
8122
6397
4610
5650
8004
4087
8038
2581
3555
1450
3968
4032
4662
2557
2042
687
5736
2082
613
8006
4134
1078
4401
3447
1783
3359
294
1914
4697
239
9287
7983
871
1333
3159
479
5871
821
8622
5769
9490
751
8478
663
7341
9142
6456
5710
3564
4689
7660
5035
366
5950
3321
6112
502
2609
6891
5844
89
8319
7147
8684
1611
6423
7967
2725
8467
5940
7969
5167
5104
4998
569
5925
7448
4705
5550
7997
3334
5424
5619
1399
3512
4476
3201
2109
5384
9483
7584
3923
5816
8334
9114
5342
5070
1077
7630
4622
1085
2853
5172
149
9473
4184
1390
2579
9164
2735
1040
9375
9292
9448
739
1527
164
321
7515
9471
2686
4129
217
6319
711
4271
6000
4289
3812
2103
5772
5533
4352
3956
2170
1493
1530
7099
5725
5986
152
6045
3837
8616
4120
9561
126
2499
7193
469
8727
6124
125
7505
3121
3524
4902
9356
5299
9063
4376
2014
1969
8580
3040
4894
490
1581
4307
4621
1542
8925
759
8178
4473
5546
1269
2460
52
7486
8825
2486
5395
8950
7025
5360
7245
2872
4671
9428
1453
9067
4930
6323
5552
8626
5854
4541
3128
9091
7936
7372
7590
4893
1477
547
8200
2822
8246
3262
2593
1395
8783
6942
5185
3058
6230
2070
869
2909
7719
5134
9396
1052
1142
369
8857
5365
5980
602
457
1446
9205
4154
3813
4935
1795
94
7950
6761
4811
8517
1869
7615
7747
7239
7275
7894
3814
6332
2407
4710
1009
7483
7852
3014
1532
6350
1468
5909
6535
2714
2509
6914
2986
2086
952
8251
3540
7444
3265
4133
1592
4127
1686
9322
2090
5055
2543
5295
2510
2276
5777
5889
7581
6945
2396
5044
3337
8614
2647
8824
7646
7457
9550
8237
3980
300
8594
2655
8553
8007
8805
2404
4319
7643
1805
7637
8027
5571
3156
2229
59
4218
167
3873
695
6917
712
4036
6084
5054
36
1803
2072
4110
5329
9301
3847
496
1818
5149
598
7167
8533
1690
6298
6934
6590
4635
5217
297
8250
9297
4555
3606
4655
7176
4482
3125
1883
5361
1353
4675
2355
4035
6214
5123
441
5524
1597
1954
5374
2215
6016
3401
2175
9520
533
8232
5558
5348
7432
326
3227
3140
1626
1838
7312
9266
9518
5282
7953
2637
9362
1002
4659
4344
7684
8008
665
4082
5916
7631
3669
3828
3445
7592
7134
4606
2603
3117
7045
4588
4013
539
8050
559
2475
3853
8503
1483
2615
377
1435
3187
3085
5272
752
2665
1167
7851
7047
5444
9383
4348
3688
7573
4500
7306
8350
1320
1533
798
2666
2202
2845
4807
1480
5577
1781
8839
7290
7495
8980
8705
454
8450
1099
7070
6727
9543
5165
9541
7913
6990
1908
8134
4626
8602
7818
2865
4284
8913
8736
654
532
39
9153
3215
4767
3304
3664
5096
5251
2879
6040
3630
5977
2448
132
9218
6017
268
7544
7084
3722
3747
2866
2869
2165
3678
1891
7972
2917
7722
68
2405
8770
510
138
6469
3960
6192
7421
8555
66
1368
2452
1569
6191
6140
4938
4709
5615
7241
2095
2810
5284
844
5214
1281
1406
5750
5352
7641
8655
875
7568
5733
3482
2736
6136
7467
958
3568
7408
608
2900
8875
7076
1647
2945
2621
4074
3377
1702
3135
184
8035
7001
3773
3677
5428
541
4210
4534
4425
3774
1755
2064
8519
2207
7052
449
341
5595
5092
7091
4900
7254
8017
4071
6009
5314
4304
7821
1243
3434
6276
4762
6955
8367
5319
9351
1207
3003
6345
2057
6935
1106
86
7534
6876
9021
1374
6848
3770
8945
6356
1832
4515
491
2671
5111
3872
1870
192
1283
5066
3893
5689
9241
5625
3048
9295
7332
3108
1056
1232
2667
4000
2167
5741
3995
9129
5300
3335
5355
3119
8455
3877
8573
9349
1948
723
5678
5813
6768
6402
3245
2566
413
4756
16
5932
393
9210
7105
1567
3290
4771
2383
8581
5068
7766
3645
4527
2835
8270
4813
8758
2477
7995
9378
2893
6539
9254
2863
4102
2319
2867
3969
1851
2100
254
1673
1287
1605
8295
248
9467
5914
400
8080
6410
9456
6447
3704
8
4293
1631
6683
2984
5200
4669
5863
4365
7884
4073
1999
9504
7255
1419
7644
4927
3953
3850
9088
7642
6634
84
3206
3705
8241
3472
1665
4080
4009
1134
8972
9139
2458
8571
4257
75
4368
3577
5510
1543
1170
4356
9485
3885
96
4050
8153
8526
2684
7400
2738
5437
6200
272
7216
4388
5449
7043
9400
3799
4435
7617
621
8682
7191
2317
1788
4246
1630
6492
5407
5280
4183
647
9073
2494
8083
573
7595
9432
6186
6631
7375
9493
2067
8472
8009
6811
518
3496
6405
64
4560
9522
8595
481
917
882
5311
1964
7151
849
114
4853
3322
7057
244
6766
846
7355
7893
7464
983
7952
9281
3026
3261
4494
4799
8074
6486
8795
8694
5830
3640
5873
4591
2930
3170
9414
7636
5276
3836
772
2676
692
8437
3364
5819
436
1849
9133
145
5385
1075
4092
9434
2538
3720
1280
4132
9051
8953
2746
822
5507
7126
4136
5234
8040
2864
3681
6380
3971
5726
7010
3430
2134
6960
9539
2871
7173
2168
4261
3276
7051
1499
7672
7188
2233
7607
3440
549
1223
890
3414
3687
645
6378
3890
5917
7195
7397
1897
7282
3202
162
7046
8354
6109
8652
5061
2997
3543
525
1685
4001
6059
8846
5221
9496
319
3157
2483
7266
2847
2598
5971
4879
4786
5389
118
1705
1645
7416
5616
2955
9421
2846
7313
7600
3301
565
2749
4727
1463
8747
4031
2243
1731
5065
8002
7881
3281
4777
839
5556
169
1209
3737
87
7908
2352
3910
3906
7760
5869
2669
8635
1663
1881
4145
6651
7623
6757
2946
5513
5965
8644
2466
3114
8095
2918
7183
9274
3565
8512
3780
3088
3864
4495
5756
8081
2812
1478
6613
3178
589
4753
988
2434
1831
4596
7527
8356
8389
4046
7270
3553
5213
4924
279
9183
5420
7063
1411
1053
1800
8934
7840
583
9200
4985
8136
3655
7964
1579
1774
5602
4837
6721
277
8084
9558
5289
2261
4408
2995
4442
8642
101
6767
6111
1762
3256
5570
4931
8088
7455
3332
3435
5834
311
8765
6362
7558
4719
35
5659
4262
3561
7807
622
1794
9310
2437
2055
2654
9486
9225
9515
6774
2885
8973
9390
1678
1593
4958
1284
407
3404
19
8624
5649
6197
2380
5358
2501
8170
506
3605
8257
1729
4717
2144
5900
3449
2796
8465
2329
187
2695
9093
6238
2716
8248
2804
3916
6099
4947
6181
9537
3459
5029
6775
7651
802
2206
3931
1860
9319
1309
7224
2027
1219
5132
2459
3848
3950
3428
5885
5703
3937
5841
9072
7970
8258
8214
8155
3696
1119
1500
5216
1340
8894
421
4115
2573
1570
3573
2085
8363
4015
2554
8498
4898
4387
2256
731
2002
1350
7704
464
6534
5505
2808
8198
9146
4405
2331
5002
6906
3976
5412
6366
4645
360
2536
1661
1506
5073
3024
4919
7328
2700
7177
6135
7797
208
1985
2961
1059
1062
7395
8491
7810
6551
1010
6663
4644
3832
459
3738
1923
8535
5463
2316
2993
6064
4025
9101
9326
5440
4670
5224
5593
760
6805
7080
2925
3369
4873
8615
3070
7932
4459
609
5802
8900
8383
2539
5674
5263
3327
5761
8876
5693
6333
9117
4027
5996
1105
4418
1497
7423
7574
6931
7330
543
9376
5033
4782
6421
985
7067
9209
7370
9397
406
3984
3233
5249
8333
414
9118
3922
4345
6696
1993
8636
701
6571
7935
7746
6927
9526
4061
4905
8452
6293
3057
3650
2605
8767
3927
8794
6161
788
8796
8254
2443
397
5459
4953
8227
1293
7909
6177
2450
7309
9416
7367
8341
2755
7445
1163
5087
4186
6573
5363
5936
4587
1714
4403
4216
7886
2687
9279
8398
4161
2385
7007
1784
3946
8786
6348
2623
8365
5271
9173
3764
4967
1892
7048
1214
1918
2442
6726
8283
6790
6517
6324
885
6695
8711
3506
8438
3810
3617
6594
5454
908
2089
860
6411
6723
8395
7289
8434
3599
1289
3296
6633
7436
3343
494
9480
8999
7933
5106
9272
4419
2659
9353
2970
4292
1165
2992
8014
2270
1325
2255
8370
9278
713
107
6692
2284
3134
7752
6374
824
8883
956
2254
1008
4012
2770
7319
3897
6172
1772
9431
9395
7796
7580
8111
8509
7653
7732
111
1756
1087
1802
2440
7474
2387
6818
6706
2001
7435
9529
3212
4502
1485
5264
4254
2948
6235
8992
2228
7235
4911
3328
8139
8643
7587
2245
8177
4021
6167
3438
6126
6784
2613
4415
7402
2772
74
8379
2743
974
4167
6995
8792
4413
7895
4613
3448
6777
5048
5193
2641
2706
2354
1200
6108
603
5737
124
7077
4090
9180
9394
8561
3084
8983
2262
7393
62
7511
8272
5148
1373
1048
2118
5541
431
7872
5105
3253
1746
6066
8060
6572
8000
6580
8641
3757
4363
6677
8530
7430
7870
2339
3521
4921
9055
8335
2595
916
4444
1498
7627
784
4236
5425
3452
1256
209
8777
3647
1711
4803
4185
411
6676
8707
7253
7920
5292
8905
1003
478
3271
5967
8574
7232
2191
7991
9379
2236
8337
6548
4226
981
8235
7150
7449
2586
5090
6466
3376
8611
8105
3169
2333
3223
7485
1235
7143
8969
9324
6717
3948
6254
8220
5930
426
5657
8279
4222
5128
7813
1835
7285
7874
5838
8735
5164
4991
6076
4730
2210
283
8730
8928
2060
7411
3787
182
2713
151
4543
131
580
6033
7664
7356
6703
146
7985
1007
2300
7276
5324
3013
1240
3042
2585
8835
1098
1304
567
3549
7763
4612
9113
1494
5423
4281
7055
4521
2224
5182
7721
6146
1965
3913
964
6674
5599
6510
5007
329
5976
2073
2412
9265
1326
9525
9138
7265
2632
4962
7506
3405
1017
6250
4695
8995
1778
1124
1950
5338
8716
4255
6776
7202
7359
2247
7855
5621
6479
9086
6998
9357
7686
6851
3391
1613
6688
9085
1
4283
3096
1712
3537
5237
5418
5373
8545
9540
7174
7694
8982
4278
2139
3025
5019
7742
1441
8294
4940
263
6946
6610
2849
6691
348
5201
1674
2345
6748
8132
7693
6074
264
2199
4131
8990
5258
3901
921
4920
8303
3794
2905
7601
3036
288
2525
5632
439
3081
7588
7846
6106
9128
7376
185
942
4364
4190
7834
373
3581
7564
3958
4410
6418
3891
6478
2607
9150
7658
8971
7903
1845
4831
3018
6820
7652
7790
1290
6094
513
7071
8077
2028
5757
7804
9126
7984
7765
9393
7616
7518
5406
6526
5122
980
850
9144
6709
9441
2779
8385
8317
9070
4863
2423
9519
6314
8695
1164
6473
5547
9140
864
5052
4217
1464
4618
7311
8832
2271
9123
3450
3367
4844
5760
2286
2132
8606
6303
7460
3064
9122
2901
6454
1212
2129
3398
4801
5754
359
443
7310
1728
219
1260
5169
7871
7706
5675
5163
4674
4498
4580
685
3473
907
440
1610
1634
7414
4220
4081
8069
4103
997
9232
8599
8180
8349
8327
7566
5353
9342
7015
2827
4109
6670
5622
5580
574
3275
5783
7586
7472
1186
1352
2816
2025
7360
8608
5303
738
806
3955
2569
6756
5017
7898
716
3858
1566
136
7624
1789
5051
652
7980
6173
2143
354
2720
6163
7989
4570
5669
3538
2138
2523
9293
4294
3380
7357
4141
1278
829
4855
1470
2127
1657
9306
3317
6602
4810
7277
389
3685
266
8079
6840
1249
6467
7847
4941
2469
2703
224
7149
2783
484
8087
7947
1885
6450
6864
6989
3727
1936
1027
1366
7777
3480
7031
1216
9121
6702
4725
4979
5473
3589
8024
3338
6604
2323
4833
3407
6660
435
4394
6006
1203
8897
5371
1522
4537
913
7712
8315
4550
3921
5598
2825
5426
9237
1614
3662
1511
4480
6176
1323
3637
6684
7240
8710
639
7369
6439
485
6240
9462
6461
2250
249
8001
95
5778
8812
9163
2612
8670
6769
2512
8873
5563
1730
5015
3436
8185
7374
5627
2301
6532
3195
4593
7608
524
1935
7053
8197
4212
8612
1019
3988
7220
5768
4827
5954
8223
2393
2855
1676
1773
6810
355
6164
4600
2664
9290
5322
8762
3230
820
4857
6828
3390
8791
3776
2775
7401
2161
3785
7836
3502
1653
863
8118
4686
4691
2870
3567
4409
947
1765
8752
246
4561
6744
6171
8806
6055
6079
5867
1204
2350
5057
1389
1181
7634
1117
9119
6877
5952
4158
7540
9054
2222
2211
7731
6004
1120
9307
2411
3559
4244
8217
2768
9498
1618
2560
2562
1584
962
2429
8590
1226
5511
4011
2919
2784
4629
6793
2898
1681
1430
4331
5252
7778
5451
3742
1545
1726
9152
8358
5567
671
1537
110
8034
6512
704
4453
8239
3027
6961
8422
6844
4912
4397
6375
351
5013
9242
6091
6752
8390
1747
3213
3022
5664
3855
4121
7203
4277
55
5740
6031
4445
1035
5946
5250
7426
3991
7231
9042
6623
4690
3900
1759
4274
9066
6662
9367
3228
2991
2410
8828
5431
9542
5211
7795
4764
6600
7912
5496
599
773
4640
6174
5744
8461
2766
624
6070
1966
581
993
178
9271
7814
842
6196
8059
9549
3597
1991
90
9127
8267
1716
203
8029
3792
946
1503
9105
9499
6187
6185
6487
1462
6217
8070
1753
1820
649
9334
3515
618
2131
4677
4380
7805
3297
2465
4981
3138
7353
331
8688
5387
9182
5183
7553
7755
8903
1910
9359
6558
8772
2878
3086
6110
5474
4455
403
3786
9115
3186
8907
9041
4063
4231
5129
4426
6863
2994
995
5972
5131
273
1327
3683
561
7563
658
8453
6754
2861
540
7458
4973
1582
3982
9415
4144
6996
857
3016
7552
7481
168
4589
868
1900
2230
4514
5346
9475
4106
5956
5702
2102
7088
3055
4650
6564
2351
8056
9333
5142
4204
2388
4990
2454
7625
3701
6413
423
3668
4784
9198
4065
5327
655
865
3287
2110
8522
2622
8448
9556
3302
6926
5671
4723
1370
3944
6315
1785
2756
8557
6500
7262
3126
2046
6011
8238
2287
8520
7690
2761
3740
6694
2425
6280
972
47
9208
5876
7773
2959
8297
333
3883
349
9291
6444
218
1262
9330
9544
4631
3518
2244
4207
7454
7897
6080
1376
2627
6370
1089
2312
5501
8393
5884
210
6862
4681
2542
2178
4729
5648
5653
1760
1484
7500
1694
5298
6704
3560
2896
26
9141
2788
1561
6509
1780
9035
4789
755
5685
1521
6341
2769
6457
9075
2577
3457
8392
6426
4735
5435
8653
7730
1490
9078
8215
3224
591
761
4433
684
444
6215
6267
7710
5966
6813
4221
9286
4648
1423
6698
7405
1250
3199
227
4910
1071
4711
6218
5793
818
2614
1560
4707
8325
5152
9175
4272
6858
7557
3526
497
394
2924
5285
4318
7928
6153
1632
5261
270
7488
795
5635
3578
1692
5093
9171
7175
5860
3628
4956
7283
5382
4434
3734
4694
3593
2455
7603
5985
6764
1375
2493
1751
2177
1528
7350
5904
4122
6962
5009
6544
6329
7293
6051
365
6920
6189
7166
3833
4715
5892
3249
4512
6902
3137
5931
4059
1551
322
1458
5557
5600
4443
1779
2439
3800
6789
4411
7065
2195
9204
5941
2888
5074
5661
9476
804
8163
9027
3566
4848
7494
267
8823
923
6765
6499
8755
8072
1516
8521
3642
3817
7862
4971
6377
5489
960
9312
5855
7536
5147
3862
8656
6435
1334
3539
3694
2691
7837
6823
886
4478
2328
9226
660
1721
2032
2817
4396
3961
3632
3314
3763
3235
1925
9064
3388
6369
3590
4624
5320
3562
8698
8619
6013
4193
3797
6758
8269
3298
4805
4192
3665
9025
5751
6928
8019
7562
2375
3272
3999
982
6642
4322
5330
4155
6480
4309
1583
9033
8381
5581
8362
1414
717
2274
3795
6008
6585
6368
7058
7753
6518
3313
8144
8071
528
3841
289
7711
7206
7000
8042
4504
8632
2830
3092
223
1758
3983
4794
6157
8331
301
12
8617
9464
7823
3525
4858
3621
2826
8842
5278
7247
1928
7699
3041
4095
2111
4188
8984
2520
5362
3636
7596
2361
1108
8702
3037
7639
1401
8784
2214
1348
8745
4406
1749
4693
5178
3176
5332
2204
8374
7687
6749
1263
2212
5301
1177
3476
6458
4750
3860
3325
6759
1814
3258
5014
4248
8818
7614
3341
7808
7383
1536
5700
2854
9216
8764
8673
2559
4772
742
6603
4548
1704
7876
1888
5091
212
9439
743
7068
7930
1764
4151
6038
2949
2141
1110
7219
2807
970
8977
7385
2479
5530
5771
3631
3133
137
1939
3676
8967
4625
4881
22
8036
9087
8345
3280
5759
3160
1229
6451
2164
2279
8583
9500
6120
8524
9388
9284
2269
4199
8888
2771
5713
3122
2657
2275
6221
3409
4506
8586
5257
7858
67
8458
4075
9253
5508
8213
4546
8433
5008
7925
7146
1475
7424
14
8947
2142
3708
458
3535
9167
4812
774
6274
4852
3009
5555
5113
7258
4432
8759
9263
8275
8482
2343
88
8911
6972
4906
335
2036
3844
3162
5396
4256
286
8041
495
1959
2420
5155
2213
1556
415
2495
8486
1896
7242
1930
4479
2570
3203
6586
6536
7559
4808
4139
5206
1386
4838
3802
978
8579
1526
2288
3899
161
3319
2221
6105
4628
1643
8135
648
562
521
5447
8666
7916
7229
4704
3204
1512
5788
566
7533
5253
3051
4421
4994
1358
2231
357
6576
1039
344
8800
2693
3141
1637
5540
6885
6484
7931
6081
7815
8809
7261
5921
7780
9339
8613
5344
2976
8633
853
2653
2476
8191
2643
636
5016
1193
2740
8976
5670
4111
8750
2965
6
343
8797
5826
5341
2600
6169
2552
4586
1469
6046
6732
8885
320
6903
4463
3871
8442
8895
3918
5232
6772
6728
8102
3917
4379
456
8015
8229
6654
4299
2591
4321
4428
7844
6943
7716
2183
4888
7786
3348
2764
4520
5060
9566
9257
7119
4493
8819
3504
6886
777
7387
8837
5334
4559
6416
6783
6007
2801
941
2773
1834
1621
8314
243
3324
688
8877
1043
1695
7735
2906
2852
2936
837
1248
7314
5517
3032
5117
338
3739
2330
6269
6021
4954
1057
8357
2513
259
1133
3750
5056
672
2052
6156
6861
296
2611
5998
8899
2620
5935
6438
4866
828
3385
7650
387
2470
5414
8308
2263
6690
302
8890
835
180
5398
2868
9248
3563
1741
4004
8218
1136
579
8138
2813
8022
5522
8408
5138
3541
7484
3399
2656
4099
7145
9089
5325
8316
7321
7211
3426
3945
3190
7295
3483
3712
9007
1843
3417
6711
6786
8424
6019
7038
4639
5842
7250
7774
3697
158
5701
2733
3462
5359
6524
2371
6243
9065
2174
5758
2578
1996
4680
4946
6932
4147
6015
6415
1782
3229
8703
2000
2018
6047
3721
7733
4223
2682
6433
5150
9040
4169
5077
4047
3109
745
9366
2742
7887
4197
6155
2087
7715
6497
8313
4802
5192
4860
6533
2619
3124
7482
1675
3345
3690
1703
8540
6313
5023
5542
3107
4602
8174
6905
5460
5529
8244
6520
3479
7059
8567
715
3
4637
6359
6563
4890
8831
7163
3351
8650
6251
3846
5993
1272
3588
1737
3161
8963
5683
7724
6147
9282
3517
3402
883
4986
8623
5711
7049
586
5824
1754
2857
7339
4052
7944
6525
6834
2101
8399
4194
2008
1344
4766
1719
9270
6166
994
6956
4656
474
4117
6982
2007
2239
5990
5456
6222
6265
4982
48
7243
2401
6058
6679
3153
9488
7827
6344
6792
7013
9374
4240
3093
8284
1069
176
7286
2751
1863
8124
3607
9187
2776
4030
1723
3062
5974
6067
7775
5679
8981
4660
5798
9468
1844
2133
1341
2462
4163
726
9074
2461
1228
2192
1156
2157
5402
9553
6244
390
989
5506
3420
2975
6671
3598
5241
230
1045
5789
1234
2426
3423
529
5938
5944
6288
6097
8216
3347
4569
3429
5080
4987
1821
8273
5461
8326
7819
6938
1742
7572
1397
6429
4359
8867
7284
5572
1544
3863
5225
3618
382
5
437
6372
7990
5928
5843
5166
2535
9196
6471
1769
3484
6339
2122
1365
8266
8123
5133
5880
6256
8572
3318
7794
6387
9446
7238
5765
9135
1024
1644
3019
5159
5479
3115
1481
247
2186
9303
959
2505
8175
0
9320
914
1286
9000
2306
2678
3355
6869
4877
9313
9402
3842
487
1972
392
6615
6308
8922
4630
3970
578
5850
5376
2152
8368
5902
1590
222
8456
674
6878
9412
257
4389
1199
3082
797
7115
8525
1337
6442
1347
4922
6797
3542
5157
5397
206
1082
1238
1734
3547
7345
861
5882
1000
5089
7438
1107
7491
6542
1361
5110
6199
4741
6290
2544
402
9076
1548
4754
4245
8683
9280
3788
3458
4349
6815
6559
7577
2180
4040
5034
6278
6158
8699
1090
953
4790
4657
3884
2724
418
3830
8431
4422
5100
4209
6567
3192
7162
8704
7822
5499
5618
6260
1102
41
5317
509
2154
8407
5562
3706
4574
2005
1979
3803
9507
9469
2136
8564
1877
3929
8373
1625
8868
2712
3166
1141
1321
429
1813
3320
8495
3616
7900
5356
6640
1030
5991
3303
7678
6237
1492
2507
4437
6432
2185
1362
6184
9222
6701
7503
7604
620
8318
3801
6234
5050
8089
7902
7294
6373
8672
5532
6065
5955
2939
5176
432
3132
5097
2193
1211
7825
1491
2498
8419
6745
93
5861
6930
1842
4006
6715
2668
1092
6887
2701
303
265
4070
7459
2357
6018
9365
6637
7168
3185
4859
1288
5782
550
526
7783
7978
6593
2840
6494
5704
2838
3981
5922
895
3183
8840
6063
7942
3251
8921
6422
2413
1624
5987
3263
8989
2464
139
4454
5173
6560
8882
8849
2734
6910
6656
455
1509
4769
4568
6722
3629
4712
2402
7111
8396
1428
2058
5697
6134
4328
4865
6713
9497
6872
6226
3854
5512
7649
452
1557
4788
7865
9436
9192
2481
2747
1456
6664
9213
779
8057
4739
128
9298
1338
7770
4288
8410
4509
5933
9419
1296
1307
7907
44
2187
6398
220
1135
3361
5180
7832
6035
8167
196
8044
5143
3286
910
8459
4211
9003
827
3246
6852
5179
4872
8661
258
6697
5545
3432
4336
3529
5879
5521
8884
7737
2928
6175
7741
2730
8182
1113
7853
5006
2408
7497
7493
6806
4306
6929
2884
8924
3699
7110
840
5817
8748
950
3879
6379
4815
5195
8142
1654
8541
4008
9429
1194
6763
6992
1150
4821
6635
3911
7104
1137
253
1266
4819
6266
6918
1696
9112
709
4667
6115
8372
3267
4191
6224
5004
5682
8691
6395
2145
6762
7516
1525
2115
8195
2220
7060
1032
5269
3796
5204
4887
8830
5866
6507
1148
8826
7793
7210
2545
2471
6030
9244
8409
8415
3603
7470
5367
634
1715
3643
7567
1596
6846
4856
5714
2698
7713
906
9130
2558
462
31
4869
2113
8110
198
1182
5310
6098
8046
9014
3715
1978
3907
1276
6029
5404
8987
6289
9505
8312
6448
5304
4718
9527
5198
2850
7373
4083
4505
2059
7351
9228
9501
8276
4447
6340
2065
3099
6095
4067
1540
2309
7873
6591
7619
4486
6183
8320
1277
6655
548
7129
1515
3182
5438
9148
1339
2685
8076
5024
4137
7117
2151
5797
8551
6452
7892
2832
9026
5333
4273
6129
2056
71
3702
3608
847
8338
6401
5968
4882
1709
2078
7207
8596
5042
2546
2399
1404
6912
2035
8943
3336
120
2778
6394
4519
8168
4836
2890
1683
5962
6052
8734
630
9392
9277
6390
926
3255
2844
5724
4903
8552
625
8488
9474
9032
2565
5586
5477
5293
3191
6460
6753
1988
2311
4407
1183
9094
121
7461
8176
8332
216
1616
3168
5807
1947
4532
8714
2624
2217
592
2934
8221
4370
3949
7192
8347
1986
2617
1919
9097
2989
2921
2424
783
7170
4259
5611
4595
5666
1786
4323
576
3378
7906
6012
7555
2342
5594
8048
4098
9545
6490
5466
3652
4627
3406
2363
269
3545
1015
4683
8128
2707
969
1722
5538
8421
3205
9116
7717
1664
8249
8504
3816
8339
5323
6283
3226
4871
1906
4227
9562
353
3782
327
3583
5805
5707
2616
523
1505
4308
9413
4334
6755
6605
5960
9170
3063
1072
5457
888
8179
6159
1415
2120
2966
5814
2125
4366
5010
2318
1701
6249
710
1023
2237
8190
5121
5481
1809
6445
3513
1313
8117
3238
5318
9137
2485
1202
9047
2592
8962
3455
3453
7152
8782
4889
4529
5527
4703
1149
799
5095
5551
5196
72
290
8321
2753
3030
4066
7674
2497
1436
4528
3254
8292
6263
673
6069
4310
2024
4779
3889
5981
7291
2344
7622
633
6138
9565
5655
1158
2952
5321
6204
328
144
9521
8234
1787
1538
5417
4238
6969
7061
7736
7131
6428
1122
6780
4499
2645
4892
6514
4233
2903
6296
1976
5694
4547
2061
9340
6154
5775
889
7422
7200
5084
37
690
3179
568
7811
1720
262
9197
1317
9147
984
5698
4526
8674
740
4005
7087
3623
8915
4720
8154
1938
7591
7670
7398
7388
5984
4232
1299
3972
53
800
3299
337
463
7508
5469
6737
5815
2752
1377
5478
2537
2346
2744
9106
4489
2663
6641
4642
2972
1447
1825
3442
6262
1064
1932
8053
8779
8761
2216
2417
310
4553
3815
4449
234
5573
3657
1476
2079
6845
1766
5220
2786
5287
1658
2765
6404
7927
6879
340
5161
683
6307
3184
5688
8843
2500
3392
6747
4944
5752
3382
3033
3196
1927
5857
3444
3602
9443
7094
8500
7526
3528
7337
8428
8067
5101
8264
278
1360
1291
7352
1144
1858
2987
5455
4466
534
8380
557
7820
4467
7993
1744
2430
6897
6595
6612
6827
6338
3658
1130
7959
8893
8631
280
4949
2815
1602
7905
428
5302
6472
5739
5784
8539
3061
8991
2547
9347
1472
507
372
9444
1329
617
2515
1153
1513
4313
3194
4215
2923
3809
6720
4327
9090
9346
5961
2981
4039
5719
4430
5337
350
1539
7863
6657
8744
1022
7392
9149
2526
7325
3790
1571
3374
2638
9194
6680
2998
4643
6546
4661
571
7703
7413
207
4371
5239
7196
7934
3758
2281
5222
7027
7707
5194
6523
2149
8075
363
9202
256
2792
5082
3947
4097
8737
2913
1649
6785
1115
662
5386
2240
8909
976
7446
2480
5699
5743
5233
1178
7961
3679
4316
32
1953
6986
5776
1775
8754
8225
8263
2280
1748
1169
1752
9449
4999
708
480
5636
8309
3089
6966
5534
6900
6083
6396
6739
1221
2418
8329
6909
968
453
7877
3460
1679
4997
5786
4846
7303
2677
4048
9155
5401
4302
3979
4340
6476
3499
7769
7640
3083
2463
9092
3624
9516
2596
9230
951
1037
1131
8152
5174
1940
7267
4576
6614
7021
4044
5086
8965
6967
3641
903
4826
2831
4641
8202
5652
8103
5081
1172
6537
8231
6077
7833
6973
3234
927
1555
5209
1442
1251
498
1408
4950
2080
3052
2246
4736
3554
6980
