1770
1445
6513
8853
7247
4321
2918
1369
3099
5241
6687
2230
1474
6257
8872
3546
3298
5193
2769
1673
5805
1467
8839
7405
1123
8543
2865
5162
6055
6804
1551
8036
2182
839
344
5277
3203
8877
8703
7730
4813
2636
2838
4543
3749
145
7795
4268
1254
1332
6853
7283
1804
2498
9244
7653
8771
5437
7550
2369
7364
2794
2366
6027
1847
7493
597
6087
8022
8849
310
7761
5458
2474
1435
1323
5822
9454
7682
6652
3144
1508
4595
6308
1350
9361
4687
4292
9004
5668
6486
7597
3108
9122
5569
8009
7952
7303
3478
6159
7173
3990
7777
7454
8530
1244
3789
2359
2184
641
7788
250
6380
6966
6848
8797
4449
4634
1141
1741
1803
3255
9023
2057
8814
873
3345
7318
5309
5782
7859
1825
8602
3271
6590
6579
3045
4410
7920
4607
1033
5905
3492
2754
418
710
8343
340
8048
5179
6606
1086
8280
848
3511
5806
3715
291
9352
3957
7004
4732
5469
2752
2988
6170
5178
6580
9444
9382
9263
5024
7491
5600
2144
4494
9460
3939
6314
4609
8160
1024
1960
9480
3838
6710
2119
9300
6356
2052
2861
981
7195
1884
4640
8035
6204
5907
752
66
2943
587
2270
1235
6191
9237
6672
5280
6251
8011
4489
3946
1346
2634
923
6328
4768
8708
4106
1155
4405
2241
33
3439
9445
6659
6537
2345
3826
6963
1114
5911
5656
5526
5667
6679
10
8859
8120
990
4861
6884
1354
7791
5587
9198
423
8635
653
4161
4817
6615
880
5629
5536
424
4272
3084
6594
6182
7429
6110
4575
7106
2871
665
1572
2379
7685
3006
951
4156
6172
7284
4683
1212
8948
2565
1905
4639
4526
9245
8443
9098
7691
2035
3775
2901
5375
6010
288
218
7041
5246
4065
7497
1377
9251
7230
7275
9360
9215
374
4436
8148
8339
3817
887
4338
2641
6586
9515
3269
5549
2980
862
3655
7529
8958
6779
2130
6022
1283
765
3504
459
2237
5784
7750
5311
1270
4153
4089
7522
6662
5444
6264
7578
1830
3519
7470
8950
126
3499
1547
4875
7536
1810
5851
5385
4314
1389
1694
7897
2692
8915
3843
7308
1646
8874
5904
2933
9056
7857
8289
3587
5570
4798
6256
5645
4901
6088
7703
1087
4799
290
4538
9169
3894
548
410
4872
2264
18
2194
5353
2303
1504
5258
5035
2767
8912
5348
4547
5856
3466
2825
4830
2239
1786
1147
2026
4261
1074
2889
5499
9521
7442
309
6760
1247
7512
4600
8145
2286
5715
3675
6437
4729
1150
4671
914
7205
4093
6903
4302
5634
8238
4035
2407
5408
4414
8562
7499
3368
2738
6859
4150
101
3010
371
2734
5643
9163
2339
4337
6051
5602
193
2435
3310
5885
4013
6865
1376
7695
2425
4517
1509
7997
7220
6263
2517
6373
4766
8497
9022
8921
2308
4885
59
973
5122
7554
2880
9387
7353
3251
6765
9338
9132
3523
9461
1882
2935
2384
2605
3316
2394
4004
2210
6612
5913
8773
7359
895
1615
9378
1630
4438
217
9051
4493
7087
3040
9533
4672
2594
1139
3374
3398
7978
2316
53
8659
2745
5698
25
6057
1449
2483
8139
4755
283
9412
4073
3595
934
6167
2186
7356
3266
7192
5516
6660
1952
2354
4632
1258
8902
3470
8900
7583
3798
9149
8408
6689
9356
1548
6680
524
2568
936
7400
5461
5730
949
9054
9437
3418
6525
4151
3521
3550
2355
7431
6735
6199
7462
3228
8271
871
5276
3389
5520
7216
1719
5089
3254
6231
4906
7619
1973
457
5080
435
890
5159
1534
7056
5451
20
6870
5097
2963
5037
3564
4951
3453
7570
8903
2717
8480
8612
1958
2903
2415
2531
5825
5773
5457
1600
799
6826
9246
4228
5115
1232
6534
2018
5140
1404
6391
2835
7748
7270
6900
691
6044
919
4927
3183
6769
7948
2189
4516
9405
4719
1759
1335
3662
5691
2335
3181
7351
1520
3985
3428
2495
6720
30
8829
5083
6837
7664
9107
1397
4582
5039
2991
628
1616
6727
6034
3285
2654
404
3302
8457
454
6443
4535
4841
9015
8928
4456
6630
1337
8356
4831
5099
1012
1578
8295
3959
4135
1607
6327
2296
1472
1779
3967
847
4281
3458
7113
7675
3182
9373
7006
6148
4717
8755
1589
2080
2505
6501
3070
3278
5401
4376
7101
8071
1077
89
8791
6375
48
5092
938
4877
5681
3636
7370
3849
8488
8414
4550
5339
3174
7769
1336
4676
7118
1483
6228
4771
6273
2657
6918
5920
8745
5956
787
817
9475
7693
5683
7988
2305
7881
1540
1566
6885
4939
9173
3524
8545
8381
442
5170
1211
1653
8239
6616
7354
5974
5819
3778
2773
4961
1867
7996
1093
397
7479
9474
2099
3241
6287
845
3616
6802
177
8256
453
8728
3147
4792
7236
8184
9116
4938
849
5689
6212
5285
5558
1972
6139
5636
4822
6235
1557
5393
86
4286
9563
5739
4613
9506
67
5771
6498
2004
9046
8567
6896
9205
1293
9138
9145
4511
5731
6574
5590
532
870
3624
8888
5211
2221
8365
9503
6516
1446
503
8895
1085
6059
851
8892
6245
3202
1052
5700
6691
8681
2
9073
2104
6596
203
3225
3088
440
8768
9409
7534
3120
4088
13
4315
5295
8245
4120
1976
9006
6636
2259
1035
6892
3661
4464
2512
2501
1736
3116
9424
6019
8720
8521
8652
4519
3834
5185
2557
825
4757
566
468
4653
8682
7443
2704
9469
35
1476
5236
3069
6416
9253
4785
5059
5508
9566
3847
8149
1173
5459
7322
477
439
3500
9380
8233
9539
8605
8246
9492
6950
2866
3395
7436
7858
4787
4014
219
1532
7073
7556
4648
5764
756
3685
7612
9456
5070
5434
4591
5058
8989
9121
3013
662
1464
7120
1764
2183
5028
79
794
8265
1818
4583
594
9097
7355
3188
2288
4694
8162
8392
3347
3647
7620
7165
1423
2520
4107
7642
8372
7825
9551
6431
3752
5473
2070
2322
345
6907
4551
1095
6013
9553
5227
7732
556
1329
8258
1408
446
4940
5472
9305
6389
5087
8758
7135
8819
195
4673
486
6750
4044
3085
389
4297
4482
5779
7579
6521
7124
2315
1054
6872
518
8459
338
4713
7746
5060
244
3195
1639
2112
7193
2968
9270
4358
6738
1876
71
2744
6435
5736
8144
1690
3431
4502
8579
2084
3377
9165
5023
9269
4823
9044
9429
8287
7934
2356
3446
6347
4378
6250
3227
5734
4339
7827
5533
5682
5871
5465
9057
5651
1171
4718
2771
2262
6591
7672
5814
9517
7563
2564
1735
5021
9395
2762
732
2106
7485
4397
1491
4450
2603
1631
3134
1552
8427
3833
1403
1164
8340
5484
516
1896
5589
458
676
3304
8824
7562
2197
9464
2628
4858
5680
107
9254
6547
7147
5578
8037
1379
8742
80
4691
8985
6822
7736
1691
7676
3800
2451
5286
9479
3756
7046
7902
2998
5519
3575
7900
1555
1632
1846
1851
3420
1222
1304
3007
4415
7282
5908
8684
3044
7564
5187
3136
784
5079
5304
9466
307
1985
5785
8377
2005
6772
4590
4068
7399
2357
3111
2832
3015
4274
7714
1993
1415
8674
3346
8485
7219
5072
3825
4839
7267
9313
1143
6025
196
5545
434
3163
8609
3760
9288
1457
1246
1862
7786
5264
8197
1043
6135
5992
5449
6113
6178
1798
2614
5616
3917
4152
6226
5532
9012
2986
1424
6061
6029
816
335
4658
8858
2997
3122
642
706
5630
1306
826
137
5263
1892
9028
3672
8453
6469
7200
5201
4943
2298
2846
4309
1439
8278
7500
420
4981
8087
747
5237
7157
4323
7602
8671
6173
5153
750
4541
4411
3579
3509
8617
1070
9201
235
2417
2276
6601
5902
6138
2014
6887
1383
6952
8386
3895
429
7111
7344
5724
4742
5984
5839
7582
6631
5082
3930
2015
7587
213
5182
2300
6193
7171
5127
9258
916
4313
5821
6067
3061
8367
4790
1279
4232
7708
4669
6731
4879
3192
5489
3528
1061
4028
913
4016
667
8973
8940
4447
110
6913
1598
5463
2292
796
9431
4897
7215
4759
7085
1503
4059
2464
7982
8593
5749
8072
911
6737
4721
7218
5226
7571
8320
9091
7464
2236
7878
4021
6211
5183
8250
5733
5711
3681
7903
9335
9341
8147
7366
9535
1881
4688
6948
463
8542
2342
5777
7828
4126
3867
6063
1940
1655
9364
232
3580
985
576
4882
6845
2489
8769
8887
5317
9411
4262
908
7974
5212
206
2783
4896
8751
4889
1801
5333
3098
8698
8884
6833
2810
6153
2524
1192
6736
1928
8203
578
7754
8532
1088
9375
721
6121
1257
3170
5566
734
6686
2575
7209
1388
7661
4462
339
3803
385
7447
3491
5778
224
6185
5386
8646
8524
9042
6368
2225
8690
3034
2836
8439
6482
2132
6604
8313
5703
5525
1916
1599
606
7403
5529
60
3964
7811
4488
2920
3851
4948
2703
8310
4222
7125
5502
6068
8260
9455
2830
5453
4700
2155
6958
3060
7320
88
1809
7468
8032
5479
5017
6658
8503
8850
733
9293
189
8027
8806
7050
1068
6168
1643
7712
6558
5136
3757
1255
2388
3588
8838
7594
2543
2812
8466
8475
902
3257
3001
3576
3592
8860
7867
672
2600
2211
324
4280
3674
7361
3376
9185
7302
1603
8812
1183
4383
6242
2572
8705
2163
450
353
6581
2552
2459
4199
6011
380
5978
8279
4570
6523
5944
772
8594
4453
1858
3738
2521
3666
1773
56
9148
6201
5518
8534
400
4699
5500
1112
7752
6069
29
5726
2781
5687
5057
4602
6354
619
5515
1713
5741
6776
5056
2909
8956
6362
2888
2023
6446
4080
1938
1189
3535
8336
1964
3270
3871
8715
2223
6934
622
2952
3373
7892
1056
8936
3902
5066
4193
8421
4585
3942
3820
7798
2716
165
7021
7
2671
7007
3739
5796
6964
5884
9327
5359
1311
4802
3493
4066
4500
8740
5642
565
3642
5866
5915
4134
8406
4770
882
4404
1877
3623
523
7728
2000
8620
8987
5690
551
5404
780
6335
3139
111
1795
866
1082
9501
1784
6091
7511
406
7848
6043
4330
347
9136
6124
3336
7666
3075
5780
1681
2944
6677
2367
6125
1747
811
736
1046
2659
1820
9041
4266
8487
7382
6150
1695
900
5320
4036
8302
7409
7938
2027
2438
5717
6840
2599
1469
8619
407
1961
7648
5157
1324
1999
7374
859
7989
7783
7123
9221
8251
7324
2347
2313
2083
7136
6396
3435
8300
8190
4477
2664
8222
7907
8823
7260
2247
1349
9202
7784
1549
2285
7822
3962
1553
6880
8707
393
7673
2389
2514
989
8462
1229
5745
3204
6106
1386
4423
8651
2125
5001
6258
417
759
1627
3243
5512
7765
2063
6730
214
9154
3104
419
5792
4176
5564
8495
8801
9488
9477
4132
5837
9124
4260
926
8827
2353
3415
9544
2190
7566
4837
4584
3654
7480
5648
661
1009
1285
6099
4452
2813
5597
4884
8452
7943
5492
3429
6808
1806
6764
5772
5316
5012
4428
7076
7950
1243
4820
5617
3268
5954
272
8348
7196
5033
8092
6015
6142
4763
530
1771
2965
2661
9137
69
6048
6942
6076
8428
7896
78
5403
1110
4902
7017
6075
3206
4684
2330
2864
3043
4481
7677
2152
7027
5761
7530
6905
5865
6492
9285
4433
1550
586
8296
7481
7423
8889
1234
7001
3573
5324
7376
1083
1744
7020
6555
602
8650
4340
4103
4434
1931
4800
5293
3343
7075
6271
3539
8686
321
7599
7592
694
6990
6625
1366
4091
4162
4922
1339
8093
4552
8667
5751
7939
6770
330
2456
7456
4854
2058
2178
8656
8234
472
2066
2040
8476
7261
9144
2492
2307
8672
5085
9190
1749
8600
8508
8693
6246
9059
3340
711
7466
6901
4057
1014
8697
2831
4468
8509
5209
4200
2962
3818
2528
2665
6268
5517
1765
9523
1521
838
2375
1216
8327
1484
8111
5571
2672
7385
8024
8052
2677
617
5027
382
3846
5217
2496
1767
6984
9452
3072
2947
120
3822
3745
4243
1619
5963
64
267
4443
1193
855
8531
4597
3971
8621
9036
4867
7483
6187
8031
6791
8718
2301
6012
7210
9018
2110
5935
7846
4659
5641
8399
1032
2798
7521
1621
1729
9135
1756
147
9255
3667
6270
2588
1448
1529
9299
3947
1827
5579
655
7937
9223
3055
6920
6527
6734
3172
6862
8341
8317
9067
3496
1531
5934
563
7627
2470
8000
6786
9389
5065
7518
199
8828
3796
2001
8796
5770
3797
9188
5753
8702
5111
7792
3396
625
4888
9290
7015
5430
4344
4257
5
2853
1620
8999
4514
498
9160
8248
7488
7297
8154
8648
9081
1490
4596
5291
6811
6179
5968
9020
5524
2961
4945
8424
5809
6780
6759
9365
2245
507
3648
3162
4167
1693
6484
6238
8961
3512
9564
6649
1665
9326
2630
4564
8588
4172
7090
5503
6429
9092
6533
8420
2248
3208
6682
2728
5197
7211
4776
4534
289
7574
364
68
7776
9538
9113
6684
4701
5478
1965
6656
7823
2060
6363
4394
5399
7100
1543
5977
1223
8361
254
3714
305
7457
956
5137
1241
131
6176
1545
2222
46
3965
3423
2851
2797
2804
5494
4417
5548
546
5892
1438
2757
901
3471
3712
6847
5466
3806
383
1145
5834
8821
6381
7280
6074
3936
6701
3663
9063
5186
7567
3987
1221
2273
2849
1915
1227
1055
2376
4123
5420
6904
7406
4827
4741
7154
997
3694
4560
9463
3408
5149
6989
5507
510
2702
5300
4930
6237
3759
5119
4797
7229
1487
550
6422
8277
1861
7204
3577
2733
1666
8663
1674
7755
8135
9125
7313
6398
4086
3699
7910
4826
222
2108
4431
4740
9309
1118
7451
4515
9317
4620
1752
5929
4819
1199
6071
9115
2472
5142
1633
8283
7138
50
2876
5495
1305
8328
9513
1650
7064
7501
7295
2093
953
1372
1185
6279
7911
4413
8366
4857
5740
8863
2850
8919
683
8316
2950
1777
5216
4219
9301
1157
3808
4390
5468
5429
1167
5640
6550
7285
648
7233
2442
4654
9267
1458
2964
4815
554
3293
4460
3909
1433
7103
7725
9531
2941
7256
7545
387
1649
51
5184
1265
285
1700
7704
8795
3533
4754
414
8107
1618
1174
2827
5371
8578
7008
8666
6766
6080
5838
2959
8638
6388
3451
4022
3841
3041
3424
1860
3256
2150
2281
7314
1060
2675
2886
1321
1840
1720
6346
4317
6707
4060
5807
9052
3359
5878
2242
8525
3274
3009
6056
2670
6828
5292
6464
4432
6895
471
3081
5530
6290
3198
588
3742
6813
8808
3713
4599
4527
728
6569
7265
6651
9348
9406
6200
493
730
1813
5899
5379
920
1945
2159
6367
6409
6745
5702
3670
754
153
2008
6004
3701
1374
7319
7532
4668
6129
3544
176
2883
4612
3249
8330
9204
482
2045
758
4487
5358
526
8213
1574
690
5163
6933
8137
1651
5049
5688
5993
4480
3761
3724
8183
1609
8964
2821
9085
6008
7339
4289
6916
8425
1558
7641
8870
3555
5861
4154
2487
2617
3028
4018
4282
4279
209
9498
7237
4606
7110
852
3171
3538
6831
502
4046
6079
6718
6898
8472
1515
3842
6219
3678
5906
2554
5260
3950
7968
8873
7667
4559
1002
6355
1962
4679
1979
7060
2323
7005
8805
1395
5262
673
740
8074
6049
543
5329
7723
4761
1089
2570
1807
5068
8091
1919
5078
5951
7628
2884
5412
5860
8886
4320
4608
3276
5921
2890
6036
1101
8281
2817
5537
5712
968
119
8422
1158
6037
2685
2133
1709
3449
6891
2195
4083
1334
3119
6184
2039
6220
3344
2302
4844
8810
7985
6317
4008
4367
106
9447
8401
6120
1751
6608
3868
8002
5073
1146
5923
1220
6128
1230
4009
7970
2922
3954
7189
5881
6122
356
4288
3809
2127
5069
4345
2177
6935
6021
6783
542
416
2822
1428
5020
9417
2477
8642
7508
6998
6800
5432
8526
4931
6336
3128
6609
6090
7162
6793
2430
1092
2385
7273
6976
8132
8391
6207
5876
7596
1586
8689
9232
5521
4789
4895
1249
9170
4446
6518
7243
1592
660
702
7078
8057
4076
4377
928
4707
9047
11
7143
384
146
7715
3409
2421
5376
8935
5919
3117
28
768
872
5707
8109
6777
4615
6451
4069
4023
4388
2993
4271
5126
7830
1663
1859
2329
4864
8249
3735
8590
6239
7721
689
5095
4149
604
1392
6815
4536
7886
9319
1740
1356
4216
4356
6009
7879
8967
5983
7551
7659
5219
3443
7711
8229
8411
1425
4399
6792
5261
4738
4408
2515
7092
5697
8129
7729
5271
6419
9286
4556
4400
4863
6640
6817
9219
7117
2899
3918
185
3029
6921
8607
8323
7977
6542
2860
1064
7893
3132
1048
4185
139
6732
2453
280
1399
7955
8969
6181
6506
8992
3482
3829
9366
2121
4976
2011
2022
5462
3727
2802
4256
3981
7889
4865
26
4111
2667
9450
9100
2937
2351
4067
8242
8305
5840
1528
8364
1821
9071
2503
9224
2602
7291
1271
4458
7901
1704
8929
3543
7575
4537
2128
4424
9256
6789
4385
5593
4010
9095
331
9328
91
6495
3924
6894
9229
4777
1829
5835
163
4316
7637
2558
5235
2068
3324
6664
1839
3000
4492
7433
5966
6041
8763
8587
3621
5409
3030
5583
5706
674
534
1776
731
7832
2999
8346
4350
2729
8264
2426
5894
2844
5980
8533
9433
1951
8974
9415
4183
592
4179
7014
7023
5669
2932
7317
504
9518
27
7439
3277
3597
7292
1513
8373
1680
216
7465
9239
5572
8847
6154
1367
7716
2408
4416
3995
2076
5242
6748
2126
876
8501
771
686
659
5448
4828
7432
3517
2539
9225
5426
3339
3113
7226
521
4868
6644
5011
8143
2079
3126
2982
6573
6118
402
6943
561
3677
3837
505
7257
2028
6436
1309
8535
3231
5981
7834
3948
4522
2648
3287
3042
7040
7799
5802
1
4142
7414
7487
8329
513
4628
1298
6365
4075
1871
1701
5110
3164
1525
918
9312
4234
378
5766
3901
4916
2429
670
39
2721
3922
4258
2138
6303
4213
5044
3487
2371
3107
8716
5438
8438
8449
5765
8357
3295
8116
6195
9074
3467
1575
6320
8748
3679
3392
7469
5417
1443
7815
4753
8079
2536
8227
2584
4099
984
7705
6801
1122
7527
469
3726
1477
4587
2724
1303
7992
5048
156
5658
8931
5490
8653
4703
6143
7706
6132
6085
2852
2374
8998
2700
4363
8785
621
1103
4325
7276
5522
3951
4141
495
3720
9507
1923
7546
9034
4811
5582
7244
1715
4097
1029
7629
9242
559
3161
9250
4031
9497
9514
4328
982
3614
8198
3047
2314
5742
5565
6473
1738
2694
1791
5436
1081
897
7311
6447
108
6697
6841
6742
778
7600
5397
337
1450
3495
7315
5504
3710
7266
2642
3520
2898
7956
1486
5373
1705
6618
8834
1946
5402
2800
2267
1409
8970
2848
5464
7655
158
1644
2942
7764
3261
5686
1856
2102
2914
2344
9186
1537
8585
2289
5336
178
9010
2404
5627
2455
394
2284
9349
6838
863
9481
3510
7762
3943
3596
3160
5086
1671
9295
5343
9240
5585
6155
1023
5076
5888
1569
2232
6507
9384
7503
6524
4429
8247
2147
6463
7160
7573
7678
2249
5758
3399
6114
1098
7373
3813
1400
5955
3904
4277
549
1913
770
7681
6104
2994
1593
704
4508
361
1588
3815
8704
4015
4932
4627
2261
2618
365
3862
2650
3224
7794
7835
492
8164
1585
8571
4353
2604
6543
6515
4053
1105
1519
5964
1065
3952
6425
8923
935
6206
8640
4435
579
2479
9119
8780
3106
4893
6384
4467
5808
623
4159
7593
1010
4774
8741
9099
3750
2542
7271
7288
2807
1982
2113
1398
7871
5442
9176
6278
3312
1184
160
7958
3217
8604
8065
2970
8400
7533
1049
3916
6614
964
5781
3514
6818
7841
8910
7891
1602
8778
1624
5606
596
8733
242
2742
9467
236
239
1656
6456
7129
7861
5854
8192
8905
3758
3853
2240
6337
729
1794
3516
4303
5365
1812
1614
1434
6442
2732
8114
9310
5708
7224
6917
4319
5132
2655
6839
7067
5390
738
4055
6754
9058
9413
6571
464
8979
3127
9376
9055
4578
1017
671
5108
8654
4025
5173
6994
7155
134
9443
5872
1883
1100
7649
6944
3729
8483
7446
8191
6668
8675
2637
3569
5245
7330
4722
6621
2576
9459
1955
3196
81
6084
2931
1058
6018
1718
6987
8240
8775
947
6240
3872
3308
4727
2278
4392
1027
3774
651
3913
5158
7300
1996
5671
8719
2287
3900
5100
8012
4058
1050
7421
9519
7254
9281
5594
8064
7544
6164
4486
9177
3212
1626
7420
6655
2215
4184
6448
5824
4716
9039
2457
5270
6923
9088
9075
2859
1522
5116
4249
5661
377
2529
635
2882
2137
3625
6247
8848
6452
7251
3193
1981
8252
2504
3184
2981
8881
6216
24
5164
7080
422
5783
5225
8082
5268
6103
1971
1034
1104
4469
572
5253
9449
8115
6992
3199
3219
1506
7643
2556
5588
4092
509
6814
7860
3240
891
818
9247
5999
1053
1726
4917
3331
3416
4964
9367
8815
5482
5845
4307
6331
6298
1854
3865
4523
6313
8136
2350
8118
8096
3299
1707
2608
4208
630
494
3635
6938
4370
3591
8345
2153
3096
294
7702
9368
1231
8142
5382
7396
1256
7238
6053
3556
7640
8518
2038
2563
598
755
8270
4883
4072
781
1126
6910
9076
9410
7915
7598
5829
8598
2855
1479
6445
5256
8610
6834
7517
4147
9403
7287
4818
6509
2775
680
2553
601
103
6299
8095
6740
8871
2103
3168
814
2414
3763
5274
3035
9434
5314
4730
4760
3881
1291
37
8001
4530
3508
744
9064
9306
7515
2530
4166
5870
1676
585
6262
2185
4920
8945
6617
4006
474
6954
688
1210
7434
8231
4851
2334
4840
1080
3375
746
9362
7002
779
5818
7013
6397
5419
6556
9522
4188
5378
2449
520
3723
745
892
444
328
3905
9516
6420
8138
133
6070
8851
634
6047
6561
2649
2252
3052
2141
2227
4581
1582
1362
3333
7328
251
7713
9458
3080
7935
4346
7694
5356
6117
1276
1933
4850
8673
1727
9485
8189
4990
3821
7304
8150
2881
7343
7876
1463
4796
1538
5474
8140
6115
3442
9491
1622
7262
9476
3779
2181
4829
6407
631
3189
4295
2516
6209
7650
992
2927
3700
6208
466
12
2606
4382
3138
7581
3832
8069
6983
6532
1387
4801
7390
2739
8337
3348
1725
8407
4859
3979
2291
9436
7947
7306
5340
835
1742
6589
6816
76
8918
5685
6540
77
5441
965
5678
2960
5124
5933
677
369
7979
2555
6624
2077
1755
4810
971
6130
701
6324
7888
5786
166
3637
7669
2796
4144
4342
8097
431
1461
3601
1684
7768
2224
2095
6134
6751
7249
5961
2145
4242
8840
7872
9268
8809
4306
5800
2868
3221
7038
1853
909
2818
5972
3079
5551
5547
447
1834
7057
3691
6175
2839
2392
5289
7122
8334
1699
3548
8403
8436
2458
2778
5790
3247
1296
2919
9340
2337
3703
8382
8738
5762
5574
1069
6297
1451
8897
8471
2892
1455
5305
2019
4942
8557
8133
1831
9457
8899
109
976
2033
6538
5180
5046
9422
3315
2550
1597
3748
6503
1159
7070
4210
883
8151
2581
5696
2974
1743
3112
2546
4201
3486
1768
4775
6315
8893
7455
5874
7622
180
2755
8908
1411
3651
7808
2484
9157
9435
2917
5177
5148
5970
8175
7419
7331
6554
3605
9401
7921
4744
6458
5050
8613
522
6348
2815
4276
1097
1117
5560
3892
9556
6330
573
7735
3731
8988
3911
6796
8441
3378
8413
1838
8494
1934
1670
6673
2879
6557
8053
8584
3053
8864
3110
7919
1510
9218
9153
7652
2971
958
2736
6600
220
2522
5982
9143
7745
168
1564
3197
3342
657
7202
7012
2847
5962
5931
3082
4711
8123
7326
791
7595
3839
9483
4908
7084
3370
7782
6401
7296
8804
5447
128
63
1874
3327
6332
3973
240
9211
7402
2297
8165
8379
6517
9214
6997
994
7944
2590
6277
6729
8344
7523
1935
8338
8725
636
4745
5074
2870
819
3912
1769
4157
4000
8450
7608
2165
7293
8855
7119
841
238
2547
5091
2653
3653
2845
8047
2481
201
5380
8210
9005
4926
582
7864
4553
5938
7984
3697
2714
4187
3445
832
74
5611
1658
7208
7766
7011
164
7717
6733
4170
5635
6052
1217
7912
5791
6414
856
3133
4318
3432
9241
2013
1956
8842
7278
1866
767
9172
3485
2420
194
6493
5928
8841
1358
1410
8303
9323
3561
4907
685
73
5541
4115
4670
5855
8261
1370
1635
6995
9386
3244
1125
533
6861
2639
9448
7375
7183
8084
2466
8783
3770
713
4056
4048
769
8362
1287
325
3237
2842
3087
426
7904
9104
4225
3166
6583
9070
584
159
6657
4980
6706
2327
3534
4563
3325
7802
2731
1013
5546
1640
388
8225
699
1007
2101
708
2580
7960
6309
5756
5893
5146
6353
5483
7807
3490
983
3702
7894
4510
7946
5220
5704
7862
4726
9231
9495
7360
8193
2956
8440
1672
3810
1559
1417
1453
4471
4273
9146
8972
9080
4913
1045
1307
7843
8007
8951
3657
5147
2680
3077
395
1096
4838
6338
515
720
2129
7146
5573
8041
2872
8166
603
9234
7772
7174
4278
4816
5950
7845
6470
3525
6284
6890
8332
5290
3489
5154
4953
1712
2136
4746
7435
8200
9141
3354
6304
7178
5031
7025
7614
5612
6551
7613
2192
4935
9164
2437
1267
6083
2592
4806
2673
105
905
5953
6882
8104
1213
7514
3469
1898
2010
4899
2471
6040
4398
4326
4365
4692
1412
3365
4395
804
4343
4856
2317
5493
2117
6812
8015
5580
7510
1492
4886
9112
5000
8677
6417
8878
5833
6546
8983
4737
3283
2660
8315
6508
1654
2747
5344
7392
2508
4704
5803
2253
2662
4999
5129
1904
5917
6342
3142
2034
6717
5107
2799
3016
3357
8949
1030
1456
7679
7999
575
9184
2623
4063
9402
4588
7221
1909
2591
4030
184
5867
1252
1204
1038
5603
19
5141
7914
867
1078
2256
428
5633
8230
2750
7460
2525
432
8807
9484
4944
7940
6276
2071
7350
9279
1168
3250
2393
3547
2154
3201
8517
1647
157
8519
9123
8833
823
1420
8167
7387
3502
991
3130
121
7850
8094
9096
684
3272
2282
2976
783
5415
3929
3718
6395
5255
2573
4786
1947
3259
945
5497
8195
4119
9260
9350
8633
2012
4364
7112
8544
4233
5610
1983
8460
5105
8353
6970
7590
1645
4743
624
2989
2090
4928
62
3456
7855
3687
3919
7035
7476
8274
7986
9363
6949
2378
326
6588
3568
1357
3799
487
2687
1280
4354
1591
8218
308
1084
1937
3350
1266
1208
4710
1677
9166
1040
7743
4546
1422
6064
6472
2948
9379
7277
2789
8724
6366
8746
8913
8070
5422
8608
2179
5007
9284
3693
6487
2722
3386
4128
3235
5315
7654
4881
8398
1315
1753
4548
6929
7301
4624
8468
7335
1782
3850
4051
9322
2995
6763
9487
7525
6626
9314
6477
3094
5249
3461
4084
8194
5388
8713
3615
3609
3888
7096
6360
150
5987
2164
181
5410
959
5654
7558
6536
3320
7644
1391
7925
7422
1950
5506
8665
270
5025
4052
4778
381
8898
8038
7152
5161
9530
8298
9271
8178
1153
6358
3319
2340
4731
6705
6494
7885
3611
7459
4513
917
3869
946
8355
6692
4967
8924
7158
4910
4287
8080
34
7733
6932
5347
3795
9372
8991
3501
8388
499
6203
4621
9528
211
230
4855
3137
2805
5233
368
9079
317
3454
3338
2843
4239
5527
6931
5914
6488
5222
7052
4143
8582
9500
1844
8269
36
3824
8904
6757
7061
5406
7336
5053
7520
6144
3866
5377
2226
7980
8955
4795
2333
7069
1667
7883
5398
6149
2513
9147
207
3155
9567
4791
1783
6599
824
5660
1706
9257
5750
8433
5514
5369
4202
8212
4565
1596
460
4979
612
6145
8616
1495
4646
2082
1188
6490
3515
3437
1918
1253
5789
3048
6823
7348
793
1613
3329
5123
3066
2904
3379
3989
4294
2053
2571
6539
7771
5979
1930
8540
5010
7252
3245
465
8932
7548
277
2140
323
4873
268
7477
233
4616
5487
9430
8243
2668
4978
4714
8865
1920
3046
1922
2051
3186
5088
2433
8506
3301
7088
8641
7869
7731
7758
1987
3191
2073
3303
6622
9029
8679
7473
3024
6341
7707
7941
1190
627
1757
3394
5657
6889
2730
9560
1295
4001
4253
7198
4698
349
762
4105
5251
2578
2373
7753
9139
7034
257
7074
6189
7047
5002
5605
141
2036
8683
1238
8561
2737
6174
5389
4263
1063
9142
8712
6152
3105
7700
5265
4333
2900
1228
1320
3567
4520
4957
4203
7437
1331
8477
5880
8282
6478
6936
6306
1563
411
9126
7913
5608
7246
2779
4750
7086
8241
1121
6522
1848
6413
1696
4098
9468
4082
7058
5767
162
1333
8854
92
9089
7440
7513
3814
7870
4934
3782
1662
8726
5890
1497
140
1995
7957
3252
3753
7760
7203
9287
640
1160
6868
2698
2753
8976
7790
2979
8762
8786
4372
6186
2151
7347
2065
462
4892
8314
1327
7840
1921
3264
455
5360
1561
5335
9128
7245
6830
6675
525
1963
8825
5846
1347
3769
1113
8254
540
5456
7242
5650
7404
5735
6095
5728
2187
3258
6714
7998
8461
2823
5439
3078
6940
6960
2548
7458
8454
5677
7604
3751
8522
8615
3417
9418
2406
6597
632
1198
2913
9451
797
9180
8962
1824
5191
7065
197
281
4062
8546
8389
1835
2266
1686
4133
7054
7128
2820
2897
8790
6582
2336
6500
396
715
2469
1026
1170
2691
3328
801
1518
4264
1233
8444
8575
4915
6957
6578
844
7709
4275
3998
7926
1536
7833
7875
8880
7114
4252
3064
5754
4503
8297
5501
6724
303
637
3284
4441
2220
4476
6073
5381
8387
8516
425
7190
488
5591
1196
3680
483
8536
2199
8664
3464
2396
2996
7591
9336
3740
6260
773
703
3232
8393
5299
8235
1137
6457
8156
4657
4422
8798
5308
4681
1195
4793
4061
4017
8131
403
4247
5638
8867
1758
8498
8182
2902
3017
2926
3215
2891
370
8404
4629
3129
1907
3737
5924
5576
8383
1641
4924
2612
3194
8099
2331
3711
3037
8223
1576
9043
5679
1868
3450
6108
4212
1897
7965
7363
1365
6180
8592
1864
5003
6633
4724
1903
3676
1459
7062
6553
6973
8188
4660
5440
461
2885
2701
7734
3717
3103
5653
1608
8564
9383
5155
2658
7337
8971
3226
1292
7426
7093
907
1197
6623
7377
3884
5424
2175
4012
4647
4209
5752
1079
7498
5628
4341
8499
6160
3980
3020
5200
3326
3598
4110
6722
7931
9394
5071
6844
5470
7516
6712
2758
4988
6762
1099
2032
1944
3574
3999
3807
2168
7323
2293
5322
1351
3827
2212
2544
7887
2146
9087
712
1567
205
8073
2419
7576
5318
5622
9414
2585
4987
8176
5405
9400
7032
512
3898
3476
8354
284
5832
8894
7225
7163
1766
4725
7166
8597
9550
1116
467
7449
9303
346
2024
2967
6544
2064
2923
5673
7097
3425
3148
4573
6221
4569
3722
6678
3956
333
3008
5345
3440
4250
6137
497
479
6096
2869
8124
7611
7555
7172
2793
7800
7410
4050
4626
5528
2862
5757
253
5990
7995
6017
3876
4630
1498
5737
5411
3607
6329
6214
6611
4189
3880
7572
1442
2206
6288
8541
610
858
8349
3644
8004
2746
5675
1967
4974
7751
4270
2500
2938
6685
9049
7535
1427
4540
3531
1617
7923
318
898
4808
6072
6119
3683
764
8068
3330
4539
4531
4251
3334
6269
6225
828
4821
3923
8352
9272
725
3
4772
3364
5394
4649
6851
2646
3844
5247
6032
931
8753
3706
4440
8304
2740
8504
3754
6646
3468
2134
1927
5798
5666
7552
577
1685
2142
4371
6169
2444
5005
8385
5895
2069
8800
3093
4205
8216
7580
888
7851
652
6224
7310
8909
3790
2863
3384
5103
9212
2874
723
5029
5623
7917
3273
1109
3230
8645
6857
3209
4690
2895
1737
1698
6307
8486
8537
2174
6965
8687
23
1057
1501
8820
3743
941
8836
2907
3874
5598
9399
5467
259
1573
2946
7028
6855
1163
5747
4160
7969
1869
6820
6455
757
2173
9315
9220
2198
4661
1385
6746
6339
169
5652
7719
297
7849
6272
3131
4561
6439
6637
8552
241
2235
6663
2829
3639
529
4173
853
1512
1843
6283
2787
4113
7647
861
8727
5674
4617
553
1836
2905
5676
2586
1462
5106
2596
1207
1127
6286
215
5918
5096
115
5067
943
5252
1179
1441
4381
5823
8375
173
3765
886
5254
1908
3353
4138
3507
4592
7635
4024
8350
9001
7175
4663
265
4245
1219
2538
1873
6897
877
3474
9060
1734
6028
3551
4427
6927
885
7720
4007
1154
5145
2506
4996
3019
8628
2806
9502
2562
4124
1816
2017
2007
4894
1762
8105
1688
4421
5175
2759
8102
5998
1031
7248
8101
5646
2925
7214
8944
8174
7973
3988
894
6912
6531
7105
508
2814
2723
409
6093
4490
7854
358
5231
2349
3920
8006
7496
924
5488
1546
6971
7632
927
5229
5334
4403
3413
366
7531
6873
473
5647
1924
8063
6312
8088
1341
6919
4812
5275
7022
3791
7964
7505
2541
8990
9117
2532
4491
6986
3953
7865
5875
6485
7541
9082
4720
6227
6993
2161
6305
5232
52
1044
5841
93
4637
9053
9359
7227
3097
293
2234
2645
2621
1066
9033
1793
2431
5714
3039
5195
9129
1264
7924
6969
8482
1142
8891
8158
6243
4836
4223
7890
2318
15
172
4973
6042
1218
3984
4457
1872
536
6607
7144
3893
812
2109
5812
6988
5014
1823
6468
1785
8237
6559
3907
9283
6743
8776
6089
605
3032
4898
996
8630
4682
8108
5042
4217
9441
5319
4361
5174
1966
9419
737
3896
8299
5230
6528
1132
5604
7461
154
3618
4925
5330
1805
8396
1811
6713
7509
9179
8090
5282
2480
1465
1570
1679
9133
6476
8922
6147
9178
2577
8668
6430
4327
1932
9525
6489
1628
6370
1900
314
5118
4912
7951
7539
4662
6196
3620
6947
6294
5188
8221
1886
3664
5510
3371
8764
5561
3931
1978
6787
2107
1373
3062
6361
6797
9114
1774
3200
7797
2055
4037
5063
8907
1011
6403
4444
4970
8512
7417
8155
5936
8021
9334
6529
5898
6593
1760
5695
332
7936
5248
881
5055
9473
4784
8623
3529
8939
9316
869
4265
9421
8930
6648
6864
5041
511
6006
9252
3385
2929
8010
2042
5971
8325
7780
138
9094
8177
4472
3560
4071
8098
9152
7077
2059
8558
6548
8100
3444
1447
8934
6825
3840
5196
1636
4824
538
5511
1710
3910
5644
570
8306
9090
5665
6382
3945
5287
966
2160
6038
8186
4420
5613
557
367
4880
2834
5350
8163
276
2766
7263
6541
560
3613
2686
5310
1106
3479
1277
4236
8458
3772
1294
1289
9068
1135
7031
8275
5480
1733
7259
8925
5842
6229
2440
3960
5567
3355
3011
2579
9030
5531
846
8409
5152
5172
350
8130
6843
4825
2587
9512
2622
1138
792
9425
9439
480
6567
3074
6311
1988
2135
7662
5364
1974
6379
6996
5542
8548
2348
2743
613
2478
5273
470
7502
607
8550
6694
7186
4993
3878
9440
8896
4545
7803
3861
2656
3852
4019
4301
8556
9118
8415
3366
8219
3855
7852
568
1169
5926
9031
8788
3941
3921
5077
1281
6441
6866
2123
7668
7139
4689
8691
583
5948
4977
9329
9371
9134
8141
944
724
5015
8153
7670
1554
1594
7747
2893
8625
475
4298
1949
3280
9294
6390
4095
8307
1637
6161
436
3410
8430
6351
4579
8631
6806
1953
2987
4675
6805
8134
5850
7235
171
8205
9050
5868
7340
1205
8455
2361
1128
8513
5817
286
726
599
8735
7616
748
2352
3669
5131
4348
5312
5505
6491
7929
8942
4181
4518
5693
6236
2896
5554
2231
3292
9552
1274
8765
7066
8500
9131
9427
7368
4849
152
8152
4369
7327
3937
1929
7967
1890
7738
3267
4728
6156
445
3140
6999
6060
1419
4558
8437
359
4407
2399
2598
1914
6357
8914
1845
4601
5366
6003
3210
5052
256
1000
6479
6693
2540
4366
1683
7068
2748
1604
7687
8016
187
7615
114
6785
6975
3190
5481
8975
3294
7490
4929
5746
1406
2067
843
4461
40
6100
5811
8993
800
626
7445
7922
5864
7873
7384
6858
1059
6564
9333
8714
427
4911
5716
1175
3975
8875
1814
4355
5618
696
5084
3785
2188
1426
4805
2228
4114
6406
833
6874
96
2304
9537
7927
8510
5858
7145
6378
2391
481
5325
649
4900
2679
4310
4869
3732
161
1819
2906
541
4748
6400
413
9345
9273
6107
5581
5727
2105
4852
1165
9545
6699
1102
8448
4112
9381
4780
3056
1799
8326
4194
311
7526
32
3668
6344
2785
4860
2709
1788
967
3554
5662
7372
2473
6747
1891
6666
4191
4122
1959
3387
3992
5199
9183
5930
6807
2321
8187
117
2193
4542
4985
3708
3498
3101
9191
4445
5223
1237
2257
9151
3728
8043
8208
763
9432
2780
827
8901
1345
357
1668
4652
5863
7909
3262
2949
5701
421
8028
955
4773
3721
6402
7962
7393
6695
4878
1071
5723
2398
7102
5332
9193
8669
1481
4226
646
484
9130
7029
4752
9025
6560
3659
7379
4336
7181
9542
7759
5090
2238
8308
1828
2644
987
9003
7388
5873
5104
8577
2365
6112
798
2148
4636
4079
5939
933
6450
739
5323
7044
7413
1308
5732
8599
8342
8986
9228
8837
9194
3447
1282
3083
9407
9297
3781
6925
8861
580
4507
6223
2939
2009
8784
8293
595
2116
3363
8060
6978
716
4809
1130
6784
2856
3705
751
5421
528
8692
7043
2625
8202
9321
4568
950
1894
1842
2290
6146
5853
3335
130
4577
3159
921
4644
7063
5659
8058
5797
8042
1344
8709
3786
7045
3169
8938
2533
1748
5557
1416
8456
7756
8911
850
3673
2332
5624
5725
7365
4351
5969
9482
3090
3695
5169
3968
5138
7137
1857
9105
190
1494
5218
2595
4463
663
3925
8710
5094
7430
4566
7949
5813
562
2792
1475
4650
8565
6232
226
3318
4078
3434
3764
2219
2875
8756
7091
5952
3236
3124
354
1407
2447
2768
5400
8426
4118
8470
42
1200
2710
5192
7255
1421
3092
8121
8117
2549
4284
2089
8126
3982
3483
379
7626
4101
8442
7049
3506
3114
3149
9109
8569
55
6116
4986
5596
7109
3177
2465
7408
7990
836
6798
3804
4465
1226
3650
248
1025
4130
6054
7617
1444
258
9504
1326
3641
4296
5810
501
788
5213
8369
1076
8845
3146
5250
9391
4335
4495
5498
786
7742
2763
8953
3475
1172
3802
4557
9398
6956
1454
669
3003
5621
3963
9465
1005
2772
7108
3762
355
6638
7636
8655
3145
1716
3426
1682
1587
5125
2409
3788
4246
5471
821
4139
7185
2364
6192
1778
6939
1473
227
6683
4998
5886
3462
4158
4532
9038
7809
192
5943
4448
1203
1042
1895
8559
9337
2954
3167
6359
6092
5387
8023
8624
7131
7407
5620
1004
718
5607
2527
9207
6741
4011
9396
6197
5022
8005
4175
8647
5013
3733
3559
5543
7453
1724
2405
2074
695
9478
3629
8761
7026
2118
7341
6412
6385
3073
7397
7793
7987
5266
7253
6827
275
2878
2551
1879
3634
8492
8055
6190
9554
7279
8351
2087
1855
2030
8146
3656
102
1942
7427
249
8451
2180
1489
3955
4712
6715
8676
5946
4619
8290
3526
3589
802
1539
7182
4085
210
5102
6953
6033
5114
9048
4665
3649
6171
6352
9230
8554
5996
2720
3121
9174
8033
3154
5051
6205
3448
9000
5859
3584
2423
7307
3969
8119
986
3352
2461
4145
204
2268
2158
2202
8941
4293
5133
2122
7826
1893
3545
8086
1390
3527
7568
476
4240
4227
1136
7543
9426
3986
4769
7081
90
225
666
2735
8736
306
3671
6007
8662
6014
2362
8743
805
1286
3248
4466
7416
5395
4357
6217
6549
939
2377
260
970
3707
8831
5631
3582
9562
8750
1943
2283
4866
2387
7757
993
3427
3307
8085
4291
212
5294
8933
4783
5171
5016
2120
5801
5831
7290
682
9342
1156
9024
7585
312
334
3158
6535
2682
2751
537
1478
496
545
6374
7966
6514
1580
8039
7778
1849
6570
8405
116
3690
9494
61
4544
3223
3153
9061
5433
3362
3455
7272
8639
6951
785
1638
452
4034
9037
5327
2699
8879
5852
3238
7839
2050
3571
1826
2854
7874
7441
1297
8595
9555
1664
8244
2272
5552
3927
6703
7718
9243
9159
3059
829
6665
1215
3725
7688
977
1560
4962
3421
7565
9199
1437
7039
7332
3260
868
8968
679
4667
5038
5960
5019
535
97
2809
6280
1019
2826
3289
1209
948
278
8122
1394
1018
5349
5354
2535
5009
957
7847
9489
6595
5721
5836
1363
2613
246
5755
8852
3572
3704
2279
6790
6645
5534
4473
2689
3412
4451
1371
4794
3411
1623
3835
3771
6632
9
2254
2666
7781
2143
4169
2777
5857
3049
2295
9187
8721
4300
4762
4603
5307
4349
2263
1384
9103
8207
9532
1051
6643
9009
149
3341
352
3801
7953
2341
581
3566
5043
6002
143
692
9540
2427
7349
7816
2448
1556
7836
3109
1430
7095
5559
9543
1739
8627
1181
449
4708
8464
5064
6440
7010
269
7744
6111
6031
491
8474
4474
4334
7692
1601
8347
7895
5234
8981
8076
1041
8432
1466
1625
348
6427
2887
4983
4146
3903
8626
2086
9236
834
4005
7740
3600
3553
776
647
3590
8228
5787
4567
5203
373
8018
620
3430
1263
9021
3565
6296
2402
6282
4042
6102
4833
988
3390
8611
5215
3213
3465
4832
1094
7983
1431
1792
3033
3054
2824
1939
9548
5040
7116
1022
6979
3403
3879
5699
5026
3239
3709
3135
5144
555
329
304
3961
547
7806
7452
1870
7812
6519
8286
8632
1259
8110
6428
7838
8730
3627
4576
1003
3314
6081
735
7975
2770
4919
5976
7603
8563
4064
4003
2561
5006
2837
3180
2328
5828
1526
319
3831
7362
7378
49
1702
5788
3993
8695
7519
3151
2718
2003
2320
8017
3890
5342
9354
2912
1837
9249
1325
3557
995
2690
4747
590
753
3005
2841
2191
3216
5224
7269
2647
2776
5614
4655
7153
7151
6878
9308
5278
6628
5367
3978
5372
2275
6301
6349
9388
6133
6819
3414
2250
3949
5355
5008
9014
1405
1493
2867
6126
6383
3983
3897
6511
8056
6165
5849
6974
5190
6670
7099
4995
2395
937
4994
8926
1781
6249
7785
1108
5296
8419
5897
7741
9274
910
5916
544
2696
8161
3830
1340
1015
8529
298
7127
9446
8489
7412
8817
7660
2166
5759
415
6023
7325
7156
5047
4635
4614
5900
7933
6215
3207
4505
1568
8106
1880
2382
2681
1284
7222
8767
1191
7932
2693
7820
8862
4735
3036
5396
7880
4259
742
6321
1689
5719
1120
2791
490
3882
2486
6852
2663
789
8995
1761
7033
1502
5586
6405
8658
7321
3068
3593
2111
6723
4674
7428
8774
4235
7207
2428
1610
3026
8446
1364
8732
6131
4332
1496
9393
6292
6842
6829
7019
2176
5032
7588
4968
2325
302
9420
6504
2811
3854
2509
4874
234
8402
2020
2383
2633
6867
1468
2574
4992
8168
9471
6704
3755
3660
5156
9557
8288
4604
3698
8215
7180
1396
1687
4484
3622
9002
6453
4174
6908
5599
1342
6001
4412
9222
5446
7634
2790
6474
2632
8185
6702
1273
316
9200
9344
8211
7899
5768
3877
8818
266
5995
608
1577
2411
3477
6886
741
7448
7168
4947
3022
2534
5427
6281
961
9292
5443
5139
9011
3222
7961
7817
3926
8180
4936
3406
4104
6483
401
7367
2114
8560
8869
4734
2037
45
7528
4921
1902
616
6399
4572
3481
2124
4127
3404
4437
2446
2075
3480
7813
8694
2401
6980
3265
8980
223
3686
1717
4972
7863
4163
1161
4
6438
633
5844
2669
7425
3599
2559
2410
4680
4384
6788
7199
9470
7241
7148
3275
6654
4574
6698
4299
2167
5301
7810
7150
6915
155
1697
9035
9262
9304
8502
1318
8469
6065
2441
3419
6888
3358
3071
7942
7346
2697
182
749
1418
8573
8075
1533
5194
6424
1182
8966
3887
5619
5034
7775
1186
1432
6642
3309
7789
5816
4393
2490
6773
5486
8380
7981
5843
2930
7274
4593
8059
942
8520
1111
4136
3612
567
4116
8777
263
83
3794
6097
5901
1262
9416
1021
3422
3570
9156
3858
915
5896
2819
4027
664
1482
9066
2491
2808
658
5496
6563
2726
879
390
1008
9529
9233
6151
8423
4695
8046
7645
8040
8232
1413
179
2439
9311
1310
4102
5445
7954
6393
1269
7905
3783
2434
820
9093
3178
8794
3488
6166
4439
4290
2678
1328
7486
6340
6177
3063
6863
7796
3780
5991
1401
3407
3288
8083
1541
2462
5568
6465
5120
1250
6411
9158
8014
6026
5769
3630
8371
7333
9289
9353
4029
569
3337
7646
2713
6961
8515
8026
8538
1514
7906
6325
3819
8661
8262
9472
8511
2424
629
5279
7663
6415
9490
3914
6809
1322
2795
9086
7586
7191
678
7557
94
5113
5710
3696
1703
4038
2990
2311
7187
2280
7540
135
7121
8846
6728
4529
2683
7016
3530
8410
6696
903
7538
7030
5121
5454
6876
9078
5181
7639
170
8267
2370
3305
9536
4887
8044
3816
2741
4642
3586
4368
8954
2858
5799
2611
3067
1470
9203
1001
6364
1817
4442
2545
279
3391
8333
7829
1272
5775
5112
5670
7484
8418
1248
1016
3848
1507
4255
3552
8883
6945
3014
122
1090
9428
1714
3665
777
7053
9527
4949
7264
2475
4984
2386
2569
7201
6318
8078
7391
6136
705
4180
6141
6326
2255
2062
3870
5331
3380
3767
4125
8201
1268
5949
7036
6850
7749
7605
6350
3175
5101
4891
9505
9265
5267
5957
6634
4610
9561
336
6467
2467
1393
609
2460
1180
7197
6647
2969
5903
6376
8224
8747
7072
4666
1316
3784
2412
4982
6408
2368
1998
4387
7176
7042
2610
9339
9559
3944
4950
7882
1115
7898
7621
2216
1565
4843
6911
7094
2908
5879
4215
7478
5639
7618
6711
5997
3536
3141
2416
6198
6821
408
3102
8657
3300
979
813
1954
5776
644
5150
4040
1360
5563
5298
697
9509
1240
6098
2048
5909
7945
4959
7601
1429
8217
3296
2640
4509
9206
5626
6587
3369
4706
5004
1991
3972
4081
4677
6592
99
4989
6619
9496
2507
864
6977
3089
2760
7489
2400
8906
2432
1648
1361
3173
4705
6289
5848
391
7524
9318
9266
6669
3938
7223
1245
405
2169
5553
3958
4524
8378
3845
6334
6259
5337
6824
75
5205
960
9101
8660
2985
8390
2310
4455
1887
1990
9541
7482
5452
7991
3883
1925
412
3744
8112
1527
4070
6972
8051
2966
5093
3836
1789
6577
6836
6781
5937
8263
761
8311
5729
4904
2684
1414
3932
5601
8965
4312
2196
2131
5202
9019
7868
4890
5577
2972
9008
9499
6333
8276
7474
2203
8772
3863
4375
3356
7801
1148
743
9278
1162
7819
922
9106
7329
7305
9102
1488
6650
6323
4814
4779
2928
1062
4032
675
9161
8916
1787
6077
3859
6922
1711
7665
3628
8159
1380
4211
8770
5061
6906
6795
5346
175
717
2201
8781
6613
4304
5338
5259
31
5351
3734
1535
4903
43
5272
7369
5485
7299
4129
9210
3459
3633
7009
3176
2857
1505
4485
7167
9213
4419
6210
1485
4971
4033
2360
722
2560
8832
8157
228
5228
7475
2873
41
1889
4096
2911
2788
5986
8484
2006
9083
5239
8473
7231
1149
7853
9195
1936
7159
2593
2566
3400
4241
5176
4870
8811
4625
1480
3457
7824
7773
3242
4196
132
8445
6928
8711
6899
7698
1885
151
6094
9347
1178
3360
1129
4499
1530
8089
4498
7779
2782
3585
5795
574
8706
7547
3027
5361
5544
0
3692
5535
7726
5927
5523
1067
5615
7089
8792
6300
7286
2499
3828
1796
5794
3332
3632
3583
1177
531
5804
3004
3351
5214
7268
8257
7972
2992
7386
7298
7866
8680
6924
3991
5718
8272
4966
8793
6700
7104
4905
4165
8020
8496
2204
4956
6101
5538
6218
884
1225
5922
4751
2651
4739
2583
6512
7686
1969
2171
2115
1072
5584
3091
1006
6020
1579
5663
1524
1772
9324
9197
2620
341
2615
1239
7690
6062
5352
3018
3472
8688
183
262
3594
343
47
4206
8760
4475
3934
2346
4218
274
8431
638
5284
1994
4041
4702
1906
8412
5257
4937
6744
8103
6418
8013
7684
5887
6955
6926
327
4140
2274
4248
6775
3940
952
2816
9120
3558
6295
3165
4504
4231
6497
3518
3617
3281
2833
6343
7589
1986
645
3393
2915
3886
4589
4049
8493
2482
3606
4198
7234
3811
8644
5128
437
6605
3928
5435
5925
3549
7083
7194
7631
4618
2214
3397
2468
38
8589
5431
3065
8857
8285
7577
2510
6671
6877
5958
8580
7037
9325
8066
8523
8081
7126
3997
2955
2638
3205
2031
9171
372
3977
5649
3626
7959
1047
3463
1750
1368
1841
3562
5302
6163
438
8220
2502
1863
7357
8749
2021
4788
1721
1319
1317
5240
2277
8717
2953
4497
123
8570
840
1583
7048
930
5664
3349
1312
8434
2934
98
4039
6433
4020
7024
3689
8374
7289
2631
4362
3610
8977
4580
8171
5062
9298
3915
4331
245
2338
2200
7884
9508
1343
1800
3321
3388
3125
9167
6726
8601
1440
4406
1028
875
5306
4221
5994
7506
72
3214
8209
4192
7228
2445
292
4087
7696
8062
2016
8113
8179
6105
3323
7683
774
6941
8291
9369
7213
7993
3494
3773
8490
9209
3218
6879
5609
7699
3793
775
3311
2098
5081
8030
8943
1036
3031
2643
4969
6123
6576
5959
8957
7389
342
22
1039
4871
6982
5965
3889
7656
6265
1355
9175
315
5425
4715
6627
9217
5975
3123
7831
3716
7098
2526
571
7770
1353
4237
7179
7472
8061
2774
2765
5882
6005
5392
8479
1912
1288
1926
8008
9534
2056
2092
2840
3050
8435
5592
21
5625
1020
912
8125
5694
2390
1968
782
6778
6444
2627
2494
7671
4693
1571
4686
8826
322
5281
8937
1224
1997
8866
6674
6345
9065
8
4459
5942
7504
893
1381
6432
3631
5475
9486
7132
7371
2945
7142
8527
5206
16
2607
4171
5947
2397
6230
7928
6545
261
188
8553
5562
963
3747
527
9397
1091
7856
8273
558
9016
1075
8003
70
5945
4562
5513
5018
6252
9155
2940
8685
4764
8606
2983
7438
2695
790
2910
54
1745
8723
221
7342
65
6302
6568
5238
3857
7463
6421
148
5738
6832
3608
2054
1375
1301
929
6914
6371
271
4409
136
5054
5455
8739
1590
7560
448
809
1888
2309
639
4002
1875
6183
4807
8566
3776
144
6157
7383
4960
8539
5117
7495
4533
5328
2589
4418
4195
4991
2978
2207
1669
3532
5244
2916
822
4958
5391
3792
2616
9546
1581
3823
1852
6653
6985
8882
8737
3638
320
5370
8696
1815
4697
2921
614
7059
8803
4736
3899
2149
8885
2705
8994
6603
6721
6194
7607
4396
7345
1516
3367
589
9227
857
5428
5166
9442
4077
3438
3291
5450
6810
2372
6322
6030
6610
9226
8268
5793
4374
3402
6739
9013
9408
1562
6234
3966
6285
14
3768
668
2156
3361
4685
7381
4598
6854
3563
6959
7161
7415
5168
8319
2707
7569
618
4975
5637
3211
4190
654
2452
5407
5416
2784
3646
3473
1675
7134
6641
8787
7606
3522
1131
906
4555
9040
7082
2043
6377
8127
4965
4909
2764
1194
3540
5595
5198
962
5827
237
8699
7003
8128
4229
3263
3297
186
3908
7395
4696
3777
3229
3860
2801
1660
1134
1629
4756
7394
200
7559
4043
5160
57
2436
1754
1917
6962
3891
6387
4733
1790
7739
2343
4946
2271
6291
4329
3885
100
9261
4594
4391
975
9357
6585
8982
4767
4631
7232
8844
4496
1661
8572
2463
8358
7240
8701
4781
7561
287
8927
7767
7071
1338
8830
3441
7398
7358
9358
1975
2518
5030
4117
4109
6480
3541
8206
9196
7418
8447
7658
4605
1542
3405
3645
6255
1659
5243
3994
456
8292
8649
301
6496
295
3076
362
8284
7206
5847
6937
727
2162
4525
399
7610
6499
112
5632
4918
6454
6449
5135
2157
5477
6708
4360
5208
4643
4267
6316
7051
3306
5321
1236
9238
656
