1431
671
4859
8739
4966
8792
4760
7287
1088
932
4293
8518
2043
4008
7144
2251
7340
1573
7669
2072
7676
7627
1258
4104
9253
7696
3416
6031
5127
6802
6108
5029
2304
7720
1016
833
5606
6596
6668
1009
5916
6493
4447
1152
1341
1836
6287
1132
1111
6649
8334
3401
8494
6542
1471
8717
210
4952
5126
7138
5786
754
7960
7136
7425
9047
3877
4248
4629
9375
349
4873
3866
596
5320
1155
5463
4025
1667
1574
7995
406
5283
5249
4895
21
7351
863
3395
6592
7336
6745
3433
527
5382
2455
984
4424
9381
592
3999
5021
3052
888
9333
7339
5440
7415
188
4285
1694
3607
4403
7682
5277
594
6970
273
4957
6416
463
8141
2841
8391
6804
4210
5898
1122
2347
7468
7269
5193
4259
5222
5764
6583
6037
7681
2966
9233
7137
3164
726
2071
1026
8719
8245
8499
603
1961
5806
8742
6482
8683
2806
6326
5211
4996
7356
666
8491
858
7469
5789
3800
167
1168
15
1715
8888
552
4835
554
6046
2620
5088
1515
3013
5599
889
8374
1604
6971
7258
3406
7970
8907
8320
7957
689
5967
9511
5801
8014
3252
6960
1700
4504
2266
6090
3
2644
7618
4674
3713
7273
3631
7346
1191
7001
6250
211
8874
2146
8600
3335
5325
3978
5271
3429
7745
3613
617
3630
7316
5441
9536
5028
1397
7364
6785
7265
3318
1129
3192
9225
8542
5424
7222
8447
177
9522
4670
1893
8132
1828
8513
9030
1206
4727
2716
9224
6735
1701
9063
6582
3278
5737
4117
5007
4688
9220
3245
8159
4209
3029
9289
4863
4619
8272
9212
8469
4623
6784
6779
765
9226
5756
7389
3269
1346
6262
1094
2179
5981
4590
6132
1287
2675
9366
1928
2403
1886
2123
6096
5217
5257
5259
436
7895
1173
1999
3780
3456
2393
9474
1804
2559
1049
3848
876
610
4154
8555
67
8784
6845
8092
263
3788
6414
6190
5389
651
740
3366
9238
4975
8464
7376
5665
6604
3143
2152
5109
5466
9048
8878
221
5243
7099
2674
5941
4751
473
458
4643
2932
9394
2019
5094
5999
6360
5588
5741
2302
6041
6291
569
824
4401
2439
7033
937
3321
1407
3347
6118
5345
6232
2082
3568
1219
9378
2706
4529
7293
1336
2129
423
1716
4964
6004
6586
991
1594
9560
2930
7299
4336
50
3849
3602
7391
6374
1660
3802
6819
4167
3931
8835
1511
4408
3875
8442
3432
7893
7902
8879
8353
5924
4147
29
4449
9324
1254
1916
7259
1280
7772
2967
9287
9481
8506
9098
1166
3334
3276
5159
8580
8757
6050
5141
4054
8871
3051
4309
1656
520
7988
6280
1570
8060
4011
5961
5370
3625
8208
5681
9025
9526
1023
8586
548
8230
8193
7616
9221
4423
6207
4146
87
2733
268
2702
7134
9150
4734
1783
5666
6661
4812
209
4627
8299
4044
1217
3913
3544
8990
7614
4301
7052
7559
2760
8115
5949
5137
7169
4917
3932
7453
3533
4718
6302
7464
2257
5397
9261
1148
8088
4860
578
6338
3773
9317
197
3241
3776
6868
7417
9312
3427
6492
5182
947
8256
3421
2654
123
9555
1329
7112
7034
8497
7264
8736
774
4458
8998
1775
2862
8370
1740
5883
1951
1763
884
4757
3655
2320
1185
4007
2449
238
2560
4451
4632
1080
8308
2241
169
1228
4599
3546
9073
4338
6176
8180
7358
240
456
7866
2583
6447
393
8269
1128
7103
748
1799
938
2960
1801
2162
1695
3689
9331
3280
8582
4594
80
2285
1536
8024
6266
4234
7056
3291
2818
2989
4709
2735
8313
9362
5951
1004
3517
2104
1019
4014
3814
6256
7809
6807
3046
7199
4636
8086
4456
5919
1408
7252
165
9464
8689
8134
9478
4981
8322
2234
1692
3845
6278
8861
7412
6235
6157
4532
2245
4714
6829
3639
8824
8573
1157
9408
1624
637
3971
3648
2111
6100
1771
2927
7422
2880
8291
9523
8800
900
551
4851
6205
4732
3787
5743
1668
8997
5120
9564
8422
8307
481
4352
7571
7517
5573
3295
1162
3856
7492
5042
6707
6581
7633
8932
7661
4941
1940
6418
2743
8678
8453
8038
8944
571
7804
1794
3988
3880
6066
5843
2507
5677
4319
4899
5794
6948
448
8702
5968
5305
3692
4140
6742
2660
4965
8163
1535
3770
3096
8820
3075
1464
4057
9114
1232
5506
6002
6621
8309
8531
9332
5447
2665
1002
4563
6886
3343
658
6194
9041
5096
6035
6180
6335
532
746
2101
395
5515
6253
3756
1996
1204
7200
5216
24
2342
2247
40
9218
4399
3701
6359
8982
3996
809
8020
1834
5721
7788
7578
782
7202
225
1648
3606
6247
5718
3921
7239
7898
3980
2006
6345
7828
1030
4264
7428
3043
7233
9191
5587
3910
1620
1890
2681
1551
3650
5915
3246
1745
1298
2153
2613
8643
5213
3133
2453
7830
6932
4375
5672
7291
5671
5525
9178
5064
2219
593
6982
4003
5725
3498
396
1617
7799
5676
3412
3473
7
4088
6905
9129
1533
5625
5086
6339
5044
9279
6479
6543
880
8209
3404
8222
6928
1543
6286
3002
4547
1355
3499
1392
2935
7662
4804
6214
2235
3500
5858
8128
1639
1450
1027
5546
8748
195
2357
412
3635
8628
1729
1854
2255
266
4181
8264
4290
5327
3677
5528
6579
7281
3408
5598
8302
5290
1175
2472
8975
2669
914
8143
7398
7721
2562
3662
2016
8347
4777
5316
8771
8066
720
6957
36
6818
5966
5507
715
1322
3189
7921
2685
3605
7820
8082
6539
8665
1000
4562
3785
4017
8668
7958
665
4897
4933
2908
1869
4989
1563
9301
4144
990
4206
3024
7288
891
3349
8495
2664
7656
4148
5436
1520
8541
5285
8594
8505
3657
3100
4685
3331
9204
9207
2821
9185
8162
8510
3732
9373
1509
509
6099
2110
3694
3518
418
2785
9501
5476
1680
6225
4990
1787
3627
5455
1114
6221
3690
1861
442
4398
2947
8183
7491
2368
6554
7368
2221
2595
2053
6273
2770
6370
1843
9320
4913
3918
8532
7088
1765
5565
906
1318
7410
2493
1265
1349
7473
307
4699
7502
6950
847
3816
9365
229
6805
1325
70
3745
3146
2178
9144
2744
5254
1868
3914
3312
851
7095
4970
189
3759
1489
3540
1532
1492
3463
4297
75
2941
5207
37
2731
291
9002
7690
1632
1043
2612
8854
8414
8133
3561
6056
6508
7497
5551
8496
867
2336
2626
2394
506
2288
2143
5865
553
8917
4902
5526
5119
8253
5586
6924
9
7424
4141
4509
9086
6145
3636
4184
7621
1994
2127
8745
9277
4263
2047
3960
6876
915
7143
14
3858
4525
9190
2338
7768
5521
2114
7235
8474
2390
1524
8652
1461
7591
2259
1452
5275
7175
618
372
1402
2698
8059
5469
3502
6455
3203
9010
4085
4425
9239
920
2372
4477
2849
7460
253
2165
8124
3554
5630
4048
90
1756
7355
3066
4186
3093
7245
4078
2495
6506
7338
7188
4372
9146
2298
2035
1930
4730
7585
8726
3696
9152
1451
5301
6480
1819
2261
6899
2541
701
6853
7594
1666
1135
3319
5530
3226
5574
4825
4437
3142
7847
6267
987
8400
3786
3562
8165
713
6301
2721
4559
2691
5795
7852
1449
1562
8880
3057
119
6439
7418
8293
6517
5788
1935
1411
7077
3353
281
1751
5468
5464
6519
652
7090
3359
5158
3266
6047
7392
7125
3123
2687
8852
9060
174
1947
6610
3097
3148
6162
2022
7100
7048
3686
5828
8850
5939
7857
6364
2971
5153
8938
3594
4949
327
5073
8654
6032
8559
4731
6393
9369
4452
4450
2972
9108
4668
1698
8550
8601
9452
6028
2533
775
5282
8914
4490
6209
1833
6378
7019
2515
6835
4422
3729
8336
1205
1565
2448
4351
3165
6630
380
6367
973
7488
7675
3384
9323
9547
3338
250
5585
5453
2789
4036
182
9197
9099
3443
1514
8331
9026
6788
9361
7354
6774
5399
4700
2194
8239
7025
7495
7122
4096
6014
8215
6551
5716
4870
244
7951
9271
7382
6699
7548
1606
4134
3850
4226
6106
8992
7763
4662
264
7332
64
4536
187
411
2870
3177
1344
172
6790
511
2690
186
151
4407
1149
1309
4523
1619
2526
3553
9011
8746
8483
328
1541
7784
2995
3247
1601
4354
9321
892
227
6218
2433
2427
9186
9241
1527
5772
572
5079
453
3115
4488
3080
9470
7363
6743
762
1113
1456
158
6849
5552
5343
2373
1354
6349
4548
697
6454
7367
6227
3922
2310
9505
2004
8832
4486
789
1871
6049
878
9244
2138
5114
1587
1227
2581
7864
2102
5169
7791
9315
8881
4427
5012
1271
6174
6446
2339
9054
7819
8883
6761
5550
7198
6741
5247
6105
4076
519
5451
4233
8924
5154
2015
4602
2217
1252
8148
4784
3917
9310
5224
2795
3987
8318
4768
3560
6631
5631
2983
1073
6640
490
6029
60
9326
5314
7563
6890
1683
233
7803
4
5378
9479
5383
3116
2225
8100
437
4982
2903
8676
4852
2315
974
1897
9059
5281
6740
978
7688
5229
3927
4947
7691
3385
3936
483
8576
1903
4911
776
2851
1484
4077
2768
944
3830
5124
337
959
4971
7323
9348
5753
3974
5842
2814
2917
5567
8885
5678
6409
5085
8087
2839
8591
1216
2857
7309
5368
3345
1842
2060
7561
3248
202
5558
977
5054
2014
7747
3940
362
7802
7135
7302
430
3272
1506
2863
5248
6567
690
6782
6027
5487
6865
5636
3590
6382
6558
7209
6607
6895
946
8751
3490
59
3843
2826
4470
2076
9411
8816
1578
394
862
599
354
6199
5973
5280
6089
7177
6341
7446
8851
6329
2688
6155
7183
4086
5653
5735
9413
3679
6797
1169
3564
5760
5189
9189
1769
5446
235
1830
1920
7837
9174
3026
1673
9450
4220
2278
9510
5269
4058
7552
9313
462
6789
9454
5948
830
5418
6219
1968
9071
4968
3869
3342
4694
5661
7808
1086
6005
9124
3592
4635
4075
5822
5909
4241
4203
440
153
4581
7538
2477
2279
6561
4600
4909
6496
7717
9138
4445
9136
8943
6841
1752
6850
3763
4786
6119
667
3982
6117
5183
8957
3659
9234
2750
7712
7062
8321
2128
3733
6238
9284
1754
3250
8473
9500
1268
2418
4245
3098
383
5118
6165
6141
3536
7139
3707
3857
5053
2385
5654
6136
8097
9102
2066
3089
4869
474
8656
5797
8200
8581
3743
2256
6082
5295
3846
6944
7436
6515
1922
4796
5768
7726
1963
7186
4387
7541
4591
6734
4508
5398
8910
3151
1438
8275
3997
4083
6536
5483
8069
4496
9091
8679
9081
9567
6490
9295
3835
1827
5780
7429
5038
7508
6343
6303
5927
106
4828
2031
1458
7305
7833
8262
4775
2300
2311
2073
2332
1067
9314
2865
2686
2588
6939
9363
8647
6123
5113
8332
3468
4598
3842
6627
3264
8991
3577
7247
6264
8964
8994
2442
6639
5820
1611
2668
6569
5074
7603
5276
6623
4954
630
4680
7952
3060
1339
3442
3487
5497
8281
1832
7181
3257
5143
7725
4243
4539
6715
7405
2869
7567
5070
2263
3930
7986
2632
2678
6923
4377
8902
7760
6799
5375
216
1405
3803
6808
5434
9242
7319
8184
6213
1118
5758
7238
447
403
3750
3194
4161
1418
2741
3948
6509
2176
6092
9254
8823
687
6158
8064
4580
1788
1500
8701
3336
5252
6870
1275
265
2409
4708
9347
2200
2622
1977
8557
2641
355
7017
8570
1934
8948
7545
2527
8035
5969
4325
3815
2796
4847
6064
8039
8995
4609
2753
4246
5679
6369
6129
2168
276
7550
1746
9202
2584
283
5046
3942
2601
3783
9229
1249
2906
3314
8078
9429
918
441
5697
2000
1518
7710
4774
2348
3542
9028
5024
2734
9551
5157
7818
9117
9506
8161
8428
5239
6156
1146
4376
2374
3455
3364
2099
7123
7506
4357
1679
4628
7581
5686
700
5845
3303
3205
8536
6001
4177
6006
2643
8921
5435
8672
8981
1682
3362
1807
1479
6352
8072
2572
370
8108
2886
5935
8694
5989
8138
4480
8355
3217
52
262
5958
6044
3106
2596
3181
8723
1530
2184
5728
1895
1762
983
1866
6434
341
812
9339
2149
8882
7192
6161
7457
4748
4018
3304
8952
8455
9544
213
1460
8314
3301
3680
248
2094
6146
9508
56
1697
5707
3612
4813
6942
1171
1036
4313
8766
8868
2160
2002
8711
6021
6080
5134
7359
2483
2396
5881
3675
605
7494
2161
5959
916
1585
1892
8644
8847
9077
7572
8221
1795
9137
8394
7730
4934
5050
2709
8575
1546
5833
6257
6309
6045
4630
1060
8979
2890
2804
223
2599
724
3674
4277
4455
8093
2556
6930
515
5825
8052
5782
4221
1978
3438
5176
6182
5690
3206
5391
9275
4321
6884
7456
2122
181
3050
5026
8988
4116
3965
9104
1497
6986
2147
7043
1598
4110
4404
2437
4193
8107
4388
6613
5846
5660
9423
9335
5077
0
2585
3640
5168
5482
7087
3653
5147
2666
9428
9248
3724
2993
7709
6737
1969
3234
8407
5614
1029
6457
2262
8249
4027
926
4571
7842
8267
614
8146
6354
1401
4231
945
7172
3963
1208
6809
4993
5274
4716
4683
260
1503
8248
4384
5485
7243
1983
3259
310
6563
5242
8733
4337
7116
9299
4550
7352
6826
4799
5132
8690
6460
198
8241
8289
1644
5950
972
3949
6641
49
8993
9294
269
8288
5922
1183
8218
6230
7756
7705
1686
5076
7948
5879
8157
3576
7843
1383
4538
1653
5600
1105
8583
3074
791
9016
6916
6114
7362
1912
4710
6373
8703
4286
4091
668
1602
1466
1768
1304
7217
7162
5852
1421
7827
7045
2610
4815
7707
8243
2426
3514
1705
1256
6651
8886
5417
3283
8295
4215
7399
6855
3081
2981
3762
1189
114
5527
4383
5576
7184
2651
323
8912
111
3290
6332
3121
8470
8312
7489
2763
5357
7829
7118
1592
4608
4084
4251
6708
763
7564
3157
8417
4448
9255
4814
3799
8560
2963
5601
3539
1597
7230
444
2463
5442
1665
2521
8865
3793
166
5641
4114
2265
5066
5920
9488
1303
6913
5208
2419
9228
6672
58
4616
2197
6296
4302
8431
5648
6747
1739
6576
3309
69
8118
1990
7532
6943
5956
2939
8420
5110
9243
1363
8169
586
3765
7835
8004
5698
3827
7140
3346
6189
792
3107
7070
421
5450
6980
2837
6753
9181
4238
7434
3446
3469
7528
6059
8340
4702
1917
4518
8790
5510
9198
2137
2546
1167
3957
3254
2820
3263
2852
3224
561
5727
6848
6574
4875
794
157
8271
2284
7927
3660
2330
2381
8201
3256
7865
5318
820
3600
5511
3558
4613
8623
995
2142
9338
6684
2713
2269
4389
8045
2547
2135
4127
8303
8102
526
6198
6880
7441
1941
1066
3104
2229
8516
7015
136
3543
2677
6438
2766
638
5534
3216
6786
9529
3902
5646
8778
5209
2354
4848
2482
1380
3523
7066
3382
6615
1102
1894
3453
6883
5826
2408
5313
7909
2451
415
2838
7692
6712
2012
4805
3297
5067
2467
461
6833
8216
2274
3506
7892
5856
2231
5542
7254
3418
9192
8834
161
6635
8051
8788
2095
6594
1082
3633
2792
818
8842
2267
8009
3204
6311
5821
866
4696
205
4573
1618
8477
2500
5309
4415
2653
6348
433
4552
3287
979
9353
467
4265
2694
3744
7458
2456
1390
3372
9260
7934
3103
5234
4487
2522
3510
581
2068
1099
6452
8378
7916
3734
1638
3064
3905
3078
9552
5477
6541
5099
6516
1583
3873
3551
9042
7956
3237
6518
4746
13
2729
1936
4983
4844
1061
9165
7320
399
7776
6098
5523
9123
3579
25
7683
674
5362
631
7234
5194
939
1837
7626
9149
4622
1179
2481
149
784
8388
4093
5342
7964
7439
1434
1032
9033
4806
1153
2912
1176
2170
2944
9223
4395
4312
4819
5891
6961
4414
3741
6010
5323
4717
6375
3503
3305
9412
6544
9153
8030
3792
5474
612
6507
1965
321
2067
2778
749
6274
7153
9395
4620
9089
3890
8210
4687
6328
1432
2771
3249
6655
3039
5356
8002
9087
365
4878
144
2294
5860
1222
2663
3737
1482
7058
769
6402
663
8831
747
1681
8740
2570
8750
608
6288
2503
3870
4894
2164
819
696
4194
1785
4901
7107
3035
2704
1068
4843
9533
3597
3726
7666
1028
1688
1662
2254
7207
340
7947
6593
6448
5651
8131
5799
7105
6580
2544
6184
7055
9562
2574
718
4845
2272
1760
3541
2144
927
311
3079
7414
5123
1914
2725
737
19
1840
4640
894
6358
2998
2214
8840
6024
2039
5268
649
425
7758
9484
199
9111
398
8073
2140
5603
9439
7397
3851
4346
845
5589
4575
7089
6897
4033
1347
9548
2619
6966
2889
7576
6995
196
854
5811
5910
6701
1981
5289
2058
4925
4419
3207
1710
1182
431
1398
5471
7735
4946
8937
9491
375
8363
5499
2692
2287
4056
7104
6039
4530
8909
8744
6568
9421
434
5836
6317
8323
4922
3162
4517
2119
1352
8795
3912
2931
1317
2902
7686
3173
6467
322
786
5702
8402
3296
723
2808
4795
8606
4327
1333
2534
89
7771
7770
4343
7377
585
2956
8458
662
785
9122
3213
7420
7822
4701
155
4094
8305
9540
4112
5907
1945
2667
1477
708
7962
6856
1001
7490
8551
8324
3430
1062
2864
7073
7076
3178
1581
8488
7668
4482
8853
1580
9550
9337
9328
8605
5020
4279
5685
3587
1614
247
735
4469
4639
2566
6139
3806
8589
7979
1197
4930
7937
7886
6964
5757
5106
88
606
1693
1582
7623
2380
4527
8925
8016
1791
7353
6405
4180
4940
8933
9402
3389
8692
744
4381
8007
6101
7844
8728
2672
6195
7731
4577
3796
7493
5673
5970
8298
212
4657
2404
2033
8122
1975
1599
7421
1504
477
5299
3379
8974
5617
9196
1476
6204
7764
4943
8265
4108
6752
588
7806
2751
8164
9046
5218
2776
6149
8593
752
1507
9403
4118
8987
5072
3950
3808
8384
2516
2106
2537
2606
3671
868
6669
2034
4432
7206
7317
4045
5402
7081
941
6372
6011
4750
5635
3218
1494
5352
8544
7101
9502
4582
5629
3313
8056
5136
7402
2982
5298
4371
1306
1643
3253
7327
303
8015
8815
6555
3187
1622
8519
2430
856
8012
8297
61
825
8669
4361
6151
4531
7520
361
2211
7483
928
4544
2815
9565
3548
9449
4000
3986
1663
5197
6113
1337
7894
1446
9237
8794
998
537
8927
8263
3180
8659
2896
8242
493
6614
2116
9188
1465
5803
5544
8062
7016
5674
6464
5008
4131
2506
8646
1266
9121
6730
5848
5359
1263
48
8250
4655
9018
7959
3061
2103
6660
218
8426
5340
2830
7622
2199
8404
2476
3717
6776
9462
7632
1353
3569
2888
4610
6585
4831
994
7704
1670
2587
7267
164
7973
5662
5324
4417
5823
9064
1245
5017
1844
391
7074
3556
8931
8833
8848
4607
4429
6533
6851
985
3593
1959
3620
112
2708
7515
6625
4890
8065
2683
6420
1137
6412
7024
7106
5723
243
7067
9341
512
5166
3414
2027
4865
6664
9084
4431
4884
1439
9074
6201
1095
2593
8145
7204
6588
6666
4763
7974
2189
3375
4187
2416
2036
2431
6164
885
1255
1555
1651
5812
597
8395
9385
5353
9358
7650
8176
7556
129
5023
558
2277
4856
3516
9444
6705
4798
6353
2329
2758
4666
4348
7396
8810
6847
2505
582
2695
4262
6778
7629
3049
308
3894
8490
3885
1629
4722
8280
5872
3068
3581
5390
2853
5642
6951
7037
125
5834
6255
8006
2603
2011
1442
5986
5783
8383
6299
5317
4715
5165
8725
379
5260
9554
9504
4495
7080
2756
8034
5502
5923
8475
899
3708
5428
2590
1246
334
950
4016
934
1387
5409
8941
7881
4791
7604
241
7072
6839
6272
237
6794
3077
2992
1051
1478
5773
3555
5347
1108
4428
4992
4801
4959
800
1579
1091
5215
8738
1444
2050
3114
7290
7600
2023
8042
7880
1305
3752
8381
1564
4752
2605
7942
5955
3969
1281
1311
8675
6072
3381
7583
3683
7965
3559
9480
1160
8456
9168
2933
6834
4019
7883
7012
6308
6277
1367
8076
4494
8764
9539
2359
2597
6437
3113
4175
5805
860
6310
1847
9205
5561
1291
8949
1302
1083
367
1100
7423
1443
647
3392
827
8080
4212
3102
9517
698
9141
2822
4914
7119
330
7749
2335
5432
4394
3361
1867
9483
7708
5041
3486
3023
4678
6729
4239
8502
3025
7008
7601
5776
504
9492
9537
8787
2048
4268
702
3981
2810
5125
5602
6474
543
4817
4500
4556
7435
9461
1234
6877
3271
2421
6404
523
100
4341
1733
615
5779
3426
7380
8106
2017
4170
8731
5330
2817
539
5101
6458
8390
138
6722
9203
4092
1419
1856
6051
8430
5291
495
8167
2343
8223
2700
3860
5870
7131
7256
904
4095
8212
1902
8152
3595
3099
4654
2355
2582
7167
286
7013
3953
1422
883
1816
6662
912
5744
9440
7625
4876
1953
1761
804
7249
78
9245
5699
5889
9283
1428
426
6175
5771
9142
7977
4249
1
9079
9103
5015
727
5131
5729
8075
1998
6270
4880
5294
2976
8520
8217
9396
4513
3230
4861
625
6202
9164
9132
1058
7060
7790
4089
8841
4473
9422
5579
7345
320
1413
5226
4596
6246
497
5667
7002
4740
8514
5964
2752
7463
5633
7366
3094
4974
8266
7915
5344
5056
8268
2459
7476
2159
9349
8063
356
5310
3122
200
8721
7553
1018
1549
5859
7474
3998
6494
2118
4656
2819
7189
39
8190
2611
1377
5512
1784
5885
9039
3193
2730
6400
3055
7697
9520
7064
4136
4041
9330
1158
8596
924
4729
6143
6763
542
3383
5911
4755
7260
6297
2075
4153
6163
72
4367
8427
3911
9053
3138
7514
8781
8328
5929
4356
8511
5963
2312
279
4098
9398
629
1718
8008
2765
2365
5272
8177
4888
6133
2767
9017
2046
9240
3095
6929
8980
2210
579
6676
9256
5082
2775
1396
9012
7110
6
6652
8618
1474
7663
5292
6366
83
3329
6022
2317
1600
4050
8492
1283
4780
4765
7733
7196
677
6124
8181
635
9542
2511
6268
2352
6426
3390
5692
9003
546
5784
3027
3766
3199
8047
8327
2090
2798
2508
6440
6599
242
246
8412
7211
9069
5759
4310
1436
3817
9070
3053
5831
6911
4266
275
2986
282
2523
8085
6688
3300
3897
6016
6984
1212
873
6703
7449
5033
6713
1678
1014
71
3710
8922
1370
5932
451
2894
7335
3191
6033
2337
2474
4464
8113
6013
9177
4149
7507
7152
7132
8754
8533
3222
9049
4540
898
1796
4520
9075
7849
3937
8862
5412
8908
1136
5695
8498
1187
3261
4201
6459
3566
7596
7687
9297
63
3370
3751
2297
6140
1090
1134
8768
295
2652
648
1859
4986
793
6726
1876
5351
870
3621
8662
2592
5796
1937
6546
5204
4267
4703
8756
8140
875
5377
1782
2344
3391
6120
7968
9311
3284
7972
7587
6955
4942
4725
9292
7146
4457
3624
1194
5265
7511
734
1237
1730
1403
6340
374
3973
3344
8319
4904
9359
499
3649
6553
5745
5873
2484
9503
8849
6034
7609
6223
2769
5427
3231
1850
8911
5556
4182
838
7955
2446
9264
1929
814
2402
3944
5533
3008
9391
9110
9219
1181
4969
5691
976
3924
9446
363
6757
2724
6126
8599
3714
3804
8377
9263
3777
252
4558
3128
7789
3611
2074
2535
8158
6497
8512
2021
1295
2215
7651
7551
955
6663
7896
8226
8481
2722
4698
6584
4397
8920
3324
8346
5267
4885
3120
1186
8940
4073
5078
7994
6866
4684
4034
1758
422
3293
2961
6758
4617
8435
4924
464
3365
3086
6166
5839
7555
4932
8429
6081
2432
4928
2705
8361
8486
2201
1839
5089
7737
9432
8811
4551
5775
1242
2480
3491
8641
8720
331
3447
5059
9325
1163
5714
1753
3771
624
8899
7145
1192
7486
1427
1499
9418
7092
7408
1098
494
206
339
5513
4641
7040
9393
4228
5117
8631
1976
6532
7832
2088
4918
2791
5987
3861
6208
2452
103
7298
8609
6342
9032
4232
4391
9118
7328
7670
1731
6645
1174
2911
993
9176
6306
3004
405
1973
8330
5270
3807
5755
1584
1607
3281
5560
7950
2990
7498
4677
8752
6068
5112
7155
1133
8229
919
7386
3685
5181
381
6461
2529
2244
2803
5514
4065
8436
753
4665
4651
980
6018
4493
686
6825
438
5083
1360
1064
6634
6430
9130
531
7739
7275
2905
7989
8950
9282
335
5203
8290
2331
3288
7330
9538
5572
2951
787
5538
5102
5732
4900
5354
9342
6860
7387
3108
1315
3712
5337
3350
9346
1378
8983
6549
6933
8664
7999
4430
4570
6962
485
2443
8273
5906
1310
3891
4916
1385
2422
4676
9414
359
9057
1823
2488
7938
5115
3054
7082
4160
9107
6062
8326
7920
524
1084
8316
6638
9027
4271
1410
1453
7777
2218
324
5763
6667
4465
3119
5554
343
965
846
7573
7170
3131
1198
1647
4113
3855
2985
6768
4961
4882
2077
5886
8449
4840
7246
3601
4374
1269
7874
8278
8409
1661
4997
6103
6633
8604
5645
3470
4230
3622
1259
7969
5339
1906
8645
703
2059
8260
4984
4097
6169
1045
9170
6902
2489
2388
3584
6811
171
5580
7459
1041
2240
6927
9380
6007
3731
6498
6535
836
7371
1880
2550
2873
6445
7111
3642
3893
2417
5401
1327
2809
8584
8828
805
6465
8446
7648
2840
5498
3839
4739
5933
6769
3354
7991
8633
1735
9208
9094
1576
3355
3826
4064
4849
9524
4168
8812
5890
5018
6346
6857
7407
8741
1810
3373
5303
8114
1613
4903
3462
3402
2883
2757
4081
101
8524
4298
7815
6637
3896
460
1483
2216
6700
1289
4099
1441
3970
3495
6837
3501
6282
5700
1127
2351
7984
692
1958
2252
4237
2224
6381
3730
9427
2117
2377
4803
1942
1462
4288
3047
5444
5570
6545
8276
2845
2964
3951
5832
5785
6020
1645
5762
2594
5142
1386
591
6531
3167
5002
1531
316
6407
2673
4711
384
7274
2369
2222
2175
2569
7904
7860
8173
2264
3881
835
7163
389
6104
4296
3946
6934
575
203
446
7870
7703
7333
2112
468
4256
8238
8525
8061
255
5584
4164
159
373
3616
8294
2038
5225
4369
7071
7778
5100
5899
3298
9090
6852
1435
7685
7454
8813
4671
2078
8389
8529
5835
6600
9397
7431
2395
5480
7185
4686
2783
7859
5767
278
5372
5027
1709
4794
3617
3614
3809
5838
7853
4217
8774
5188
8699
4935
8235
9290
7035
1364
8437
2844
7047
8418
8767
4652
669
1909
7586
7878
7395
4667
3145
8873
600
6417
5622
6142
312
1513
3697
352
9367
3018
4299
8368
4704
2187
9236
3166
2755
4326
3411
7272
7644
3198
4980
2684
4363
1138
8219
3824
607
3524
4560
7173
18
51
115
4004
4454
9530
8517
4649
732
274
1774
304
5509
140
3740
3062
3509
8448
6513
4331
3810
7574
17
8587
2249
8258
3872
7611
3898
9298
5701
6681
7213
2293
5597
9227
8806
1991
3670
1224
4912
9194
9343
9097
6816
5611
4040
3961
5962
4541
4123
1433
9475
4129
9013
8457
8103
4255
501
7388
5844
657
1425
5433
6838
6276
22
1873
5581
6864
5013
8416
683
5304
5051
8333
7805
251
1050
9187
9051
6901
6137
7976
997
4072
8150
5800
2387
1279
4152
4951
2042
5467
5104
5946
8765
4190
7427
8761
234
336
7295
5130
2091
3201
8759
5288
8003
2639
8246
8637
4839
7310
1561
386
7649
5407
33
6183
2001
11
1824
9038
9106
5237
293
8403
8259
7928
2167
9390
163
8351
5971
1776
8139
2341
2345
3521
7030
9561
2965
65
2892
7487
3941
8613
9420
7966
6854
1147
4820
4412
366
3984
853
6900
333
7253
2363
4826
5575
4071
1124
1107
3634
2843
7971
3413
5810
3299
4682
1121
3174
3067
6989
277
5335
2191
1726
1677
6719
8478
4272
1966
4002
6251
7248
9334
4553
3525
8071
2358
4125
3011
8053
3901
5687
8068
4305
8348
8663
5202
1075
7503
2406
6127
3360
5793
1382
1046
3663
3552
1314
7419
3286
3195
457
2469
1558
2510
3637
5172
921
1875
1995
3852
5982
7480
1946
5998
9300
844
8968
3134
6983
8839
1901
7636
2891
2579
3386
3221
3903
3938
6573
4380
3105
6177
3169
8574
3014
7846
8192
5937
207
783
3363
1985
4605
4100
6432
1076
2936
2718
9206
8493
4498
3232
1927
5578
6392
2518
1831
3150
1849
9093
9166
7694
2900
73
2248
6063
890
8375
2813
7251
6239
1725
7085
1006
7365
5850
3243
3811
3716
258
7647
6240
2065
8036
9410
2401
6379
3983
3774
9135
5778
5122
7901
8860
4333
7967
7533
9067
2952
5331
6791
3831
6977
3132
7374
3886
6362
1593
30
2275
1797
8130
96
7761
2913
3900
9434
5010
8027
7655
8698
3738
3377
6237
4420
2711
4583
5880
8083
317
4501
3188
9448
6411
6144
7285
7824
513
8843
3619
5518
4023
1226
7542
8554
8187
371
6992
2299
7813
7174
6477
2970
2445
3289
7766
4300
7547
2874
4284
518
4260
5608
8220
7212
1728
5108
5258
377
3513
6243
8626
7061
3415
1615
7834
8825
6647
4638
401
7993
9222
1101
5926
1691
643
3161
1957
1829
1845
1508
7546
3034
5781
970
4074
300
9352
3895
5392
6642
8608
7582
3129
4742
770
6914
6470
7753
6611
6766
7724
1104
8005
173
1308
5731
3956
7975
3755
5090
6619
6691
8537
7732
1863
7646
346
5618
6644
4862
3828
4706
9145
1706
9235
4650
8203
660
2242
2400
7286
5087
1372
2615
3073
8160
6019
414
145
5071
1870
8482
3417
7044
6294
616
344
7108
5849
6217
1035
66
5814
5448
7931
2779
2323
1932
7467
5488
3398
4311
1687
347
716
1521
2295
5048
788
2552
1081
4542
8366
5103
4032
8527
6206
5504
9405
3316
4601
1170
5019
4566
6079
249
3464
7884
4195
9345
1625
7102
6179
2549
4833
472
9377
5133
5253
2617
719
7785
4510
6744
256
7455
4434
7992
6689
6363
5091
8826
8876
7210
712
3711
7411
6415
2461
6540
8893
4143
3474
4334
3337
9557
489
7268
4222
1119
8057
9306
3647
4304
2098
5505
4247
5798
5605
413
156
7127
6863
2276
2859
5539
3260
9139
1069
1712
7151
2953
6322
7465
2410
587
1117
3753
2171
8859
325
3242
1470
8603
9143
2243
2207
6812
6974
475
7225
3322
23
3179
3673
6520
2942
7032
1786
2738
3695
2723
8508
4273
6936
2209
2925
4789
871
1907
936
1307
609
3158
7280
6527
7765
230
5974
2405
2220
7639
1510
4606
7303
7523
5774
4735
4320
2928
41
5557
6836
2052
9438
6466
7313
534
134
7021
3015
236
7307
2979
678
9251
6653
3436
1560
8270
6495
7630
8507
7619
8595
9371
150
831
6003
1319
5381
6721
6926
7083
6755
3139
4227
8032
3775
4675
6449
1637
5408
2645
2945
5438
8954
6083
113
3159
491
1316
3976
6679
4771
1588
1165
540
7020
6318
1223
3863
7216
1528
1577
2714
3369
7744
2994
872
842
7714
8084
3859
5443
556
3884
1393
9061
6514
9096
9443
4834
9516
4589
8705
7314
6279
3977
6472
7699
5564
7728
3310
6320
837
8373
4133
2940
1737
8965
1770
3358
2131
3326
7734
4524
4115
3308
8362
4886
2005
1365
20
7978
1447
3378
4838
4672
4821
7867
7516
4240
3056
1384
6371
1724
9409
8
1772
623
9466
6361
5251
5336
967
7166
6323
2576
7006
9268
1240
2957
7930
1481
4151
4332
6365
4344
1251
3964
2553
5035
7109
175
6347
9496
2124
7595
6390
1631
1070
350
6134
2398
9125
8903
1193
2223
3575
8451
5005
3042
8822
1074
7018
6843
2238
3547
3270
1475
6071
7723
8588
7570
4366
8677
680
8500
4648
6112
817
4107
1052
729
9546
8770
1359
7050
183
3920
44
7935
5623
758
1980
1926
4561
7031
1034
8040
4393
4269
2872
1993
1044
7907
2602
6760
1519
3196
3423
7479
3892
1684
6275
2591
2479
7443
6921
6315
7176
8916
478
1368
1967
8101
7512
6528
7229
503
5545
261
2833
2097
8236
1065
5031
3441
8204
3044
7598
5952
466
3528
4905
465
5039
5379
5486
7945
956
705
4767
5470
8191
1793
3864
3821
1575
1727
8207
5897
2727
9195
6697
547
2980
565
2030
62
6168
5851
1300
3703
684
6972
2802
4156
8067
3031
2139
4046
2740
7944
7782
3461
6333
7242
3262
4764
8673
8170
5105
5925
6682
8444
8349
8891
9105
3728
8960
8732
5093
7179
2604
5804
9525
2092
6191
2710
573
1072
5996
9183
6502
1764
5592
6646
228
1803
8050
1623
5032
661
5201
2524
8863
7643
6403
5449
2350
7091
5740
1225
4150
8074
4745
2517
1820
7875
2026
2882
968
9278
3225
626
9497
1881
589
5954
557
9020
865
750
9545
3258
6820
5366
2008
1400
3761
8696
8325
3489
7404
6260
3110
8019
6475
1056
2492
6733
6093
2386
5668
1120
2648
8629
1908
4382
1813
1921
5341
8563
7306
988
408
4082
6512
8371
2854
3457
5380
2642
1154
4915
9131
8934
7579
5540
2879
3704
9286
3449
4554
1445
3176
8255
3868
2807
7130
8639
6813
2250
8354
664
4062
7823
148
7943
7447
5711
4973
1825
6521
2528
5116
5862
3747
9451
521
5901
8872
8382
7863
2962
2444
8572
4223
288
9425
2314
1338
4459
1628
8185
2063
4972
450
7525
6285
1299
8772
7524
3672
2805
6803
4779
2466
7637
2608
5284
4051
357
7780
6499
4659
4111
8651
7510
1704
3565
4350
7384
9024
1412
9001
7980
417
5034
8049
3268
6154
1971
1720
6070
1537
5868
4443
8805
5790
2655
799
3160
5944
8697
2580
8434
7063
3405
8110
4618
5092
886
1190
966
1567
3435
2226
2696
3668
1848
108
7161
7767
1487
3028
7240
9285
8877
4028
424
3656
8344
2024
6215
2646
4615
3678
6271
8713
3371
2600
8452
604
5009
8961
8461
8793
2436
5098
7343
5643
98
7357
2486
3227
8889
135
8704
9513
5386
3571
6111
2797
139
4317
1671
6595
1139
9469
2679
6008
9318
8509
9147
8151
6356
4948
8129
3494
2978
9133
9495
7304
704
2747
2447
4468
8380
1048
8364
6524
4294
7094
1641
3585
6537
4564
3628
3341
3420
6413
6963
2464
9415
432
8292
7877
832
781
9250
6888
7540
9436
7004
4579
1696
5902
1826
8125
7628
1199
815
7796
4005
5081
5473
5708
5765
9169
2918
6787
9088
1145
5543
7284
1172
4489
3705
9151
2009
7276
5235
7068
9354
9160
7537
2085
2414
6193
2450
5709
8211
9201
5006
2901
2657
8638
7652
6025
6485
670
2631
2774
5529
559
7504
2794
2370
731
1498
4024
4280
1089
280
7910
1669
7677
6547
45
5439
8671
9350
8546
4545
2759
3549
3088
3989
400
102
3376
4502
4926
5129
6094
5060
4283
6523
6224
4303
2319
2458
3144
2292
3661
8758
5144
3001
1952
5403
7606
6473
7266
2715
1857
4721
6462
4991
5644
8779
4472
2575
3615
7160
1276
5613
8614
3130
943
9140
7593
3471
8695
7954
4475
3317
5231
6015
1440
1781
2061
2997
5997
3140
8680
1262
4207
3323
2192
3507
4574
4578
2737
4066
9355
1151
7558
1085
345
9267
8821
178
6122
107
4866
8578
222
6764
1741
8357
6906
1334
9009
2308
4514
4192
8700
7097
6624
3085
1559
9213
6670
8708
8836
7462
3798
953
4492
4588
4453
4242
6429
4858
5896
779
3209
8315
8730
6319
6969
1817
8413
5454
7562
2313
215
6159
2897
3239
2991
5332
9014
4142
5025
8612
882
9456
1031
1766
6996
706
9445
6991
3962
646
7485
5047
3829
5494
3407
5627
7698
2434
8471
402
3058
5787
1057
3185
2519
5992
1872
4985
1689
8855
2025
3841
8156
4373
53
7262
6875
1348
8684
6953
6871
8567
4466
4185
179
6102
9471
259
5594
6878
1885
2662
9447
5068
7227
8905
672
1962
5875
299
7580
5293
2513
3459
3279
6424
961
2782
9116
5809
7426
315
9065
4854
3909
8206
2749
2382
2362
358
2790
86
8901
1213
2070
7850
639
5829
1734
7218
9473
4120
9274
1806
541
5817
2213
6887
8233
6483
5704
8350
8837
5221
4323
7232
2236
6086
757
529
3458
6552
7347
420
1003
6748
1899
5163
2303
7926
9172
1722
6476
2181
7613
7321
3399
452
7798
538
435
2502
1997
4850
1805
790
3003
6793
7985
1642
733
1855
8539
3723
4179
3715
5161
7996
4157
8147
6979
3508
2169
6181
5490
6893
2435
8089
5367
4663
6073
6017
257
5206
5596
7326
6300
4275
4593
428
2141
122
2764
1488
1285
6244
9288
8286
8244
1862
8503
5063
9155
4413
2914
645
9113
522
1342
128
5547
6450
3072
143
3147
4467
4792
4962
4229
1970
4236
7250
8011
4418
3315
3691
5647
1356
7390
6484
2866
5395
7981
5240
8894
2799
7133
6550
9112
4778
8798
4921
3669
3005
1974
4155
6892
3348
2441
7940
7854
8460
2473
7624
290
2829
5719
5286
1595
1743
1022
3598
2420
2726
1248
1723
93
5669
407
7983
176
5492
7795
6196
954
154
4087
5609
3721
4864
3330
5306
2885
4474
5976
7672
419
6065
8317
806
5255
95
1925
7129
7023
4378
909
4070
4762
2158
9308
239
4360
3527
8803
1502
6629
9559
3512
3520
2618
2816
5777
3424
6618
5855
2827
1038
822
4047
721
6783
9127
693
5632
3045
6107
5882
2361
5160
801
3515
4572
6331
9336
7114
4202
492
8338
2788
1918
2286
4235
2499
6770
6693
5278
9477
4335
3184
9543
2498
6172
9036
1955
675
4512
6269
8247
7848
3251
1713
8951
5334
999
8463
4923
1988
8635
5733
2910
5369
2407
3722
9485
6501
598
7521
2206
5256
2
7400
5893
887
6116
798
4200
5604
132
8523
5808
8734
7741
2848
1221
5928
9486
4416
8186
4497
1896
3651
5387
3667
6723
5683
2415
8959
6138
3020
7821
6211
4770
1491
6601
3212
3496
1106
5338
1345
3945
2100
3908
1178
1742
6827
7311
923
368
6212
2174
2567
4345
5223
2975
7774
777
35
8870
4440
4225
8579
7762
3749
2307
4253
6241
7452
5196
7557
7053
7775
4756
2693
1231
5921
6265
810
162
5864
644
3739
5857
8021
3211
8096
8667
1898
4365
5312
2093
314
3235
2699
656
5348
6591
9509
8111
146
3990
1621
6889
1841
110
6716
9281
5241
7729
4001
3813
3439
296
567
7324
2954
9304
2429
6152
3007
217
1015
6617
9004
1664
8174
1416
9490
7906
7054
46
4929
964
6325
5388
5425
4738
8858
5232
5199
8780
7914
6762
3736
5361
5475
6632
5016
8462
7409
27
8228
8079
8001
4485
8423
5863
2340
5520
7544
5462
6775
3445
120
7277
9527
3652
292
7208
8112
7716
9303
4877
2322
795
8747
1288
5815
5445
2195
948
4355
1552
9266
147
3646
2670
2228
4944
6907
5612
6949
3059
7147
7825
7383
378
5416
7527
8884
4692
9052
6368
4793
8352
8000
4691
1800
6952
5984
8232
8809
4958
8135
8762
3867
480
7432
1802
141
4329
9382
7231
4103
7027
4892
8634
3302
5688
6023
7597
1414
2548
7535
3764
8622
2543
1257
5245
655
7394
568
7862
1150
5555
1293
5524
9401
9309
802
8306
2828
7171
8620
4720
353
1277
3954
3958
8081
4035
3182
1616
905
2777
8421
2239
3769
654
536
1608
4788
4586
5853
8261
3137
6759
3531
7014
5522
2438
4931
294
9455
3497
3087
1463
8566
8926
6874
2659
2633
3409
5726
4519
957
7722
4444
1371
2375
807
9128
7022
348
5508
1674
528
4893
4645
5233
1851
6324
5185
6975
962
8487
7325
2707
6036
3693
4646
2198
1423
1972
4744
449
9062
3071
9182
741
9257
5816
5075
1589
742
1130
8046
2089
3265
3778
5095
3992
2289
9232
5934
8896
5626
2800
2324
4712
3718
5936
874
9541
7009
5329
7792
6147
1992
1156
4511
4261
3069
8729
2134
8869
8195
9441
2884
6749
4754
6538
5746
8105
6954
5246
9499
1634
32
3709
7038
8763
3665
2554
1635
1164
8480
8198
8749
6696
7718
121
6988
1557
3772
969
5
9217
9252
2010
3794
5052
4370
8048
8282
4128
7433
711
7279
3215
5694
560
9068
1931
8775
3320
2501
4043
8397
8564
5179
8953
3009
9467
6491
5164
5430
576
6589
7560
2353
3063
2491
4340
1079
7300
443
6978
9080
2040
9400
7845
8735
5374
4330
4647
3244
2212
5405
1455
6500
3578
7635
4126
6702
445
2182
5452
7536
6435
1388
1033
1010
6572
1261
6312
267
3476
2411
5930
681
6648
3688
707
6920
9184
7925
6055
8127
7872
2538
535
3604
7334
7448
2204
7738
5532
6012
1544
12
7482
2321
8819
2926
6965
7882
2623
4633
9472
7743
975
9487
8776
5328
7093
1736
1025
3805
313
8686
7713
4196
4769
8342
861
6587
3431
1236
4205
5396
1357
6704
1780
2630
1373
8459
545
5300
5040
4724
245
1811
3076
8556
611
6153
4061
6488
2520
2871
933
2923
4012
6706
1007
2974
6750
1112
2858
4339
1744
3292
8214
4585
5058
2120
8830
8199
5489
5415
2291
7801
6511
1078
2389
8942
8296
4166
2130
8783
4132
1707
1626
4318
940
5045
8109
8955
8311
9082
6327
517
6976
2475
6859
4567
4660
5187
5162
7519
5943
6431
8897
5751
7438
3505
3720
6602
901
5942
5173
9246
7011
4906
1350
7257
6245
9076
7372
5738
4956
3367
76
6077
6831
2237
1448
7049
9459
5501
8018
2202
6917
2471
2937
9157
595
8044
1126
9193
7416
3991
6249
6192
7592
6453
796
8930
2057
1399
6048
1376
8287
5837
482
5791
8119
6197
6395
1738
1218
5938
57
7659
6173
6226
4291
7608
1296
8515
7315
8528
8479
5200
8624
7224
2748
5792
4013
8553
2772
1749
1659
92
2049
7752
1235
2440
6946
9419
1877
3535
4505
3530
1950
8149
9040
469
949
7484
2624
8104
3478
5979
2260
7501
6170
6284
8077
3907
2051
5940
8709
5210
5302
4945
9368
82
3757
755
3795
2454
3832
2494
3454
7403
9216
7879
2719
3428
6148
2949
5001
4737
8277
1340
7987
903
6909
2086
3985
8857
7658
9322
7918
1097
8385
1556
6422
3603
4938
6879
2465
8098
5244
4257
1039
7158
5437
6571
7781
74
7836
1286
634
5333
6069
8360
6891
2258
4139
1675
8890
3154
6765
7899
6281
5238
5689
4109
2069
843
16
7294
8558
9566
8441
4067
6597
7226
6398
7568
725
7059
7982
4324
85
6350
1103
4822
2424
9262
500
1889
8707
2133
3450
2555
4693
3610
4059
8345
2867
7654
2689
1938
7128
4069
4516
2868
5155
4244
192
6821
5084
6095
8175
1852
4481
5985
8234
2846
8616
3422
8254
6038
4119
9498
6377
9180
7010
952
6135
7887
7797
6564
2083
4891
6609
4270
8782
728
3629
1846
2032
850
5346
8986
2609
859
1013
6698
47
3306
2328
778
5713
4026
4697
4349
3037
6796
8712
7817
7378
338
6709
5171
8172
8099
5230
1143
1550
6394
2478
9101
6771
8804
8978
8630
8153
3588
5411
8866
2044
1053
759
6188
8970
4042
7941
201
7003
7046
3797
7113
6800
3746
4124
4055
4810
4049
8033
1887
931
1290
5195
7513
9302
5148
9379
4604
6121
2571
3171
2761
4281
1493
4208
4534
3735
7905
7005
124
960
627
8304
3638
5972
8887
2079
8632
8197
2096
6935
3882
26
8504
7509
1188
4927
6293
8737
8284
152
7891
2514
8343
5717
4031
1024
1220
1332
4010
7150
1406
5484
1858
688
7554
3219
5261
7518
4872
525
8522
7069
3959
6489
3682
8967
6313
6736
2105
4855
1809
7086
3844
4743
6150
5965
1209
2378
6052
3036
5519
9179
5156
9534
6131
8535
7124
4165
3534
3641
5296
5190
6925
8817
4507
2739
3782
5610
2640
5827
3684
5061
79
6385
4713
4910
8956
1394
7000
5263
28
8657
8043
8969
9231
4079
2113
6171
3126
7270
7963
7470
7912
6534
2682
4484
7700
4063
9376
6575
2468
7923
6728
8227
8958
1512
9008
3563
9029
5894
55
4306
3374
7667
1540
2281
7385
5414
8769
4823
908
710
9556
7223
3282
2607
4871
6945
7903
6200
7360
5577
2364
986
8545
562
9291
4782
1490
3117
3467
5649
5069
2557
8577
1956
3448
6937
4037
2987
8691
6694
6067
3030
194
2384
780
5191
2542
219
1523
1900
3742
5121
5279
5057
4874
7349
2504
488
772
3220
3273
479
6451
633
756
7026
2525
3923
1568
5712
2203
6603
5363
3403
6654
3883
1429
695
7855
6861
8649
7301
5536
5739
8237
1539
3183
6321
2558
1732
2831
4939
439
6731
9327
4811
7997
5957
3529
5465
3010
2658
5266
826
1238
3574
8688
2230
9037
6053
813
5945
6981
7873
305
8425
2333
9416
2271
6316
7084
5000
4476
7078
5904
1180
907
4587
7126
6178
9370
5535
852
5722
7381
8562
7908
9519
3706
5349
1767
1404
7711
3475
3676
1037
6559
7461
7631
5657
797
2860
3340
8240
2156
8213
5634
1627
4252
8369
584
601
1358
2650
6828
9493
3906
6510
1328
5720
5220
5413
5036
1335
3327
9272
3118
7674
427
929
455
3006
5903
3155
7296
3833
224
6590
2163
743
6746
1239
5877
4385
42
5818
7499
5186
329
1125
902
6289
6958
6772
5878
8597
4883
7036
2647
1646
9563
9083
893
4719
5003
8419
6919
1200
3465
3939
7673
6421
5861
382
2041
7812
502
1748
4772
7282
9161
5429
6526
7786
4569
4785
8166
3632
8674
5994
564
3586
4204
77
3878
4463
3582
2835
8607
640
3223
4736
1301
5749
963
1278
2801
3410
9329
3966
8621
1884
505
5980
5655
3339
5637
5479
7041
4446
232
8358
1987
9364
2148
3511
8984
580
4254
9458
6337
8408
8251
8687
4106
7401
1294
3557
43
3040
289
4461
1572
6671
81
2392
4809
5385
2754
5583
714
1457
7180
1233
7375
9340
4314
4644
1822
1860
5960
1115
5931
6167
1272
9388
2029
1005
1874
4626
6334
8915
6777
8028
4169
6985
8121
4122
2934
6792
7602
4887
1777
5566
4406
3033
6478
3596
5802
6577
4907
1071
5107
2367
4994
577
1343
3580
5905
6938
4690
4199
5867
3822
8285
7039
4379
9055
7876
8838
5563
409
3112
5619
6987
7911
7838
6915
4669
4624
6781
6566
8569
6216
6248
8543
2984
2834
1610
6867
6222
5175
6292
3481
5516
3567
4039
3538
3493
6396
682
1658
3394
1517
326
3149
1773
7946
816
5355
5097
1986
8534
5693
4068
1757
1525
8789
958
2876
7292
6844
1964
3016
4295
3532
4308
2836
7856
392
6922
823
510
9293
5884
1243
4781
4543
9494
8918
1657
9109
2108
7936
306
3152
6997
5198
5531
385
7215
4038
429
351
6990
8947
5715
6503
8410
2154
7575
6030
8142
8898
6570
2185
7740
8682
7889
3862
5917
622
2904
5365
5978
5393
717
8465
5761
5652
3444
5495
8807
4995
4503
142
4889
4409
1282
7191
9211
2924
1699
7187
1312
8188
3854
7283
7214
8301
3048
6560
6605
6252
2536
2636
7205
5628
6351
8856
5975
6043
4189
6220
7742
981
6088
9453
4015
5326
3952
3943
9351
7142
2728
659
3170
2899
7361
9532
5371
3979
1330
6626
4020
5456
4749
7221
6091
1566
9276
1144
8037
4766
6846
3082
6628
6425
5180
4522
5616
4163
5065
6481
1244
6998
3092
1747
5228
8973
34
9558
6659
6674
1605
5461
1933
8900
404
4808
4030
5590
840
2253
8722
1496
2081
1878
7645
2793
8592
4460
170
2621
3190
5807
9058
4426
1379
3307
3277
3127
3101
7075
1123
4603
7440
4976
6725
2746
2462
105
2977
7329
8398
5562
2959
91
2680
4621
2634
4832
7472
7466
7929
6357
3267
5914
2309
9249
8552
1253
5675
6692
3186
9360
5014
5541
4101
8466
7961
1195
636
7589
130
1636
1821
8341
7241
6993
913
5620
3136
8117
7660
3570
4528
2598
1264
4178
760
7641
3791
7840
8372
751
641
6078
4439
4359
6973
2568
8611
1472
3141
3820
6738
1759
6756
5422
1721
1923
8904
507
6258
8928
7337
628
3440
8154
2056
9553
476
2948
1630
4515
7370
6720
2578
3916
9021
9199
7117
2656
8356
5680
7157
271
2371
1140
5410
3995
7810
9386
8171
8415
821
910
1362
2919
3702
84
7769
9426
4898
2173
2627
803
5607
4219
4411
1430
3591
848
7165
2054
6620
7098
254
1526
8225
2661
7919
8055
1210
3784
7450
2037
4830
6330
6685
9431
5895
1948
5912
6058
8548
5011
6695
4797
3972
533
2877
7679
6598
8194
8923
6727
2784
388
4289
7007
8602
5360
1063
6910
6823
7869
231
1690
5517
5750
8814
2020
6557
4258
879
7444
8913
1161
3573
2157
4216
7197
332
7816
2121
1229
7308
989
3083
7640
7831
2487
3865
8411
8136
5658
7237
7900
5569
3479
2115
7695
3437
5621
2530
6918
8801
6040
1267
4800
6931
3790
2190
4322
5819
2325
3070
2512
3032
7534
4658
3925
2628
5500
5394
6556
4908
4362
6718
7868
1545
4521
4080
9175
3017
7413
7715
2028
5559
5706
6000
4842
3687
3887
1008
2080
2921
4400
8714
7642
5135
1207
2671
8335
2316
1778
5322
828
7617
9404
2780
4773
6714
2423
6057
3928
4829
9007
1954
3038
8094
7393
1547
6304
2007
4612
4145
8126
9305
1719
6885
9006
8205
1649
1374
5770
6912
1835
387
2349
4022
8681
4625
8797
5841
2996
8476
2649
7584
2296
1853
4105
9528
3645
5549
3488
3681
8468
7605
5615
8202
8041
1982
9163
3012
6344
9433
2539
2950
4967
5262
5553
6383
4537
8279
3163
1284
619
4358
7706
9389
4999
5869
3934
4390
416
8585
4506
6228
1011
6680
2412
6504
2397
8484
3919
6657
185
6187
7719
5866
766
3472
5139
2379
8710
1486
5493
2136
7588
2232
7297
6578
6314
1553
1042
168
4816
8743
1369
1381
2109
7610
8658
6814
5478
7871
8155
4937
1375
4896
590
3599
7168
5752
9045
3933
5656
7344
897
8196
8386
8818
7750
6724
3836
2457
2878
4433
9374
3664
6872
6054
5710
4707
9148
5582
1815
7331
5496
4565
8906
6994
3153
7445
8895
4533
208
9173
1324
2055
1789
6612
8648
3993
583
9356
6085
6443
4761
6717
4159
7406
673
2545
9031
3888
7793
5022
8706
530
9387
1672
9273
1910
1708
7634
2273
8274
7120
9044
1979
1905
2893
9019
6858
5663
270
2470
7342
7373
8401
3889
4868
2205
5321
8440
6832
4597
2732
1201
8808
5219
1676
8867
9442
2186
3812
4733
1415
3801
8640
4188
360
4479
7759
9171
2246
5043
4790
8283
94
4783
4723
5406
2188
3332
5264
9512
5358
2208
8989
1040
2428
4410
3583
2360
6817
5460
3537
5993
7121
3200
6084
5854
4661
5888
1612
2497
8091
694
7727
1501
1865
2064
5730
6295
7029
7194
7755
5900
4174
1480
6665
137
3700
3000
5421
9514
2003
7148
620
285
1960
8231
2327
6767
7885
4462
3526
4679
3967
4211
8827
1059
3214
3847
544
3626
4218
4787
1331
4853
8919
1116
4881
869
8526
454
1924
7811
6622
7350
1250
9092
5913
691
2280
7322
2290
116
2616
685
7220
1888
5376
5638
284
570
8642
9476
6968
6075
5350
563
5205
6397
6384
1808
5724
6336
4292
2638
6967
1141
3368
8017
5170
3425
4029
104
7522
6606
4009
8379
7702
4191
5568
2460
6882
5953
7505
2346
3451
6830
487
6376
4162
498
8137
7754
8977
6940
5736
1323
8547
3758
6185
4857
7318
8252
1203
2973
3955
301
1596
5983
4576
2356
2565
4960
8013
9156
6690
3840
1984
118
3460
1096
8786
4846
9265
1904
7141
496
8571
6810
2586
4491
8025
8029
4776
8760
4342
8538
7182
1654
7922
5167
2183
1522
9463
272
549
6686
5908
6896
7190
3482
2413
7615
7219
3396
7949
9531
3504
2787
9457
9158
1459
8666
6548
1313
6203
3311
204
6862
9296
5990
7228
8090
6410
4614
3229
7451
8846
3352
767
5152
6109
3754
9280
3768
8660
4637
1417
5595
5742
8405
7496
5307
5458
4827
6442
3125
6406
2180
9482
1911
8724
9159
2564
1215
226
4802
6210
745
3091
7115
