1990
5170
8327
4733
8056
8886
4389
6292
3994
901
1570
5017
9080
5319
4946
356
9453
1852
3997
8764
7013
5901
8464
8298
9127
7937
9219
3358
5906
8469
3162
1877
5800
9031
9195
642
2848
8808
2062
5189
5910
1905
6019
7156
5029
5468
7599
293
3768
7192
2075
4108
9458
9076
6852
6098
1468
371
8715
5619
152
4084
2688
4236
4501
5175
6086
8356
7399
3397
8906
8015
4586
3767
3122
867
917
1614
8614
8545
7369
21
7642
7814
1186
407
8295
6849
8594
9455
7903
552
5329
34
6330
4639
2295
6346
7464
3283
3901
4020
557
6349
7332
4411
7959
4977
3772
7749
9407
1569
2447
8246
355
5822
7273
7790
5176
4522
9500
5705
2818
7571
5358
5612
4556
4691
3342
4908
616
3299
8889
6707
742
7727
9201
6653
3375
705
8053
4783
3322
2973
4561
7714
1755
4961
8815
5010
6302
5976
6907
8880
945
4929
8694
1355
4441
1433
8183
8883
9159
9199
3827
1222
7999
5275
9373
3316
4429
8503
6525
3335
4806
1419
352
5600
4937
2534
1749
2192
5440
1363
1834
9388
5793
7778
775
3559
5783
5771
2231
923
439
3701
4137
3331
8691
5846
4604
6835
7488
1313
4792
873
1475
2703
3320
7212
7515
702
8756
5782
6350
3663
2385
4871
7598
6494
3424
1424
6477
9007
5573
7364
3737
1370
6941
3273
7785
5436
5465
5729
5248
2878
1207
2937
6630
3878
3475
1151
2935
4204
6815
2502
7289
5780
3005
1449
635
7861
4858
1925
240
2401
6760
2265
791
5935
7046
1799
3088
8684
6720
5927
90
9190
1339
7740
7419
7534
5972
6205
3313
6774
2083
7559
3332
5542
2300
5093
1725
7760
8696
8944
6999
4532
6645
4804
4306
7362
3256
9356
6321
6868
7117
210
9294
8038
3481
7945
4523
1853
3980
2009
6064
9323
5752
2716
7736
657
2512
8048
6389
3020
1822
2699
1110
2905
6750
2904
8524
2928
5382
4504
9320
9045
8226
4712
772
1268
2519
1506
1531
4558
7072
2856
2667
4117
5724
345
4510
4702
4786
8057
8134
4114
3680
5996
7475
4176
6266
6601
8991
1604
1978
8456
5828
8822
5357
2775
95
1229
5087
1391
1248
1263
6016
6555
4668
2043
1762
1479
3119
1100
892
1960
3973
8619
674
7440
2685
2741
5100
8390
3538
1784
714
434
4765
4467
8350
1607
2404
1985
5184
4040
4548
2978
4718
1537
3278
2370
6573
8537
6391
8106
2595
2354
1562
8588
6686
5551
9404
3957
4186
6538
9484
9273
5683
6454
4541
3686
7414
6045
9171
8371
497
4423
683
8730
8162
3537
5179
5300
9305
2769
126
3293
9437
8612
7603
3312
9514
3568
4099
5412
1573
436
2892
8774
3522
3931
7813
6262
1138
3050
1974
1505
3329
3361
53
5832
1182
7217
2213
7057
302
2156
8832
4371
7295
4774
5098
6734
8342
2867
1244
6798
2342
1417
5467
4008
6893
2415
8287
4268
3595
2461
8739
2431
3862
4092
7042
6472
8380
5788
8008
697
7634
5588
5172
1220
530
4219
1686
883
3860
8975
1546
7446
1139
7683
8181
921
1942
8748
2248
4621
6850
3501
8871
6936
6953
4335
3962
4426
4221
3019
2912
1303
1028
1640
2855
1447
1027
9124
1162
816
6011
7386
5064
7485
801
40
2313
3758
4715
630
1782
397
6964
9457
1402
8580
1305
8486
4378
1432
9173
2166
1483
4374
6656
4998
4579
9316
1745
2727
81
2751
5995
6172
8672
2560
963
8216
2671
6808
6491
6436
5961
6191
5166
8600
1657
3953
2728
1131
1760
5317
6295
4875
8032
2632
7315
4224
8664
8113
5095
1597
3952
5304
886
4039
7618
1067
5343
2329
1152
1320
8706
182
3042
930
1893
1998
7270
6780
6820
1820
5230
602
966
8928
7520
2172
957
3575
7174
4941
6288
2606
6938
4531
98
3619
2356
7936
9374
852
4454
5920
4146
5841
3254
7109
1805
2813
4153
5403
2526
3723
8512
4281
6956
8817
6869
5083
9090
670
9557
6990
8728
6679
8850
3714
7304
3930
157
6536
5279
1356
4729
6962
1605
7720
6071
938
6546
5517
9216
5923
6141
6373
905
3046
6915
7620
8724
4873
9264
5784
353
1684
7449
3163
5371
7933
3219
7560
6116
4234
1920
2414
142
2303
5364
8805
4542
7252
3890
8989
4090
802
3072
1794
1540
5065
744
6189
2884
9523
823
4019
8963
6451
460
8761
7417
5624
8158
4133
603
9055
3139
648
6769
1048
556
9313
9351
6517
2652
4583
6217
1161
7526
3039
6693
4969
5108
219
4249
6139
868
5766
1778
7291
6466
9012
2223
5177
857
5673
589
3000
1953
8951
4515
4127
5686
6027
1443
4351
37
2424
5513
1685
4381
7508
3298
6390
4641
1366
3909
2051
3431
244
4152
994
3177
7837
5695
9489
1728
2027
6826
7064
3628
5643
2119
7360
7863
6060
4630
8737
8539
2115
8196
7020
7018
7579
792
1691
2836
1816
3992
3840
8161
5836
5249
5
3240
4269
814
7229
516
8992
6779
6862
400
1233
5375
7205
1296
4934
2798
7509
1494
2294
3801
2240
3406
9467
6607
5383
9111
3218
2220
4728
4846
3138
1517
1394
8950
3704
5515
8749
6005
623
3094
6272
3764
1929
5016
9125
3790
2766
2914
7593
6183
4562
8681
1111
2653
1909
3205
7948
1487
1830
3169
3382
7626
8757
2242
9175
8969
8905
1408
1489
1353
2279
3161
5912
1846
7565
5254
8947
3
1743
7799
394
7841
172
4132
7751
5958
3315
3679
2235
2200
8624
1418
3195
8967
1606
8677
3221
5938
1776
9225
7224
6249
1038
2834
1534
2466
9265
8457
1127
1338
6356
13
2015
1251
7562
7810
7820
5693
9247
8759
8449
122
5223
2540
3916
8359
1326
1982
1906
1145
9021
1008
306
7577
8495
5237
1446
6833
8276
6641
7983
3857
1333
3112
4580
672
4791
9107
8373
4023
1618
9059
3309
2852
8579
5327
7828
3124
7308
1792
3516
5610
5417
5033
3797
8796
3490
367
2453
7866
3946
7058
8775
7821
6021
5446
8112
7128
2129
4103
8862
6547
7183
893
859
6150
7076
5987
3793
7344
7489
141
5144
50
3671
3446
7025
5049
4549
6345
6267
3639
5965
6383
842
346
5097
976
9110
1648
5509
2010
1673
2478
6277
5970
3203
3111
7780
4932
4795
1807
7065
5454
8980
6461
1572
162
6113
1620
3895
5369
6224
1420
4617
7659
4265
5272
5229
6651
5951
248
5607
3987
6762
1626
3405
759
1763
2701
464
5247
4999
1947
2920
2823
2306
2966
5132
8023
2489
4803
717
6319
1407
912
7480
3330
1164
222
769
3455
9130
3837
5909
7010
5081
4852
9292
5518
4329
4080
1828
7210
7924
8360
2761
2048
444
164
8378
5205
7265
1786
8203
6504
2725
4021
2293
5714
4494
771
7907
5291
1889
5533
9477
690
2225
9474
7910
3190
1259
5977
8077
7842
6786
4163
4143
370
6094
3907
5665
5933
2307
8123
8710
3380
481
5361
9372
7336
7305
7954
4085
5330
9399
1625
3063
7496
537
7465
9296
6425
2644
4557
1751
9454
151
5794
288
4633
5139
4183
4948
5557
412
6211
1992
5813
1245
5975
3657
7378
1210
1727
909
3295
2623
1415
3785
3159
6180
8211
2212
4012
6156
7498
5464
8208
5543
1587
7822
264
2857
751
4213
2989
6705
7542
4680
3167
9114
1332
2788
8176
2449
9067
3670
6080
2505
5627
6678
2941
1336
7035
7582
6082
8618
2979
7
4570
7932
7433
1334
7752
4988
8575
1170
1301
6413
8553
3730
8473
1593
9079
5525
5877
6796
167
9001
1047
6126
1270
6537
3465
7523
2676
8911
7716
2522
6333
932
7150
6722
1018
8690
730
5603
8912
6290
4848
659
8760
1477
5620
8264
8772
8024
8570
9154
7628
784
3243
1429
7955
4017
2450
2841
5305
8230
9047
5286
1387
8533
1851
2926
6508
1812
4254
9170
5055
6844
9104
5984
2628
8025
8795
4480
7222
4750
7493
4160
6521
6655
9495
1793
3867
1854
3641
2723
1753
3940
2642
6269
9357
3684
243
7024
318
4159
3393
1169
5406
1079
5226
533
7728
2916
6709
2847
2581
2373
706
1287
9083
2000
1649
4309
8454
5646
7682
1692
2812
740
4155
455
8394
5618
1036
3347
9185
7590
2262
3488
5691
4973
5871
3603
4347
3644
6532
8097
3779
4855
7953
6681
1193
8516
6986
3991
5516
4788
441
3031
549
8844
8716
1821
7349
6364
5720
2552
7578
3598
7401
947
864
2269
6917
7045
6427
189
1080
5388
8440
8683
681
7462
3834
6133
9005
2990
8337
9327
2020
1697
1781
1512
2784
6980
5655
8101
677
3408
1425
5680
632
6615
2128
2582
9078
119
1277
9176
3615
4615
4175
6959
3158
6375
3053
4609
8496
9559
1102
158
5009
8999
6554
1647
7850
5112
5397
7538
4885
8894
2436
9300
3222
2193
3936
4752
2605
1021
5353
7478
7796
4798
7669
8012
36
4122
4698
6492
8643
3234
2597
9567
3096
5348
8747
4382
9224
3378
2028
7673
2163
6626
8518
7395
6179
6397
5479
9315
3286
1921
978
5012
7679
4413
3170
8929
9421
8172
2301
4514
4197
1724
8798
9411
9398
8836
9486
1173
9231
6552
2187
6435
8901
941
7989
773
2900
712
4260
5546
2302
9408
160
5217
9348
1040
223
5585
3305
2258
7049
6486
6993
3471
908
8848
1317
7108
7427
2159
1880
3482
7587
1609
8241
8314
1575
8793
6821
218
5387
6564
7368
3499
7795
3653
4491
2205
165
7551
5456
5867
818
1104
1914
3472
2543
377
6163
5438
8030
9123
8508
2318
1293
5550
7007
9259
3345
3098
8055
2641
646
5197
7540
6473
422
3564
7066
7647
4322
7073
7701
52
6175
614
8688
8419
8613
4628
3055
2854
1159
840
1533
2068
668
2252
8237
1309
8548
7800
6987
7845
4818
3264
8268
689
1765
5046
5058
5211
1132
6331
9250
4883
9070
3711
518
9150
1671
7759
5212
6159
8758
5947
6204
2254
7725
2093
1413
2839
4720
6688
2696
3476
5728
5589
812
2678
3777
2419
6279
8800
99
4041
1478
3954
9099
8224
7202
1496
2913
2821
7139
7962
5489
7970
6152
163
5535
8006
9065
4315
5884
8678
3319
7353
8210
6743
3024
8423
7995
870
6597
6463
5876
5498
7961
2039
2535
4870
6926
6157
155
7407
2732
3532
203
8455
785
7178
8788
3454
2031
8986
6807
5056
1136
1215
7219
6976
2777
7028
5981
5117
7539
2277
7889
4886
6366
6274
1284
1046
7138
7859
3843
252
6028
4695
6888
8291
1567
6243
4598
615
493
6339
7385
5672
2934
5819
3359
8887
1783
5919
1143
5814
3180
6527
2609
7580
5380
3977
6732
504
4538
820
6515
7809
4414
2173
1632
6932
3500
2394
5331
1064
9037
8263
5430
279
841
4736
3116
8734
2557
765
564
5103
2771
1690
7029
8603
3617
133
596
4601
3689
7853
449
8915
3849
1298
7477
1255
4087
5473
8389
8954
2175
3851
5156
8177
6717
1530
9451
961
8193
4935
7905
8571
6499
2169
1147
3942
8285
3988
6293
56
4613
8983
2239
4341
1307
1574
4539
6933
5694
8249
3638
26
5534
8535
4364
256
7928
7228
5263
7838
9401
3392
2459
6314
2579
5259
2921
9470
7774
7884
1318
431
2804
2945
1984
3513
9131
1226
3900
3209
6792
8304
2895
4799
2570
4321
2599
6361
9369
1386
9510
7467
4119
8109
9308
3307
3504
1813
1601
3546
2018
8937
7119
7902
6137
2049
6846
91
402
7576
9026
1999
7721
1938
6039
2717
2517
7637
2305
4670
5460
7700
6697
6218
7235
5642
4898
5667
2631
4513
6174
5688
1180
6897
6385
1066
2932
9042
8122
4657
7193
1930
6886
1053
2624
1879
7124
3422
1455
1052
9560
4081
4004
5158
7429
1058
2389
8365
8087
2808
7495
3274
5575
8857
6787
4828
6636
6851
1405
4964
983
5221
31
6423
1281
7704
5611
1561
249
5191
3724
4692
3835
9540
6505
1198
7915
2458
4711
4472
6619
3384
1172
1988
9469
6181
6378
1908
1095
8349
1961
3337
4171
929
5679
6478
5236
4519
4769
1086
9465
8138
7146
5022
8411
2982
3525
5508
2611
2828
9161
4660
5562
8130
3786
8627
4464
1400
1497
529
7234
5185
5843
7690
388
1250
4930
127
1395
6957
5647
7569
2668
8358
2682
161
9053
1097
6633
2361
2645
193
6387
6002
7490
6055
3047
678
4324
4109
4465
7875
4745
2929
8640
8620
1358
2471
200
3738
5721
7328
9528
7643
2554
6891
8222
6392
4195
7641
5116
2736
8173
8753
1636
8565
2794
7277
259
9182
3629
2098
597
1004
6631
7284
6405
1311
7839
2150
4395
9129
4046
2832
3350
764
7299
6108
4862
8960
8340
94
3618
6428
3544
5428
6040
8658
1399
9207
3259
9509
7081
3282
7458
4415
3230
6946
9100
8547
8477
6286
4972
3998
6725
8266
1705
6913
125
8731
8465
1061
4614
1663
5544
3829
8452
6073
2553
5379
538
2586
378
5821
3766
3599
7405
6024
559
7836
9186
1297
479
1836
3460
8511
5570
6540
3583
7891
6984
8671
2986
4896
7460
6614
4955
2111
4387
3480
3464
148
2360
6309
5937
5878
8393
5174
8865
4724
743
2781
5490
4600
8505
2746
9426
4919
1712
196
7367
1668
5532
6160
5143
3443
232
514
2216
20
273
6316
6782
4652
6122
8094
8089
3210
570
6545
845
4266
3601
1427
9206
8687
8527
403
7978
2190
4868
817
2268
343
6285
6714
5458
4742
3061
5858
8904
8009
1167
3576
5704
2280
2410
6827
6997
7588
2885
5276
7811
4844
8399
3739
9180
7872
9257
4926
8845
1885
5400
3590
3620
2133
6401
8531
8657
6007
6740
6744
3339
7533
4757
6696
3290
4292
3321
6825
4185
5043
3101
3140
1020
3396
5125
8551
6512
8186
1941
450
8933
2407
8592
1155
3206
8970
5787
605
684
8821
8082
2194
4145
5722
4075
3531
972
7600
3022
2036
1670
6054
3291
2476
3993
5155
5079
1056
2612
1895
4766
4945
601
8549
5594
6456
5622
69
7011
7260
3228
6830
4843
839
1314
9310
447
6595
3354
4034
2959
6994
3241
8973
4949
7069
498
7708
1740
1602
639
731
8713
2402
4286
8323
1872
8541
5367
6809
6842
4909
3363
2183
7019
3699
1435
1993
4289
890
3917
5190
8645
1462
6470
7860
6882
4173
7403
6627
3976
5284
334
4703
9082
4544
622
1886
4686
5895
3999
3787
8708
4308
7153
5753
2514
4375
828
4296
783
5024
9101
6182
8744
2107
3390
746
4091
2697
7713
5130
8104
437
6149
2567
7678
2411
8851
4910
1958
704
2420
88
7808
3806
5851
6982
8569
5803
8324
5287
6823
1239
191
6768
499
4113
7241
9542
2815
5908
315
3955
9142
1416
1191
114
8542
9447
494
9502
2762
9115
1659
4151
107
8033
4990
2382
2637
124
5710
1693
7026
8651
8233
7422
2516
4599
4412
7703
7233
6611
3440
187
2730
7131
6268
3922
6766
3407
758
981
3132
4529
29
1948
6458
7135
5985
3284
4305
8502
830
8709
8492
8705
7548
4653
2151
1013
1065
7394
6120
5336
1826
6014
7896
5180
5222
6622
9460
6377
6950
3075
2209
4694
5582
4026
5541
6202
5129
4735
5404
8781
2184
6104
3370
1262
3078
7568
4968
4950
6468
5739
5374
3769
5799
9563
1933
4897
4568
2584
4918
4620
4314
7676
1140
3043
8212
803
3262
8382
4377
4456
2275
5246
7197
4927
2297
8200
4603
7575
3093
7366
3687
399
7105
2157
8045
2829
8066
5628
6646
4507
2217
2500
1087
1026
7608
2550
2940
5964
452
3755
2408
6908
9361
7913
32
381
9375
3068
7943
1600
1714
4062
6530
9245
9096
5409
7858
1975
2759
8669
5280
4762
7088
4031
4747
2433
8554
7882
1189
3118
3092
4726
2202
6831
3201
7729
296
7009
6235
9345
7946
1354
8002
8213
8198
8333
3926
8301
3318
4188
4380
1707
220
8907
7979
3757
8917
117
4290
1833
7854
1115
9414
490
5013
594
7806
8797
2263
2439
774
3097
5025
7115
4994
2287
2014
7517
2474
229
827
6616
4894
1352
2123
4906
1106
4406
4649
9205
8854
3529
4825
915
239
6763
7609
3441
4136
4938
2620
5425
3442
4310
198
9385
4819
4068
2865
5146
8281
6372
3859
3503
7610
4616
3352
1325
4983
4255
1884
4058
5870
9403
5827
887
5059
3512
4332
9555
888
2896
8361
604
6056
4734
2260
7083
7777
2383
4044
5608
2503
1870
6026
2742
4730
6671
3473
5195
2657
4356
6403
7686
8740
5902
1815
289
4477
1357
8720
1349
7769
6402
2211
2674
9485
1824
9326
3049
313
7869
4420
6426
1006
5457
6790
5634
433
4982
8098
8400
4833
3609
9478
2004
7521
9286
6325
3518
6569
6265
131
5376
8401
3121
1775
4258
6340
7227
8078
1206
1017
4851
8352
5847
9032
9177
3060
4427
2811
3929
7840
8491
6548
655
6323
5864
7314
1109
6304
8729
6553
5324
2185
7238
3085
5278
9147
2960
6712
2976
8386
237
880
2684
3822
8673
2820
3027
3239
6981
9544
4095
2380
7048
304
7724
2942
4210
8041
6877
9266
3927
2288
4458
5963
6498
9208
3150
234
7213
6960
553
86
3157
8556
2551
3698
62
9044
7663
4484
6207
7974
3196
7245
1514
5838
5257
1608
9442
1022
5824
649
5075
2323
9450
3386
8653
3534
6567
3747
1501
7363
3820
9534
531
2602
4891
592
7855
275
305
3045
7283
5616
104
1346
4512
9240
6201
1441
5261
3904
8432
4385
8779
8280
1282
6144
6088
2432
4190
2564
7251
6219
1401
2310
7555
6263
1043
1664
405
4443
8985
6628
5203
2893
3692
6813
8021
5741
1787
4353
9524
1733
7606
1117
6115
1232
4202
8981
6336
5074
4782
3660
1153
8961
4042
2372
6276
7648
3470
8269
3296
641
1654
1544
2226
1289
7848
6416
4172
2566
6594
5936
3306
5659
1873
8137
4444
8167
8829
6876
2700
1010
8140
7592
2377
7965
8979
4743
7431
3697
265
7056
7614
3728
6408
584
2863
5629
6675
1565
5225
2357
3142
2830
4679
580
6674
1721
650
7826
6923
8306
3716
2371
7107
2558
2827
8650
2437
3734
7788
6432
7080
8510
519
8562
3810
8424
1208
9135
3379
2607
5102
1798
8019
5727
5641
8646
7502
298
4864
2400
7818
5536
6689
7448
7275
6001
2154
2363
5744
3610
245
0
810
8692
1976
7627
665
6873
6284
6051
3792
4738
2230
9462
6490
5258
3004
9052
535
3416
7870
7218
4629
2038
2124
6301
2348
2064
1074
4433
6042
3549
3880
4751
8490
404
5267
6506
327
9091
4872
2314
3280
7702
1486
4264
4478
2805
7411
3695
333
4217
8064
2196
2819
6875
2191
1077
2482
7499
7662
1231
4920
2335
6895
3227
5555
3950
7161
2097
1638
990
4721
9389
7436
2358
7787
8357
7206
1735
7373
1039
3360
7653
266
6747
5455
413
329
8120
5416
9531
295
1216
980
9141
2238
3220
8309
4499
5264
5491
7631
5390
2721
2842
8272
5636
3511
752
1539
882
8220
5954
2743
3328
8939
3417
9267
4914
1498
5711
6168
1024
4881
6465
7185
7203
1133
1474
290
1502
247
6694
5915
1209
1857
7157
4045
8344
6245
3129
4687
3573
1704
3690
7991
2927
6935
9164
3530
3770
8578
3648
846
4106
5574
435
7661
4357
1750
3505
4404
7424
1465
4462
5027
6199
5790
4661
8870
7976
5444
2388
2747
2649
5309
1551
7244
1713
2689
1867
1706
2710
9402
1748
1507
4231
6718
2707
9394
8018
6857
1989
1641
8300
7921
9311
6978
3410
808
6788
5442
1598
3113
7830
8644
3643
9522
8623
6329
7211
8763
2469
2462
9146
1055
7041
9346
4483
8251
8319
71
1628
7597
2451
6048
9126
7501
5829
4125
6475
8362
8885
4243
4912
6783
3919
4037
7981
1105
7451
3038
8016
4376
9262
1876
1777
5141
5595
6357
9043
4725
2042
4104
8460
1861
4672
8725
2875
1579
4142
246
9539
2246
8209
6730
4334
4525
2021
8420
488
7152
8043
6737
8020
5526
2412
9068
855
2869
6291
4596
7730
5042
4394
4229
4486
6210
5818
5313
720
1841
5709
5522
176
2883
7147
1460
1154
7649
6446
2796
9515
6867
6911
1631
9041
579
682
1054
3509
5052
8013
688
633
3945
721
2529
7483
8493
4651
2222
2186
5637
7084
7474
8014
629
6072
9391
7833
4879
1361
7302
9295
7583
1661
2859
4424
2739
398
3333
1421
4960
7779
3120
4959
5652
521
8265
8557
7755
1890
8091
3725
1722
4489
4808
301
7410
9013
8199
3655
4667
1629
5503
836
8581
1439
7100
6526
8695
3713
1709
6123
8282
3892
7067
6476
3521
2948
5662
6227
4506
8376
3675
6879
7300
8647
421
625
2141
2063
5700
1859
8853
4836
6840
8194
3562
4449
8750
9350
8833
9325
8675
5528
6342
8042
6639
2067
6200
1832
6588
6312
9212
2325
5810
8184
922
5658
2017
3982
5916
6354
9172
7231
7879
6664
5897
889
9073
1831
5266
2110
710
3448
8479
6745
4985
9029
4194
8187
2943
5921
6000
5601
9492
4563
1464
5748
4810
6974
2931
7215
6864
2292
2005
8286
1292
1485
863
1817
7783
7563
8254
1165
9133
2025
903
2639
561
9214
5684
631
1769
8680
5192
6496
1702
8608
8383
8803
4669
2939
5890
675
5825
6171
6053
560
2706
543
5584
5645
277
269
1658
2692
7317
1181
8561
1758
3542
6459
6396
5378
8589
5154
8133
1613
5872
5945
5354
2487
7370
1261
7871
6591
3706
4884
1275
6624
971
6382
19
8029
974
8792
3223
6726
9503
7301
3691
5682
5469
2683
1617
6195
782
9400
6500
7621
2160
2604
7719
7762
230
8201
5853
7268
1426
3794
5681
3943
8576
680
8148
87
5307
3630
7086
5120
4487
7561
7536
5134
9237
5561
8178
2510
8787
5036
794
2171
6448
4388
7190
4693
8448
5687
4638
5171
321
1385
7044
3961
7949
9038
1571
6437
4094
6642
1291
8636
1049
4003
5410
2376
3143
1936
429
1645
2576
5840
3051
2902
2783
9529
8572
7857
4993
3872
750
4761
1939
5614
6921
754
7996
8225
3224
4030
9459
5209
8480
4495
9338
9349
997
8867
39
5640
2056
4674
2002
5772
1967
1203
1875
76
8550
4110
3844
3145
4987
3958
6092
9521
9027
4758
9011
6337
936
3709
3344
5402
2492
64
779
6919
8528
2596
4780
5433
8351
4038
8707
8433
2562
7184
2101
6748
3967
5598
7341
8275
2041
9174
7132
5018
3127
2392
5888
1450
5090
4304
9435
4666
7357
3920
1472
1083
9354
4859
4468
1966
8214
2954
1523
2493
7635
5392
7527
8700
4493
9448
7208
1218
8666
551
84
3678
228
9234
386
7694
7051
3147
1752
3412
2167
8074
3830
61
9015
1304
3731
569
115
3873
7987
462
4043
6945
2072
6462
906
6261
4749
9238
2403
1445
7325
5288
113
8717
5163
7689
762
4974
7160
4717
687
4000
2807
8256
5815
8483
82
2387
360
1555
1237
6142
5539
8146
2879
7428
5188
4318
2610
457
761
3069
1637
3449
9380
6870
5160
6111
8812
2026
5569
4555
8616
7038
8982
1996
9241
7089
3585
8974
8847
5763
988
6438
2309
2390
5577
225
5035
651
5500
4035
2600
6543
5216
2858
6434
5874
4328
5905
2615
6930
1137
7207
793
365
7675
6550
4342
5924
8866
6784
638
4645
4267
4646
6347
1406
9537
7232
7554
7964
2120
7456
3427
470
4311
9347
1789
7677
1323
3719
1135
3474
1563
9066
14
6772
3633
4665
6965
197
8116
7916
6063
5082
2826
4943
6297
4770
790
1700
3074
1078
2776
7823
6991
5745
7789
4928
6937
8127
5145
4546
576
8990
7258
307
7739
4287
8205
3602
7043
2520
6920
1800
7856
4882
8345
7732
4196
7934
6948
1128
7247
3898
6305
8698
2350
5565
2635
6563
2352
2413
8228
1503
6194
8676
5797
6469
3414
4779
9328
328
5653
920
4170
8003
2227
6090
7652
4006
787
4921
6853
6107
996
2525
795
2897
2106
5044
282
267
4597
9004
999
2577
804
7929
3535
3076
3759
331
23
459
6379
5475
5925
894
1550
1543
4536
3271
2058
1580
1121
5314
7737
7384
5251
9189
8609
2800
937
728
9081
5567
3289
7372
5760
3569
4610
5450
7680
8838
9193
9248
1228
2164
5408
2518
8971
685
6775
2481
2245
2180
411
5599
93
9417
8445
3636
1682
7655
3114
9010
726
756
5831
7835
6973
3082
9285
9449
3665
1168
6079
6759
2257
5898
6075
8296
4746
4759
2915
9513
8965
4191
7188
4526
6789
3756
3207
3606
6229
1847
3123
2282
4299
2792
1129
590
3317
3855
308
1934
1656
5617
9230
2349
1157
4072
4220
9538
3838
5571
77
1583
7585
5632
9088
7971
2585
8966
7040
4400
1703
2336
5826
8765
7711
1491
3975
8785
6800
6214
8170
5881
287
3947
6802
1236
2189
6251
2438
8667
6380
3437
7522
6896
913
390
5282
6890
1827
8819
3494
6625
2614
3918
3681
5210
5034
8377
2925
3164
6237
4283
2568
8544
3348
6687
5126
5451
2662
8223
5127
2253
8662
2601
727
1365
3804
5660
57
5917
539
368
7186
6414
6970
1241
8320
8086
8217
6003
1009
897
9138
5401
7450
2131
7127
2999
1549
3740
6909
6068
4940
824
7297
2144
440
4584
5664
1882
8922
3889
7269
6208
9148
7524
6753
3847
5381
2181
1881
6708
6883
5716
1280
7070
1240
4241
2694
6513
7607
5293
6519
8631
4363
1050
6046
5070
558
6257
2236
1188
6942
7544
8530
8701
7266
8118
6584
144
6185
168
2755
6534
8206
8816
1756
5948
3198
6109
1116
2988
5350
7142
5558
292
8153
1099
4648
5762
6232
8260
4967
7519
5850
483
1986
4753
4700
3571
7715
8670
5930
669
3594
3965
3388
6881
6015
6640
4593
5316
7163
6102
3478
1616
4760
9364
4282
2034
1814
2182
5183
5967
7985
3108
7712
8831
2962
8641
4727
8412
2801
6399
5165
8063
8085
5775
4956
5274
6721
1384
9137
4291
4574
3934
5519
2317
2756
2073
8054
6135
4605
7927
4130
7459
5510
5903
8415
2374
1542
5499
8873
1737
2538
9302
7254
1518
1068
96
2910
8128
7471
3850
4996
9235
4592
7061
6258
995
7276
5321
3611
8289
8605
8336
8818
4907
7890
2646
7553
618
4007
4379
2824
3182
4459
6328
8111
6013
4710
510
2589
2638
2088
7148
2629
4594
6565
7745
5502
7973
1350
572
6841
4567
2556
7006
6049
2956
6236
7930
5338
6119
6231
2536
6874
7747
7318
6967
4962
851
6318
7094
1223
6817
3814
6140
4684
5998
4207
3552
2247
3841
7170
3197
5110
7807
6858
8972
8119
1718
2351
3436
1595
724
9223
6590
2511
3928
5474
7876
4498
2765
8406
2768
4887
5072
822
5244
3453
1003
5496
3372
3115
5538
7311
5648
5638
8322
3128
1452
5449
294
5051
2953
339
9512
3658
6810
7912
2711
1627
732
7792
9093
9287
8946
4893
6030
7798
940
3434
2359
3456
3403
6502
7195
1746
6406
43
3567
2862
2880
1390
3939
5311
5749
3238
5207
5725
4182
320
2276
7473
4533
1864
9441
6206
4572
5596
8081
5326
3735
4247
8070
5524
3685
3667
1063
8835
2102
253
3311
3774
4071
199
8811
2663
2477
226
2890
372
1007
1577
5062
7844
6192
6124
9341
2078
3676
4739
8722
3429
1678
3604
729
8482
4438
1476
9552
205
6084
3506
4553
3565
6968
1900
1603
270
6866
4625
1741
8429
3438
2734
3040
8034
1119
2470
1029
2773
1742
6300
4001
8093
1123
1927
4011
5633
5084
7381
3581
4421
317
4457
4358
6161
3314
8354
2770
255
4066
658
5337
5989
4502
8877
268
7356
1994
6083
6531
3057
44
7175
534
5523
2
5751
16
3192
9061
3292
5507
3574
7706
624
1757
130
944
1187
4812
9550
9166
2331
9085
1845
5918
4705
1122
6593
6298
2198
374
585
8375
2044
4790
1916
4842
7846
6332
9136
8061
7014
1
1738
4976
9473
653
170
1797
263
9299
11
2218
3411
1458
7017
7263
2886
524
2580
6996
7925
5893
4474
611
4410
6360
3914
5631
5999
8318
9197
3815
7664
5054
6995
3054
6335
5855
4671
3064
4840
6023
8388
9377
6367
9009
9157
7552
9149
1932
3674
5232
3200
3052
1492
9464
5911
105
663
4448
3073
6062
3897
6453
6704
2501
5605
2616
1283
3864
8110
7881
4503
5328
5391
9491
711
3836
5334
1500
2872
2284
4316
6078
6146
8338
9480
626
1624
1878
8171
7666
1396
251
6440
3484
4608
8450
5559
7383
652
3023
2951
3553
4575
1466
2702
4303
3323
9536
1716
2944
8049
8771
9218
2122
1196
3447
7897
4623
7074
1184
5032
7158
7225
6806
7518
3854
4626
6533
8686
9098
5341
9506
4164
8427
738
9251
101
588
5422
3432
8408
4822
1848
9204
2561
969
4662
6493
6799
376
1590
6242
5235
8859
192
1660
2790
2714
9420
8475
8367
2666
4681
7287
5849
8625
4428
89
5795
2837
6371
6393
8955
3968
5506
383
2229
1536
2873
2817
7330
904
4107
1943
325
8150
5842
4606
8414
8027
7710
5215
3385
2936
6676
5332
3664
6441
895
6988
1082
6776
5099
2207
7432
9561
9533
5362
8068
4576
72
5271
7632
5900
7365
861
6765
9431
7434
4244
2617
6324
9072
9169
8321
6665
8921
6837
3268
3008
869
3486
8471
3418
5150
8142
1493
7309
2881
1858
1059
4139
2967
3996
4178
2425
805
1345
9548
513
8240
9518
5926
3252
4366
7511
2022
755
2023
7886
7900
3891
2456
786
4683
1221
4888
382
780
1513
4276
1185
7430
2494
7512
316
2767
2672
8635
2428
75
2760
612
2340
7096
9319
3884
9280
5549
8175
8017
3591
5758
9229
8305
3853
1440
1389
4435
583
3796
3906
1754
5315
5435
777
3346
8830
7968
4488
2687
878
6922
38
4800
1558
3888
3489
9268
3726
1591
3495
5283
7550
8825
5801
4582
3275
6127
5201
6558
3782
4524
4860
3021
3754
5297
7420
6223
5586
8679
3548
480
5548
5270
340
6315
5366
661
177
5031
6303
2997
9077
9481
6756
7528
8308
3507
7639
3578
2061
1840
4115
3017
627
280
4677
3297
6238
8125
3326
3133
1527
7447
9275
286
7240
3811
799
1069
4199
3071
800
3626
8599
1201
3014
8221
2591
7801
6819
6803
4252
749
7880
6033
4866
5008
3911
359
8638
8934
6442
6169
7630
7530
2480
1643
2537
3287
1146
3247
8786
2533
8279
7572
3808
3748
5345
581
4482
8129
2089
6719
2598
9519
3773
8736
2864
6794
4815
6520
8968
73
5260
7021
760
2440
505
6767
4251
9384
7191
7099
608
7439
9353
748
410
4685
3334
6363
5105
4452
2338
5245
3682
7868
9418
865
763
6370
5238
1442
5805
8073
3964
5894
8144
7744
5738
5372
7887
442
4618
3517
4673
5726
3984
8874
3705
5118
9359
3226
7623
6017
3485
2152
2969
3439
606
3520
261
1642
2608
9378
1451
7688
7039
147
4817
8918
8108
3624
4461
385
1190
336
1286
3642
2851
7390
185
9483
9003
4370
781
2033
1710
898
342
3173
1205
9156
6050
5040
4184
946
7416
2081
5713
532
1785
7079
7421
2718
1484
9306
3087
7412
7693
3540
2634
3265
4025
1454
960
4475
8899
4348
5061
1194
1369
1212
992
5692
2722
4397
2256
2508
6511
1924
139
7337
9409
5980
5373
9116
7793
5731
2117
1843
4419
8703
2845
1736
723
7320
9089
7463
6445
6226
942
4167
4232
5723
7963
7771
7803
3868
5482
4253
5344
1860
5531
8339
1341
3749
8852
3983
5323
2272
7023
2528
4984
1347
2737
719
1621
2669
1791
2571
8330
9352
9541
3277
881
2468
2866
4492
2290
6501
7988
3191
4709
9516
7696
2210
8868
3745
707
2278
8192
2337
3960
5199
2429
4573
473
5466
5441
1448
9056
4476
7326
4345
8046
3212
1371
6248
60
138
5308
1524
1171
6417
6586
2320
5777
7794
6741
7660
9318
9429
1362
5186
2013
425
5986
3856
4827
1963
8239
2488
834
8242
998
2588
6880
862
2355
3823
6596
5349
6100
8913
7113
8022
5650
3913
5993
813
136
3251
2876
809
5997
5002
5220
899
347
3589
3722
850
8075
9036
5060
2161
8071
1944
8837
5674
8987
6585
7625
2134
9167
7543
7053
8188
4242
3208
1422
2802
8828
4534
2569
9106
2366
7847
6749
395
6662
8121
1980
4845
2016
4637
5355
2448
8189
5198
2882
4112
6338
9064
4816
2114
4211
5904
1946
5497
700
7781
7303
4093
5057
8778
1829
1521
8564
1141
8416
6757
4362
5119
5003
2787
3874
5699
1723
8849
8813
5593
2587
4098
950
3799
1225
6457
1337
3371
3744
2422
8218
5427
406
9014
2052
2267
1411
1177
2572
1952
4640
8789
4547
725
876
3528
8633
3554
1118
9277
8940
3828
563
1696
4595
5085
4697
8470
3832
8611
6791
6715
6129
4408
3233
2204
1324
1016
8155
1511
6754
8204
3688
586
1804
7482
4775
8782
8099
2215
2109
5168
8776
4635
5213
9493
7198
5862
1436
8893
1398
1871
1535
5560
3012
4158
4900
1576
8878
9430
1473
989
8463
211
4731
2590
2573
6394
7812
587
3103
6209
6415
3802
2903
7036
8259
4430
291
7851
2658
6264
9340
9272
6847
4839
4325
1114
9109
7940
4016
6572
6706
1773
475
1319
1554
1274
9168
8402
2816
7602
8843
5994
8372
1252
3452
7722
501
907
4834
7992
361
9366
2704
8827
3044
3003
4622
6196
2835
1076
582
4591
9062
2324
9358
4206
9035
9063
7091
7878
736
8065
3007
1731
6804
5990
3572
1931
2030
7404
8472
4805
1582
8347
3508
7256
1085
541
5419
7874
1863
2418
7668
735
643
3871
2753
1075
807
28
1328
3915
6061
4793
9221
1081
1701
1991
6685
7402
7101
2565
3858
8942
8604
5290
6148
5365
3357
469
380
6308
3413
6215
6155
2054
8699
2047
4288
3041
982
6482
4214
6559
2427
121
7169
6524
2395
6602
7097
8802
8560
5281
338
6509
6419
1257
6818
2040
3908
4294
6009
7497
5885
2971
8952
7617
896
1042
8180
7877
3080
1715
2636
9222
8160
6683
1290
7257
2675
4874
3066
910
2806
3762
4971
5661
7980
3949
7656
6480
6561
7278
6381
463
5635
5147
9030
8466
6949
7122
8741
5639
984
1838
3588
2744
4849
5048
4781
7698
8435
3487
9368
6834
5461
2643
6203
8481
3519
679
2486
1568
7650
2757
2648
9549
3616
341
8310
4147
8442
4814
7758
5734
4699
6839
3034
6522
4235
2530
985
3608
5959
975
3970
1525
4954
4690
4361
562
4518
5946
5830
3818
8164
2409
9152
7220
566
5553
3084
7476
4208
644
6797
1012
112
939
6738
83
3011
9178
5992
5342
5000
5869
2680
6613
4239
7947
7468
3776
7338
4181
9396
5568
2270
3543
5204
4233
2752
1368
4246
8924
458
1675
7966
4516
2868
8891
4778
1622
5359
640
3466
7296
1904
59
7935
4129
546
2174
2633
8229
8257
3246
796
4479
3364
7136
4028
4986
4248
593
5991
1842
1214
4327
4323
9103
9024
1267
8704
274
5768
6872
595
6368
4636
4320
1901
9307
5352
1529
6939
6581
3151
3148
3557
954
8596
3635
3865
3095
8244
8103
6165
1744
5320
8949
409
1404
6703
3912
7670
2958
1634
8421
6752
7481
4678
7015
9416
7292
5907
5415
5414
68
1374
9499
8509
1711
7182
5069
3937
6672
637
2460
4027
9163
6421
6384
6020
3816
2333
4991
181
6213
7267
1949
70
8660
3235
9049
8312
5740
8169
3231
6716
5597
7893
7757
8174
6702
4393
1377
6283
3771
4144
3106
8105
6187
5418
4654
7239
7453
3009
5014
3497
2838
22
171
6134
9433
1329
664
1964
5140
3324
5572
2485
4963
8762
3419
8462
5922
8050
508
2544
2846
1912
2647
4545
6667
5882
4317
487
2430
5576
1586
7261
2233
7155
8458
1403
5426
5265
5182
369
6695
5121
701
6358
1213
993
7323
6444
6699
3141
9439
7286
8403
216
80
2491
6193
7259
9526
2055
3700
5932
1348
8451
1481
8630
2923
4263
3981
7802
97
2630
7864
9143
2104
7723
3886
2996
9181
9508
5206
7425
456
4067
2621
8159
599
2416
8629
3399
1977
6216
6742
2933
8079
5654
2199
1653
9365
8297
8126
715
6091
8685
1092
5219
9382
1343
7636
5848
9020
323
1035
3366
8978
7426
2050
414
3117
7098
3015
1469
5689
9422
6420
5481
5480
9355
4280
9040
3237
4352
5773
2955
5863
806
1430
1392
8668
2691
4905
4407
1037
8343
2130
7104
3861
8438
1850
4776
5340
4102
6979
140
1856
6634
7310
8587
7145
502
311
2870
4256
7684
7391
9117
5148
8058
159
2987
6900
3340
844
1242
322
2665
4564
8413
7249
5511
9227
3156
7377
4386
2367
6828
9558
9284
8426
6771
877
2203
8139
2094
872
224
357
4877
4854
1923
7805
9446
4193
2080
1467
79
8191
1545
5505
874
2286
4279
2455
2197
5552
3269
8993
3563
7906
349
8311
5701
9252
4481
5809
831
6523
8037
5407
1689
6925
4713
4682
7862
2809
965
5623
3394
8215
8863
3376
8250
3866
7223
3971
4797
4330
2316
6621
3592
1825
6649
7298
8526
4215
4569
1553
6010
8823
2693
8088
7766
309
8574
5696
443
3582
6751
5318
8755
3242
5670
7920
1393
6608
4336
716
7944
9393
2362
1965
2922
6578
1983
8586
7997
7709
1178
4409
2745
5053
6579
1431
943
221
4230
8824
1979
9270
6254
1795
4505
6583
3727
4644
5368
2909
9134
1796
3677
6736
419
7230
7120
1200
6143
8752
6275
7899
5703
6388
1918
1903
8277
6074
1761
8956
3819
8892
542
8364
132
959
565
5579
8754
100
879
3104
5527
5685
3966
6348
9269
5856
7791
1910
671
8860
3824
5707
4079
5011
2719
6404
7681
1278
8639
8881
5746
3669
5196
5377
4520
7032
8422
2659
8769
4036
5774
4168
3459
3253
3029
7181
962
3294
6289
4128
8010
2291
1564
8689
2008
2930
2713
6188
7984
6418
7397
8236
8536
432
6044
1379
4086
8622
7950
7695
8467
838
6770
3165
8476
2541
6690
2421
848
1681
5759
2964
2001
8661
3893
4936
1490
9331
8743
4270
797
6197
4070
1802
6912
231
4939
6629
2232
2938
9034
6177
9436
6728
6036
1308
5292
5396
4801
7418
5432
6829
7574
5370
7638
7748
3030
6673
65
1891
7435
8011
4450
8026
4835
6940
7313
8674
238
5389
8855
1156
1528
512
208
4135
1266
4024
3989
9291
362
420
326
6972
300
2983
3885
1806
4105
2627
2887
2906
7742
5792
194
5931
5142
2353
4922
4802
676
7171
9412
2874
8840
5875
3659
6479
5540
8735
7895
7355
9118
7339
4951
212
1364
9530
6270
4540
931
8723
8132
2849
6865
4401
5339
2099
6658
1019
2950
46
1108
3391
8335
1788
2426
7346
2799
3232
2970
2651
9367
3279
4490
9102
8864
1113
1971
201
8253
8897
3186
3743
4826
7658
2100
8366
6411
5613
7400
1674
7726
9344
3245
7389
634
9321
8428
6296
737
1866
6843
695
4658
4830
3153
8
9432
2789
7570
3896
276
8484
2509
2559
9475
7535
3435
9213
5411
3956
2977
6878
1911
2981
8067
5663
6145
7173
5289
2006
8238
6031
2650
4754
6894
6481
2195
1665
5386
1651
8072
9301
1969
949
4384
8948
9039
6025
2071
3986
4841
9293
9018
8315
8069
1898
2339
7479
1717
18
6660
3258
5626
4005
1959
5240
12
8007
7187
4078
5732
6058
1919
7547
673
2345
6065
3948
3614
1030
7352
3845
5152
8834
2918
8387
9105
2327
3281
195
8896
314
4473
1295
6018
8995
3257
5178
7665
2391
10
798
3458
7236
849
7143
1260
7782
8232
757
6652
4722
522
1687
9406
3270
967
3536
7873
2116
5028
7199
9217
6727
9145
7151
6529
4431
1247
2311
3763
1179
2889
8258
8231
2726
3924
1995
2264
5107
9309
1084
7078
1372
1698
5243
7455
4643
6650
9046
9392
4250
6012
7619
3649
8702
9023
4923
7358
3356
5037
2709
7584
7612
6344
8478
8996
7350
2162
2285
8923
2299
8489
6848
2547
916
8047
4059
7605
536
3712
6439
2619
7591
3035
745
7986
1246
835
9443
5671
1945
1928
5868
5424
1726
2980
2748
7392
3155
693
5224
926
4138
5978
4174
6514
7685
6801
1729
3882
1134
2825
4619
3584
6320
8273
617
918
9092
1526
6647
7786
7134
2498
6934
6034
9424
619
5268
2347
5666
4161
1041
7767
4980
9376
1299
9008
2483
8519
875
8585
5135
3623
6755
3753
1375
1150
9246
6793
5537
3199
8607
2484
2527
2715
5770
3401
9476
51
4957
7457
9488
491
3172
5325
6661
9565
1437
8235
3070
92
4787
4396
5347
3612
2578
387
1688
7106
9452
4764
4560
3343
5161
1997
415
3137
6131
4355
9461
9017
453
5942
5880
5151
485
924
1438
8060
4205
446
4642
5602
1515
1202
4326
7075
7843
3974
6069
4392
9337
6516
825
3666
2515
5231
5754
4439
2782
4200
9192
6587
9386
8500
4238
7960
1897
8124
1327
6483
1610
1158
4123
5218
1211
5088
324
7052
3301
8328
8945
1732
6306
5096
4298
5494
2086
1835
7255
3189
550
1559
1780
8898
8035
964
8028
7645
8487
935
1734
2435
4632
5077
6467
4228
555
6575
9336
4179
2496
7532
1015
6359
2963
9253
7002
8234
8425
4437
3921
6713
6460
5804
6038
250
8102
4577
4689
4343
884
4225
5310
8841
3002
5580
6824
5128
5820
8434
7595
2096
1060
4953
5807
3800
215
6198
7060
7031
4271
5262
2673
54
6906
9554
8290
6781
4865
6106
9198
6832
1892
8649
5462
6822
5802
4723
278
5615
9303
5625
466
7452
6603
312
7644
2664
6070
6240
1615
9210
7763
8001
6928
5277
4065
5242
3367
438
8302
7329
7055
7077
6029
4052
1112
495
2405
1818
9482
573
2178
3923
5434
9468
4895
718
1644
3404
2961
4156
1809
6929
7958
7931
3733
8652
843
3634
271
3715
7168
2774
3154
5719
7975
7770
7375
3433
2625
7832
5865
4588
8453
8141
1646
3622
4009
933
973
6773
4216
5233
2296
2445
1639
1410
7646
299
4399
3336
8149
6618
5477
3261
5136
2473
1032
6758
2670
2112
4708
5934
4455
7133
9507
48
1176
6551
7379
4425
2475
6352
5020
5138
2888
7717
6259
7697
7201
3661
1823
4517
9179
8727
6035
7654
6400
1376
7901
1730
8384
5644
7319
3175
3285
8283
9122
5050
4245
4537
6723
4212
1005
4989
5891
6518
5452
1585
233
3451
9060
5983
3353
242
9128
5966
4240
4789
7472
5488
4970
7159
837
1666
8255
1655
2201
5094
6951
6138
7942
118
8499
6
6132
2090
391
4054
6362
8721
621
9184
6777
5859
3102
3477
7741
7280
1767
6076
7470
5606
8801
5735
847
5005
8040
6317
7162
3693
1234
7248
384
5356
4350
3374
9144
7797
4634
3846
5755
1902
8461
9006
7335
7409
3373
1611
2443
66
7507
1253
9298
7952
694
3652
3483
741
3781
6032
4527
5566
8856
9094
8582
2165
6969
6395
7831
7374
2949
8395
5757
6680
4451
2271
418
4226
1456
1708
7264
6250
5471
5806
2274
2695
373
770
5817
919
8746
4440
7908
3870
7331
3545
6222
150
2968
5583
3171
9479
3351
8507
3444
7129
8767
9211
6057
1453
4126
1662
3079
8820
3461
8997
2045
9261
600
47
6158
7622
7443
1652
8714
5066
6110
5295
5778
1073
1342
3761
4925
3951
1811
335
4979
3627
8953
3586
8090
9381
3760
1310
5812
4997
7200
3244
4566
6212
4631
364
709
489
6943
4141
6570
528
5253
5149
2103
3560
1072
337
8154
1759
571
3176
3741
2524
7090
2057
207
2993
7137
4942
1031
3577
4784
5137
6167
8044
2504
1790
272
8261
8719
103
7993
5979
3910
4002
6114
8908
8546
4821
7116
500
6637
2060
3420
2153
4140
5133
4367
2780
1235
1772
8284
3877
3010
5493
7911
1680
900
4061
4578
6497
7573
4344
7054
7671
1014
3355
2228
184
7972
5476
4485
4741
6612
2712
1612
5767
7253
574
8520
7491
4073
1862
1409
9244
8207
2750
6230
3267
7827
4297
4832
7494
9410
8903
8202
2457
4785
9151
2708
4187
3795
4931
9527
2844
5512
9033
567
1556
6764
1972
6281
6617
2464
6838
6557
8303
4312
2998
2548
3091
8051
7892
3341
3510
7068
575
8807
3081
8152
2681
9390
609
815
3215
9022
4663
662
1584
8325
8031
3944
7816
7442
3905
3825
3110
5487
2679
4933
1548
7380
1578
2346
6954
4856
7718
4903
2972
8515
379
476
5157
5943
8494
6989
7164
7140
986
3963
15
7189
3784
3168
7938
7398
8890
2406
4442
8498
1330
3276
8080
1093
1321
2656
6668
955
6576
8962
2003
7279
6125
8872
9289
578
2070
7271
598
3985
9290
4365
7784
4124
6447
3775
826
5982
6692
8957
3587
8036
9276
7347
5756
4319
6657
4768
1227
6609
5181
3185
4807
666
607
5447
8131
5076
1499
1335
1412
1887
2549
4823
3935
5717
7166
8751
7819
511
2046
204
6365
2244
2860
1739
4076
5214
9395
2125
2797
30
3450
8245
5255
5839
2334
4301
1306
858
1922
713
4331
4565
2283
3302
8766
135
6252
6422
4899
4650
408
3515
2497
2539
9200
9564
5472
8348
3179
7672
2085
1098
5698
8151
4777
6430
3654
8163
4696
7773
4018
7149
2417
1801
1070
4911
3425
2344
8488
1044
2328
7596
991
8157
4272
6085
545
3765
3362
1107
2321
3125
260
5026
4890
4049
156
5677
4014
4274
5131
1633
8799
7396
1256
1951
3225
27
6711
8628
778
4048
8219
1541
401
8977
5485
7130
6733
5785
2084
4134
180
6449
5697
8733
7918
8784
6376
6431
911
6410
5301
1359
6638
3650
8468
7692
106
3398
4701
6643
3887
254
1480
3467
3848
5844
9048
5764
6313
8988
4368
7506
33
9362
8396
3194
3067
2946
6836
4369
7144
5393
5021
5122
5193
5712
8501
739
3056
3089
7242
4434
8884
4118
4675
3400
3732
7898
9532
2241
4460
8742
9425
9551
8096
9498
5656
8790
1276
7674
7293
503
7514
8248
7651
4470
1331
7441
7095
6176
7387
7204
5486
610
4074
2398
6244
3134
8858
7285
766
8794
9440
2613
6184
5609
5547
5484
4063
7466
2224
6310
3570
5860
5071
1315
2399
3468
8227
1973
1679
6166
1957
5173
1968
8299
3621
1519
6600
8182
7250
3729
4744
2994
2463
9371
2261
9445
4509
5833
2467
1090
424
3037
4508
4829
8659
1937
9379
3959
1987
9490
6260
6097
832
3876
6278
7922
49
134
2365
4150
6041
9028
1197
5845
5001
6488
9196
8316
8595
6556
4083
8005
1874
3303
6539
1300
8745
2592
7657
6859
2618
2066
3202
3821
5786
7388
9203
3672
9112
102
5101
4704
213
8185
4302
2386
547
1683
7556
5581
9438
6785
6549
2289
5067
6173
891
8523
3249
9187
2369
7705
8634
9256
9360
6606
7008
8534
1175
9333
7594
3813
5941
445
2273
656
3463
7016
3788
7322
4077
3062
8355
9095
4262
1302
3250
8166
4796
5530
9283
5495
7939
7914
3187
2381
4417
5086
8517
1868
5592
4876
4259
7114
7118
7825
6610
4496
2772
2992
7487
5302
6225
67
722
8540
8697
1457
6450
8593
1803
747
4278
1195
7951
5303
8115
1160
351
6008
977
3750
5459
6474
1552
3527
9120
3720
5439
1837
7294
6854
1254
8437
4022
2188
6871
6299
1599
6698
8682
8397
8363
6151
3783
3647
8591
3817
3496
7003
4756
5109
9520
2995
8597
2490
4500
2137
3368
427
6571
2764
1174
7423
58
2898
9314
257
9153
1894
4901
2947
1183
5873
6541
6153
3903
3561
4340
2011
5241
4809
7030
3640
1148
4111
4209
1166
5124
6691
4354
4088
1532
2583
7333
8936
7919
1907
7667
8076
3881
3694
3883
7274
1667
1855
7834
1956
4838
6239
1589
3809
4469
8693
506
8431
2546
9423
297
7307
1144
1249
9415
7194
934
2341
111
5968
8902
548
3479
5604
8621
4445
8879
2593
2168
4913
2763
7566
6889
6856
5047
6327
5769
6307
613
7923
7865
6006
4958
767
2661
5955
9191
1091
4416
9162
5068
520
8370
9553
6977
6589
1025
9140
116
7909
3625
9255
143
3978
9343
914
3236
7824
3717
3826
366
5123
4589
281
7461
6294
1230
4149
7504
5737
2861
2142
4966
5765
4664
392
8506
3211
8368
8267
8405
1381
2035
7977
2917
7092
7982
6004
85
9074
5298
5969
2506
9494
173
5394
9339
7513
3028
3415
5153
1672
4121
6582
7216
7022
7469
768
3902
9546
1434
7288
5520
7282
3387
3160
2871
5250
1538
6164
7085
2074
8095
1677
4349
554
5335
6998
6983
3710
285
4924
6386
8179
303
3213
4767
5879
5971
8529
6105
5899
5167
5384
2452
7957
1096
9471
3863
2024
3086
7290
6485
7123
8145
8555
7082
9419
4082
7272
1940
5443
6077
6958
4295
2901
5437
5504
7867
35
4707
25
9511
4313
3135
2281
9119
8566
2472
6186
4647
2735
6353
9051
2523
7734
5395
9071
5399
2795
5747
7179
3109
8307
2924
3498
5715
110
4521
1779
6885
8654
3402
3852
9505
4587
3469
9525
3597
5333
4180
2814
7687
6162
8930
8404
416
2138
667
9254
523
7324
3288
1258
6632
8190
7545
1351
6966
5733
4995
4165
6343
4436
9496
4861
9160
7500
2155
1062
7586
821
1271
5252
5346
2975
1470
6067
332
2444
5988
8443
8777
647
5852
1088
4398
7334
7615
9466
8513
7062
9427
8114
7359
8914
3033
1397
9342
1896
3144
2259
2705
7005
375
9075
3105
1103
5478
4992
8100
8617
4831
8882
7624
6805
8474
9258
9058
6178
4755
4857
8932
7316
2255
6047
8732
628
1694
9158
4383
5405
3426
9288
5115
6812
3721
4029
6955
3308
7707
5669
8447
9242
2308
2698
2249
227
7196
7371
3310
2315
517
8711
2121
5501
9297
4284
8910
7904
4116
6677
4916
5563
1414
7361
9282
5708
214
448
7001
7516
3778
4064
7063
3430
4422
8332
3266
6710
7756
6892
6484
5073
6544
703
4655
6369
3842
3263
925
9054
2251
120
7246
2146
2135
206
1285
6507
8262
8931
8568
24
7059
5041
5545
5015
7567
1423
5463
7753
8584
3065
8391
4772
7027
3707
1463
5092
645
2907
2148
183
9535
6136
5630
3457
2059
3166
7454
1764
956
2853
2326
885
5779
4813
7281
235
7564
7237
8062
5587
526
2384
6510
9322
2143
3879
7312
8615
5678
2677
2754
6170
2778
5080
1849
4060
2105
5789
8900
2147
6066
3637
2603
4975
3146
2132
5019
2831
9501
5889
8919
8247
4706
871
3058
6190
8563
1045
8927
6287
2158
8410
4716
692
4763
4559
7004
2139
5164
620
169
4015
7214
8252
2298
7581
1001
1899
2077
2108
7342
8804
8601
1279
7775
3645
1101
8417
3090
3869
4497
9547
9304
3013
7071
4010
1594
166
3188
3083
3580
4511
6241
7413
6861
2779
3492
3006
2434
109
190
6916
5285
4590
6670
5742
8637
5962
7327
389
5857
515
7616
8117
7546
471
1294
8195
8665
1839
987
8271
3514
5114
2176
8514
3349
3702
3381
7994
129
1676
9209
4402
7340
7746
4148
8341
6128
6093
8538
7167
4373
3831
6648
5431
3018
1051
6424
2012
5591
8156
5294
7000
6947
2053
3718
5514
5492
6121
2397
6087
4535
9000
3656
6247
5886
6899
2368
8920
4338
8718
8083
6845
174
472
7351
4033
5706
4947
7103
5363
41
6562
9
1720
3941
527
4748
8875
9566
5940
6234
5113
7172
2622
6944
9057
7126
9383
2738
6271
319
8895
3421
5949
5398
8000
7629
4624
9517
7112
6059
3899
5296
1316
5007
854
2364
5675
8938
968
4050
6528
9226
2118
7382
7047
691
9228
4056
7735
7633
9335
3875
7917
4096
7804
7510
2985
9397
8959
2069
6099
2563
2908
4100
5816
2250
3662
4917
454
2513
9202
9086
8313
3933
1508
2113
3204
7012
5351
8446
9434
5239
8294
2214
4201
5256
358
258
2127
2029
1219
262
7486
1269
