5014
6947
9230
4290
6477
6326
3224
8700
6525
7258
5797
9362
4190
5604
8383
6003
8465
6576
3281
1910
3335
2227
8702
8789
1266
307
3526
3501
4804
9528
3057
3727
8635
1987
1011
763
229
1273
1840
956
5821
5252
9252
4396
2305
4544
1583
6487
6799
2992
7234
4330
32
2106
1936
5184
5769
4956
1890
7026
234
7072
4295
9322
685
5503
7999
1264
1756
3374
2048
2563
9222
8836
2951
9319
5431
4882
218
2263
7835
976
8656
7756
4015
5042
1262
4482
7777
9224
6549
4008
6788
2603
7602
8350
3871
1990
6802
6206
5900
619
8385
9497
9091
3922
2364
644
7779
7299
8229
922
7161
1555
8188
1315
6999
4284
6482
3722
5466
3107
4627
4204
5811
2122
5227
6474
8421
7347
8154
8610
587
8839
9353
4748
7358
5239
5833
9357
4180
2298
2802
4524
2078
5433
3123
8662
8005
1917
7899
2666
6008
6370
3928
6166
7298
781
1167
1768
911
4880
9381
7142
4203
2495
2285
3433
5510
3989
3600
923
858
4598
2510
2562
5528
8392
4192
6222
8715
2854
9547
1125
8015
8556
2567
5868
7510
2023
9121
806
9009
8703
6943
6945
2569
7224
3481
8046
3277
9412
1299
8509
4286
988
2989
5001
1984
6547
7037
1988
2213
6183
3659
8739
1935
128
274
1685
4993
6751
6675
6348
6782
5364
5849
8590
7655
7173
7951
1404
9340
6142
941
67
3555
3516
3674
5106
8227
8293
8067
7162
1522
473
1271
308
9494
1185
526
8202
1073
1544
6638
8982
5469
6763
6193
8400
5179
2215
5633
2858
4339
2653
6303
9509
7682
5887
1392
4146
7087
1898
8870
6457
8626
6590
7677
4258
5914
8214
1424
220
3864
8910
6741
82
8966
8044
4364
45
2975
691
2656
2245
2588
7965
6127
8533
1924
3059
2961
4512
3868
6135
1986
3095
254
2128
9083
2206
1897
6860
4029
8429
6911
6698
1410
3743
7396
3265
8215
946
4046
5650
1085
3393
8425
9187
7126
2820
6426
2776
3895
1463
695
3689
1139
8787
5691
159
2201
98
9194
6805
8176
4097
7291
2311
5816
9318
3882
7499
3042
6746
2954
3987
3604
1571
5937
2706
4311
4317
6313
4084
3268
627
4852
7306
8250
147
6279
4272
1646
6696
337
4754
3439
5322
4648
1933
2404
5191
2684
9024
8122
8247
4380
7028
1225
1572
2080
8852
3038
1470
2328
7578
6720
7367
822
3119
288
5704
8007
725
1060
4161
4958
1740
5307
4494
1879
3472
2008
9461
1321
1633
5321
7585
7110
5390
9510
1797
6235
2982
5844
5080
1104
8923
428
7925
7733
4179
4774
7537
1144
1122
5655
8545
616
2762
8356
4553
7806
5508
7917
4171
5593
1545
5031
6239
3891
3914
2126
6986
3354
2041
7188
136
4009
4096
3632
9459
8352
6875
4579
4177
6150
8676
6609
5261
2745
7011
4248
1790
2947
6654
550
6022
9457
5259
574
1141
662
1159
6
5478
209
2362
1967
994
8100
6830
2450
9297
2242
4100
2618
6905
5481
6120
8420
6153
3353
4688
6114
437
2039
1338
3543
4093
6546
3283
6141
4320
6673
2918
3295
5795
8249
1070
7324
6785
509
582
7827
2209
3908
146
2675
939
5931
9403
4876
2740
2414
1956
1242
4324
2932
2372
6940
391
4496
9117
2255
3112
8567
4594
6339
2398
4082
2619
575
1206
3196
4571
4620
9018
1508
3289
6321
4712
5047
4277
4669
6359
4719
7980
2385
1063
7245
3833
2807
5961
5472
4445
1458
5262
2545
161
7931
8222
4173
8468
2571
7
1628
1117
3846
6577
1814
3497
481
4869
5170
5836
7185
8045
1601
891
1005
3225
1600
5366
5009
8338
1177
1216
7933
28
4181
2458
6660
8135
5880
2273
3484
8516
7279
8584
5500
4095
1717
5701
3798
7536
3786
8172
2247
8290
4593
9290
7978
6180
7885
4016
7300
342
7380
6242
1094
5281
8854
8823
804
8209
4061
830
420
6042
5882
6408
6748
8958
867
8037
4167
4360
1300
5103
9545
1126
712
5292
3657
2615
7807
2651
975
7533
9141
4306
7422
8073
2161
2978
6505
6873
4030
5147
8328
6039
3121
4417
6475
1540
3417
4516
6340
7616
4546
5326
6131
8791
7991
2061
408
1140
961
1406
7771
6277
3733
7701
728
3262
1435
6702
3732
8678
3791
3901
4381
259
8505
2378
7646
7565
6849
5265
8755
3935
5008
7226
99
5696
89
2517
1183
5919
2680
3679
4424
1893
8979
8863
8406
3774
8307
9102
385
6430
6566
4092
8695
6118
3836
5270
8964
8704
372
1945
7275
7580
6528
7437
6428
8160
324
3829
887
1576
552
5730
4023
9506
4410
7093
5997
394
895
2344
8240
4857
6511
2359
1925
8943
7002
4222
2353
9444
5440
8024
2864
2958
9165
7719
4154
4536
335
1812
3350
9002
8217
3361
6513
3050
2718
221
3714
5682
4850
9499
2586
1436
6665
7599
5891
1958
1755
6194
9044
4488
444
8252
597
3809
2455
9010
6906
2314
623
605
5619
2015
6882
1947
6048
1873
108
5338
2093
4558
3427
689
311
5232
6088
2560
386
5669
8988
2347
1198
138
397
834
5793
8579
4296
613
9077
2582
8302
3532
6652
7211
211
1718
5141
3344
4484
8848
8669
1091
8675
5139
1513
6385
1217
1690
6336
4497
6345
7005
6268
7189
6754
5601
6635
8474
2430
3191
7353
2028
659
4772
3691
4621
783
8164
9070
6417
1288
6349
3943
859
6608
3028
6113
3071
4252
2040
7975
5476
1715
5869
8228
6009
5990
331
7441
8467
7577
2226
5173
8770
1966
7064
130
9110
6320
5558
6169
6034
6167
1764
7212
9460
5623
3720
6241
6669
5282
6444
8397
5739
3072
3167
9162
343
600
1488
9270
2237
1380
8278
3005
4400
1620
5143
7082
6909
8541
5108
2973
2908
192
5125
1038
3204
7070
1546
2492
5002
40
2320
9456
91
8064
1170
2054
5727
8690
7425
2333
6913
2574
2819
2090
617
8436
5519
2098
4076
5117
2606
9201
7191
4471
7559
4474
2597
5090
4269
7400
3761
6107
6304
1820
3489
2304
1520
6219
2397
3919
5661
1433
2400
2584
3906
5689
3920
2411
8895
7518
8253
6123
954
2202
9193
863
1297
7881
4806
9301
5494
4626
5947
5512
1145
6867
1396
2065
3942
6253
3759
2764
9138
1156
8191
5129
6157
687
3770
1937
959
3671
3832
2053
7549
7649
1233
6467
1750
5625
3418
507
4778
2707
6510
6021
1475
9462
4421
7689
3595
7452
7391
3831
2620
6181
7805
9273
6473
9263
7887
6850
545
3937
4530
2282
7266
6970
103
1332
3597
1293
6954
7551
4557
642
8410
7232
2663
5194
1165
3251
5387
2300
6880
6243
359
6760
2512
8146
1615
7898
6705
8411
4908
9523
2772
3018
4487
8625
4141
6804
1103
1422
2459
8233
6610
6144
4555
3435
4822
5871
246
6254
4704
9507
2694
280
2052
6922
9386
7214
9530
8361
516
44
3556
5831
684
2185
4080
4576
6811
3675
8954
9374
7069
2885
5402
8551
4033
2527
3933
1172
8291
3740
5336
4060
7247
7050
7962
8308
6411
871
3869
7429
2640
5334
370
6881
8179
74
8318
2150
239
4590
8201
8661
8595
8272
1432
6058
8163
9043
383
4939
7833
2064
7598
7146
5955
796
4737
5905
6139
3858
1098
675
9237
177
5790
3807
8698
2943
2348
3375
1652
9115
6033
5425
7270
4521
6319
4124
2294
7562
8167
4386
537
7579
3649
8388
5033
5240
2051
2257
354
9515
3079
1289
9132
5600
8517
3496
7491
1437
6202
9566
3851
2687
8592
2165
3583
8880
7018
2134
8264
6680
7492
7118
9427
4888
1822
6516
6899
7331
7128
4678
6086
8537
7547
4779
185
8673
8884
5975
4503
6920
186
3461
2253
21
1495
7648
813
1939
6072
9278
4435
1079
5063
767
5830
5921
7159
8210
2856
5817
4966
643
8113
1494
1515
6685
7138
8066
1197
6980
6856
6941
8198
1154
1903
5086
8068
8790
36
3407
4150
8127
102
6071
4428
5343
6011
4079
4569
7766
1536
7272
2336
3132
9500
4036
2702
4841
5671
7496
6184
958
1735
6260
1732
4634
8738
6935
6836
8666
4232
4028
8688
1169
2038
5477
1307
4165
5642
5980
3746
6146
751
5539
6795
6399
573
412
3165
6733
1227
1462
2116
5932
8180
1202
9414
5761
4287
5084
5949
5112
4984
1773
7488
6950
4649
7705
4477
3948
3458
6808
5213
8281
447
5422
2443
448
9552
8029
5333
7215
6464
6531
325
1851
2296
5344
1386
6318
5018
1132
9406
1499
1961
7817
1302
3258
8547
5156
7301
291
496
4236
1124
3949
8451
2210
7694
3737
6073
3376
9377
3998
2133
4696
4894
669
513
602
9437
9520
3160
1510
5266
5388
8000
1691
478
3883
4322
5890
7822
1168
9202
8014
6130
4194
7115
4481
7316
2167
4551
1868
2262
8571
6469
3506
1173
2701
8395
169
8133
5291
2489
6103
4523
5673
8495
7654
5930
7030
7757
8898
1731
2403
4642
6347
1064
8295
433
8947
7332
2182
8494
3178
995
5699
5146
5806
6316
2605
2649
7151
377
7204
1859
5335
4282
5520
8280
4695
5989
5794
3298
3347
4839
4532
6443
85
1074
3086
5267
4413
2103
8114
115
2441
5818
7198
162
3687
6821
2354
9164
5358
1720
4451
6390
2416
6889
8101
1123
7569
2463
1041
3290
7283
7520
1178
9038
3842
4237
9006
9119
8398
8708
9226
3491
1162
1759
2168
3554
2815
9401
5054
714
5884
8886
298
6988
8594
7436
8925
2573
1729
778
4362
2506
3108
8779
2158
5468
3406
9067
931
5898
7088
6052
6409
1777
3756
702
6134
901
2370
1806
7340
2159
6725
7651
4660
5584
5607
25
4370
5911
6761
8745
4422
4490
566
608
7457
2963
9540
8835
837
2985
3755
3867
4195
2774
4613
5824
231
6224
8378
840
39
3300
536
4834
9496
5183
276
5933
741
5499
289
5376
6985
726
301
4802
5310
1989
5211
4133
9313
484
3169
8071
6084
4899
6835
8102
6780
2394
4318
3272
4301
2331
2999
793
7281
5037
6657
7228
3894
296
1308
442
1322
2909
2652
1024
5027
4507
3859
3423
7239
1506
6295
2564
6865
6486
9147
2418
2661
8075
4636
3862
3565
90
3633
8825
9432
2911
2524
8126
4434
7863
1395
7653
5992
9298
3291
4904
9221
1892
5016
4344
9135
9007
8593
3304
43
4589
7465
9364
2883
1519
4659
4335
2812
4606
7849
6093
79
1282
3065
5515
4903
2045
4032
4930
6363
6559
5857
4274
9418
825
4137
8674
6007
1328
3389
8744
686
3785
2157
3144
9031
1049
694
7712
8908
8762
3790
921
1317
5733
6855
3419
6633
3253
7435
2987
9428
6137
8369
215
7075
3707
9040
232
6105
8370
7294
6663
3601
4837
389
7051
6813
2021
3085
2488
4288
5846
5675
3716
7503
3860
3822
3945
5758
8817
2445
3668
2432
2896
3332
9332
4276
2293
3682
3886
5176
8621
8199
3897
6338
4892
650
5345
6352
5712
5065
5241
5581
3092
368
3111
7618
6552
810
1537
7304
6793
3692
4673
2406
487
3100
4845
2012
6413
3431
5372
4243
7895
7780
2205
7269
112
9231
8970
6087
4300
9482
7469
2481
9088
8508
6871
5756
1995
4643
7467
5823
2027
7016
4872
5971
4803
4653
4592
4239
3815
9546
5747
7374
7555
3911
5368
5198
4954
7778
2438
1379
589
4582
7416
8305
1912
1624
8850
3614
527
8657
766
8534
9098
9269
2140
7170
5783
348
9354
4116
8782
4331
9395
5752
9502
5290
9349
7864
897
6646
2355
3382
2539
9477
9069
9061
6937
5631
6218
1362
503
4329
9152
3198
7502
8808
5471
2780
6843
9156
6896
758
4289
7219
6555
3271
8874
3223
4563
2785
8934
5645
2874
9369
286
4355
8830
942
8955
1213
2377
7641
8409
2487
7621
8710
7722
9532
5114
4581
5151
9060
7684
8968
3875
1160
7474
3192
4184
7164
7378
4448
4846
3017
2598
3455
7952
4188
5491
7284
6863
8418
8459
3979
1753
2857
8382
787
6506
6396
46
2641
2901
5549
3177
569
2957
8359
5838
7327
2768
5385
7217
4895
5676
3850
7454
4235
5253
3187
7350
8651
2123
7403
8599
6987
1255
7974
8129
4991
4683
6091
5518
9508
4506
3690
4265
2490
1423
7581
6721
7296
1532
4467
3802
8339
2144
596
7252
2625
8659
7330
7810
1758
299
4246
9151
150
8804
4575
8048
1825
8587
2151
6499
571
1543
6284
906
7485
351
5569
8218
6213
951
2984
6435
7693
7869
8334
6661
7675
1857
6998
1749
62
16
3975
8654
6772
3964
2452
313
7308
2217
963
1653
4607
7323
4151
7662
8617
8273
4685
1821
5043
1669
3990
7916
5620
3775
8578
8987
3588
2899
1138
5127
1683
4498
664
8502
9413
2934
3804
5126
7772
7195
8719
6025
7017
407
4264
5053
6977
7531
1454
1004
3342
3631
4970
7163
7540
718
7882
7260
8182
558
1050
2790
4883
3840
4052
3370
5906
2019
5246
3463
665
9020
2519
803
5092
4238
2672
7489
7290
4522
6794
8717
8653
4977
3789
9473
557
3380
7516
651
3830
8580
5243
4021
4670
305
6783
3972
2907
3625
3206
6615
544
2025
8872
8679
7364
4515
5636
3735
6554
5123
4485
4951
5873
1837
6115
4520
4537
5862
1573
2979
6462
1655
8286
1882
1131
1296
1649
8254
1637
2351
4446
7539
7083
4327
5492
2917
2739
4281
8756
3186
8885
5082
2181
8452
5361
7180
3505
1447
4611
6815
2805
7462
7932
5660
5594
634
2751
9425
4825
2036
955
3592
7993
8522
1854
7046
4599
8462
9434
7636
592
606
7953
219
4668
7905
5140
3211
5023
2711
5855
3397
6057
4739
7934
282
3391
7487
249
9130
3373
1916
2938
6729
9533
388
9244
8581
925
3485
5273
227
4758
4953
2639
6466
1929
3570
900
7819
6479
4545
3925
7746
3259
3709
6829
5714
4038
1071
5647
4684
1855
5275
3818
8316
8243
2042
3285
1587
5988
1847
4980
7652
8173
7855
4687
3327
263
7021
3576
5235
7254
7634
553
7103
1373
7101
7783
7008
4117
3067
555
7611
2942
8479
6742
7981
2621
9241
3176
6919
6077
2912
5150
5329
9422
2550
8577
1951
2143
7343
8340
5386
1556
8092
119
5220
561
2670
3203
802
4145
6653
2919
7557
6438
3530
7233
3329
3126
2284
7136
7970
8258
17
4631
1993
5629
5976
1028
3697
8091
8139
6803
1686
2787
7902
2894
3854
4785
6406
175
7687
9103
6281
6201
2646
3568
1037
4641
4997
4365
5592
5834
6175
6129
9308
984
5950
7542
729
9443
5289
9218
5638
1121
7122
4900
9005
6333
1676
1975
1853
4525
5725
8778
7285
7865
2456
705
5316
943
7049
5722
4397
7837
6697
6753
6544
3492
9229
4640
7963
3500
2889
6938
5212
8820
7989
4427
5543
2754
9300
8083
7548
8115
9260
4247
7057
8640
6122
9376
2031
7475
9114
7276
2358
4227
1689
3000
8454
3339
6981
7942
3077
5449
2795
4936
4543
7647
1090
588
660
7356
3881
5877
8265
784
1309
2326
2461
1512
7250
5231
2722
5732
2435
2575
982
200
3016
2617
9282
6287
1224
7763
3432
9317
4140
7326
4479
7397
2720
8331
54
3471
4875
5245
4083
1390
1534
6420
8643
2781
3315
5258
1627
7666
9492
22
8714
8027
7524
5570
4819
1461
3474
2402
9189
5104
1221
6294
5943
4604
6928
2712
6556
4915
1776
1051
1977
618
1599
7685
9265
2345
5130
8797
8021
8438
217
5938
9328
9274
248
4781
8069
8794
7256
9181
8314
4919
6992
5355
6530
6337
8157
1831
4721
9358
4106
2070
2773
6255
1564
7348
940
2577
2356
454
9064
1714
9106
2570
761
4645
1147
4879
5810
8325
3244
2228
3068
1950
2119
3368
1664
5766
3261
7673
2145
1287
462
2188
1963
5502
2903
3157
3032
8632
8544
1253
7775
1153
2784
7765
7307
2657
6498
7601
3655
1684
5347
1414
1409
874
1941
6366
5678
7328
9325
7338
4189
3993
6595
4706
3296
3708
5260
4856
6309
1578
965
3907
2108
8598
1511
1885
6446
5563
1102
6756
1748
3088
8639
6490
2408
9384
9100
6736
9302
5064
8034
413
6827
2939
1190
3628
6885
1040
7628
8193
5912
321
6369
6237
5552
4423
3260
1817
1075
3069
145
5473
7663
559
517
9409
8282
5991
6520
2730
6915
7505
6187
5657
711
7928
7910
3704
3421
273
5929
6066
116
2361
6391
2083
1919
8260
5049
5616
5222
3473
4740
7124
847
3521
5987
3731
8623
5446
4935
1635
3984
4053
3001
4452
411
6082
8574
6056
456
8463
6951
7458
8586
4887
1413
2056
5819
6372
3824
2940
4968
599
2223
1829
9295
8109
4186
8042
3688
8871
2520
9267
2419
2174
3011
7511
2941
823
157
2729
3448
9279
7152
5318
3531
7119
8685
6926
9375
6612
5155
2529
4166
3015
2505
6189
8796
1176
7836
2072
8080
326
7745
2131
8716
7657
4814
7546
7506
9170
1830
9548
252
7904
8510
2698
7838
6080
755
1550
2465
2079
101
1705
7040
3019
4662
9367
7945
5051
8922
2878
5182
7872
1921
3913
2252
9503
6036
8795
5613
3207
5774
7669
4801
5926
7749
3363
7915
6973
7984
3023
5218
3813
7828
2195
543
2704
1586
2136
3821
9393
5644
854
8634
6069
5083
3977
1809
1761
2836
3205
1736
842
2600
7903
4280
8663
6699
8470
8432
2198
2249
1789
6343
6671
850
6314
7371
2871
6560
5323
4346
3338
724
7169
7803
4625
6238
6099
3498
3027
2341
5382
203
8226
6723
5197
5527
2983
6400
3228
4178
3666
5953
4337
927
195
1739
6667
8801
5525
1310
2726
9012
3426
3227
1751
6095
4792
5174
1827
8032
7995
3899
7659
4729
7739
1420
6682
7442
3493
8668
5892
6355
3216
2645
791
2233
4453
9283
2316
1381
7590
6248
8246
5748
5066
5420
1657
7351
8941
3623
9284
6776
4253
7873
6619
470
5118
2120
2379
1577
2827
1248
2981
1638
3571
250
7754
5798
3081
4244
5229
8472
5107
3305
1954
1394
1869
2164
9398
1477
727
2608
6622
376
3695
3384
2179
3188
6777
3929
4989
8638
8275
1793
2089
5576
4510
134
3957
345
3725
9561
6419
6996
7941
4796
72
8500
1161
1692
3369
6344
2010
2589
7182
2434
1421
7851
8363
4464
5854
4535
3249
4406
3310
6217
9157
2695
8873
4209
438
2968
1932
7001
4411
5715
654
7954
3585
5860
7156
3553
6834
9105
2593
5888
7098
3404
538
4867
4463
1604
3729
4658
6378
6458
5837
8216
6220
1566
8720
8980
2916
4816
987
7320
3612
9378
3639
6037
2256
8070
4960
8287
5089
5663
6605
4071
9220
6159
6807
1909
285
314
1721
968
458
680
2479
977
1960
8847
8165
7718
1525
2723
4072
3264
58
1681
7971
5201
862
3953
4351
779
8729
7918
8555
3424
3724
2809
6575
1326
8727
3660
6323
2634
4114
3773
8783
4069
8300
5012
4075
1548
607
716
8413
8906
7894
3669
2261
5119
1785
4395
3282
6374
6266
2067
9048
4399
8986
4090
419
6534
7913
4736
3680
1089
4215
4934
1155
1794
5306
2742
1828
5597
6519
8458
6454
2779
7041
6798
8949
6573
5429
1503
8718
9239
1342
4534
3627
5718
2491
6484
3544
9191
5430
6858
5571
8503
9404
1256
1554
5096
2735
4017
3878
4777
1232
7271
5901
5946
1784
3219
2192
6886
4942
8321
1570
4468
4674
9168
5546
5709
7414
7141
1727
6365
2847
730
8538
5721
121
2887
7977
4514
2068
9285
1305
1347
2393
1501
8257
9073
6558
1938
6070
717
8914
4854
3231
4111
8194
2423
4941
4897
4455
6965
2721
962
306
9146
1418
8150
7409
1295
7007
4797
2018
3563
5124
6781
4591
8846
3201
2514
3991
4412
7172
422
4567
3396
2309
4793
6908
251
1429
1614
1416
4650
4744
6132
8620
2643
8893
6931
3046
34
2976
5392
1251
2043
4352
2828
6852
1457
4388
4945
1971
6040
2000
2334
5544
3301
7004
9483
4950
8741
8038
279
1211
4302
5977
9521
4197
1331
5356
8940
7990
6839
6957
4747
1533
1330
1113
7278
8608
7681
3577
2076
6327
7786
2956
5451
5729
5302
1745
5330
3747
237
4554
8561
554
5486
5679
932
9056
6185
7012
1574
6844
2913
201
4405
5995
9326
7020
4556
2349
6244
8631
2057
745
2965
1356
3527
4219
4211
2796
6450
6436
2338
141
8349
7814
4200
2590
5787
3388
4517
347
7889
3611
4783
5591
5763
4220
3529
1711
6002
6816
8692
6447
2717
6491
6262
5013
2623
1095
3247
7248
1377
2127
2325
4109
2710
8063
6020
7038
3812
7854
2037
7829
9118
3705
4694
8822
3706
7450
3035
5164
4268
6414
9388
6133
6956
6749
6445
6643
6424
3287
7289
5692
4426
8040
6000
1913
1651
2176
7317
94
551
1610
7413
7501
8408
7121
8119
5100
5395
2959
2537
166
5683
2897
7552
188
8812
2339
3847
8341
8311
704
33
3835
6197
2708
3764
7593
6701
4862
3076
2229
4784
2732
3817
666
2407
2756
1002
5180
6381
2363
5738
3618
645
6209
3952
8484
11
2319
6900
7067
1682
4995
8346
6952
6017
5341
3983
5209
4651
8117
1235
8221
5974
8224
7609
6773
1835
3465
5154
1891
1703
4285
2921
7844
899
3074
8417
3280
5809
7373
7522
4986
5603
1459
1230
6240
382
5910
3801
5749
6442
4614
2867
674
5166
7920
255
5398
7660
4363
5708
479
7567
1743
6083
2875
3508
4250
8942
1946
9478
7427
1502
9468
8329
7366
8401
7893
5573
6650
3447
1403
7799
5553
8081
8697
5648
7969
9535
4848
9387
4437
2141
1875
4865
7314
2405
8008
6324
4153
5728
639
1135
6483
2914
125
4741
3066
2800
6012
8711
792
3442
8760
7359
6984
4717
5048
1802
2733
3153
8237
3127
7003
3963
8507
9564
3364
2017
6470
7956
2270
8766
2115
7178
8362
8104
836
3
1953
3004
6731
8751
4315
2583
5257
7695
8576
352
179
8259
7781
6890
5299
3645
8824
8971
2865
4853
7117
5526
443
8677
929
6878
2497
3903
4148
1710
2421
4809
7166
7638
362
801
851
2801
7591
7395
9097
3248
4175
1723
3284
1675
637
137
5918
1247
1998
5735
8098
3522
1592
5495
4292
7747
8440
2069
3856
9124
8648
7622
7426
2689
6868
4843
2272
913
5993
214
5122
7674
6778
556
4638
865
5367
2688
7303
5435
2196
3014
4013
4067
7120
1562
9022
7717
2340
821
3514
5615
9306
1179
1029
197
7911
1949
4221
824
4962
1476
9081
910
6136
9383
6571
68
8973
3599
7497
1148
6335
7411
1316
7147
799
1344
4807
2197
3941
8414
9472
222
1014
6625
3013
3467
6971
492
8271
6501
2095
6758
4751
6737
3656
3721
7381
5840
6692
1163
2097
6117
8983
1134
6468
4257
9027
4152
3104
2478
181
6572
748
529
6029
4661
8245
2993
989
2004
5757
4940
4299
4266
502
2444
260
5137
1603
3078
6412
8536
1746
4245
5459
8106
2034
5312
1660
672
4699
9498
1428
884
4050
7793
396
8450
6529
2271
3230
6270
6693
1045
520
5393
7052
4981
646
5475
6639
3091
1930
6098
8633
7658
4230
5649
1907
7735
3331
1528
8810
6930
4089
3402
2532
9399
3610
800
2900
1228
4267
7876
8687
3218
6246
3024
8453
57
6386
6823
5981
1616
8606
2401
3509
7594
2844
3357
6164
7686
667
8103
5036
6726
5897
1518
5635
8208
1899
8426
8905
2929
6857
1483
1687
6948
7856
1056
3701
5944
1504
3810
6439
9112
5734
3358
6106
7310
9256
1078
6075
4549
881
9039
5825
457
9433
1992
4354
318
7433
9126
7210
2783
6887
2677
5202
1077
5606
2852
3477
7709
7576
2243
3703
8903
3766
1845
9335
210
4228
6109
4104
6634
7615
2587
580
3603
936
8904
1671
5686
9242
4
366
5670
8419
8460
4049
3909
3080
8528
2544
5820
268
5879
4465
6599
6946
126
3135
6015
7845
8722
820
9556
8097
5493
6796
6826
3861
5489
3841
1358
4369
7065
486
8969
440
2842
1304
3986
506
6301
2755
5025
3938
8861
794
4283
7376
1738
8664
8889
9439
5684
9522
5923
876
3470
9493
4881
7288
9271
6872
7801
364
9055
8724
9442
4278
1009
3796
9159
3039
1915
3399
2389
2736
278
736
8952
5803
8108
808
3411
1231
6289
8079
2868
1991
3946
7940
703
5216
3961
5128
8733
2472
1246
5450
8030
2714
5157
8693
4298
9531
957
233
4511
1277
9071
4937
4789
6812
3293
5369
7787
5533
8549
7987
9305
6140
7825
287
8962
7494
3475
349
8524
1608
1666
2624
4462
403
7815
5883
7639
1034
8394
1114
4761
8061
1584
8713
2692
5889
1086
2594
9217
1766
2886
5131
5903
870
3969
8053
5985
8156
4207
1974
4874
2413
1355
1042
3189
6116
5339
4442
416
8376
7664
5
8051
1819
9539
7265
4912
8431
9391
2611
8473
8879
3581
297
5247
1497
8057
5190
1862
996
4702
9541
9402
5959
524
8343
5055
5160
5982
757
1412
7412
1665
5045
6586
8181
8178
9475
3741
7588
739
5438
7626
548
304
7032
5099
4425
8155
4326
611
4586
2967
5559
8628
1662
1072
1387
997
9169
5134
3803
985
410
3636
6712
3819
2753
5215
8231
7612
2637
4371
973
1374
5904
7349
6679
8373
1084
8026
9021
5966
8412
9225
4901
6463
1791
1558
2538
8845
2540
5496
2169
4738
636
9063
81
3147
4168
3630
6416
9296
6910
6824
8140
2194
5196
883
1384
1561
756
6001
8298
4156
6204
5177
1023
2534
395
5284
7877
1345
6306
3665
1013
7948
7696
2437
4859
6296
6368
5952
8892
3053
8424
6331
9212
7453
6710
8205
4905
4866
1889
7550
1626
5753
8123
1881
1771
8447
5531
6200
7318
445
8011
1399
7362
2011
242
5896
7321
6681
9420
8985
8821
4314
6518
3607
7385
7950
7150
451
5614
1625
9356
4260
501
4504
1621
7732
7171
70
2130
3504
3663
7335
196
7959
7148
4560
7404
6613
6876
7852
6271
117
2990
7811
2483
2991
5874
8416
2415
4304
8134
632
4824
2837
620
4034
4656
4432
5437
1298
6005
7583
7455
2667
8301
2840
5762
6636
8814
5233
8831
367
6607
4206
453
3242
8709
5169
8629
7831
6695
3905
3676
8728
8003
2246
8563
3239
3308
7023
8655
1918
1020
7221
4907
4920
5775
4429
7206
8138
795
6032
7181
5736
4078
9396
7071
4098
5328
1807
8105
4528
1017
1884
6257
8554
3916
9059
5248
3712
7530
206
3900
5135
2803
1877
880
4198
5000
5219
1357
6384
2275
7449
5442
3385
6641
6154
682
9167
2890
86
5228
6789
8776
5779
750
5772
3924
9142
1245
7679
8491
9178
9023
7114
1364
8170
3750
4800
2075
3394
6195
7149
8840
1719
2861
238
2352
7507
8141
5340
322
5802
4836
6354
4826
1826
2375
9108
6715
3915
534
6995
7704
2831
9276
392
4261
3593
5436
1999
4652
8433
4376
1026
3511
8591
2156
3480
1800
1016
9544
8647
3538
8622
8294
3823
3816
3451
262
846
5720
4353
3590
7392
6024
4086
1238
2797
1146
1642
3343
5551
6584
9431
8641
5483
3667
6126
4389
9562
7044
5041
1453
1697
5822
6790
8911
7886
3662
2429
5075
6764
8204
5076
8562
5928
7127
8025
7860
8753
2555
8225
3898
2146
7512
3246
7113
4342
9480
1549
4732
4730
5238
6968
9206
5864
8514
4701
7716
7109
5899
8274
993
5853
1054
6672
8637
2998
8759
790
6161
934
6174
4002
1783
5448
1734
700
3872
6967
344
4963
4597
1081
3644
7936
3037
6627
5789
8266
5768
323
8774
3896
2268
2220
6565
4044
3777
1878
7344
6456
719
1175
3876
777
2427
9534
8564
1385
432
5781
2636
2473
450
4158
2893
3273
5832
2565
4073
2696
3420
417
2746
4600
3234
8683
3377
1039
6895
2851
5488
8977
7490
5073
7230
4444
3811
6061
2927
3974
1833
1942
4925
2241
3661
701
2426
133
3341
2470
270
7721
1398
8887
4675
2866
1839
1019
2610
960
7680
3390
5585
4703
2142
1351
8990
7847
9550
8699
1579
2292
1927
2193
3658
1215
2855
7443
2966
1456
4502
2945
8891
5417
7459
8560
6291
244
8731
1393
434
8485
6894
6395
5755
9179
657
477
2162
6214
6275
2685
495
7878
6090
7345
8322
894
1272
7755
7197
4967
907
563
7979
4382
2879
8605
9161
19
2060
1709
123
5924
9379
839
5332
2392
8853
8611
8110
6708
2212
857
4063
4202
1236
2699
9015
3174
3488
7930
5309
8660
4964
275
9345
2578
4193
4136
2632
8018
329
5360
3371
4205
3044
3643
3140
3696
3904
9350
5029
8506
8174
7645
1865
9096
5521
7282
8535
2190
7263
9380
3099
4169
2591
7964
6582
5609
3408
8497
610
9565
7352
560
435
1596
2765
9314
6686
6545
3792
6983
5509
6465
8059
8189
6902
7231
5181
661
7625
5622
100
7464
9410
5193
5537
3210
2821
981
5460
9004
2343
5680
8800
4489
5482
5534
1240
9125
8016
3849
788
4961
3026
6431
5414
2420
9068
4359
2531
6553
2882
980
6596
3988
5812
6054
3162
4820
5829
205
1375
1006
466
5447
6767
4159
2216
5524
9037
6704
8807
8358
6097
3334
2980
1630
3736
2105
1352
735
2498
776
6917
9042
9025
2186
2860
1866
5667
2902
9180
5352
4794
2289
2366
7154
1650
3109
8882
6818
772
9211
7700
518
6441
9247
3715
9075
6228
1448
8875
5221
3125
3052
2767
4928
1107
2948
1796
8558
5287
5540
3405
5523
7874
4341
9266
1360
1061
5674
4241
190
5717
4580
8171
8575
8530
1370
6425
9158
5978
5035
110
5044
3738
1055
3502
789
6485
9026
12
4328
6089
5039
8175
7242
2928
1914
8618
7571
7319
4461
9557
7561
933
5522
5003
6800
2501
37
1560
4108
9072
5163
7668
5255
2457
1021
4932
6018
7784
2839
7773
5142
1284
3134
4058
7900
3767
104
3392
8207
1268
4615
4612
8065
926
663
1541
8475
5590
4143
3359
7870
3317
3197
5799
2207
6819
9228
8085
6869
6757
3865
678
7024
8686
165
6276
5835
2442
2032
6703
6583
6433
1606
4913
230
5863
6203
6481
8792
1557
6305
7105
3483
8989
1648
7312
1926
5152
5102
9501
1850
3762
885
7563
8190
5350
2308
7223
4999
3233
6207
8858
4107
4026
4113
6523
2155
3985
966
3276
579
4115
5646
4617
770
974
1765
4949
63
3414
6568
3152
494
7477
5743
2548
4040
3292
3486
5297
9053
8644
1324
4697
8802
9094
2318
4182
8043
1724
2138
2264
7372
480
4705
5283
2204
7405
8200
3194
2139
1044
9238
4144
7938
6453
769
4099
1419
5424
9186
8542
8292
5061
626
5189
8434
4249
8681
638
5017
1552
26
7140
8391
7973
4983
5397
3954
5765
6377
8978
393
1634
8483
3587
4647
2554
1563
4305
3771
9390
8834
5505
6508
8994
8499
4799
5773
9134
8319
7079
3422
2166
1269
2949
1335
3880
5637
2738
6717
194
6606
7076
1788
4755
7445
593
361
7099
5313
2274
5116
2266
2513
5070
771
3677
13
8387
3208
4714
120
4157
4229
2084
827
3168
2382
8682
6588
6964
4757
7617
6233
4587
9392
3142
9304
622
7473
1680
2654
6866
1030
3828
2635
3172
8251
6247
6668
3438
4689
898
7123
6877
2804
1922
4051
2924
3834
7106
4539
358
3723
998
9090
2332
7789
5665
6527
5485
5707
3955
3730
8276
9470
2006
7667
191
893
6662
2132
2451
2763
8855
7736
2277
3137
7216
256
4646
6434
1062
5881
1832
6640
5133
471
4998
8890
759
3090
7039
6155
8120
3769
6111
8696
4486
4987
8527
9280
652
2147
6397
7927
4431
9288
6055
2088
6718
2313
3808
6617
4924
919
2579
3619
7866
5293
8393
4402
8959
3784
1249
7042
2850
7737
6283
6656
6138
8448
3794
6096
3022
6495
3745
6958
2236
710
3999
9013
6874
1129
3566
5513
6208
9197
8670
2950
1012
841
9017
2112
5441
6128
4513
5506
3163
1441
1613
9553
4870
5342
3866
3450
316
7342
2997
3145
879
3678
8239
330
4893
1673
6567
3578
1498
4128
5851
5596
6332
7398
5847
7059
1438
1981
7923
9476
1010
1333
5237
7361
3336
2049
1848
8735
9511
6690
3768
2925
5028
3128
7202
8726
9111
2788
8769
3683
5236
5945
7143
6707
7702
2107
7597
9234
4868
8736
7157
1427
5608
7619
4527
5954
2922
9371
5458
6683
749
5723
83
9248
4224
2523
1431
1852
7504
6711
4307
4500
522
8270
2295
5411
1301
111
8975
1371
8725
7606
9215
6258
4726
3012
9537
856
3321
5577
2183
7768
3146
8019
6322
8267
9536
4844
2030
4767
5996
8439
5894
3401
8285
8856
4708
9140
353
8614
107
8746
3551
9323
4216
3469
9517
4460
3533
8078
1644
7077
872
4994
3073
2673
4119
7244
2752
7526
7939
8060
8284
7130
4045
7292
8004
6978
6160
6907
3642
8131
2748
8963
5641
1524
9177
7517
8842
5097
9079
6626
7417
4332
6623
8367
6955
2235
55
1261
2327
340
5226
6043
3826
9333
9084
3534
1325
7770
5916
482
1279
8881
475
9542
1810
3650
2969
671
6840
187
5630
9255
5767
1128
2471
8486
6539
4691
8743
1204
6432
236
6398
9208
3520
3523
6251
6838
122
6049
1444
1928
9246
3238
468
4390
6261
3780
418
3257
1702
4914
7383
950
7420
8902
909
8793
9245
2265
6934
3041
9294
8390
9558
6280
8918
1137
2823
4088
9000
6765
8380
4630
4917
8773
7158
3525
2374
1417
4271
1065
6822
8761
9216
6732
8279
7572
7842
9104
4367
1542
216
5529
6993
7759
7220
3443
4065
630
3003
3622
5005
8721
903
4749
3693
8878
1842
6300
4309
5659
64
2066
6496
8326
1505
9109
4312
5780
4926
9028
5288
8573
8877
97
1894
5415
3464
8137
3772
460
2007
7112
3183
267
5408
2873
2971
1521
679
817
4838
6557
6023
5178
35
5399
7440
1291
1
2399
4584
1752
6593
2761
7043
2719
6375
7589
8177
9555
5199
4657
8035
2014
3263
4976
7734
1787
1008
5845
6730
9320
9227
1426
1120
2369
7532
1195
6014
5487
3349
8242
5426
7129
5026
4027
3274
5618
2659
9127
6112
9101
2218
6249
2541
5327
3267
4492
9567
8332
9016
3594
6801
1535
8351
5746
8072
1959
4709
290
4629
990
5474
2360
8149
8130
5634
5764
5149
3507
2665
2287
3400
4746
6504
1559
3379
2970
4583
5948
5583
1772
6631
2290
1678
3398
4441
1313
4495
9348
852
6901
92
3381
6579
9454
7608
7554
9254
6845
2440
5296
1490
2390
9236
378
4677
4798
1774
9441
6925
7958
2743
4469
7985
6888
8627
8136
7527
5621
3698
5814
1036
7175
5377
5455
8912
3513
4974
430
7434
3243
2543
5298
9049
6330
3996
5457
1015
3939
8763
3316
8553
4933
5224
2102
6670
320
8268
2117
3765
7401
2342
4637
4728
577
4769
3318
1080
7604
9458
7144
8320
1401
4965
7564
983
7596
5771
785
8456
7534
1973
3181
9324
6229
500
3652
7525
363
2905
1361
292
8706
7339
4391
8543
93
8815
3456
4147
8084
1712
8457
4375
567
7840
6292
2705
3351
7243
4733
3934
3202
861
3499
3372
7311
938
2135
6969
4102
9154
6252
6325
2530
5759
224
1523
2388
3275
436
9045
8894
3309
1043
8437
8076
3105
9455
4698
5557
3749
6592
9261
5434
6551
768
7853
2596
5319
844
1336
5998
2104
3043
9268
1931
8236
9250
464
568
4821
6892
1818
1526
8006
1964
8691
2279
7892
4909
2101
1143
1035
7824
7830
1823
302
1303
9062
6004
1815
6974
2447
1962
6537
773
7053
6307
5639
6410
5153
7410
4297
5250
5462
4727
1466
8652
6817
8368
4886
2346
139
1886
338
4356
7908
4815
2616
253
9334
8296
9331
2525
6658
7137
6714
7132
4007
4398
9352
4817
5801
3158
709
4458
1565
6691
6630
3589
733
953
4577
2474
272
2758
9491
3512
2881
5796
586
7305
5464
4805
1985
8283
1283
2849
7081
3853
4226
2208
1365
490
4185
3574
9397
4447
2234
3075
1218
9249
1700
7240
399
875
1189
5206
9435
5556
8827
1100
7479
6982
2024
3060
3805
9019
6562
3113
421
2546
5497
7808
9150
1101
4361
5653
2515
1904
2535
4531
2303
829
4884
3973
7592
4768
6476
3754
4552
1130
2073
3646
7415
1451
2863
1105
5068
9451
1770
398
838
797
2063
2230
3220
5062
4172
3409
5554
5760
1334
4851
65
4273
1747
4214
6603
1158
4122
3051
525
4628
7222
6837
1109
1674
4760
6779
3229
8158
5317
1742
6053
332
7135
8112
598
1641
3579
4014
3154
7384
5555
6904
1415
4835
4572
228
4722
498
4103
902
2749
8145
2365
5020
1237
892
3286
9163
1219
949
9448
78
2576
2682
5244
4234
8540
4347
6267
4217
6273
8572
2016
9559
6846
6315
8712
912
7116
1281
3626
4911
2307
2118
5007
4931
3584
3641
1241
5185
2977
158
1708
2425
5032
5208
7714
2862
1250
5643
1108
9312
7632
7322
3155
9213
283
8052
3245
1978
1792
2482
754
2094
3779
9139
7769
2005
7446
2475
6678
6809
3982
7010
7994
8335
3888
2644
5668
904
7287
9344
1725
8984
6147
6921
7922
967
7883
8559
6402
2046
4499
333
50
6569
6512
9219
2552
4654
7624
1208
5359
1151
9
8017
1707
7603
7200
5710
5167
9488
5962
6092
4812
1896
4473
3444
8386
3806
4414
5907
1672
8806
8148
3635
427
6624
2536
546
8404
4358
4350
2533
3960
4762
8203
171
5272
9330
1482
1906
7484
7707
7691
1900
693
4679
8931
8317
6859
6211
9292
2096
6637
7724
4877
7167
5514
6618
541
4068
7640
9486
7104
2678
6293
9426
2728
882
6936
9363
8860
1970
3288
9513
1516
1171
1446
9092
2838
1329
3757
9421
9400
75
826
8365
9001
7094
2750
5562
3783
8169
2387
7513
1622
7096
7818
9195
945
5852
4938
7529
6912
9036
8961
2872
1115
9232
7388
225
8838
1856
7730
5375
845
572
8269
3179
3232
3672
154
476
3710
4087
6225
3087
3951
5786
4374
7508
9526
1087
6574
4478
1099
5504
9080
3237
7600
6706
918
207
9338
5308
8957
7935
3936
3739
6933
4393
7635
4623
5687
4538
8868
7482
5234
8366
8972
6371
6944
8375
8624
7451
6227
3416
1836
2453
3029
167
6104
9145
47
6297
7471
4493
1507
6831
2612
6688
8701
5365
2221
5690
986
423
5994
1434
5902
8832
6215
2286
2114
5200
1782
4898
2050
6598
1350
8996
3084
3921
7671
1737
8087
6960
3887
5612
7834
4130
6341
6503
1468
7556
564
7683
8707
3778
4170
855
309
1780
4378
7535
5363
3306
547
7246
2477
8372
2581
5254
5776
3976
720
4387
2931
540
465
2232
5132
7670
9307
1047
8041
9207
2315
60
5695
4849
5285
3536
7832
3564
6148
3215
615
535
4624
4828
7176
7060
7672
581
5792
4291
1263
172
7587
2822
4476
3457
2870
924
5109
5379
3453
5269
5658
3495
5737
7432
8355
2690
1430
1760
5445
7976
6526
7092
604
1239
415
49
3021
2810
5078
1164
1779
738
6480
4682
595
1811
812
9336
3118
5859
5263
6026
7627
7390
4316
9183
5161
9365
5011
6514
2013
7584
774
3383
4401
3552
439
713
4550
223
3549
9041
8028
1082
2727
5784
6389
734
5770
6597
7821
3256
8913
3844
3190
8384
3378
9467
7014
2113
3255
5706
1643
5315
5700
357
4475
530
4731
9382
8088
1093
3560
5861
3185
6722
2880
6540
8480
3325
5081
8435
7419
8464
2337
4081
5498
7080
8992
9144
9372
3503
5207
7029
5467
5384
5850
7268
4233
5069
2845
3131
5744
6990
8582
4711
9258
8501
1858
300
4681
8607
6364
405
5391
2424
3620
8212
6616
6740
3893
1366
414
8096
3586
2330
3582
6744
4973
2697
8234
8248
5136
6310
3958
6916
3557
8636
4827
8899
508
7791
8371
2448
1781
4906
5664
3616
9192
7068
8926
4639
6766
8888
4319
6143
3685
8143
1402
2818
1872
7515
6232
180
4012
7386
2173
2778
2664
3884
87
5418
6178
7720
9321
539
3446
4385
6614
7480
5071
4062
6500
9032
3279
6651
7752
41
8841
7293
8837
8816
5205
2674
8645
2846
2930
8144
1874
8022
4972
2383
1391
9188
4149
8723
7472
387
7912
4403
5432
1863
1327
8211
6891
5351
8588
497
4436
1801
4240
1955
8965
7630
6100
2595
747
764
8775
4155
6149
7478
5599
1619
7423
5876
5957
765
6578
5021
4952
9341
1270
8737
7967
5210
565
5589
3699
4847
2703
9035
1274
8220
151
1032
2508
1442
7692
346
3468
9463
2630
1670
8297
6893
3307
706
9440
9173
4992
3434
8781
3058
3670
1400
5113
3159
4686
5745
2240
8487
5598
4183
521
1473
5652
9423
7767
7102
4595
9086
1201
9116
6231
8532
584
153
1509
3624
3466
2224
8077
1142
6806
10
3510
3518
1658
5087
8381
5303
2964
3006
1181
6392
5465
2671
5941
3269
2099
3793
4665
7697
8788
6580
3573
3213
3857
3366
4070
2276
1408
1465
8442
8033
8039
1667
3387
9259
2910
8946
1647
6797
4672
8095
688
3355
9149
7315
7091
7637
5934
7688
5741
1677
1149
4005
4018
7153
8132
1493
9093
6210
6739
1323
8344
8348
7568
8299
8195
2946
7370
3193
2087
917
7812
8330
4608
4655
3541
3539
7209
3889
707
7543
583
5304
5575
4518
2633
4004
7514
4971
118
8482
8521
8197
5662
7160
9155
5279
4323
8805
2254
7251
2321
5800
1636
3956
5685
4091
3686
6245
1607
5286
5407
5470
1569
8498
3093
6230
9479
1808
4921
8001
7134
2480
499
3684
4213
8428
1411
816
5412
7742
3445
9452
6655
4605
4242
8777
9240
629
5632
1762
1196
7036
4566
1267
5826
5885
8082
4858
204
6918
3120
3814
3089
6101
9204
5548
6775
2650
2747
3550
3116
6448
1754
5311
7629
9011
4570
5547
6311
8993
5999
979
3528
549
9355
8477
8948
7997
1425
7726
3319
5264
576
6903
1452
1320
4541
7690
8786
4723
4443
341
5939
6168
4873
8740
4743
7738
9262
8111
303
5022
7909
4771
6173
6404
4680
9251
3240
7992
3045
4392
8288
2869
241
8921
5958
1479
8612
8476
786
1597
170
6632
3266
677
896
1127
3449
2775
1376
5242
7879
4126
6030
4573
1617
9275
1895
8828
2129
9512
2792
635
4716
7365
7034
5754
6198
7274
6282
8183
7466
8539
7699
670
3978
488
6379
3214
2794
681
2312
4031
8749
6394
4259
5357
8324
3415
6016
6046
3992
673
1645
8469
4831
4632
7421
2769
1585
9171
8752
1349
866
9310
2799
9449
4218
2417
6927
915
1767
4294
6561
9560
5703
6191
14
9299
6517
5893
8446
3787
2585
5602
2557
835
6570
7541
4263
1193
2937
3180
1220
3753
7107
1194
2627
8758
7095
8799
4174
1698
8303
2476
7402
2082
6851
6286
4466
485
8630
3330
4616
4667
2647
7986
2281
1943
2816
3782
947
6949
6452
6079
1489
1860
8826
1096
2124
9291
2655
8764
7857
1480
2824
510
4035
1861
446
1359
5203
533
6787
3252
8449
6522
7313
6264
2668
9408
9257
3313
6317
9385
9368
2731
4710
3855
1730
3602
5535
5098
5568
7495
2335
8496
9464
4003
8730
7460
9172
1688
5443
9424
5804
8423
160
3940
4766
5362
7947
8360
7957
2679
1551
6421
9066
4902
512
5808
6125
5301
5461
3097
2225
2153
7262
4459
2601
2081
6455
6429
4210
614
5856
4187
5740
3837
4127
6666
8862
3970
6060
8785
2187
2001
2553
8489
7062
4690
1661
6497
9474
142
7187
9489
258
1496
1602
6376
2741
8107
649
2323
5067
3751
970
6158
7168
5401
7861
6170
2915
7186
3007
7225
7192
8443
6380
2500
5878
1363
5564
3056
6041
9137
7408
4366
1640
2269
1696
8960
2449
1911
7703
5915
406
1805
1813
2933
4929
7267
6190
3209
4408
8315
3479
5640
463
1223
4223
404
5187
4787
3997
5337
4199
4377
1631
4788
683
2833
7782
1118
8665
3459
2580
5088
8945
6914
6791
6081
3926
3340
6176
199
7575
5348
2121
4419
5909
2350
4135
6768
4164
2410
6278
7727
4775
5010
4142
6298
2528
3673
365
4829
5162
6437
2071
9058
5050
6769
4383
3226
3031
3064
5965
2549
6263
1388
7820
6521
1581
6929
6124
2062
886
2609
38
2952
3917
2556
7139
9485
3278
4910
2686
334
6162
1057
4889
8062
8833
5828
6346
1097
3752
5693
5389
8589
1471
1257
3879
452
7816
6152
6226
6064
828
9243
2936
8333
9264
722
9450
8515
7336
2888
1595
6972
7708
5964
4860
8680
8767
6621
5688
3971
3096
3748
4430
5517
4750
7439
4379
4077
7774
5545
3322
2259
2026
9466
3352
8196
9190
1445
5077
7944
5249
7521
4770
4564
5413
7706
429
7776
3950
5651
5225
1210
916
4262
7155
7972
6550
6620
2613
2494
1000
5274
56
3020
7943
208
2111
4663
5403
1440
425
697
6700
1265
1623
4833
1593
7205
2301
4588
5057
5956
8162
2200
7131
8493
978
2770
8054
819
8347
5922
9182
8415
1467
8811
621
8244
5463
4006
3048
1778
6492
4066
336
2642
7715
1083
2607
6961
3569
4024
8128
390
737
113
1068
3923
937
2299
5969
9174
5111
6979
7387
257
2238
1339
1152
8999
6360
992
7968
1846
2558
5105
1972
4610
4622
3664
7921
6524
132
2462
4131
441
4160
2029
1668
5865
5378
2175
4734
5381
5320
8089
1849
5314
1598
2725
9389
8389
6205
4863
2572
8859
1294
135
8056
5204
1659
1744
1278
7253
8256
7055
7996
3546
2239
4057
7048
129
2700
6351
27
5305
6308
491
4548
1234
9074
5815
9342
9347
4043
8304
7809
459
3558
2391
4776
2009
9113
2466
5843
5144
6050
4457
1804
5960
9538
202
5030
339
4201
3651
964
124
6644
3025
2386
1965
2972
2960
6611
6647
7257
4542
8619
2996
647
969
8613
3323
4308
1757
1588
935
1450
6563
523
1353
7623
3138
1188
4313
5511
6745
7661
3440
8950
877
3294
6393
2022
8009
66
3694
4357
1481
9047
3892
4832
5942
4368
5586
3429
6879
4585
6299
8672
1944
4756
5542
6897
8261
3931
4384
3542
5872
8230
5453
782
2163
4120
6074
7843
226
760
3648
7259
514
8550
7438
1605
4279
8771
6770
7013
2891
3930
2152
908
4896
4864
193
4759
742
7723
7538
5550
612
7346
8213
1870
2211
3638
401
3540
5038
849
6196
8058
1728
374
8471
2935
4633
6019
7867
1007
9360
8529
409
578
692
1611
2734
6274
7890
4927
655
4540
7084
5925
7261
7929
3839
8364
5324
1157
7481
6382
9122
3133
590
2906
1575
4574
3129
8900
6250
6752
2396
8552
3124
5040
2660
1871
6600
7379
6716
9366
743
6847
1948
182
3547
4338
2716
5490
1053
7800
653
148
708
369
23
3312
1285
1957
2260
5628
5532
5015
1199
6312
4508
469
2283
1192
106
1484
9524
350
4019
5605
1260
48
8917
7762
4808
1443
2693
4251
8935
2798
6256
6759
8916
6709
8750
2511
4996
8125
1908
8601
3608
6027
1706
1464
3800
3033
2771
6418
9373
8099
1883
9370
2125
30
2306
7302
1226
5705
2329
3413
8705
173
2676
8047
9160
3241
4955
8327
6068
3742
6013
5920
7858
4121
6587
327
807
1469
6102
3902
4270
3063
8074
7227
3195
493
5719
6747
6182
1001
2317
8357
6047
8585
8232
972
5404
2380
7369
7804
7354
6585
5791
4707
6861
9417
7841
2811
384
7966
4773
4110
6738
1663
7334
3345
1701
4112
8153
1058
640
6755
7643
3010
7309
6265
8974
2813
8765
319
1186
7949
7868
7431
2662
8928
8748
5444
1716
7056
2469
7760
6062
1920
3143
1952
371
9253
585
7998
7729
9281
9405
76
6334
9214
6862
5093
8546
2368
625
7644
5300
6145
3403
3713
1407
1905
4735
375
80
7650
2170
4125
9416
2786
2793
7389
2898
7574
6786
5480
189
5611
1111
2892
9487
8399
3170
2059
4449
6494
7177
948
2248
6405
1383
5724
8504
7983
6591
8684
9453
9359
6234
7025
3476
8937
3106
5566
8936
7545
2110
7839
7394
240
1517
9050
6259
7430
3436
676
3702
594
5979
8031
873
1382
1205
2454
7015
7582
809
1027
5115
1816
7201
8784
8929
3430
4795
2830
8161
3965
6488
3055
5579
628
2373
2988
7914
8050
3070
2367
7238
8513
6719
1292
8819
4948
2814
3150
8094
5713
2826
7509
3852
7273
2614
4048
4982
9129
6963
3617
9120
1654
5456
9430
140
7605
1589
6581
2496
7329
6533
7375
4037
1312
4916
1076
6841
8849
1069
8938
6628
1136
5913
4325
999
2715
8374
3200
7190
6676
9153
24
5214
2149
4724
5567
261
3910
5484
3040
3297
4022
6649
2422
3490
3609
1695
8
5702
1066
1902
6507
4985
1713
3061
400
9057
3250
1994
1539
9166
8323
5277
5627
7377
4134
6388
9436
864
7750
1824
6489
8396
5530
6536
2433
6471
9196
2835
4303
3328
3101
3362
2568
5165
2231
6192
890
4765
4947
8568
5750
698
4139
7558
293
4519
4055
4990
2724
5421
2297
5079
3788
4041
1112
631
6063
7009
212
4054
1838
1609
5970
7100
9549
5383
9465
7086
7022
8168
2376
198
6828
9087
6357
5370
3781
6762
9490
5538
7665
3182
6367
8219
4619
6373
3980
8866
3944
1934
3535
7795
570
4786
8166
3141
7357
5058
3728
5895
2631
295
9289
3171
8481
2876
8312
8548
8379
4348
6076
7393
2446
7595
2439
7982
7035
8353
656
2085
2509
6403
7924
8427
8768
6199
4001
5983
2074
277
4254
9223
7235
294
6848
6302
8523
6735
3517
6989
3324
3545
6939
1369
4609
4163
8600
1314
4085
1726
2357
3395
7741
7406
5886
6051
8565
6269
9033
1397
1244
7620
833
149
3647
5268
184
920
1487
2926
5610
5968
3634
5742
2035
5777
264
3299
5419
2504
4692
7566
3030
4505
6792
2250
2395
1378
1500
2291
8557
7074
3454
7761
9198
3437
3966
7203
3254
7428
9446
9185
51
6449
7792
7633
7926
8649
6870
1969
2713
7848
5578
1514
7631
8953
3333
168
2322
4671
424
2602
3494
4256
1354
3758
7237
3537
7907
3156
3326
4000
853
8192
9123
7179
2258
53
6923
2177
6290
6642
9089
3995
4715
3700
5091
8732
5697
2841
7798
1212
7764
8512
8997
3848
3994
8616
3591
8049
6924
515
8263
2709
356
6962
8118
5501
3320
59
5439
281
9209
3348
1629
2782
8402
5148
3575
7325
8967
1276
4047
1530
6991
805
1529
6854
8520
8241
5666
2691
5654
3054
1367
5406
2464
0
8956
4568
6044
5072
176
1022
8422
1286
7063
2409
5908
3008
5951
6543
2384
1348
5416
4275
6674
6440
532
8991
380
9085
3346
7133
2681
930
2626
2526
9519
9563
1059
4176
7090
73
5972
3173
2604
7236
1252
4394
8430
1864
4603
8883
8951
1290
2995
4957
6648
455
6427
815
7614
2920
2638
8754
5672
3130
9447
8036
4700
2777
2222
7097
7544
8159
5280
3719
8897
7523
5751
3873
1203
1405
1699
7823
6163
4718
9143
4878
5927
163
2047
6966
6342
3360
5294
4118
5866
3412
5101
641
6750
1343
4480
888
3927
531
6031
8002
7483
7249
7875
1795
6784
8813
6028
2109
5681
3166
266
3763
811
360
1460
952
2160
1799
7468
8124
7000
3337
9235
5427
7711
6564
2100
8478
6724
5175
8851
4231
8566
2191
8403
3164
8466
8772
88
2324
8490
8012
3776
315
7758
3117
4618
2020
2002
2974
1275
7277
528
6188
4404
3598
5230
3681
1318
6743
7085
5778
3034
6383
4811
8909
1166
4725
9327
8919
6236
1222
6604
4943
4255
6883
1982
8915
4020
3482
7066
1538
9407
2744
1553
7341
2817
8803
7960
2381
5186
4526
3524
2629
7447
4123
9052
2766
1656
4818
7896
7743
1843
6842
3151
9337
3386
5046
4025
9184
426
4094
5574
1923
6223
9551
7054
8596
6177
6898
2542
8185
3515
7031
9415
5807
4969
7019
6387
