6478
4039
1417
7671
539
6366
458
3495
8930
3606
8961
6527
596
6079
9039
9399
3479
2408
3775
7779
3581
2163
583
5155
7784
6724
1545
5859
9393
2090
2296
1885
1240
8853
5413
5190
7364
439
6330
6230
1201
1139
7002
2376
8613
3471
2318
5109
9152
3013
7885
4018
1231
7447
269
1352
5051
4742
9024
6503
6854
3321
7068
7618
1045
5902
6438
8339
173
8949
6769
6091
6535
7259
6680
6315
2152
9130
4313
7683
9220
5932
7980
4814
2240
2155
3290
531
55
9173
1470
5791
3727
4643
759
3880
2048
7389
2347
2687
9321
4376
5555
7168
5143
3159
6143
736
5694
7436
8423
4790
879
5205
8129
2852
757
3278
5359
6379
3153
7455
8911
7569
4351
1388
3484
6948
6396
38
1674
8684
6311
8644
7643
9382
5951
6105
7667
2897
4259
5024
7228
2804
3010
6996
1482
6556
6855
1832
9028
9293
6911
8842
6430
5883
3914
7615
750
9144
1680
7013
3488
8739
5141
1252
7773
9495
8925
6035
2888
4770
7695
2359
880
6497
6865
8829
4028
4480
444
5528
5329
463
3767
2686
3587
1418
7326
484
2116
4799
2061
2354
7553
3389
3188
1124
6249
9138
3337
8029
1217
1472
6887
2663
8741
5978
5505
3646
8677
8415
105
2517
5417
2969
5579
990
6753
4287
5373
4787
6121
9527
2569
6083
2910
339
2010
6700
1528
9394
1526
5289
3459
6596
3946
8772
3813
4746
9426
3675
2962
1167
7291
7715
8010
3116
1344
5773
7619
6065
1960
5300
1313
3102
2994
1094
1315
1591
4224
3353
1060
3595
8844
17
3289
1492
6229
7977
7080
8369
8388
2106
7040
2335
8450
4859
6261
9317
8017
5937
213
9068
3070
3475
1666
2683
718
8798
3800
5427
4539
3158
978
6353
6611
2535
5626
6433
4173
6206
3726
9383
1677
1638
1046
8367
402
5150
2256
6664
3510
5899
2125
1434
7382
141
9037
5369
118
4382
190
4549
5563
5430
2096
1950
468
1552
6595
5444
8146
6469
7477
4599
6089
1715
6558
4334
4572
7495
3310
475
8503
3753
1442
9203
2625
4649
1617
2866
4499
980
1846
3790
7626
3292
7400
3373
456
4114
6496
7026
4543
3207
2222
6232
2378
504
6354
3199
6870
4919
3819
4296
1900
2696
9325
4774
6501
708
7731
5249
4664
9092
7791
7323
1953
1575
1459
1314
4773
8351
1963
6087
630
6588
1394
8592
2902
426
5594
8467
4069
365
3024
3002
944
2175
972
3554
3723
1822
3507
6193
923
9339
6606
3519
2944
3085
1836
6139
5381
156
9332
4452
75
973
7999
2525
4627
3063
2939
4185
8973
7332
5188
4169
8746
884
2018
4564
8753
8577
3704
1431
4427
569
3574
7152
3586
3486
1701
7642
8433
4587
7290
7891
7649
5083
2559
7963
3926
8773
4038
4154
437
942
241
293
3379
1525
5571
1939
7680
2670
6586
4856
5218
3631
6804
7827
3647
3864
6037
2238
2066
603
5521
7500
1402
2876
2675
6777
6709
9272
1382
5437
8808
1239
6842
1919
3264
8868
686
5793
6419
9212
3542
4204
371
3171
5593
4228
7213
1518
4938
9026
1667
6627
3971
3288
8854
2973
2083
7470
4197
4237
4305
5580
7310
7430
6994
4727
983
1739
5171
9147
4433
7750
5637
5241
7694
8185
5976
9197
3708
104
5291
7772
8018
117
1531
874
9021
5633
9552
5007
4636
9524
187
6995
265
1067
6272
5738
6151
5374
4304
9136
4819
918
4855
83
7888
7901
7699
7577
3619
115
3
358
7085
9359
1222
4835
6569
4416
5266
7451
6401
7536
2461
9351
1827
4445
7946
1987
4078
3972
367
5804
1131
3053
7308
196
3218
7065
320
1395
1673
5210
5696
4547
7147
7115
7894
6138
361
5136
1269
8468
2911
8464
1291
822
8421
4526
3857
5187
252
6308
1214
6068
2612
5749
9278
1517
4147
4930
4436
7637
412
6523
9335
9538
5357
2264
3359
1072
1424
4710
5855
1516
945
5747
5518
3298
2778
601
6710
1917
5299
6361
1327
6633
4406
3099
5536
5705
9507
5396
9284
3295
8126
6015
7205
911
5517
7321
4085
9526
3768
6715
683
3445
1251
7765
5084
4555
8608
5693
3115
5017
2228
7204
3680
815
6793
2144
1569
3001
9255
4672
4248
262
1636
3104
7458
4975
5271
5960
5740
5330
5630
5998
7251
2103
3134
1702
7640
5535
3336
7440
7319
8648
7651
5441
2575
7077
5600
7915
3174
3895
2166
6748
4953
1183
6889
2509
5726
4918
8871
3050
5263
4087
3030
3607
9304
8163
2660
4273
8272
6938
7937
7450
7305
51
8100
7127
2004
2348
8267
3547
9355
8850
4133
6744
8189
8936
7540
5533
8162
7617
7219
472
1658
3267
2140
6296
7775
1
5739
8686
6873
1556
4734
3312
7481
4863
1025
6783
7578
1718
1819
3209
1367
2188
3679
2342
2615
8462
8239
6405
6307
3453
429
4893
1876
8402
7474
885
6977
1630
5212
363
4941
3422
9153
1071
4371
4584
833
8114
792
3986
2218
8525
9565
4806
2505
1229
184
7041
2043
5383
3784
6402
1967
8910
7216
7653
6142
1237
7605
8264
2041
6262
349
2484
5513
86
723
5994
2190
5703
2722
8633
1659
2782
4364
6553
4824
1140
37
9500
3494
9486
5264
5646
5192
2638
3810
5400
5489
8496
4955
7535
4857
982
7635
5246
4582
2982
6060
7886
1144
7007
3121
1847
4992
7639
9446
6036
3856
3815
6554
1198
3608
7595
5782
7303
9140
541
3355
2415
3992
8349
9256
7950
803
7677
9307
7770
5014
3565
319
2641
8306
4738
2716
7006
825
1425
3908
6213
2453
1097
391
6495
1598
2972
3407
7762
5054
5163
7880
2473
6823
7851
3334
5407
2208
6990
315
5886
8989
8245
6637
3454
7155
5546
7374
2566
2154
3370
6787
6210
3960
3544
6738
8986
3872
1792
9031
7917
6320
617
9155
4403
1189
7925
5123
4336
4401
8109
1894
7163
2014
6871
9435
4116
8080
5322
8273
3904
7944
8191
3109
8390
7097
2057
3108
2685
3807
3514
3467
1127
4283
5688
2300
2801
4869
5345
4077
492
2243
5833
5183
3858
6764
2441
1958
3907
3522
5839
5831
3638
1595
1888
7282
7566
1007
1308
7525
645
217
660
8846
3845
8885
457
3204
3952
2440
618
5414
6044
8149
1642
2834
9062
4076
5912
8564
4570
2281
1345
5462
6313
4954
6461
6582
8356
3947
3296
965
4725
7277
5621
5690
2884
784
9100
6973
8248
7984
4053
5608
3489
9518
5695
3027
4172
7275
4046
7820
5398
9298
5451
5253
6852
4484
5539
1921
1365
5933
6179
1117
5601
8260
4346
9204
4683
7144
8645
1013
1325
6465
8777
7489
5746
5349
2257
7598
8599
3181
2832
9233
571
508
4178
4602
5811
8824
5375
50
6216
1335
352
5700
8343
6565
5487
3605
7691
5636
2385
1456
6423
9341
5649
3602
4977
197
6773
3397
6776
790
6532
4962
6623
8616
4651
5256
4368
9349
1872
4155
8920
5217
2835
1081
5194
2837
2410
7600
2524
1755
4000
7818
3701
677
9046
8912
1306
9047
3250
302
5844
6810
5882
8311
713
1213
6801
4684
1771
9082
3079
711
5638
4668
4796
2383
309
6188
3239
3323
2337
4610
7544
9263
1168
461
3068
3710
1043
3640
4843
445
704
5576
3015
2329
7550
8913
3853
8609
8815
291
2290
8756
8249
4227
3760
1040
2273
2758
3685
5560
8682
9186
3529
3152
813
5625
8024
5906
7584
7793
6082
2749
2432
5827
2935
8545
9178
3247
7506
5081
9287
2375
4149
1493
3446
5589
8787
3130
753
9368
8397
9034
4134
218
3315
8751
1256
2975
7166
4717
5448
3825
6992
8217
3563
6348
2366
710
1593
9330
1946
7726
3235
8344
1714
7272
1210
5715
2979
3963
4301
8960
6027
9295
4074
4831
6287
6892
6814
7456
5609
3591
7501
3676
8987
3304
4957
3520
7574
8063
5438
666
4740
2703
3906
8099
6963
3848
6223
607
3272
8098
1452
1385
2857
6002
7725
6649
2380
8316
2212
8527
7583
4187
9241
3282
2791
1712
4343
8914
2919
515
3161
4940
2974
1961
473
3125
260
8452
5097
8232
9179
1601
7035
2172
8148
8259
7686
2568
240
251
6165
999
2988
7129
5775
5458
1384
4997
4754
3069
2161
823
6233
2522
6031
9509
3629
9285
847
4493
3226
1296
8440
9223
688
9029
4939
7909
314
830
5100
5184
4558
2271
7966
56
1982
4964
4488
5822
6908
5019
9050
2831
8449
2913
9093
8893
5592
4920
7051
8233
5837
9437
7755
8173
4220
7576
5836
8630
2252
8710
8455
5160
3504
3812
5948
4001
53
6135
3720
9017
1050
4527
9013
9141
2098
2929
6197
5965
4455
7804
9069
7238
9210
3525
4269
2319
3394
8596
8188
4086
279
7910
3020
2194
8196
3598
109
2126
6499
3223
5897
1860
328
7921
4669
7473
8656
2813
7165
996
7091
5372
4005
1622
6914
7236
1818
2019
5113
4709
7256
8526
6094
5972
2124
8293
1380
4316
9135
3707
2904
6103
2896
3614
6500
1232
5298
751
6665
8301
5566
1727
3967
6452
7589
2394
7524
6280
9515
8676
3497
5219
5032
9358
626
4923
5618
6292
488
7411
9091
1815
3546
7195
2952
2838
3935
3802
493
5472
1780
2146
28
641
9350
578
8543
6434
9422
8995
4795
1279
7541
9185
1001
1439
3342
3166
4632
6676
699
9221
6505
7531
8490
8253
2021
6926
2507
5543
1268
7141
5734
721
2136
6915
1212
4101
6672
609
7396
4151
4691
2960
5002
2128
796
8533
3902
9264
7370
6563
9286
7841
1951
3047
2007
2189
3444
9346
1160
5465
4690
5283
455
4407
1611
5710
7174
4221
2233
1443
8222
2101
2963
3322
9177
8309
2442
3722
2646
4700
6132
2235
1273
8432
7866
7226
7882
4803
5656
4875
283
2650
4219
5662
1675
8983
7932
9550
6896
2872
4045
3345
8438
7422
894
8642
4317
1907
7490
6410
3658
357
5048
3120
1796
8551
4561
1728
5425
5
2494
2288
8749
1602
2102
2184
3229
8786
6552
2224
8011
5436
6575
8968
6731
2523
5845
1429
6592
7850
9416
7763
6522
4879
7293
330
3258
867
4184
8625
1863
7124
9314
116
9313
4449
7404
9231
8290
5248
8679
3718
6692
7412
1477
7573
1087
3575
6150
7822
4454
6130
6622
3335
4512
7334
4936
4333
2196
3327
8614
5259
9442
3271
670
7786
2417
200
1892
6440
7130
1843
961
3408
3058
8688
4166
7333
1655
6837
3541
6283
5711
8486
1090
1770
5772
9319
8252
8765
39
6737
7703
4680
4213
554
9215
963
2028
4419
5244
9475
2343
481
7111
6128
2009
6160
6821
1401
1693
2369
4159
2518
6557
9084
4692
9289
5395
433
4192
6968
9461
8247
3034
9290
5544
8138
3155
3899
3477
7341
4344
4915
1565
6934
4010
286
5896
4118
2810
5475
6635
5942
8288
7527
4379
284
6797
3852
8442
6651
793
1310
5476
7747
308
8104
5047
6791
1149
6284
1368
7426
8877
6706
2926
4238
1540
3553
727
8717
185
1809
8548
2885
7799
1123
6723
1254
2309
1035
8283
7178
6295
8028
6111
7722
7336
5680
5405
1996
3683
8201
725
6671
1376
2658
5757
1021
7534
6863
4834
1607
910
1350
7463
3700
5985
5778
1420
4794
9356
1143
145
7523
202
929
7123
2602
8319
4139
1852
9224
8802
9237
4216
7644
6645
1039
3352
5581
1922
5293
3464
619
9191
6025
5193
9143
4682
7503
6856
5031
5480
8602
2143
6112
1614
4271
8629
9333
8856
5914
6368
7483
8484
478
6236
5060
7723
2707
4059
6314
8488
613
3552
8193
3865
3377
8557
5759
483
327
3769
6882
8261
3230
6381
906
4047
8476
3981
5497
2759
6638
3421
1165
6238
6137
8469
3849
6621
465
4490
6413
243
1945
612
7983
8334
2701
7958
8279
6707
2211
1821
4319
696
9217
3854
9053
9222
866
1870
6113
1512
2498
1077
5272
4951
1859
976
1644
8171
7582
8092
7089
8062
5213
1068
8056
2678
8700
7831
8572
6146
3311
2916
9557
9457
555
259
7240
1641
2017
4966
7993
47
7064
7292
8342
6752
5958
8329
6720
7100
3745
5316
5687
7385
1606
3142
4079
1412
4210
7079
2941
5989
2692
512
7119
2094
4439
6693
5030
4500
4718
3792
2220
8865
6237
2452
6510
4509
6288
5040
8004
7311
2429
4802
3313
568
3365
658
2530
5333
4483
1823
7672
4062
1910
9283
6860
8761
2205
2481
4096
2609
8183
3648
5453
953
4513
7452
7088
1460
186
2652
9078
3736
4693
4791
7212
7193
7875
4235
2488
345
4630
7254
5940
2357
5779
9361
8209
735
4231
3577
9326
3482
594
8116
5627
6781
6799
6893
1998
5195
6122
2770
1585
5629
1495
8950
5866
8418
9193
9027
1410
4394
1720
954
4546
8362
1403
4985
7796
6666
7078
3219
737
4566
7579
5230
5922
7313
854
1048
6759
4995
7982
3754
9165
3253
8474
7879
2906
8274
2157
3241
4656
5478
8365
8638
5151
61
2895
3842
2390
5020
7093
6673
1078
2122
7702
9106
782
7274
3599
3840
6763
3941
1125
7138
858
6304
325
5076
6675
6088
3829
1889
6406
3132
3154
2468
4647
5540
5446
180
9151
2331
3719
7939
3809
3664
8632
5742
4120
1372
383
7074
5870
3626
8382
2788
168
9280
4292
2651
6845
6746
3900
119
6199
6743
3098
4031
7665
3358
1577
812
4393
8130
5507
8928
6349
5689
8408
5215
3425
410
2081
7201
415
2796
425
8665
2690
9291
4373
1057
1264
8834
1318
6642
2653
7847
8828
1323
2632
6224
2284
8588
9369
1207
2682
6667
3785
5843
9110
1159
1105
7301
2548
8817
3463
7895
8929
4765
1182
783
5090
4573
3405
7970
8752
5362
5046
6491
2803
9129
5479
317
2447
4395
2998
6905
1364
9375
9010
8975
1523
3474
7646
485
3957
1276
8579
591
6008
7344
5091
6998
151
7674
6017
1227
3164
579
1793
8350
7636
5669
6659
8337
3455
8326
3350
6540
3961
479
2051
261
7899
834
6453
81
1061
6800
6274
8405
5202
6476
1568
7897
2177
4180
1605
5599
6688
6186
6602
9544
222
8133
7560
436
7032
7261
4112
902
6549
106
8555
3850
7433
32
246
9379
2351
2730
8971
6394
7429
1303
1839
7881
1735
9421
9113
4198
7864
1369
2985
690
7435
8560
1547
1478
2503
7802
8304
2310
7283
9302
1102
1242
4984
7488
2893
957
7494
8894
9340
60
2156
1628
3071
9149
664
1199
6562
897
9452
4130
9487
1450
1952
4949
709
2698
9521
4423
9096
7955
5953
4492
5295
5988
4614
6864
122
1621
1396
6009
2158
8225
8848
717
1747
4408
499
4026
8372
7126
9200
2677
4935
303
5984
8767
724
3692
5522
2617
4495
1993
34
6916
9132
1055
6722
939
3833
7099
7239
3220
4315
1742
33
4190
9497
985
8706
2059
276
7800
5981
9498
8819
5807
1944
1130
4467
6462
6334
8841
5534
8174
3667
8667
6785
7369
4609
5037
406
563
323
6509
2346
162
6978
5332
6577
7285
5722
3661
6277
8219
7316
2497
1114
7756
4904
42
4420
5632
1142
5221
2246
2311
7761
2174
8923
68
4817
8988
7860
3330
6561
4910
3196
8211
9482
318
3776
8482
7960
4141
4516
6580
1084
7855
7231
6359
6751
4901
8216
4004
1241
5954
881
8459
5421
3997
8530
1708
97
1011
5800
4469
4014
598
2736
3022
189
7837
5868
6318
5558
6997
2643
3996
863
4993
2349
5803
7437
4528
6306
1480
1194
5919
2305
2540
1497
9292
4891
799
8813
2283
2858
6550
3643
5055
3695
9213
1980
7021
2808
5810
2603
7414
237
5928
2976
878
8314
7403
7976
548
6857
3428
7003
9020
7045
9559
1286
8318
3523
3796
289
693
295
2579
6109
4309
4201
7014
9477
1202
9102
9270
8345
3861
321
2967
8320
8419
1052
6872
575
6974
4900
5088
1805
4240
6689
8055
7096
5062
8561
6786
1551
908
8715
5605
8325
6081
6328
1438
6472
2454
9374
4352
5620
7120
3371
1938
6761
544
8242
7522
7608
3673
274
760
333
7432
8058
3054
9400
3803
9161
8078
7824
6703
1572
2077
2049
3994
4849
8590
2097
2636
7919
6843
7314
4888
3243
8451
8048
4878
6412
5678
8097
585
1681
9561
193
2921
5181
2714
1648
8395
6425
2775
3201
3140
6106
5990
4426
1942
1916
9190
2294
8086
6634
3579
9413
3141
3442
5452
8487
1506
3826
2206
9543
1312
6795
183
1073
7575
54
1971
1912
6070
3545
1514
5852
2729
2812
8045
4099
3191
7409
9142
754
1608
4157
5275
3077
4974
7498
9055
2091
7679
8383
7229
3869
1332
5470
6217
1196
4367
6411
2245
2302
4465
5304
5964
8165
9125
2118
1116
2433
2249
4397
1538
6387
5758
9558
3057
3610
5798
6276
692
1246
1349
2581
4470
1884
1574
2251
5161
947
341
1838
3111
2100
3569
1623
5996
2809
8425
7513
2455
5167
5346
375
4225
547
4212
8804
3891
6014
108
1904
994
8515
3035
7563
1604
4733
5117
7309
272
8182
3933
503
6358
3573
5285
3918
8499
2213
477
4350
1627
3485
8946
4321
216
1788
2036
2215
7610
4366
1112
4280
1672
4596
1262
1851
604
1762
3049
8860
7142
6439
1898
4937
932
8076
5211
9444
6189
3084
6950
6256
230
7192
745
7545
9451
9114
6591
3985
5667
131
4380
7951
5603
5878
2356
3623
9216
7692
448
8176
5094
2295
2239
2900
4827
2203
8289
691
6719
8974
4619
4932
1726
4712
842
2836
5198
5619
4529
113
7586
5364
1058
3457
5769
798
8475
6733
2784
6321
2082
2869
1789
6340
229
4839
8420
4125
6862
2437
149
7742
8376
7924
8713
3654
4652
3725
654
6656
5464
1334
1871
359
5512
1807
3592
1499
7511
8122
3905
8939
5485
6141
528
5733
8835
7908
3890
5945
5033
6788
3268
4864
1030
8095
7478
3594
2315
6918
7286
6171
2537
4040
6729
1104
6768
5220
5243
8722
1947
2401
2719
3423
8509
7926
6047
6830
3920
7467
7641
8867
1235
7354
3923
1596
6734
9083
4081
632
9528
7185
1550
9187
3655
6513
2655
91
8549
1625
1848
8371
7106
2147
6038
3678
6326
4146
224
5038
1034
6658
7122
66
5044
5178
6408
2616
679
3841
2596
9098
8505
4821
203
3660
8797
8458
8257
1713
8607
4177
1716
4989
728
3693
8180
4642
4721
3777
69
9501
9551
2328
2108
8766
1697
2400
1566
6226
7063
6717
7611
5174
134
249
5623
2026
8087
6092
5586
4222
6944
7038
8712
4508
1171
6502
8585
5069
6057
2864
7900
2710
6686
9168
2527
2907
8915
5730
756
8120
4123
1343
1359
9520
18
334
3705
3651
2880
1233
7870
1603
5812
376
2814
6281
4158
144
177
4044
2282
8965
9506
3175
8391
7207
5509
1935
1151
1964
3157
778
4250
8663
6906
4687
2665
6771
8352
3916
8002
2374
6255
5670
5079
7869
5419
5170
4392
8143
6590
8904
2815
2854
1390
5456
6971
2592
6346
2601
7997
8748
8
7558
8448
5661
4714
3357
300
920
8964
8507
5639
2274
9245
2406
6363
2000
5466
991
6046
2563
8481
58
5043
767
3009
8269
1186
7405
4037
9410
2953
8870
7230
1719
4741
3089
6219
1336
5857
5416
5006
8816
9005
2363
8409
8692
8541
4665
2145
635
6826
2333
7036
5152
7025
5459
1513
8617
6048
7732
5460
7189
414
716
3302
5666
423
4671
8855
6792
8119
8661
7628
5443
2110
3481
8963
6587
8355
347
2431
3299
3601
2095
6451
9409
5120
2746
8386
8895
3110
7828
9564
1298
3314
7090
1710
7591
7733
4883
8291
6802
2865
6869
1228
5286
6378
4550
8905
915
1322
7657
9377
1529
7947
1260
1797
7499
8943
4417
6894
8204
5617
6400
3672
523
7304
2237
4402
8007
9164
3709
497
5067
8220
114
8407
6555
8184
5404
1180
3411
2477
8353
2669
4410
8079
6471
8825
6507
5842
6445
7149
3613
9003
2234
7300
9354
1590
3440
3338
667
100
5303
5938
3755
9267
9427
9445
1110
2219
4545
6811
8052
6136
6560
3811
5403
6157
1234
4752
9202
7423
8142
6485
9502
1122
653
5035
6762
1503
2642
6775
8764
988
3419
6371
8627
3274
808
739
2338
3909
8517
1927
3879
384
5018
8668
8615
5424
1266
959
6716
1176
3081
643
7378
3644
9214
1476
1244
5378
6954
1375
1126
6282
5529
3928
1221
1671
214
1321
385
3399
3711
7493
3124
4641
1646
2980
207
6677
8106
1761
743
8446
4421
1082
4143
7712
3844
3976
5096
9004
7769
9439
805
1772
857
9505
5614
2713
2444
4646
8105
5490
4335
8300
2554
7957
175
5132
1734
9258
3119
4042
256
4520
8795
7568
7257
2084
6235
3177
40
3349
1799
3410
5393
950
24
2358
5973
2277
5802
3018
4409
9279
8214
7856
2724
3372
7543
2756
3436
1311
3526
435
1694
2250
3424
2774
2526
9122
3263
7233
5847
2867
340
7991
8763
3868
2299
8769
2798
1481
9159
1466
5257
2586
6460
5199
3624
7242
1393
3044
1049
8392
7502
9385
1033
1580
4898
6653
8137
9090
4597
1037
8903
5817
6648
1532
7186
6936
6042
6912
65
1977
1774
3515
7631
7934
1134
2933
6241
4998
11
2924
8147
5454
6984
1686
6033
4777
2821
542
8321
1535
2159
6632
4851
9297
4565
828
4560
2968
966
4719
2500
3762
364
4943
914
2365
9417
5532
9334
2992
3045
6806
8640
3317
4554
133
4424
536
6547
8552
7612
6395
4535
3016
8144
5880
8001
9254
9099
4783
5672
7567
4347
2512
3698
8043
5105
7508
1205
4833
3878
9315
2301
9420
3021
5671
3387
2389
4958
4982
31
518
5924
2463
4002
8897
4384
8414
1997
1865
9248
2149
1624
4501
1582
6910
6043
1891
8538
7066
6512
1488
2827
4867
312
76
171
8695
1756
2631
5846
1135
8820
7221
4070
5776
4307
3172
6265
7564
4182
540
1414
7232
5258
3139
8187
1571
4060
4871
2079
8282
3764
6574
9251
7594
6798
5429
1835
4860
5818
8729
3008
7902
3151
3279
4385
3628
7050
6610
3663
8021
9274
2649
26
6161
96
1791
4679
2894
1895
5057
5628
1430
2538
3072
8951
8111
883
3205
9485
5980
326
8466
3930
5397
3011
4927
7965
191
1305
4815
3249
7730
7588
8255
16
2917
817
7949
7857
5344
411
7559
5770
657
6389
7862
6258
9494
5606
9514
7358
6578
3532
5434
4266
8926
8327
9306
4251
6681
8157
2817
2882
2373
2981
211
6041
8823
6616
6021
7109
861
6316
6988
7110
2178
933
7790
6011
7774
5439
9300
7156
3873
9181
4931
4223
5875
6774
5900
1956
7737
1437
4593
4948
7102
5099
462
8702
5530
6487
5642
5926
3669
2594
4056
3150
3517
9156
3580
2001
6922
1261
7444
4808
3080
1209
4556
3932
234
5103
9337
2044
4205
407
2627
4810
3473
1881
6222
3300
4786
8535
1549
5712
9533
2666
4450
6242
726
297
2324
9480
6541
6682
7376
9309
6650
1275
6630
1759
7814
1864
1533
8431
646
2200
3332
9115
3297
5781
4232
137
2949
631
6741
3979
4084
1616
3242
3903
5297
8167
164
4780
2487
1972
6194
1825
685
1015
8221
8583
2771
3185
4716
8998
663
1088
2984
4723
1154
8985
6601
2419
1270
8697
2011
6239
7133
8899
6690
5644
2556
430
7101
1422
7650
1371
9384
7923
9503
7417
8758
6127
4016
8310
268
6636
6383
2467
8984
4913
7625
2334
6639
1253
4826
7826
628
2705
8784
8102
6436
2192
4299
4965
5319
1103
4459
7375
780
3912
7170
4027
1250
3404
4453
1913
35
6351
9343
8401
5514
5488
3093
6819
9016
6755
890
3393
8539
2860
8127
7267
5849
7172
1779
7421
1271
4323
4476
6593
6191
4828
5368
1640
5433
7685
7754
5326
1546
9038
7767
899
7876
1861
2723
3064
2424
3331
2185
1915
6231
3656
5966
7008
3019
2130
774
5133
1218
1537
9040
3940
8838
4163
7912
8953
8218
1883
1589
901
3067
5126
1155
3773
9305
8067
4447
2767
4277
9296
1858
9456
4580
9376
7724
8060
2717
3413
4697
1829
4034
1421
3551
7011
6050
1038
3761
9460
5537
9345
3576
6909
8571
1610
5504
5080
2352
8789
3398
1508
5974
8781
3502
8708
8830
3980
2142
3717
5819
746
3787
8358
5851
3137
4415
2656
7360
8955
1618
405
1392
258
6285
6754
3561
2742
8611
8108
7448
1724
212
5142
6181
8404
5516
1637
875
8724
6056
6898
4945
9127
5500
7663
7688
7961
1650
1869
2695
1882
4006
3572
868
4926
3227
8776
9542
3456
2680
4640
4496
7287
3721
5169
1553
5440
4444
8422
8049
7986
5455
6177
2892
5469
3392
572
8308
8738
7973
8647
6432
674
157
6983
3611
3318
6551
4066
605
2297
4601
6024
1243
1663
970
4805
2344
2151
22
8637
6338
3193
3450
8335
6879
3412
3805
846
7009
1828
5159
2674
8416
7391
2025
7397
8755
9033
9236
1317
4298
1484
1886
715
8933
7904
2265
2920
2694
5977
7670
4318
8456
6652
3261
377
1785
311
6317
2993
496
5238
2020
5808
1383
589
5315
9244
3012
6975
3228
7401
5523
3958
6817
467
8332
6214
5162
9381
6156
296
2582
8731
4103
3974
5809
7211
2491
3665
2303
2169
5338
5350
3795
466
6293
1399
5648
3855
3328
752
3689
3934
6848
7719
1288
840
9481
9303
7989
4161
3266
919
7012
2435
5727
73
6941
6364
8626
49
4144
4405
3078
8862
1903
9299
912
8840
8330
3738
7132
3366
859
7114
2055
6886
7016
7572
8483
3055
4972
8887
4461
5071
1489
3859
4320
2291
1737
2360
6464
989
9453
2502
3915
4156
342
5334
6040
1024
4983
1333
4902
9327
590
2227
6350
9556
3766
8831
2739
1936
2115
8821
889
3088
7116
652
3406
4695
6745
27
1840
870
794
5874
4302
3381
6269
2934
5946
4310
4760
7662
1263
3578
103
5591
1983
2104
9023
421
7752
8845
1427
1984
8192
940
506
7673
1924
1009
3668
5229
4442
4181
4094
8934
5236
4961
8385
8393
4202
271
7459
2317
8457
6108
7708
36
4383
1036
2657
5353
6947
6455
1219
7593
74
2229
5294
8368
3783
5061
1146
1750
6756
5225
1016
1874
593
7768
599
7350
5418
8406
5191
4239
797
8465
1179
5015
7865
2790
1808
4119
8620
2878
220
3169
8297
7466
8445
2236
8678
6803
4126
1181
1026
3224
1453
8085
5137
8159
5763
9201
4206
1943
7398
1028
6740
4071
6479
4653
7312
7889
4160
8009
4308
7395
8207
3942
4701
8618
8546
6661
2557
1844
2129
6245
5848
8693
5796
7365
9323
1366
5110
3898
6158
8851
2486
7995
4517
3702
649
5716
779
7634
9536
7512
8324
1849
6519
4798
5755
4538
7453
4689
8890
3770
2263
4729
9474
4868
3798
5908
838
5745
6454
140
4657
9517
8096
1662
3808
5066
1802
8494
6107
395
7266
5386
8532
7975
6919
3452
787
7234
4150
6061
2372
722
2133
4117
206
8441
3215
5335
975
9271
5925
2510
4581
9044
5574
551
7071
2421
7253
1285
3944
3793
913
2932
6182
6725
2555
1265
4781
3449
5042
7476
7352
3283
205
7687
755
8491
9316
6696
1267
2074
5491
9253
8331
7148
9146
459
5232
8601
892
2783
5278
4289
9080
136
8032
4917
1620
4530
8294
5691
3896
3437
4429
785
427
3441
4033
7580
3138
5339
5572
6489
1563
8908
6447
87
5185
5267
7393
2648
8847
2644
5087
3066
6049
1006
6728
6134
6084
440
2797
5653
8428
6545
5559
5814
6180
2483
1070
8522
7760
89
3801
5686
968
1099
8699
5450
9554
8568
587
9174
2053
6247
5290
9001
163
9269
3105
2824
8657
5909
8341
2107
5242
9397
270
9176
159
8227
2843
2003
5890
501
8312
2571
4510
3351
7196
1626
7190
2789
2450
6980
6732
4497
6607
6446
7353
2528
1949
8718
7
8559
8780
3568
8673
5432
7048
6959
5281
4896
332
9403
4092
5073
3470
7552
949
9366
7938
3639
3203
4188
2170
7658
6847
1485
5269
7387
5482
6573
3339
1599
6145
4588
9057
6784
826
6185
1999
7689
1981
1289
1647
4622
4775
7521
8726
8213
4098
7402
2950
5377
5861
4537
9562
4243
6291
6329
526
5371
1795
3237
8161
8794
3212
366
2314
5501
795
5568
6778
781
4057
3806
6059
2260
8471
9018
4241
8038
5072
5311
2470
7838
9389
2278
4744
8498
3325
586
3871
1491
8270
3490
5582
6300
1683
4644
6034
8033
4837
4559
4872
5328
4097
5318
2121
2035
3190
8139
9228
161
2863
6133
8589
9167
9522
9449
2325
3851
6392
9162
841
1092
1857
4019
648
4750
8927
8833
8843
6428
1775
9288
3732
7324
8206
9218
2516
1930
3383
9089
7104
7362
818
7299
3112
3369
5816
143
9438
8709
273
4769
2751
5027
7709
6567
4987
7811
226
7638
9158
3831
6449
5596
1842
5766
6323
8003
5510
8158
1668
1190
1966
6174
8790
3326
6263
7551
7758
602
7023
1468
7112
6200
2403
7903
5704
5226
3889
7803
1504
6533
5276
9404
7713
7633
4183
5898
6643
6999
8053
5641
2725
6298
9043
3712
8210
2422
3567
8680
6704
6155
7339
5179
3956
7561
4801
819
6248
6935
8047
1558
6352
9227
2449
7337
6840
2715
7140
788
809
7243
8136
1019
507
4928
3367
7046
9067
1075
7136
7037
2064
1911
6585
5111
1158
487
1175
8563
5892
7546
5394
4988
5284
8501
4242
4505
6012
1490
2700
656
2672
2171
288
3354
1902
4457
1017
4897
6124
7416
719
697
3911
393
1157
2763
2823
2706
2841
9060
993
7049
3160
2513
5493
4906
8996
6566
5411
7024
6020
5410
5147
7992
5756
3036
5697
9465
845
1100
1010
6537
7717
1494
6891
5538
8992
8606
9119
2255
2033
4648
2476
2545
9320
388
4191
5674
2138
8203
2668
9183
4253
9207
4793
4944
4830
7845
7072
615
9415
2629
5684
2216
5013
3460
1338
5905
2207
5613
4486
8938
2428
4779
8265
7526
8285
4340
3429
7599
3048
2382
6931
5590
6617
5009
2732
4747
7780
3060
2765
4140
2757
4020
154
4438
2577
6647
5092
1800
7484
6178
1587
2711
6013
179
567
7812
381
2718
1751
4136
8593
8005
5895
9412
3690
255
2042
3364
7368
3390
1248
2989
2987
4274
7516
8839
8280
4853
5887
1651
8084
9095
4873
7121
418
8412
9540
1363
1471
7693
2727
558
1297
7962
7043
527
7010
5093
1000
2726
6325
2936
1588
2392
3087
2173
2561
6393
2038
7729
1225
490
7346
3883
1020
2914
9276
6417
698
4272
2160
4895
1853
6925
7461
9490
6572
7246
8132
5164
6196
6080
5119
3622
2986
8778
8317
4329
5949
4620
4437
4254
2639
5104
1295
4889
5622
1810
8554
3123
5794
1474
4215
9239
7844
2242
9265
6090
1653
3378
5115
5556
4568
2485
7597
852
6039
8363
5010
5324
2345
4363
4789
5223
1079
6055
6391
3499
4916
3886
3493
2654
7159
1066
4662
535
1346
8051
6874
5412
5551
8740
9073
7340
8091
1294
1216
4748
1706
7660
4360
7084
7460
3543
5307
6072
7244
4836
2948
6939
5172
8508
4100
5961
2085
7033
2891
6355
5668
7604
9365
6694
5026
5261
2945
1753
7539
8967
3086
5643
8243
401
6384
1600
313
5602
4654
7842
441
5140
9534
4726
4552
4362
639
4616
3443
5550
9360
7060
1153
264
7160
786
8610
238
8689
4877
8347
8725
4782
5577
2816
3649
2420
5506
5025
7139
1965
379
2093
5910
454
1247
1760
8754
5380
9076
2600
8567
1803
532
8131
5296
1337
7492
4553
8662
4986
8013
5615
1018
1676
3874
4589
8177
360
6003
1411
3987
734
6619
4577
747
7394
5547
625
2113
5498
622
6923
1093
8757
6961
9348
2407
4604
9252
4293
3620
3763
816
2046
1129
8736
7208
8520
7846
8810
5496
8796
5853
8035
610
1696
6770
2060
8691
7874
8716
6517
1290
4430
8070
5885
3403
3415
4258
396
3374
4611
2877
7371
7696
6343
3740
5056
4663
1826
6991
77
9484
8891
8972
5651
13
4929
921
7883
636
5830
2176
624
3075
1918
3929
419
3691
6067
7507
7504
768
2462
5340
1692
4095
2262
4093
9458
9282
5721
4189
5314
2496
3993
1433
5561
2111
7269
2626
8277
7592
7029
8226
2584
8801
6846
3885
4880
9395
6825
5762
8537
1973
5707
7062
4959
2881
101
6114
3970
4963
4446
464
6736
4991
7408
2635
1749
8721
7217
6221
3548
2851
5468
9063
8039
8478
8698
3550
6360
5004
1948
3276
7171
680
6344
3951
8215
9163
2532
2458
3794
9049
2519
5659
5023
511
5331
865
2883
8286
5063
2024
356
766
8681
2054
6962
64
1187
6337
19
4980
2259
2640
1115
1609
7781
1845
9405
7751
1226
7532
23
905
3975
3922
123
3901
386
6192
5231
829
4443
6589
1119
8194
771
6836
125
1787
4023
4349
3506
6273
8041
3953
3438
6205
5508
4865
2623
1161
8121
6459
9428
3593
2927
1022
4536
2930
6794
7933
7514
298
7816
7542
8666
9308
955
9531
887
4281
5860
5569
8026
3659
3945
2890
8674
5435
694
8584
6310
2520
5341
6183
2806
9041
7701
8884
3029
5907
2542
5982
4804
6530
9414
5247
7438
4542
9489
802
4498
9411
4704
3635
8803
2482
4264
7158
1711
8504
8859
2957
6613
3743
1109
2031
3884
4075
9126
3163
4621
9007
8164
3118
6443
8881
7718
9262
1664
1042
9205
6076
6202
5240
7359
3417
517
5741
9124
835
8223
6045
7169
9408
3179
5706
6473
2117
5549
4758
6062
7245
7748
6303
4312
4291
6483
9014
3799
2388
935
1570
4905
1353
1076
4282
6431
8636
6184
1348
4354
1925
3426
7884
5999
8156
1687
8479
1841
5751
3487
8346
344
6264
1215
5935
5956
855
7706
2755
748
7176
4812
851
8597
556
2614
6115
3630
353
9336
1464
7778
6670
8900
4025
5121
7351
2745
9566
2069
5262
3341
7145
6032
9009
1615
7978
5376
5709
608
1586
7892
2261
951
6170
4507
3133
416
1423
1639
9104
6957
4764
971
1451
8377
1820
7632
4531
4759
8370
5939
2991
4451
3307
5936
5118
8612
44
1281
3458
1812
3127
8128
3356
1928
1707
6382
7431
702
655
1329
5279
5750
2709
343
5797
510
3828
4776
6818
4576
2396
8524
6520
7740
4176
5663
4244
4625
2443
7317
9294
9529
4969
8818
8670
3875
170
4612
2606
8012
1798
7472
3026
378
3293
807
2793
7019
2618
7863
1449
6921
2448
4861
9525
9441
3236
5358
934
3752
1685
832
369
1731
8384
4578
6198
7247
3284
1684
7053
2119
7206
2630
6102
9548
7182
2728
695
4696
1926
573
7227
1351
8970
4217
178
1868
2058
7555
6757
8103
4999
4148
9107
5153
9563
1500
2792
6053
5000
228
4842
1893
3791
4571
742
5719
6494
5835
6726
316
520
7214
8429
4489
8054
4978
5624
3038
4494
3744
4990
4658
8298
3396
7656
2134
7968
3503
938
3786
4122
6970
8556
8241
8628
5917
7807
1850
5029
3715
3167
2697
4892
7005
6409
5343
9137
4598
9448
6073
1413
7602
335
4639
7798
3092
8744
4348
1660
8016
1524
4132
3977
8240
6518
6833
700
9054
1083
7668
5969
2037
3939
452
8768
2558
6347
895
4236
1469
9071
6422
6897
9075
2734
7425
7530
4615
5392
2466
1657
6270
2634
5598
5916
5122
9194
7835
5355
7222
1118
1370
5431
5567
8322
6370
9226
9154
6312
7987
7759
7164
7497
9466
2671
2168
3343
2580
6928
6357
9209
2604
4113
2874
1754
7764
9242
400
4390
930
1510
470
7848
1331
1743
2959
8889
7682
8924
7871
6341
3195
7940
3729
1014
1172
6187
5920
5970
8117
7167
4732
8883
4675
4017
3681
6144
2599
2769
2846
2780
9059
4681
5927
1002
5495
5008
3240
886
71
577
6546
1866
1164
7128
3248
4660
924
6805
6946
4617
4167
4908
7785
5607
6646
4115
3006
6880
7571
8340
5864
5237
3778
1047
1095
8917
5894
6902
382
1995
3333
7270
3281
860
5233
1258
3814
1522
1738
1121
8361
3197
9019
8186
5713
95
1177
8901
6327
8553
7357
1391
4634
4820
9310
5352
1444
8190
7704
9160
8485
4121
6789
5790
8732
5570
2553
5108
2748
3713
63
351
8427
1806
4487
7613
7622
413
7941
4203
909
1909
7690
181
644
6526
3416
5401
2135
9052
3645
2198
1457
8489
2465
6685
733
7420
5788
6172
5789
2855
2223
8170
6584
553
3420
1879
8942
6369
7985
4306
3007
1259
8672
9469
662
5562
8812
5245
3774
4472
4431
135
4703
8916
4377
3198
7485
5647
8705
9464
130
3146
1361
5098
7197
6772
562
3516
6372
5595
1732
3735
4603
5828
4260
3129
4753
5148
5305
7971
2712
6506
7570
769
7630
5679
3924
4353
8866
3836
2583
4111
4912
7250
4605
4358
4772
2105
1723
1784
7735
1527
543
1813
3571
1746
8892
6477
5503
5250
4208
7381
5923
7070
814
374
2398
8439
6831
8046
9211
2624
7342
2620
546
4887
3995
6511
8788
8199
6930
4425
8944
4265
7776
2744
8643
6164
7325
1065
1778
362
4823
4179
1461
7302
8604
5578
3781
3032
2970
6760
8940
1152
5041
7839
1008
3789
8307
1174
7441
8750
4592
701
764
6989
2741
7055
986
6701
4996
7284
8178
7392
4361
4970
257
3797
8624
3843
621
4326
4633
2075
8008
8861
2039
8814
3238
8271
6662
2078
8071
1700
6299
142
2474
8463
1579
3496
2964
6152
6339
682
4378
8323
8168
128
389
8152
3925
907
5552
8443
5313
6528
3254
8424
4914
6220
9496
7998
3259
5449
3589
59
4544
5146
4214
2258
8880
443
849
2588
1914
7280
3210
3682
8869
3617
8785
1292
8366
1573
2772
9145
7424
5337
3023
8134
2679
1890
4054
8387
449
9396
5681
5157
294
7335
8292
3870
9312
5474
5934
7198
2840
5354
7967
2990
9353
4311
124
5494
7697
3627
7235
1923
1238
7307
8262
1597
1781
4104
5743
6023
2492
8737
4474
6890
3316
3892
7517
3984
8730
4677
6684
566
1567
3200
223
7263
1170
8380
9418
2922
4699
90
4448
1991
6851
6594
6822
3882
5168
3919
4355
7515
3650
7739
8511
107
5702
2195
8685
1400
5986
3694
5483
8169
7943
3625
4128
7907
502
684
7418
3670
7741
6058
871
9150
5059
1929
4230
1507
5767
537
2839
1069
4618
2214
4295
8284
486
1107
3511
4909
6876
6010
2940
6615
3559
3728
3222
5074
6456
2807
6711
165
8250
4626
9545
169
4502
8258
2549
3910
7606
8906
1467
8074
280
2446
2578
8399
995
8123
6514
9530
6730
669
9042
3739
3804
2112
7783
2445
4388
4506
5124
6521
368
5723
7329
3771
3135
6250
208
62
876
4009
6581
3391
3211
194
3632
3936
3498
8806
6110
8027
5239
3376
3435
3427
5676
4375
4829
6964
8619
12
7039
242
6268
1224
3913
1632
5825
4162
1629
7533
263
2773
8544
8403
6524
5947
7528
6026
8728
394
1193
1786
2965
3671
1211
5975
9266
7854
5652
5385
3097
574
6253
8518
9488
3615
3509
3180
634
8720
6066
7343
7491
9388
5829
1920
2312
1542
9567
7716
8000
7929
7990
744
6952
9192
3699
6986
8993
494
2404
8381
668
2298
5207
642
5820
3074
3998
2109
8124
9097
4391
6598
8042
5735
1501
2027
3184
2956
4398
3927
4807
3839
9432
560
8101
7209
4464
9454
4194
8586
4199
2887
7678
1074
4365
304
5527
3508
5963
4048
2633
1758
2267
8623
6945
1236
6266
3168
2753
8112
4673
6875
3003
4595
4755
7743
2862
5650
6958
8635
182
4314
6883
7806
4327
5862
4907
138
9065
4825
2015
3758
1968
6125
6597
2825
1669
9347
3329
960
8959
2199
6515
8151
4072
3521
7241
45
6829
1462
1354
3039
3999
7022
8565
331
2590
5391
5760
5774
5657
2856
7153
7745
6441
3881
3847
3217
5729
2
1409
6525
2738
7954
5823
7218
9342
1816
3830
9504
3724
4024
4722
8886
9086
6969
549
6698
3434
6234
8683
7415
3570
2543
3535
7664
1426
1985
8315
5748
633
2350
3257
2377
8779
6839
8646
7199
8641
6376
5158
7554
5813
1136
6712
235
1502
5149
2280
1584
6126
7296
8493
2501
3609
9123
78
6254
5588
8477
4481
5850
6850
4816
8762
3746
398
4294
247
4422
3528
898
4052
8991
7419
505
7825
525
6966
741
2162
1184
9045
6486
7565
4491
2139
5737
7920
6252
7268
209
2787
8600
7117
3100
4841
1454
4731
3734
7042
254
4341
4342
9087
428
5064
1120
5499
3588
4466
804
85
2080
9516
1113
6504
8150
2899
1191
8506
6437
6414
8956
166
836
8832
30
1878
2269
8436
3943
4131
110
5931
7873
4532
1445
3969
9473
3983
4012
4168
9273
4762
9499
2226
6727
6867
6201
4067
7386
167
6844
8793
1932
2999
5082
1560
6286
9386
5879
5317
250
4322
7200
5321
3733
5415
2182
7974
2515
3380
8977
3893
958
5806
9061
7777
1387
9392
2733
8434
3921
292
6542
8081
3757
3046
8694
8299
8809
5764
6967
4686
4091
7445
5222
2567
6888
1004
3287
8030
1483
3555
4043
6294
597
8792
8836
7187
2720
3696
5366
3616
3208
1776
5200
853
8389
8703
8069
6735
5799
7547
4563
1557
2456
8497
8246
8470
969
5838
1877
2961
1777
6407
4471
7388
6508
6116
2459
9051
225
5144
6051
7868
9433
3779
9398
6215
7607
3483
4881
2131
6117
3173
500
6687
3582
6881
2886
4894
3637
4137
3388
102
8655
305
1280
3818
3014
5166
3178
1656
6987
7030
2937
5795
8701
8651
7173
570
7480
1534
2248
2610
6972
1200
5323
4255
4942
5901
1475
3040
5585
4089
5367
2068
4607
5216
7143
8864
1940
6960
6069
9257
509
5708
2493
7705
6380
1988
2750
8826
1272
6271
4594
1148
5351
8140
7647
5005
5584
7890
8907
9268
5635
2499
2645
831
15
4705
1299
5792
877
672
3094
6429
1794
2689
9184
2381
9118
8902
5408
2536
5854
8649
5228
5145
1688
2148
8791
2544
8581
4105
2047
2735
7836
6809
8542
4922
6488
9022
6398
611
1962
1356
6608
9483
4475
4300
132
2397
5206
5930
7744
4670
6644
9471
6668
7832
2425
4638
5573
7906
403
8305
4921
2275
7887
576
3537
6815
4739
7289
9553
7994
7399
4468
5685
5725
2210
6669
6074
3534
5189
4032
2340
820
6956
3251
992
707
3447
2464
6167
8113
221
4911
7146
3748
4844
8958
9108
6424
7150
6442
1699
447
3041
4876
627
4458
5379
3202
5254
8510
4947
5389
3189
3641
5611
7347
5382
5865
9513
3501
267
8664
9072
8278
4848
8495
3549
2332
882
729
8735
9535
1896
3187
2740
5675
8373
8759
9311
8410
4324
5052
801
4504
5955
772
614
7373
2828
6571
5554
4226
6168
673
5655
3017
6859
7103
2947
2842
266
7621
5177
282
4956
7278
4186
2565
5881
6628
4737
6416
4846
6884
2564
1284
3533
565
7383
6705
8153
5422
3540
7596
3418
8328
2572
5235
6913
204
6227
5045
8072
4971
2434
9139
7620
4629
6022
3512
8145
5101
6331
446
5957
9000
3835
7981
6030
5292
738
2585
1704
7125
600
3148
338
5971
4229
1990
4858
5541
6225
9519
3194
8981
4331
6993
5347
4124
1169
43
5116
8268
952
3538
5252
1698
2958
1054
997
324
1745
580
9447
7956
5991
6096
5224
1163
1446
420
2050
7047
1089
6099
2472
281
1415
2531
1559
2073
962
2067
5943
7766
1875
9048
1360
1355
9470
5201
7004
6655
8364
2292
3305
7001
3004
2409
4164
7202
3838
4925
964
4233
1539
2708
2287
8605
1132
6965
9116
6536
7809
2853
3149
8849
3652
7086
2905
1316
8472
7738
2137
5698
3863
3991
6808
763
2776
3286
4788
4064
2747
3716
7935
6853
7027
7056
7520
8919
7538
5461
925
1978
977
7996
606
2693
3375
7018
8799
4519
1278
4884
5876
2204
1740
1814
1804
9329
513
1543
5070
6426
52
2688
4440
2418
8547
9250
460
2560
8336
6640
8166
1811
8528
5156
6365
3653
4608
3706
2016
355
1328
7817
6028
6544
1562
9523
7439
3765
8711
1544
4745
3162
6149
2221
4583
3741
6691
7320
7928
6007
5724
3816
8997
6444
2871
9030
2489
8118
5282
4381
6625
1277
9363
5597
1397
1933
3657
5039
2818
4063
2673
41
6564
6920
3518
9547
4659
3876
3465
2983
9196
6085
1670
529
4541
7757
8500
21
7487
7108
5877
873
8023
3107
9208
4082
5176
9555
5889
5129
7562
5251
6246
2868
6603
5515
301
4370
1498
3165
2608
6609
8502
5301
2391
9479
6367
4029
1230
4357
9373
8238
9225
9249
70
3037
5486
158
3772
5564
6543
9188
6943
5783
2664
1994
2451
8514
152
7479
4715
7927
8125
4874
4138
8229
6807
931
5604
8800
7428
7471
2908
98
6140
453
4655
623
2768
6663
4514
4463
7681
843
2574
48
6834
7330
139
595
9070
1931
2008
6470
4129
6885
7276
1479
9032
8962
7184
8957
7833
7676
7413
720
2254
2361
4262
1613
2570
277
6420
1764
8050
8935
6924
827
1729
8952
987
2811
7210
2704
2063
1763
424
6901
6077
2829
9085
1320
6531
8281
1064
1044
2399
469
6481
6278
2800
9170
2209
5677
5665
7017
6403
8690
2387
7462
7059
6599
8603
7587
3500
6493
2285
3782
431
8918
3633
7916
5001
1441
5872
4247
4960
307
6345
758
9246
5692
7896
4524
9391
5154
2647
5308
1741
5519
4870
7972
8275
7698
671
2202
7753
4256
3083
93
8595
789
1029
9111
8082
1955
3788
9243
4102
4924
1705
2353
862
25
4674
2181
6982
399
3025
1767
2861
5545
404
8172
4372
4521
3265
1023
6750
4933
5753
974
1405
1381
9025
7135
2326
3524
2850
5274
5616
9064
2562
2231
4562
2336
4015
3950
1085
6657
6899
7057
2379
2167
844
6466
5732
5078
72
2034
5034
1703
188
5699
8034
1419
8094
2012
8202
6766
8426
1293
6949
4661
9462
730
4110
9493
1145
5921
4797
5481
370
6516
6388
2826
7076
2943
9406
777
1378
253
8733
7829
5841
7098
1937
7581
629
6209
4434
538
121
1432
8379
147
7711
775
7356
4209
2370
2619
6614
9074
7082
1773
7306
4637
7821
4862
2593
1404
3145
2479
3147
9407
6279
2330
3414
7861
336
8230
9419
8954
99
8036
5423
6086
4252
2217
5130
9468
3347
8582
3948
2045
2414
6480
1837
3684
5280
650
4135
9491
7454
9511
9112
979
2088
1766
1689
2978
8569
582
9195
6699
9240
4478
7151
8852
3308
3136
8197
7614
8837
8296
8634
4707
7087
1106
3114
1091
7801
290
2197
5768
8110
773
1873
9008
8480
4903
4061
7294
7655
5888
8760
837
2997
5273
8020
1564
2667
6322
3887
8236
2327
9109
6838
8979
6583
6006
8774
8878
8398
9101
4533
195
6474
2114
5106
9322
9015
4021
4645
3252
215
1957
348
1901
6251
6900
7710
3340
120
8430
6482
9281
0
616
1324
5196
1661
9364
810
1515
4286
4414
6100
1487
4479
2898
7131
7095
8453
6166
6548
4263
3214
6029
761
5131
4650
2364
9467
2416
6397
7518
5387
3245
9362
5631
5801
8413
4688
8513
2533
7475
2954
3877
2230
7556
1733
2316
4058
4766
8945
1386
409
275
6154
2307
2412
7601
2946
2628
3122
8805
4713
6624
3051
7795
7810
3144
956
1906
2752
7338
3978
9006
5182
5420
8195
5553
4007
4586
6159
2597
2480
821
1435
3232
6373
3385
1748
6683
6203
3461
4288
8653
5858
1652
4845
1147
2247
1300
7853
9371
8982
1578
891
4606
8065
5089
4374
3697
278
227
6016
1208
3270
6386
6866
1166
9169
3186
6450
1197
5714
6835
6820
8088
3156
8858
8873
7075
2495
153
7728
7675
9424
7255
2918
8580
4899
4330
4035
552
5587
2478
3275
7442
3817
1448
7058
4297
2191
7913
155
937
1447
8562
4165
2393
6539
6927
6940
7840
8622
2875
5654
7746
5107
8160
6078
9372
4170
9459
1138
9128
4735
8089
3303
6129
6075
1096
5022
2591
5752
3686
176
148
7749
4175
3837
8966
3433
4049
9560
5645
1062
7700
8075
9401
7054
5869
5929
3469
4412
2022
8512
1831
8090
1195
4585
1307
1150
7449
1465
1192
8994
7669
1634
5950
5085
422
471
8454
8857
5575
5765
8659
8040
2306
8057
1635
5012
4196
9423
3938
4756
524
8671
5718
9434
6742
3821
7318
2187
872
530
5736
1436
7469
2070
6000
3216
5784
4022
2395
5361
4749
3432
434
2123
776
706
9171
8948
581
1486
7028
5962
2056
3285
5771
6765
4088
9206
3076
6674
9259
6175
2795
3277
5102
2086
5565
1709
1341
2164
8932
5511
1098
4525
2762
2071
4840
5777
4761
6932
647
4730
5348
4694
4728
3028
4523
3280
210
2186
9235
2699
8876
6362
8015
5180
7905
7446
7175
2006
2286
7519
5873
7509
3430
6951
4127
3562
5918
4211
2232
4482
2786
7081
4590
244
6176
2676
9230
8374
1887
8276
5673
5911
4635
2371
6568
8228
1304
8198
6484
5356
6832
9532
495
6780
2368
550
3964
8093
6260
8348
5997
3824
2955
7161
7361
4736
7248
6004
4036
5863
9120
2355
2764
1768
8550
4200
9121
1086
4792
5785
3402
1206
7279
7379
8400
2469
2785
4276
8879
1455
7179
687
7893
4743
7273
4290
5744
3409
1257
6629
1141
3703
5761
9199
521
5049
5463
4153
4234
9338
5342
6190
3478
8969
948
4548
900
6933
917
6612
681
6098
3192
1695
1682
5520
9549
765
5471
4418
9079
6374
373
5992
387
6468
126
2304
3750
8576
4623
4108
6195
287
4838
7830
705
3730
7262
1665
749
3674
4751
6244
5058
7623
4109
5011
8303
8266
7805
8652
1440
5904
4534
6257
7959
9380
5388
2822
4041
1867
112
7298
7797
7843
3731
3183
3059
592
3056
8531
1989
2430
92
6903
1027
927
5208
8523
1717
8224
2766
5135
6714
5209
6390
675
8263
4428
8031
2550
5720
5979
5805
7659
7942
998
9133
4387
6204
4676
8208
3505
7271
5815
1834
8516
7936
4050
712
8175
9012
67
7510
4485
6812
6827
6570
2830
7265
534
1063
4413
3560
2508
1521
8135
4396
1905
8231
5660
3954
3822
3472
4411
354
8745
5447
5320
703
8591
5658
2013
5050
8747
8743
7443
5492
5467
2844
2321
1619
8044
7465
7183
172
5312
5583
5370
3480
2030
3103
4785
2490
2367
9455
3897
7834
219
498
2659
3468
1108
8669
4852
5856
7180
9476
57
7771
6120
1690
127
4257
7105
6301
676
6981
8394
2915
9324
3294
740
7264
7872
1975
8141
1496
4979
7684
3621
7813
5036
8107
6490
8073
7322
2244
480
3959
7930
5384
9134
4968
7295
7181
3949
3033
1530
1744
5125
3759
3556
5114
3233
5406
4193
6319
7537
903
8888
2270
7191
3320
7486
659
2870
3324
4822
5265
7616
9508
8574
1536
7020
2193
4152
9117
1101
2040
2873
9180
3832
7788
14
150
5867
2859
8687
6767
2819
5786
6538
3095
1340
3256
5952
1178
545
1824
2514
1473
7505
7258
2777
476
1801
5967
7849
7603
2613
1592
5204
7609
7557
2903
7852
1245
4832
4720
3603
372
3260
2339
6721
3527
1031
8639
4477
5390
7823
8235
8719
3687
3989
7918
7782
2413
5664
3291
3866
6749
1377
8064
4249
5995
3780
9189
239
5227
3862
5175
8631
5634
8396
5409
1301
6937
4268
8059
1407
5832
7260
8707
9387
8115
2460
8742
8473
2141
8083
5987
20
5016
5826
8594
1790
6289
8256
7237
1032
7464
7406
8575
4711
6240
1979
4557
3662
1188
4886
3604
7988
8205
3955
5871
3206
7297
3618
1379
7787
4628
4890
7878
3346
2438
4511
5610
9443
9402
1899
561
4950
9546
1725
770
5325
8375
2977
6418
6169
4613
3834
4800
8437
8937
6739
5310
4569
3126
2362
2721
1509
7366
1643
6782
9077
2099
4702
6929
2731
1398
1220
3128
7629
7808
4600
9
1339
46
8022
8714
1362
3348
8534
