9161
2646
8644
2731
5137
2350
6515
3421
176
9075
6301
3175
315
1630
8161
4225
3781
7936
5700
960
8839
2806
4533
7921
9441
2219
1425
8157
8946
9513
4880
7209
5882
8560
205
4084
6197
3141
1198
1787
6429
1798
2051
3181
2077
4697
741
4749
8372
4117
6486
2158
1517
2138
4797
6981
5831
4370
261
6766
6371
7642
5451
1595
3447
3458
2237
980
1475
2878
5594
3759
8677
5417
2035
369
3296
193
2802
6415
7308
5311
2009
3549
2822
8317
349
115
3425
4735
9237
2899
4815
1247
2942
5575
9220
8287
6575
3606
8855
3740
3580
5836
651
7430
6639
3047
1950
2804
2041
3837
2824
7087
3925
4522
8638
1777
2973
7738
1648
1215
2986
5653
6990
7043
5426
585
5402
7197
712
8687
3174
3672
3057
2468
6343
5738
7803
1452
4493
9249
2175
2384
9499
3567
9116
844
3685
2727
1821
4632
165
6272
5304
6482
6791
4174
5389
454
6431
65
3729
615
4308
1007
831
414
7791
6506
832
2107
7445
9115
9400
4143
7956
9179
1548
5085
2153
1997
8021
1042
4614
5203
4914
9402
896
4666
2568
4311
5614
7741
8537
1335
9203
6070
269
1017
5339
227
5241
2679
426
9207
7061
4249
6201
3153
3374
4201
7020
7510
4356
5135
3699
7735
7104
7223
1432
1155
7151
5111
6894
3262
7074
5303
5929
9053
9336
8061
3817
4140
359
7535
3900
4101
2546
3816
1618
8173
6775
1347
3107
4440
4191
5390
5818
5942
2292
6824
3078
7897
3220
8179
5686
6494
7881
3541
8345
5516
7030
1109
9356
6687
9447
3393
425
6416
4584
5091
9187
3005
6054
5757
3517
1228
5042
7352
7837
4359
8353
6121
7386
3472
7957
6462
7944
422
3836
6741
7530
124
4821
608
5509
6709
2829
3905
7112
2541
3815
7312
3526
3643
5
5052
569
8280
8629
8195
337
8513
2325
5889
1187
3311
9477
2847
5462
1860
3661
8062
2232
2783
579
1197
7059
8323
2526
3022
55
5995
7015
9566
9097
9218
158
8479
4730
5979
1684
8695
2266
6764
7953
5761
5806
7138
3581
5945
4923
8415
4410
5154
6193
43
4109
3733
1944
2337
4858
6923
5260
8725
4055
4286
5715
6555
5698
1229
2413
886
111
3983
6240
2437
7366
5360
7319
1567
2705
6602
8858
3984
10
2105
7890
4202
2587
9421
1417
8408
9186
7336
2259
5142
9362
6835
5564
3804
8266
4502
6263
4167
6406
4811
8624
1716
4023
2790
8539
6394
8835
748
4847
5372
2885
6680
9175
7129
7808
4139
4583
2837
4639
4565
4864
2823
706
2059
138
4257
2414
3033
7039
5622
2479
5786
5338
7404
4404
7858
5760
8315
2919
780
1891
199
4141
3968
7843
2461
1511
6747
3450
3369
5344
5224
2723
203
3926
471
7872
6001
2786
2439
8129
5319
5083
8801
3406
4281
4040
1039
8235
4267
1882
4804
8435
6597
2625
8152
8548
4274
9110
4707
887
1174
3093
459
7749
2569
125
5424
3455
1206
2730
7839
650
9119
6649
4190
6157
9131
7409
4125
8916
3794
6280
2787
7620
1871
1974
1894
4091
909
8065
540
7925
5248
9140
466
5342
4844
7686
5691
6275
4180
2953
3823
6743
8592
9248
3428
5330
6942
4934
1166
1827
8428
9410
1379
3610
1776
538
4822
1102
320
3786
6796
5489
6430
1270
9093
8359
7520
1560
7026
6063
4967
9456
5869
1046
9310
2848
1207
988
5228
3540
3284
8896
7499
8132
6724
3317
1764
3266
975
9562
9357
4229
5003
5795
3244
5855
518
8363
9557
3482
440
4083
663
8803
5505
787
5967
1323
4496
4933
7090
6300
1384
1930
4218
1970
7975
5634
6298
5380
516
2566
4123
1449
3121
1607
3467
7628
9134
1991
4519
7753
2578
992
2914
8187
3471
5205
2594
1734
6346
3628
6088
1266
3967
824
1967
167
5307
2228
5655
4365
8398
8496
5888
5480
1308
196
3507
3874
8
3040
2512
3056
5712
2255
90
669
8037
4132
4272
2218
801
5156
6630
5076
3861
545
1887
7557
1212
9212
9277
4362
1214
5970
8745
1278
2984
7242
1256
3743
3237
1669
8079
4182
5019
4986
8838
3415
3884
5602
1280
5913
3283
7253
404
9083
1177
8712
766
4517
6628
8248
6034
1851
6540
6719
3299
641
2467
2421
2459
1190
9429
9278
3686
5082
2895
6527
6245
3760
4006
3707
3451
7948
7832
4392
7105
9223
1519
8782
7048
938
8632
8456
2669
7323
1711
6036
1012
6510
7814
8723
2536
3965
3557
5719
9439
6922
939
5434
6528
6965
3002
8114
9416
473
8912
2531
7432
6377
7397
5127
8986
974
3959
3987
7207
9279
274
2676
5968
73
910
8876
4503
5858
5950
8511
4750
4881
104
1785
4742
2194
8268
5734
5029
4432
6467
7021
8894
879
9086
2234
3098
5846
2477
3638
8013
3230
7447
7919
1587
5603
9149
2851
753
2023
148
6929
433
1427
431
7215
7838
8809
6732
9559
4305
7218
5809
6655
4258
5080
8859
7875
6615
7796
2570
1732
1907
8867
3898
9380
5750
107
9476
5132
9364
4751
3099
1650
5957
4007
294
6392
4866
8749
6260
2889
6727
1193
4442
2614
4937
2120
9058
7939
3991
1609
940
778
5867
4217
948
85
2490
9350
2183
113
6812
1344
5643
9096
5925
3203
8653
9016
914
6325
1796
5381
4879
6620
8757
391
8769
271
4316
4199
7958
1803
2020
7382
7776
7806
8216
2743
3045
3809
4784
7880
4701
5599
8705
3532
8133
941
9339
9006
480
5753
7900
8847
1249
3702
4011
2209
8778
5675
6895
4056
6052
530
8753
1546
8339
7868
6220
7480
7161
378
45
1581
3322
9481
2635
1823
695
7595
8377
7889
6617
6979
16
639
2342
8630
4103
1795
2863
2399
8117
6474
9391
7384
8336
4097
2039
8082
247
6809
1589
7555
5351
6200
6541
8692
9358
8992
1110
1315
9034
5255
9076
6451
7289
1947
554
146
48
7654
3248
4293
6028
3395
4166
6610
7456
2204
7271
4870
4005
6353
1330
2368
1794
9043
5422
3305
1113
4292
6147
2288
5466
8955
5570
8451
2924
8927
6189
3048
5660
1465
2497
1829
8683
632
5437
6905
2329
1498
8948
4671
8958
5648
114
3891
7717
8652
8760
835
985
4620
4668
2022
1287
6388
7625
4181
1924
4658
2859
1184
6656
9163
8673
609
5604
2425
1492
1082
718
6924
7963
7156
3659
187
6846
1603
8536
2362
7157
4650
3469
8049
839
6387
665
818
7421
4126
4377
1263
5637
2688
570
8824
6208
1326
8601
2649
510
2449
4309
1160
5218
7052
3793
7222
5772
5110
9318
5482
6042
3391
7941
5710
8851
4090
6792
7272
3747
4727
8392
5879
6306
8742
2154
6265
4264
999
160
4441
5412
41
4926
6936
5495
5619
6453
7146
3403
9462
1919
3720
6425
8735
7210
5706
3588
4534
7575
2240
9359
3713
4380
4571
1205
3310
5293
1752
4661
4915
929
5667
5061
3465
6950
226
8535
8036
4574
9407
8949
7212
2841
1146
4146
3510
4740
1218
7671
9055
8450
1220
4810
4062
1067
2053
2582
7660
737
2846
9145
7876
6133
9307
8008
1753
3716
3997
4021
738
8925
587
8146
4051
7136
7794
4755
917
951
7908
1537
4956
9182
9527
76
347
3777
3773
1971
5544
6465
5596
2460
5538
2849
6491
6213
413
2963
3185
3706
6697
8596
6874
4660
98
8553
2201
3027
9283
3586
846
1661
7812
7402
5464
1563
4252
5184
7528
2157
2511
3871
4704
7991
7228
9258
9003
68
2030
1261
8222
662
1678
2883
7689
419
6258
2251
3439
3813
6677
6237
9518
2088
5066
3032
5958
3143
722
2169
6061
4856
8113
7442
6129
9044
2556
95
8685
2200
1355
5071
9389
4183
8355
5263
8057
1685
331
821
6211
9365
8186
2868
1
5405
3929
4088
3626
7204
6909
5642
4736
6645
2910
4911
816
7658
1438
7422
7362
9253
5841
8771
8052
6335
7550
5766
2666
228
7142
548
2433
6569
4627
3297
1117
309
6890
898
2755
4940
3298
7440
8228
9039
4150
1927
8148
7805
8991
4812
7819
9244
412
4335
9373
4617
1132
9089
8498
7496
1252
705
3499
8680
4481
6421
8887
441
7907
2976
4096
7214
2299
3887
5492
2354
2152
8119
1620
1137
2888
7656
8663
8410
5023
6359
5554
5498
1503
2833
6802
1717
2316
6869
8940
1406
3921
679
3550
1662
5585
8631
6870
5172
6461
1962
6075
1359
4581
1623
6925
35
7376
759
8797
7675
1334
2542
2193
8446
2686
5546
9323
982
7641
8142
920
9484
7718
2307
6296
9229
8369
2993
9041
2876
8619
9458
2737
9268
963
453
74
9369
642
4636
2573
8360
8172
3527
1239
7678
71
8337
5953
7092
1192
861
2593
4598
7636
1742
5056
7860
332
4064
6926
9286
5188
568
1641
6484
7756
9192
4511
3289
4554
979
9222
1900
3818
6889
7333
8005
3376
2397
6065
1251
6522
5116
3945
2274
4147
5010
6876
7369
9326
8821
2343
3258
5926
4529
2922
6108
5900
9107
9370
9519
8697
7338
4351
4487
6128
6978
1254
5701
5620
9534
9521
7745
8962
8877
4314
8307
6790
4897
5394
8252
4374
1668
7310
4378
5365
134
1593
9295
2630
2994
2545
5844
5457
6712
6241
5279
5256
6753
1768
6228
1588
1832
8862
8567
7345
9030
6176
6564
2503
3242
5331
8963
4436
5458
5528
4397
2996
3207
9272
1923
8167
4807
5349
2277
6944
674
1544
1884
7324
5709
1470
5839
5199
7128
2489
6029
2700
793
7784
6446
8600
4795
8773
3049
8060
950
7116
5679
5919
8175
2012
204
6338
4953
6247
6721
6428
83
514
8292
4434
2835
1477
5249
4322
1473
5872
5690
6619
5418
5361
121
529
9374
5287
8158
9204
9290
9387
645
3947
624
5600
464
6414
2063
7821
7978
9129
2147
3736
6769
4031
7945
2839
2181
815
2015
9085
5635
6131
5847
179
744
1044
6174
3286
6572
2101
3440
5894
8125
4371
5565
7614
8941
280
5927
3883
2510
6563
7917
6097
8635
3600
577
655
5359
1645
8982
485
4774
4814
3942
1217
5727
1374
6641
5170
5086
323
1938
4396
6798
7659
931
9414
7637
5352
8300
8034
5404
8928
3398
2629
62
5327
1772
9056
143
4398
6082
8162
5923
7549
4301
1332
7293
5547
6459
229
905
1741
5152
2001
6175
9419
2886
9209
776
9524
7096
20
9282
6046
3710
7213
6587
3625
9011
424
4664
8967
3846
7342
8587
1401
5411
1583
6968
4453
305
7254
6646
7693
7089
1026
6438
292
4245
4151
773
4002
2742
7810
8772
6900
7565
9005
6106
9355
7127
2900
598
8046
7315
8118
3862
461
4164
4216
8160
7141
8848
6888
9138
1014
1463
977
1139
2540
4597
1009
6583
2557
8111
352
9297
4391
3144
3748
8455
799
5283
1760
1065
3768
6718
8920
8666
935
8971
326
6085
688
8386
6297
8253
8719
1224
9276
2498
5032
7765
7495
5767
944
2385
8298
8447
5803
442
9024
6475
1868
719
771
6162
3344
7509
866
1980
2151
129
3894
6366
7042
6568
6676
328
5904
9111
131
5225
2190
4287
6259
6984
3896
4261
634
7895
6995
7598
6836
7937
219
9171
3211
6215
3361
1928
208
4528
7986
614
7516
2803
2667
2756
5194
353
118
2882
6751
9181
8555
5366
9169
3899
8569
1043
329
37
6119
8101
4988
3168
4367
795
3152
8987
4157
6101
1396
4756
1978
2303
8171
7662
8918
5881
4922
2029
1533
9099
1781
6626
3205
3313
3858
3271
192
5177
5508
7681
3563
9100
8886
6367
5490
9079
6423
2389
1467
3954
2713
2765
7103
2610
3017
3860
2653
6166
3187
8025
3366
7412
130
1144
9465
9440
7378
4824
7050
5817
3197
4383
4930
4156
4045
6700
4475
2224
7472
5204
7874
1646
6230
6684
44
3827
9069
3413
1376
4521
4805
3966
9508
3194
836
3007
9516
1715
4536
1902
6295
8482
4575
363
2746
3636
3903
147
794
8302
8770
3864
9008
1731
8384
9501
5500
4347
660
5078
796
734
7391
2874
8102
5993
166
8726
3131
4520
9038
2905
8787
7619
5138
4438
8574
430
6964
6707
6780
7922
8711
4346
8251
5048
9301
7943
1718
4651
6670
4987
8394
5946
8136
3547
1331
1982
8658
9386
5728
1897
1276
1592
3145
9398
4836
517
7854
4752
7649
9150
9404
1739
9367
6706
7083
7320
9238
9485
3383
4952
3758
6831
4505
9540
8324
1833
6244
6911
3474
7504
5169
185
7013
7599
3855
7045
8983
4107
5334
6877
7468
123
5345
6949
4540
867
1170
7710
4295
6519
7373
8247
8885
8209
3256
3015
6963
5323
409
3351
8098
4849
2501
3488
7032
7571
235
5897
1018
177
5999
8681
8909
8166
8651
7153
4136
7783
3652
1145
2832
7270
7993
6322
2694
389
5832
4717
6375
6044
1321
2386
6898
5729
8689
8282
1292
5678
9002
120
3663
4376
3270
9399
6095
3963
4706
4962
3504
829
8233
1713
6782
2346
7757
1232
2997
4948
3399
321
3724
1480
4384
4034
8080
5973
1297
4611
7084
2441
7180
4446
7913
7640
4171
2054
8874
8671
6011
512
6826
5556
3824
3742
5161
3616
1958
7407
5804
4884
2779
4991
7057
5978
2909
6432
7826
4145
2674
4803
8030
2507
2814
8232
6603
4863
1957
4711
3807
6624
6899
1410
9313
1953
1999
6693
8090
5393
4990
4577
5794
2530
7713
1606
5748
4846
3479
6556
5854
6168
8665
2836
3735
1200
4401
7852
7049
6087
7632
5377
7443
3744
5243
4379
7099
751
6804
5812
987
7058
6980
6027
4490
5776
1687
2719
3859
4222
1813
4479
1888
3559
3081
9219
8642
3154
8873
9333
2598
6856
4456
3878
7405
1345
7559
4690
4513
3943
1181
6397
5070
370
1644
5187
7584
3088
3466
6170
1728
1703
1296
7394
4622
7694
6623
3473
2564
5096
2753
4725
3602
7091
1530
5933
3259
9486
4433
3167
3434
2235
9047
19
5825
2995
4618
9262
4580
4984
8645
2270
5949
692
9319
8168
63
4861
8915
2904
3519
822
1576
2521
783
9174
7492
4679
7439
3163
1083
2687
7327
8618
7712
4968
6194
9353
2826
7100
6142
5670
5587
8828
8805
2965
377
2989
8715
873
1203
5058
6340
4758
6485
1499
6932
7679
3703
4009
282
9377
7353
1830
6214
2417
3146
3278
991
2067
1926
1073
6311
9037
5543
2403
2617
9329
1124
1047
5592
4838
3995
290
7844
6803
1458
1508
1491
1439
6062
9029
5593
3503
3622
4560
1311
8794
6294
4738
6879
1558
1131
5376
6723
3021
9360
2089
2738
8566
5273
7928
8444
1156
3477
1528
9062
8131
6120
3460
6379
3574
1705
5722
6849
7846
7325
622
6145
4284
2203
571
680
7140
8575
623
8467
6971
2519
8746
8480
2370
7355
3189
9325
5525
8429
7716
6832
1138
5212
212
1149
6283
4354
5179
3603
3917
7121
913
709
1186
3169
4280
2002
3103
5143
1362
825
6060
2256
1657
6393
4543
6821
595
8442
5789
1223
8128
248
7849
6472
2212
7396
8073
8521
3521
2647
7406
8491
9073
7302
696
3870
2114
6022
350
5494
6186
7669
4449
3650
2619
3623
5558
1726
1234
8702
7752
3889
7931
2861
2685
6525
2811
3011
989
6055
1267
1336
7365
8297
1486
4561
7541
754
4710
8650
5337
3094
2137
3453
7413
5641
2665
6386
1318
4573
5252
527
3119
5261
2972
5060
5997
103
8603
7034
2304
1915
8827
2456
3624
5068
8959
3908
9113
8917
1867
3285
5146
29
8192
1349
5520
7004
9065
1301
5797
5676
4518
7723
4830
5963
3641
7726
6137
8568
7786
2949
9563
1921
7187
684
849
3791
819
3392
9564
2881
4567
495
532
3277
9172
1286
7399
661
4078
2912
5689
2161
470
6149
3839
7135
775
8860
7377
7650
6232
6501
6640
2956
8291
7926
4071
6958
8002
277
7743
2340
5195
1151
4429
1850
6739
4133
6756
9443
5985
6239
1522
3097
7273
7613
7537
4254
653
5375
5106
423
4687
7744
4406
1314
6287
7482
186
5862
4972
7038
8636
2680
1964
3931
7291
7685
7840
8502
7123
8512
7461
4310
8165
5980
693
8656
6511
733
4231
6254
5430
8678
4983
8354
1398
1812
4563
374
6364
5441
2869
6389
3673
6229
8395
1488
658
2917
469
699
5651
6206
1403
2369
2871
8640
7023
3514
6657
8007
8191
9267
58
89
5815
2070
5055
67
5688
8802
5348
2145
5560
4060
5077
1810
4498
3457
9469
4137
1134
1910
1010
4470
1612
3367
3255
934
4855
362
4778
8864
1727
9427
1142
523
7657
7970
7097
7347
7534
5168
6456
1617
169
8454
7470
7255
8492
5685
3877
5787
5006
5703
2572
1119
9264
9123
1501
4026
4454
8285
3593
2516
6059
7170
4768
3651
854
8085
7500
5801
4831
8935
5487
9124
1000
3999
8763
6935
6975
5037
5120
9210
6081
356
2048
1820
8438
8528
5346
6140
254
3239
7722
6185
2327
7385
8489
7971
4827
7401
9409
7368
6024
6473
1632
6293
8707
6109
3254
8086
2918
9226
4523
9423
3324
7172
872
2938
9503
536
6654
7400
3423
732
5696
6788
9315
5324
4338
6881
786
4061
3655
1917
382
5496
7731
9081
2656
2785
5370
3234
5392
2214
5226
8452
4761
2326
8884
5724
4835
455
5714
6096
3019
5027
2173
3084
7923
6662
1351
7075
6246
4233
1925
9544
3708
351
325
4794
447
4691
6093
3867
1169
5274
8761
8748
7583
302
4471
9259
6713
9504
3592
2675
6535
5098
5452
4958
6242
3993
2334
398
278
1700
7964
1977
3542
2032
1025
4785
8346
8968
4722
372
3612
1531
7597
8096
731
7841
6994
6233
9072
649
5590
2552
8081
1642
9066
3442
1011
6455
7702
4155
5271
6345
8258
5793
6411
7471
8010
335
191
1771
7684
7540
6660
1339
2524
1487
5369
713
2207
299
2393
106
6199
3171
507
7393
9405
3388
616
7762
5130
3528
5192
6217
8965
3840
3863
2551
3800
8623
4239
6352
6424
3795
1699
9067
8075
808
4368
1210
2492
810
4120
7107
5044
971
4572
8014
4802
1416
1319
6933
9472
4275
2648
7950
7769
3838
5975
2419
758
4326
52
1411
2612
1008
2595
2908
8738
4629
3116
5425
3182
1230
2664
5749
9026
1380
6135
5870
1899
5626
6943
1750
8458
7935
6158
4867
6303
7433
6784
260
8799
3982
7579
3578
4669
6529
3327
6845
2704
5109
6616
194
8472
4609
4271
6746
207
5149
8919
4095
4291
7085
826
8379
5918
3279
6554
2311
333
9059
8806
7899
1231
5960
4341
906
9304
3690
5663
3359
8868
7976
2082
3306
5880
5566
1963
390
7719
7998
8004
6328
7199
4235
3151
8250
6056
9018
3948
7946
3548
2373
6202
4721
7357
5588
8257
237
4419
1702
6471
5134
5707
3200
4106
2170
4058
5780
6686
8006
4131
2735
5717
9471
8356
2198
9428
9434
3788
2447
6172
92
1672
3418
3140
1050
757
3290
3822
8627
8032
6031
6155
5518
3109
7011
7568
2805
2778
2406
1584
4989
8578
689
8244
4891
4531
3873
1391
384
9146
8660
3386
5662
4448
5961
9436
5148
8870
6277
967
4748
8929
7999
6644
4361
2309
2894
8777
6612
7224
2033
792
4981
6914
2583
1577
1729
1622
9554
4494
5758
9269
1804
6127
1125
1354
6897
9556
8236
5435
5165
1793
8933
3079
9296
6310
2464
926
2547
2576
9322
383
4857
1631
4332
2061
7469
5229
249
8091
3520
5665
6799
9438
1855
8139
528
3852
9553
5385
4315
1844
3104
889
3325
446
7322
5329
2724
6685
6596
5209
4782
7833
2278
341
8361
8183
8407
5280
659
1244
2104
4389
584
8524
6858
1913
4334
487
8283
7670
12
4435
790
7853
3577
7313
2171
7379
6317
4169
2632
3819
2229
8341
3944
9475
1035
9457
4647
1627
209
6330
882
5718
5577
7697
1594
7275
5644
5536
3110
139
8443
2588
755
428
5421
6750
3646
9324
1629
4236
593
1213
3038
9027
3778
1028
3872
7068
3524
8609
2744
498
3780
5912
9464
4443
8530
7987
4602
5024
2182
7479
2045
5666
1209
7779
3611
7
230
4551
6035
8066
5477
8921
3328
6581
5186
8156
3166
8776
2410
535
2515
7965
6010
7536
3164
9106
8149
5227
4936
5601
9215
7066
8525
6210
9133
7924
8634
2579
4694
4733
3787
6023
7276
2760
2584
9530
6701
2621
6774
8072
5398
7343
1826
9551
7893
3433
921
2652
8573
9489
3909
8393
5630
5617
8750
8529
2298
2671
9061
3705
9546
1464
2937
477
7603
9141
5687
1084
2798
6205
7490
619
3201
5102
5290
7483
8514
891
6682
3062
2792
3978
8543
4568
7067
7728
7793
6921
4904
6151
4869
28
915
81
8368
4128
2144
4905
2119
7446
6224
3718
6609
7311
2698
5101
6339
5278
1578
9478
7587
8476
3332
381
1507
5276
807
5589
2718
1896
7576
4360
5017
7371
2689
1914
3288
5129
1328
1626
7494
9378
8913
3962
4256
1451
1763
4130
6977
6329
6139
6278
599
1049
8469
4170
6830
5549
720
201
6086
7101
8295
5164
175
6261
8997
3782
460
3986
1550
7799
6787
4506
6937
2453
8504
5581
600
8042
4663
5824
8800
2539
5930
8338
7079
8817
7870
7758
7076
9314
4495
6267
3118
8495
2763
1942
6032
4086
1421
739
3478
178
2770
6420
1955
6009
2254
1655
9127
1523
1298
2285
7983
8263
4954
9383
4330
3441
3627
6378
3498
3397
8227
7888
2864
6705
2124
5955
6600
5771
1076
7452
5285
6592
7778
3436
6422
2496
1469
3998
9317
5335
2066
2451
101
1757
6989
5745
7878
2432
6621
7905
6521
8200
5683
7073
64
962
885
4552
7646
1103
2697
3282
3939
2475
5511
2038
9177
1696
5484
5782
1369
7122
8417
6588
5223
7093
3123
7314
7802
396
3183
1279
6256
2378
1302
8774
3321
4557
3389
3122
2690
364
6947
1385
953
6103
4648
6807
4645
9074
7706
1598
5207
1294
6663
2720
8494
5211
3196
7882
1238
5147
5551
7060
5353
417
8515
6290
4317
7126
6844
5845
1712
3459
1422
2423
8265
912
7634
1489
3753
3300
8585
3923
5908
7585
7374
4232
4303
4364
4328
8275
2957
5507
3101
3882
6370
4903
7750
1063
5326
5092
5647
9561
6698
763
8105
2430
8581
336
5294
7072
6178
1697
8477
1484
8764
8267
119
5860
3195
2071
5396
5379
9046
1152
958
7229
3462
5374
7771
5103
4907
2772
4430
6882
8661
7740
7497
8375
7088
5053
2472
1690
657
4046
7896
5262
3060
5790
8024
4559
2332
2959
8288
3065
5485
542
4127
1536
8550
6016
3224
2571
4241
8385
7348
1313
2087
3217
3825
6080
2262
853
7419
5301
9098
6636
1442
8333
15
3741
3276
8349
2866
6650
7339
4008
961
4578
1291
5866
8246
3274
2978
9281
8889
8728
2838
4014
7809
3582
3907
4159
1275
7455
3089
7159
4243
9445
2732
8053
215
7982
9466
2638
6940
2898
9112
5444
4786
4035
3373
4883
5783
7250
2523
1289
2465
9120
1059
6893
4465
1649
250
8027
6136
8218
9525
1020
4297
1048
8818
4000
1802
3126
2187
9000
1236
7078
7306
6565
6618
6148
8441
7029
7764
387
4674
1199
7183
1242
9403
2150
5769
5173
2979
3342
4485
3372
4819
4323
5031
2422
2248
3063
2662
3797
2448
5583
8020
197
7248
6159
4532
4194
984
6983
640
3345
8221
8432
541
8731
3730
2736
285
9206
1689
2936
6801
9384
7518
8781
9025
4644
8950
7665
638
5915
9224
6517
6717
1890
7002
1797
7886
3605
8895
7033
8412
7240
4638
5026
4004
6458
1933
1722
1346
2757
4439
881
7959
407
5828
4955
8901
2290
4416
8540
1316
2205
3170
8973
4546
2412
1123
5125
4875
4613
2950
5005
5386
2773
9050
6500
2103
2195
4594
2291
7145
6507
761
4015
2058
5901
4211
7831
6808
7524
7169
4072
5039
2873
4418
6828
2211
2983
1201
2118
9052
2715
8930
2643
1619
4579
7865
8892
7211
5899
8813
5865
4113
5171
501
7703
9376
3832
7985
5233
5965
6480
6635
7463
2767
3560
6402
3385
6327
2268
6354
6972
7966
4995
327
5744
5591
3235
5814
1943
1307
4253
1809
5350
9280
1226
4739
7704
7503
2156
4852
813
8501
1746
7475
871
2113
2948
5527
5151
7488
1636
3683
5781
2981
6291
7592
556
5340
3409
46
3219
2431
4630
7631
3432
8029
3856
6
2068
3184
9433
8546
1163
9246
1874
3755
4946
5454
957
8401
467
2990
5755
6996
9235
847
4313
1402
7859
1283
6334
7017
725
7120
7259
8322
7807
376
1171
9105
3030
2265
7797
224
6434
6664
5497
373
4032
5045
8189
4388
6633
1001
6321
574
8831
7674
4591
7252
1549
9431
1337
8289
3068
307
5977
2357
2191
8210
6360
241
6043
1381
5962
7261
9302
9213
9550
8602
5816
7194
749
8068
1413
2286
4526
4457
8972
3444
4473
4255
8713
3035
1002
9517
5322
845
2236
8856
5479
2086
2491
3080
7195
4279
8414
5242
7267
4709
3799
2699
3013
6439
6190
2544
8706
3657
1936
3307
8857
1450
5270
7915
9167
2745
3250
6562
2677
1608
842
3263
3634
8714
9346
1222
1939
8580
927
8911
1822
6956
3808
5742
6226
8945
4951
7062
1268
7301
9351
1112
8793
3445
8003
1723
1159
6318
3253
3241
5988
1356
6452
2821
5877
7174
3746
8279
1841
1540
3865
7431
8087
7761
3599
6212
8088
6891
1409
7305
4606
993
7137
8299
8531
8281
5920
1559
526
2093
8998
2208
8649
1471
7567
9185
1061
4943
8016
3198
6384
4843
1497
8668
7862
2940
8182
371
4737
9341
7734
777
7363
3774
2480
8427
9470
8230
7522
5730
1165
8547
2828
3552
1811
1706
5692
5650
1596
1418
8293
5625
2663
5935
6729
1390
6401
3530
8067
2401
5514
2797
8327
80
2306
2261
8074
9424
6264
564
1227
5028
5723
1202
897
7825
7951
5128
7216
3892
4683
4800
3312
1863
5356
9454
2305
6385
954
1490
5736
6918
2532
3671
5439
5613
8202
1358
6704
2242
354
1273
1441
1895
5986
5905
4649
7648
4499
5976
211
1472
316
4100
2998
3785
5189
4624
7627
360
856
4592
1397
6433
8174
109
281
5178
9166
5606
5035
7629
242
1208
2766
6725
6269
6907
2312
8836
5890
6363
84
2121
2493
2877
6991
3028
4276
6661
8829
2548
4507
4114
2934
2164
3323
7205
2865
2227
3810
9190
27
4888
5895
26
450
2483
8164
3684
3138
7715
5236
1180
1038
7016
1747
5099
8676
503
8690
3575
9136
2982
5522
1679
6164
7829
4860
5785
5382
1461
500
6504
9509
8863
560
3989
7898
7451
5969
2589
3435
6464
3525
994
9148
2220
5763
8106
23
5628
809
3946
4655
324
4340
7321
6115
5240
2243
1060
7800
2084
7429
3957
562
1714
5893
8814
1188
8000
5343
2759
8271
2597
5697
8672
7856
5669
3696
1378
7000
5157
1476
4119
2985
620
9103
2819
3061
87
7064
8141
4853
5568
1481
4964
3295
3448
5235
9197
8684
5313
5864
724
747
3698
1361
4028
2913
4932
6648
8352
420
1128
8150
5265
2606
784
3544
2168
683
7178
8786
3553
901
8906
6268
3712
2855
565
2221
2639
8143
4300
2901
2711
6083
9479
6558
8449
3257
2850
3756
8717
5883
4840
8563
8304
7284
6279
3751
7010
2626
3695
2094
5731
1538
9189
627
7150
6736
4715
2434
5576
2324
5414
2682
3495
802
3608
7367
3642
2769
6156
1090
6985
8077
6838
1293
1667
2870
2469
678
9363
5820
4935
7065
6191
2954
8092
630
60
4262
4716
3076
7572
6789
8137
2825
8112
543
4542
7119
5529
9394
9542
2585
214
1162
4221
5735
6815
1097
2550
8598
6412
157
7515
6763
3653
3629
9014
1455
6577
1861
6861
4978
4248
4845
5940
4098
8880
6854
5015
1506
4047
4227
7795
4408
3914
768
612
4329
7947
557
2896
3805
892
6531
3265
9125
5705
8381
9396
7165
2197
2906
4209
9068
4089
9415
7046
3449
1846
8284
8416
5659
2741
8701
3801
5087
3841
2349
2717
410
1849
7934
4148
6337
8890
2445
8883
1562
8696
1147
2409
5819
1277
5166
6811
7176
3178
6594
1778
4772
9306
6395
1096
2958
3240
4242
7003
8595
2444
2330
4646
5141
4283
9411
7133
5328
2813
2554
9057
3380
4294
6819
4135
6582
5407
2282
1143
7645
1098
1483
814
6884
7720
9232
1272
7203
4154
9049
5984
8312
5432
7904
2939
1985
7299
2294
8403
4913
5677
1565
6547
2382
5476
5004
7768
902
7416
3617
2691
1934
2991
3233
5672
3427
7189
8019
9381
5089
2331
8740
6218
6960
36
2174
9155
4188
2185
592
7081
7596
6071
3587
806
4927
4527
416
8278
2047
7328
4878
8709
2809
3314
2776
5244
9216
1382
4771
2575
8097
7234
6999
9321
69
5264
1118
9214
2348
533
318
6004
1961
1745
4686
8552
6282
3792
5974
54
7265
9406
7688
2143
5989
7616
4570
7171
6722
1426
3316
4975
7589
7617
1807
1108
1399
251
9417
7578
7569
4871
973
3130
8089
8532
239
4160
3618
5230
4634
5020
3331
6442
555
964
9514
8153
3052
3662
6533
5246
3115
1865
3835
1993
1077
8979
8418
5378
7558
1951
149
4791
6550
5582
8023
8655
7582
7460
7813
2081
5054
2500
2338
5112
626
2926
5022
6445
3727
952
4997
4942
222
3092
5461
899
2923
7521
9045
8843
2148
2055
4175
6257
8170
1022
3075
3594
2317
484
9091
7787
7231
3269
1327
9173
8572
5131
5201
1211
1885
6818
8269
5833
4817
9332
4444
3023
8343
6795
7435
5892
7102
2650
9533
1799
9178
2637
1555
8483
3238
9143
1845
3438
2537
7464
3111
3039
7792
9101
2517
505
33
1556
2092
475
7280
4288
7307
8419
7525
7630
7992
4462
4331
7804
1773
2968
1092
9157
6904
1965
1817
1161
1912
7968
3738
1116
4949
5996
5557
2729
7801
4826
3072
4825
3264
1366
8376
9070
8185
2213
6110
617
3922
1004
2215
3394
9195
2297
3996
421
1535
5357
2008
5611
2021
8481
2264
386
375
3260
8724
7005
4657
7633
4524
6833
6161
2800
1959
2429
2592
445
2678
9425
4052
8116
7071
3988
3179
4220
1527
6348
4781
6068
9392
4422
51
1972
3562
4118
8899
8094
7139
5931
4085
7624
7782
3570
5857
4018
8270
8720
6030
2931
843
4719
6154
3676
3762
233
7458
7635
7410
1299
9334
4957
4087
930
9227
8071
8500
774
2543
3888
8527
5548
5708
8944
3014
5610
3287
5743
9305
3031
4162
8138
4152
8147
7622
258
9342
513
5849
3776
2476
1564
8670
6740
3192
3679
2353
8759
1994
1158
1179
6281
5284
5174
2011
2752
9344
1981
7651
8626
524
6358
3008
2436
5160
4764
5040
5612
3417
6553
851
6749
4073
1677
3601
4823
496
8463
2533
7883
3513
6735
9539
8611
7996
2000
6153
1495
7822
8744
2599
1869
1998
3358
3470
345
1306
3493
8145
1375
2112
1941
8703
4553
6892
9510
1104
5553
8070
108
2879
6013
3355
7260
3591
4659
8647
1751
6865
1945
7297
1694
5517
6820
4982
4741
7611
4985
1835
2928
5658
2710
5253
6720
6020
2394
5049
2238
4676
436
7485
3853
9337
136
145
2026
5932
6408
6561
5874
4530
2775
5470
6631
2495
7767
2381
544
7188
9247
7910
1317
4961
1611
155
2360
4394
156
3102
2581
4745
1758
6614
4049
1055
1573
694
4566
5972
5674
4411
3831
1720
7545
2339
1979
7424
9412
8440
5182
9194
4587
923
8541
151
943
4189
9308
3147
161
2932
5081
8076
3229
4345
590
2167
7507
6130
3071
4596
965
7532
9180
5572
8691
7454
5861
4635
7563
8357
5150
703
1493
2450
5545
5951
4163
7403
955
9549
4678
5938
2336
6512
1792
2328
2364
6126
3492
6479
1474
4894
4348
1191
5532
3352
8041
7638
3772
7351
4244
8788
7698
2253
597
1640
7292
1479
5316
4901
3356
2655
8303
995
9490
4832
6797
5567
8047
1502
8754
6454
3971
3117
5711
406
3188
3739
1675
8487
983
7691
656
6426
8399
394
2379
127
7266
2670
2322
7514
4973
6405
1383
5183
7909
9036
521
4017
4685
189
1195
637
1290
6113
8722
9432
217
2486
2462
3940
8214
5716
2944
5948
6000
7754
2860
6262
2622
4549
5982
2377
6714
7929
7605
6284
5624
1423
4115
1880
4868
9199
5401
5371
4789
4382
2754
6039
2155
6047
5397
2980
652
1975
5232
743
8790
870
8820
1129
6696
6793
3223
4912
4186
2714
1673
5321
8826
5443
4207
7444
8358
9114
6496
4357
6866
5981
2367
4102
449
2037
2160
3849
1386
8664
2246
3054
5618
489
300
1665
7639
3990
9263
4837
174
6361
6048
4604
8616
8048
4788
18
6908
2722
3246
5159
5840
452
1434
8237
2184
9196
7069
2180
7655
1021
133
2359
2351
2654
7221
3006
5387
1447
4282
7498
405
779
5959
100
8051
2560
762
3551
6195
182
6313
9017
8243
3357
6651
4129
2971
3985
8571
4277
3105
2702
3420
1840
7173
5312
4585
2951
4780
9420
1843
4539
5000
8729
8506
4928
3915
2387
7024
1013
2250
2527
5011
9552
8194
3972
3584
8659
7296
8969
7118
1969
1333
7220
415
7531
457
8866
7001
3232
6302
2947
5829
5746
494
444
392
2109
4872
7191
3070
6248
2816
8277
2231
7318
6231
8893
1866
7358
5413
8305
8154
8804
9538
8422
6604
8169
3725
7973
2505
5740
553
6867
8201
3218
7885
6002
2352
5947
8464
4372
4482
8834
3534
3535
5062
7709
2659
393
6669
6946
1079
6333
1343
5038
2695
4731
6754
4541
2788
9426
2920
7785
1033
7869
5916
7350
6576
2177
3018
1737
2458
1892
5524
1744
1312
183
4776
8325
6015
9202
9208
8028
707
1733
3579
1054
5095
1367
4865
6413
2075
1956
746
7278
7208
1219
5033
128
6906
8898
3020
7206
3916
6864
9537
3571
864
163
4828
2992
6573
181
3486
9236
908
9
3053
188
2721
7346
8190
5423
429
117
5811
4702
7707
6737
4684
5286
1305
9078
3149
2102
3654
9532
903
4834
6099
9135
959
559
7721
838
1072
1864
2499
9063
3506
9451
6251
3302
6730
4168
3750
3199
5856
6286
3055
9291
8795
5050
4450
3043
5094
303
7533
343
7437
4605
2356
1952
9090
6225
8975
3784
3992
1918
5107
3709
6184
1363
4198
7788
3113
1241
4259
4238
681
4366
9294
1454
3700
2044
3364
8591
7438
6198
8625
9422
1761
472
8908
9348
2749
9265
8240
1674
4744
5288
1740
6173
275
171
3402
6017
6079
8069
2777
4492
2272
4550
1310
4476
4548
289
6404
3456
8078
6144
4516
2884
1204
5779
9547
7082
88
367
8733
1172
8956
672
4412
7420
4110
6069
6040
3341
2056
8031
8208
317
1698
4643
3371
4842
2668
7356
6058
395
3155
2031
5778
5562
765
8639
5158
863
997
3949
6551
4918
8538
7014
2853
7202
3630
804
4851
629
3583
8453
3326
5941
5309
5737
8321
3680
7237
6559
9033
3058
7789
7751
4779
6450
9555
3969
1859
2186
257
2347
263
2283
4193
3294
1248
8977
7247
1309
8400
1216
1879
190
137
4862
2844
8518
5616
5073
7544
7427
8562
4938
5318
1324
2887
8331
8486
4149
5469
2504
6266
8841
1575
8674
4695
1392
4979
4599
7501
2840
8493
3919
7560
402
4395
2975
7705
4219
9095
3596
5555
6827
4076
9126
7106
5493
5108
2929
6091
3204
7663
8163
9511
5399
2128
4640
5725
1724
3214
4724
4562
2525
5914
6138
8296
3869
4230
9541
8274
3315
9144
164
9497
2314
5907
770
3446
9004
3851
7095
1271
5792
4662
4763
313
2308
6271
4906
3814
4653
4403
32
1176
8597
5258
3798
4626
8100
5190
7476
2747
9193
5807
6852
4228
6783
5325
9225
7186
403
3340
6483
3368
6593
1853
5408
6417
7177
1692
3497
9463
3933
2097
1929
8409
8505
9198
3783
319
3334
1130
5645
6959
6100
4092
8309
8533
2010
3904
7418
5446
4966
5238
7047
448
7448
311
357
8605
5673
1325
5501
7523
5395
726
102
7239
4723
6546
2890
5450
3749
2315
5333
3890
1250
8294
4307
888
6344
3496
8366
1946
549
8727
8508
492
5175
7942
4705
6842
3137
5486
8590
8261
6309
4488
5910
9022
4099
4093
6444
900
8953
1064
7798
9217
3225
6544
8328
561
5079
3148
8340
1032
7790
7755
3108
9393
8879
6104
7018
3881
8875
3318
8011
1599
6503
3226
7901
2383
8604
6755
6703
79
301
4124
6357
4892
6781
9080
4472
5467
1148
690
9260
5021
4081
2210
6574
7398
4874
3595
1005
5220
8389
4497
4642
5994
2852
6436
7316
3667
3620
5362
7245
7383
2454
6659
4445
6652
7695
4882
8910
4732
5210
7990
3585
1446
8648
8961
6678
8542
6508
6362
8387
7264
3362
8115
5100
2287
2764
7547
1141
6292
7226
8316
8012
1153
1992
4820
6896
4994
8044
4595
42
2064
8534
9548
4491
9320
2703
5016
293
4841
2789
2827
998
365
4063
3379
8582
880
3489
25
7747
1688
1613
4921
4447
4414
5823
6765
1255
6595
7759
1862
2620
2795
5873
2276
1754
1253
7134
5247
284
1074
9345
5388
3202
7556
1371
7196
499
8406
8433
9231
8779
1516
3656
1338
8122
5118
8181
5105
7337
697
8743
5449
6847
730
6605
764
3050
3001
2206
7115
8497
4192
7051
3897
6249
2117
4734
6954
5791
4304
2514
848
2005
9526
6018
3074
837
1360
5093
7031
7457
6141
3857
8593
781
3491
717
1920
9349
9015
344
575
7511
3410
4500
2163
8211
2941
5051
5896
3597
3576
7201
2812
618
2073
605
7130
6067
210
7932
5515
6289
380
1023
6396
3879
3319
8001
682
4215
4247
1557
2771
8737
2624
1101
2946
8984
6236
5075
3694
50
1388
5569
6341
3303
4945
2781
9139
2443
2407
4020
2455
4024
5573
2528
4656
1848
8947
4327
904
877
9273
7818
2036
4876
2857
6076
2249
788
1040
3722
5433
1173
5364
5595
893
3850
4237
1800
7227
7309
2098
1264
6092
6816
2140
4318
2706
3854
2313
3633
3304
8180
8699
1834
1500
1625
3346
7672
8808
691
8436
1664
3350
5416
1973
760
8121
8577
9535
4001
6238
6688
7035
4425
936
946
1875
5488
1431
8038
3977
9528
3961
14
8448
2095
8332
7527
4950
6969
3329
6112
7554
5539
5310
3431
4792
1743
7775
5259
3275
3924
8815
4075
4890
5213
4153
2090
9021
1407
3051
7244
6351
1730
7933
6114
22
3046
3360
1643
8869
462
7602
5773
9001
6356
4029
4067
3546
3139
7835
666
2069
2216
1245
3010
3158
2
7861
6196
8832
6953
7920
3664
2815
7737
1806
2774
4033
1854
1111
4296
2079
8465
7354
5320
5579
4178
6008
860
8203
150
1539
704
6982
7392
8344
1164
7661
9390
546
3828
5136
677
2867
3429
2269
5597
1634
5363
2862
2684
8816
8606
7952
7610
1788
9379
1725
4896
366
2100
8439
3670
9104
3173
8018
2110
8144
5237
8852
8993
7519
1911
8544
5704
7007
244
1889
8499
7179
767
8522
6336
5510
4070
1182
5463
1903
8990
2657
1120
3845
7834
1133
3886
2534
3964
8110
234
8402
3430
1194
3640
7591
2217
5813
4909
1775
803
9137
611
9154
3631
4654
6728
4801
1428
2558
7287
2943
8466
7200
340
7335
1175
2708
3349
159
2222
3095
1121
3732
368
116
5124
9275
1031
8904
5533
2563
7653
2028
6974
3222
5928
8557
3806
4790
2083
6589
4477
1660
6323
8970
3938
7980
3952
314
6627
2165
61
135
8242
9444
8391
8519
5909
6557
1574
5695
3765
7086
6160
4415
7462
6122
1908
8212
491
4185
6837
7182
1582
3067
2955
4349
4057
1610
5838
1873
4213
6665
5217
4074
676
9437
5636
6625
4203
515
6440
5409
91
5474
1094
6315
4260
8022
5059
9156
9372
7586
6752
3396
4525
8610
6683
3572
3024
2420
710
2801
2319
9395
5775
7714
5956
949
1542
8825
3848
9500
6187
654
3689
3573
9060
8675
3134
4621
5176
3715
1288
1736
6986
4027
5921
1157
7282
5181
7487
4693
3771
594
7972
195
2380
7981
9228
797
1987
8516
8614
8256
6463
298
2042
876
6779
5436
1638
6477
8755
610
4206
8224
2555
8932
8159
7773
2782
937
6638
1532
3377
1430
7711
2335
8213
6887
7262
5180
9121
8785
3523
7863
8462
5268
2930
1579
5208
6744
5122
6566
5438
3339
8784
5442
1568
4038
7770
4681
1639
2239
2607
3293
5526
7526
5852
8308
162
8470
5465
4483
5456
7580
4387
9309
8960
3912
990
4910
5943
7465
3829
1976
5428
8545
1721
1814
252
7601
132
5460
170
9151
8378
9054
4601
8374
6041
2365
6770
6332
2123
3363
7054
2225
4537
8064
6223
6699
2027
769
225
9252
911
3637
7131
6997
4555
8617
6274
4509
7364
4263
8478
828
602
2794
2970
3407
8736
4665
1457
93
4615
9152
1543
9488
7606
5684
4667
6243
1790
7552
3176
9200
6690
817
2660
7733
7300
3414
1340
4010
1373
4754
9087
5406
2820
6570
7449
9010
509
8193
1420
3913
5289
7230
8362
1996
2300
5799
9084
3752
4265
551
4390
2961
236
2751
5282
4798
4251
6051
6150
8473
6304
3775
7708
2605
956
5472
9287
5336
6913
7241
411
443
9221
5257
2007
833
5214
3728
1765
5902
3754
1534
7995
6927
8613
6368
6349
2842
5752
6715
4068
9130
6608
7249
2172
6673
7290
8882
5502
742
3668
8207
9165
6734
1789
5144
6992
9048
4612
9435
2091
1460
6634
1150
9536
7984
6919
5358
6814
6524
7967
5354
1509
4250
4044
6074
1448
1075
9288
3648
2600
1683
479
2411
2633
7539
4177
5251
6102
7848
6326
2018
8223
3711
8854
5481
6523
6772
1580
830
5047
1320
6117
8830
8657
5065
1774
6689
5800
6536
3412
1524
2880
3127
5459
6912
5774
2601
5002
4515
1658
3330
884
8045
1404
7109
8058
7594
7441
6125
1274
1838
1652
8939
2074
8551
4417
358
6007
5584
9164
322
7163
5123
4623
9492
925
3974
7349
5537
8637
7961
6234
3935
5699
1837
4464
6307
3106
6840
5848
1616
2024
7727
8425
47
2854
9035
3069
7117
1852
2333
5191
1676
7466
932
2561
7766
3273
6049
3885
9271
1066
4672
2395
141
3512
8437
304
8526
1762
7955
5990
4944
2508
2830
7949
6045
6962
3136
3066
4319
3766
5503
1828
7677
463
8276
2293
3516
1085
6871
7198
586
5954
5332
5153
789
5009
8314
2442
1878
6252
2681
8260
4898
4386
558
6973
2768
2106
8718
4919
7166
7425
3555
4718
563
3343
5939
6762
9520
312
7564
667
2616
2404
2987
7175
6584
1016
3970
1095
1068
1805
1394
3502
2916
2141
4673
9184
3365
8488
580
2808
2320
4142
5245
5034
7644
2396
7701
3059
8865
4746
3484
8620
1909
4363
6957
1624
5638
1240
5987
3422
4931
1615
4544
6003
8789
2603
8607
1986
8822
7668
2988
1342
7027
6146
5305
9256
2129
8471
6598
5292
3186
6487
66
8226
772
9354
8107
3697
791
6373
4039
7506
3026
6380
3975
9368
6903
3726
3566
8445
1784
6033
8326
1898
6372
2673
7903
1437
4030
4829
7820
2692
5506
9430
8313
2969
1269
7811
8583
5540
8475
173
3335
3336
7411
785
1322
5512
6505
5483
11
9299
9092
4765
1707
3209
8040
4480
6222
3411
7817
596
154
388
7607
7652
3100
8196
3128
1496
7763
4808
2481
9261
2831
9507
1466
3614
8249
6209
5640
4582
7009
7877
7847
267
5155
798
5471
1365
4285
152
8348
8050
458
7334
5657
7857
2693
6902
3165
9385
502
1089
9460
1456
9474
5317
5266
9523
1415
6757
6761
4900
4205
4818
2834
6920
9082
3437
8424
6276
2284
1886
8231
7148
5167
1088
3564
9240
4777
4564
6180
6875
7277
8807
3034
3955
3370
6369
310
7019
5609
8320
3674
7330
264
5629
1127
2279
8586
3669
644
3387
7906
711
6538
8558
1637
5754
5041
8241
6419
2013
7780
3133
4373
434
6794
6885
8897
6391
6498
2696
30
8924
7962
5827
273
5875
9205
4306
9453
7772
2875
1395
1433
8682
894
7375
7994
1196
4431
4766
8056
5072
8084
9132
9284
8872
5751
3682
5163
1285
6848
9298
6748
8273
2398
6545
7938
8994
4848
4893
6078
2260
6813
1988
2136
1932
4631
8184
1107
7193
1960
5788
857
6255
6822
8721
2613
8238
5448
5030
3934
1901
8474
5842
8633
1893
5615
2390
2435
5535
1691
1295
9512
3247
82
582
1006
243
49
8716
5586
6448
2807
1779
2709
525
6998
202
5843
17
2642
7389
9473
3162
1513
9251
646
5971
468
4688
5681
2427
5074
5802
5491
9162
675
3731
7732
2135
4759
4593
8124
5145
5420
6152
1856
6549
2960
6552
6466
633
1189
3000
8988
1281
8810
5298
8686
6227
2199
2076
70
4273
2310
112
6219
4065
4423
7760
1680
6632
4042
4873
5001
5478
8999
2734
490
3981
5297
6710
5891
4589
7236
1815
2750
8017
5234
745
4036
4478
1400
7098
3677
5014
6611
850
1709
8123
8245
8177
9300
5013
8264
6073
7158
5834
4486
2843
6342
72
4839
4708
4590
1839
6495
9450
9565
890
1304
5523
4333
7380
4908
573
1056
8351
4426
1036
3537
2748
2355
7529
9159
2159
8951
5571
2065
2602
7989
668
3536
4066
7730
6418
2716
506
7577
2176
6381
1262
4895
8902
4508
8765
3868
2482
3500
8943
3245
6449
6601
5859
1710
4339
6443
3830
9009
3930
868
3980
6066
6825
9020
6398
3569
7566
591
6671
4144
3665
8732
3227
4352
8043
7864
7867
6513
3693
6643
9109
6457
7022
9461
9088
6169
3737
8055
2535
8608
6872
2596
6716
869
6901
9176
1525
483
7914
621
2162
7473
6493
8615
5713
8561
5219
1547
3353
1041
4246
5733
7850
8388
7781
4019
3424
2891
3721
8556
4677
3717
8197
5193
2977
2134
4
8758
1780
4112
7725
1246
3292
5631
1258
427
5863
5853
3190
5796
7828
3803
5200
8485
3041
6590
7341
9183
4720
5355
1518
5649
3426
4773
1708
2189
2062
5656
7167
218
4712
8730
6435
2402
6976
7235
7626
1681
823
8329
3159
3613
1801
4459
8290
9335
6951
1459
8520
1770
1756
4043
7912
4569
1766
2915
4960
820
1968
2893
4451
276
7281
4452
1071
2178
5046
4885
7484
7381
5998
8667
1585
858
7673
6758
852
2645
4816
3085
6805
6695
8938
4769
5741
1282
4760
2553
1106
4809
1093
2529
9312
4916
3142
2611
5453
6868
8095
8612
8342
6383
2017
8421
6476
7699
1058
8844
7590
5231
4682
3120
9064
7459
268
7823
9211
9567
6518
3382
6629
4080
3112
4461
3468
2590
2651
5608
9448
4290
6064
5391
2549
9331
5384
1024
3405
5810
1053
8347
8942
8589
2122
4796
2618
5084
1350
259
2712
1027
4993
3404
40
2641
9012
3476
7570
8751
3619
862
9042
2810
7612
7414
2366
5140
9558
221
5934
5826
5018
5250
4400
5300
728
9241
1070
729
6679
2244
7268
5552
9327
6273
4409
631
5944
3004
5764
4767
4600
3125
1628
8334
7390
9234
8978
8009
4214
9160
8937
1051
493
8934
4121
5090
6823
1341
270
1738
9543
4714
5269
4424
3490
4197
1600
4336
811
3505
7830
1808
2438
4977
4976
7415
8490
1704
9496
8219
3268
4729
3902
5299
7040
4428
6235
8234
3770
7028
9347
550
2897
7285
3301
865
7147
8254
1521
2280
4468
4980
5917
1836
3212
3272
1329
6050
2341
8306
8980
715
6966
9257
8365
3932
2424
3384
8225
3906
3960
6691
4048
6668
2252
8039
5216
3645
4122
522
7573
5664
140
2226
7700
721
7574
1030
2470
2146
1948
5876
3177
7902
1243
7687
6089
625
4619
4022
8380
105
3320
1303
1653
4050
8641
144
9128
7041
4556
5964
4270
8954
6427
547
4637
9442
5693
1651
8286
3802
6952
3789
6667
272
5115
3936
5694
4947
334
7113
1570
6857
1445
2634
7269
5966
7493
1735
539
5383
2903
5341
8646
6672
1462
4633
5992
6708
7426
5126
6745
3193
972
9245
1257
1029
5239
399
8063
2323
4757
3910
4138
7615
1819
8643
4173
7954
2502
5924
1529
7053
279
1877
5639
231
4628
9274
928
9371
126
6851
603
6806
7517
1284
7621
2400
13
59
437
2149
7124
7094
2974
4041
8936
8484
8559
6841
2733
6526
3309
5884
2046
9352
1614
7997
4278
2586
2258
4787
1881
4833
8662
238
2494
142
6915
8054
5221
6171
2223
4402
1370
7160
6970
4405
1478
6478
4393
9515
7866
8654
3281
1755
5117
9170
924
5654
6489
2907
3150
4489
4992
7918
3501
947
3639
9118
5906
1695
1571
2078
6410
5777
5598
3249
6390
7233
7372
3375
7006
2562
4337
685
1086
7238
7149
1551
918
5473
6711
8517
3180
5315
3607
6399
7871
4924
7329
2166
4728
439
4607
3554
613
647
6760
478
4538
6777
7332
3666
1949
2289
456
6726
8318
6829
4484
3261
3763
1429
9168
296
5808
5821
3632
6072
782
7387
508
2921
6880
3215
6585
981
2139
1904
3347
4887
4437
401
5702
2202
240
4929
1100
153
2275
6771
7080
6374
9254
3206
6886
7436
3461
2006
8594
4321
1520
4325
5373
3419
2608
4799
7481
5196
4053
4974
1995
7340
3267
3378
3920
8903
2484
875
9303
232
9142
643
3243
4775
1554
2043
1353
5765
5427
4240
8762
0
7505
3251
1122
6481
2474
1569
5578
5403
3083
1185
2052
3615
8364
5720
6548
7680
3635
7037
7225
6316
7185
4012
3208
2466
9480
8083
8792
7774
4925
2405
3515
6542
4269
6403
4200
714
7930
4172
8140
4886
3779
9270
6955
2133
438
6053
4670
8780
2111
2415
2267
8093
3483
5652
7974
3701
2964
8842
3769
3734
7724
7168
5088
3688
700
7927
1414
2179
701
4859
1348
3012
9071
7190
664
1759
7217
200
7916
7512
2126
1081
4116
6118
1099
6738
3847
4082
7294
4726
8420
4224
6038
6860
8272
408
6778
5308
9108
2817
4689
3354
6469
6514
5206
4179
8510
8103
3114
6124
7063
2567
3675
3480
6324
97
2927
4696
3812
6539
5272
6468
5898
5886
3866
6567
1659
1989
4187
1682
8301
3539
5621
2740
8900
2463
636
5291
2302
5739
8922
3291
6863
3036
5550
246
5367
4350
7474
7450
3937
6987
8570
99
8989
2522
4510
2096
2108
7729
2623
8741
736
3132
2952
3096
3973
8888
1265
4545
1034
3518
531
1126
1057
1935
966
2273
9239
5513
6606
1453
8976
7623
308
8199
1167
2025
4902
2661
6167
1541
8350
4013
996
4210
266
3531
1526
4223
9023
7746
2080
5911
716
5440
2784
752
3660
5936
6591
6834
4535
3231
7815
1767
9446
7192
6516
5012
6666
9028
5607
432
978
6165
9502
286
2301
7164
3714
7891
7331
4343
916
8468
3337
9201
7690
883
7513
7395
4420
5254
4299
1590
7428
4608
9311
2457
8579
6407
552
3911
6192
8134
9560
4208
6308
7251
3764
338
4703
1782
8688
4460
8564
7543
6647
9382
8373
5314
2780
6019
5114
8914
2446
5007
4069
6530
385
7508
976
3129
6853
8981
1468
3790
1842
2344
9375
6731
5067
2933
4675
1954
5119
9522
7044
9388
5878
3723
6177
9328
86
5671
180
6817
2271
4421
6810
2672
1604
1015
4427
567
1983
8188
1178
6006
5770
6204
8460
9494
3568
1783
9188
3037
1749
8995
5198
589
8430
9487
8588
6961
7618
2761
6132
4474
7132
3875
5534
1387
2263
6090
3692
7152
8811
6025
7502
6658
5277
6470
1078
8431
6460
6586
874
9408
5064
4104
3543
223
348
4302
4381
6098
5275
8411
7370
3533
8404
4134
8204
2014
5574
1825
6350
3216
346
581
1663
3280
588
5922
8708
3556
7317
673
708
1494
8985
8752
6520
3
3511
1114
8130
3400
3658
8881
7359
5447
9191
7108
8931
9491
7478
3558
5410
3820
2758
8405
6499
6285
4547
4996
1818
397
3565
8335
1045
3390
8215
2935
2488
6447
