7716
7208
1944
5147
4850
4563
7223
9022
1270
6129
931
5930
4467
2137
7337
6974
2811
1937
1773
3957
6745
4167
6821
3403
4829
8760
6544
3875
6632
7726
8306
6432
2834
2484
4474
5732
8310
2866
6487
8467
3938
4019
4619
2371
5784
1095
3033
14
8684
7954
134
4459
3015
4339
9365
2297
482
4281
1342
9519
1104
1547
2156
72
2039
538
5895
7371
8784
2877
5915
35
1211
884
3579
618
3124
9321
543
3562
6112
2518
3814
1405
1793
4937
4077
2215
5305
512
3091
6668
2640
497
4749
3245
8117
6260
4208
9304
8776
2342
7985
6306
7419
1005
5998
227
5941
9462
380
4664
5430
4110
2401
6059
8632
5521
8125
8238
8219
3459
2522
7646
6674
2182
9526
5863
4780
644
2784
5707
1150
8575
8558
8743
7783
6066
7331
7089
1385
29
9451
7254
7544
9564
5220
8327
5181
7770
5493
1685
9326
1504
9367
5506
1488
4024
1565
3920
8229
4566
4352
6746
420
8296
5720
9091
2431
6912
4433
6062
2860
5313
8112
4289
5694
4636
1359
8731
9418
5025
2891
3971
343
8590
7520
6313
3378
7826
5557
7863
3294
3327
8024
540
9524
624
9416
8147
8979
5929
8079
859
8399
4773
1750
1295
4822
9485
5788
3994
7403
5017
6150
1818
2061
7571
3069
1193
3302
1955
5229
7101
7916
745
6695
6629
287
5483
2285
620
633
6820
7598
2015
981
9124
1292
2395
6397
2638
4647
2851
3993
4237
6332
1377
942
1433
1648
686
8460
6027
799
813
7234
9256
1083
2014
3471
5071
9042
8719
9423
4837
5045
201
352
4304
8763
44
8376
2232
338
4189
7451
7855
713
7638
2543
5834
9409
4202
2227
993
5042
8416
8272
2960
8563
9560
8084
736
9440
5987
1864
2461
195
2466
554
2052
5982
9382
1046
8287
4249
7528
3373
7753
4204
6610
4473
7056
4353
9264
5727
2332
5815
3248
8934
2993
9078
673
6446
516
4469
5852
3854
5114
4
8211
4503
3460
8437
1463
1871
8592
7735
5669
4168
9136
3718
5916
3261
7490
3569
3267
8517
9006
8232
4600
2777
2006
989
625
966
4448
9540
6222
6546
3164
9478
2799
8978
6317
2338
8655
4800
3107
1841
4166
3908
2974
5752
4930
2551
7573
8749
2814
2568
5070
7388
3354
329
3321
9195
7685
9397
7652
8239
3237
8521
4398
3158
1808
1602
6509
8205
7702
8665
1337
2679
9009
6455
506
6882
8850
8623
4546
1991
6136
1916
4137
67
6833
6052
5897
9467
7790
532
9020
9109
8114
8803
9172
22
2782
2125
1242
2768
4348
5435
4827
9168
8453
6401
7929
3606
7100
2093
8855
1728
9371
2772
5528
8842
5278
8957
2131
8027
1813
5700
1672
7959
8527
8634
5171
1304
4836
1067
7070
7194
750
205
9372
748
5597
6715
7448
7607
1714
837
6847
6772
2279
4685
2403
231
8589
4080
7892
2447
142
1582
6751
6775
4290
943
6175
2073
1640
5085
4413
563
2322
5419
3661
2480
3991
7797
1887
868
9000
7569
5550
6215
9514
1787
6264
4483
1464
9497
4460
4789
1747
3729
8576
2988
5270
2765
7965
5247
645
5282
7458
832
9226
2795
3030
3455
8193
2265
4681
5378
119
6878
4382
7661
7350
1192
6631
9364
2370
5453
1476
3610
5231
3776
5029
1530
6901
4160
7728
8595
5157
901
1060
2541
1961
3534
5860
8236
7447
1462
417
1792
1458
7554
3178
1416
3551
2937
4986
3400
1073
8772
2231
2674
8992
5030
4355
5081
13
3519
7185
5697
490
5027
1546
4959
6089
8659
4073
7762
4126
1946
4530
2863
9258
5564
6818
7881
2385
1610
3673
7346
1901
4813
5898
213
1299
6449
1176
8545
4101
6006
8212
7462
3213
1296
2806
3374
5497
706
6707
5508
8064
2233
1892
5867
1897
8625
1967
1332
7641
4010
1338
7157
121
7359
8363
7802
4726
4901
4300
1124
1428
667
4386
1837
2934
2752
4424
3929
4426
2991
994
637
1633
4499
5947
7737
866
5279
6091
5170
32
5705
5624
1070
6077
2902
8929
6406
1785
6899
2369
3096
6454
6277
5984
8313
1106
846
2434
3216
1199
7318
3785
6279
2956
6501
9239
7791
1539
7708
8845
1166
4635
1160
8135
6991
2886
5240
2036
3571
108
9250
8624
8862
2929
8013
3135
2797
1779
1039
9554
1229
5818
4414
7109
3314
5068
2628
456
6696
6687
7408
4608
8129
3101
6722
7450
1236
6281
2739
1105
5291
3645
4614
4759
4665
8882
4244
472
284
6565
2508
8919
5252
6951
3982
2630
2483
1255
7495
7316
9261
7698
3620
2680
3449
7476
7111
1079
2791
397
9449
3862
2613
3122
7913
2314
7845
8094
1471
8271
4646
9439
1810
2893
7585
6520
5489
412
3819
1920
2335
3263
3557
6409
723
6958
8246
7030
8356
8830
391
204
5586
9315
2266
2607
4169
3518
7709
2348
8847
9272
2192
5197
4179
567
2748
6076
7869
7851
3625
2918
8035
2555
6919
2921
1725
3925
5164
792
8036
3745
2520
2290
5835
178
718
7053
7125
5668
1578
2712
4084
8263
1611
1184
2888
918
5690
6682
272
153
2198
2317
4124
5136
8354
3149
7339
5411
6203
9101
7225
6365
3680
8757
127
2355
8143
3669
7031
2293
3986
9394
8639
9221
8144
2372
4366
4678
2655
829
4195
3946
3505
7102
3112
2032
9025
662
1941
8383
5603
1831
4629
636
1225
1852
7553
5976
8500
4344
5805
8799
3057
8507
1362
3008
8503
2552
324
4947
640
4201
9001
6836
8201
8353
5311
5846
1183
1408
2047
2211
7427
8379
225
5047
8088
6918
8947
4496
1662
1204
4884
7420
7821
4541
4182
2684
9214
6462
2377
8415
3137
8584
6542
8895
6212
6675
999
7642
2824
7530
1360
6104
4708
1631
3672
5975
4858
5379
3887
5462
4118
9217
3983
9562
2050
6189
2
3070
8587
8295
4068
6192
6197
1638
1855
531
1915
9303
3682
2997
6688
5346
9083
6641
3231
938
7200
9121
6512
1475
8329
3594
2256
6407
5655
370
292
5159
6361
5529
903
8792
7104
3660
3001
7533
9015
3365
2364
8242
2682
9285
2246
4235
9183
2012
4231
1288
969
9413
2831
7136
7818
3820
269
1533
4583
4799
5052
3429
4271
5514
6364
3035
1409
5507
6822
853
8829
6992
6729
5701
6229
8544
3913
1400
15
6570
4857
2169
3972
7464
8418
3123
1182
3496
8073
5110
2565
2097
7889
6627
5134
2217
6528
8509
4686
4909
1217
3832
3045
869
1251
2637
9366
6920
8245
6421
8954
5223
5672
1520
203
5125
427
5103
9187
3363
3815
583
720
1084
1017
2713
6351
1603
8123
3942
2605
6202
3252
6804
7430
7121
7472
3106
6968
6839
4003
259
606
2464
3177
8700
9465
8547
3787
8849
824
5441
8774
4851
8432
6830
4862
3323
7853
838
5230
2626
2375
8820
3933
6227
911
6054
7722
7807
4216
8401
4576
5481
2559
2617
4741
6660
8152
2008
703
2901
2122
5272
3441
5800
650
6398
4971
6088
5188
5367
9
4100
773
7129
619
1294
612
8572
5064
4441
6053
4598
2932
3278
6814
7461
774
4465
7874
556
4593
151
38
5369
3667
2451
7682
4549
1921
5165
1354
1682
7020
4218
2219
5362
3428
4880
4601
4103
4919
5427
7149
5471
2352
7484
5499
5467
7960
1148
7613
876
1989
2590
6574
84
1925
5599
9461
5112
9350
7362
7364
1133
3851
8989
9518
4285
5080
2196
3547
5509
653
6224
1625
8252
7083
8513
8485
3791
1490
6593
791
7978
4819
2853
5433
5565
5113
2141
8020
7521
3914
2819
9191
4455
6691
2273
7135
3516
248
6866
199
7471
5393
2845
2582
8255
1180
867
4468
9180
6123
5943
1497
9460
7154
9028
4698
965
4674
2633
2489
6781
1949
125
1226
4478
6909
1419
3427
2473
5713
6797
6507
7198
526
196
8524
6223
7711
5558
771
1389
5011
7160
6518
711
7835
6663
4733
8210
3221
1809
4050
9498
5371
8516
7724
2357
9232
1827
8053
3845
7952
5679
6366
5206
2529
2361
6967
1636
4187
9347
2779
219
5534
2349
8626
5621
1998
4139
8413
4669
5563
3827
3998
8902
1050
2609
575
8611
4831
3524
5758
7226
6585
6107
1722
236
6796
5993
6045
6747
7514
8718
1969
8588
4328
4470
8402
8562
1891
106
8596
1554
1143
559
5255
1623
4278
3312
5316
6195
1693
764
8293
2168
2220
9051
6666
4779
4360
1698
776
4784
6488
1766
8004
3842
7214
5510
2984
5896
954
4380
6087
211
4954
2351
6122
8672
3442
342
1012
9360
3540
345
1147
5281
4070
3880
7018
3415
6948
7582
8421
7029
2164
6843
8382
4760
3003
8537
4933
3204
8683
4165
1524
115
6285
4016
9482
7884
4606
5850
8616
3757
5187
9529
9236
7391
4207
1838
2462
4543
1541
3257
5050
7459
4914
8374
6945
6863
3489
2975
3249
7262
9373
7625
3535
6241
1291
8748
3356
6481
5006
9391
2376
4227
3591
4203
1755
7076
5925
8633
3472
5498
9276
5328
1440
2516
8249
3573
5928
7354
8597
5794
4968
9348
335
4432
3619
6561
5596
2064
8678
5714
1214
1092
3142
8322
4637
6825
5210
1796
1544
9089
3220
5911
19
9361
5122
5877
4677
5859
4454
945
158
6044
8231
7188
2189
442
5239
290
1768
4012
9080
2766
8207
4096
5783
1893
7263
3113
3007
4521
7621
898
7857
3780
7876
2278
3595
7177
217
7688
8465
2424
6551
6400
340
8567
6855
1312
1993
4308
5913
11
8011
2269
971
1137
9194
7787
4612
6085
1866
3954
2874
3031
877
6460
2035
4257
3062
820
4403
7347
8336
3558
4542
5418
1835
641
601
6463
3381
7327
2816
2318
5377
2794
2275
415
819
1339
491
5121
6003
1390
8433
5657
6934
6160
3907
7831
7108
9044
8019
3283
2521
6622
4213
6015
5933
3020
6267
5522
929
1231
8266
8243
4730
9298
2583
1754
4694
2635
2769
8984
8890
3115
4578
642
4131
740
7418
9263
8364
7532
2548
252
7296
2291
1163
8102
8082
3559
5260
3695
1373
6004
651
1281
6373
7479
7705
28
7963
2844
4451
1202
704
3345
9161
6113
8297
7566
3890
4577
92
387
7986
6532
6242
5194
752
460
3631
742
2123
4671
2029
7498
4411
183
4170
4573
5434
5422
1412
1051
7255
1945
4022
8528
3234
7201
3715
4338
6178
3737
2578
5296
4735
3911
1760
8015
3491
3596
3435
7441
454
3458
7093
6832
9328
4633
2448
3419
2527
6762
2302
3841
780
5919
2180
4656
7494
2798
6037
5343
1022
4368
8773
109
7084
3782
5105
2268
4712
8199
271
9016
8187
811
5213
5321
4679
2238
4994
4251
1527
6148
2958
91
6068
3412
2534
8171
2995
992
275
1513
3126
3206
8299
4369
4516
8223
9273
4704
4790
6516
7827
2926
5350
2124
4018
4002
330
6349
4390
4062
1487
4523
4128
7611
1563
5619
7246
1013
65
3969
7400
3926
3902
4132
4863
3422
3239
6021
1778
7092
6413
307
2300
654
4898
5109
2987
216
2738
8612
3346
1684
1604
4556
4803
2051
2098
6
4219
5709
2870
4364
4065
3783
9332
854
2387
2908
321
6186
4320
5096
5736
2741
3169
143
2563
834
810
3361
6023
9388
8202
1743
5682
6510
3861
793
2802
5005
88
3325
1568
3322
4141
8636
7456
3244
8031
7632
4277
8478
3577
5718
7189
5145
1247
467
666
5153
8875
6903
2985
4222
8026
6613
2257
2482
6034
1776
1806
4365
4069
6181
6434
3189
288
2612
8874
8464
7310
3406
6802
6458
334
3085
7697
4359
202
2059
8286
6043
4383
3647
5190
7016
2160
4589
570
3951
2556
3417
6086
3153
3844
4310
613
4517
4769
6385
603
3563
2620
2416
1068
4175
7096
8673
466
8093
3002
3494
498
3214
6253
8495
6887
4000
1758
3082
761
9093
8555
255
4750
9026
7010
6036
1300
1651
8407
8128
8794
220
4826
788
251
1276
6790
4602
1054
8268
8463
4963
6530
8484
4567
6556
2309
2071
3979
3468
239
1643
1869
2084
4885
5618
3211
2078
3525
9411
4064
1118
7497
5324
4087
7895
9500
7027
6907
6199
5463
4599
1918
8097
9368
8493
5280
71
1481
3272
3420
163
3191
7449
5214
6883
7814
871
6768
5155
4513
1798
3241
1862
6114
3520
7118
5073
8827
1472
2114
3049
110
7052
9198
1421
2930
694
8811
7782
502
5722
1908
2728
7820
2327
5208
4159
1789
76
2664
8390
319
1041
1877
4810
8775
6841
959
4744
2034
9380
3543
8958
4427
1168
9046
7435
2459
3479
9323
4596
7930
3144
9403
6166
374
5360
7431
7779
3274
6710
6430
5729
3694
1706
8907
2952
6872
4565
2205
7967
3163
5056
3073
6500
4958
4391
8745
2111
2151
9404
3052
4868
3185
6840
1717
8420
8891
8496
4014
828
4138
4286
7587
3344
4350
7862
2745
948
1195
3411
7088
2629
4820
8963
890
4732
2641
1924
3943
2705
8686
760
9270
4402
6834
5060
8810
3734
8667
4998
3744
3295
7165
879
394
4882
8970
7997
2780
6999
3475
4714
991
872
8981
2895
5437
8758
1970
1436
3041
743
1230
8159
5889
5574
3514
8000
5971
2700
4860
1732
2311
6938
8419
5910
1189
2939
9023
7650
977
6646
5185
8653
4023
4625
6774
5637
4298
185
5721
1280
3590
6451
7405
7087
1580
8381
34
6643
6603
6505
1880
3704
864
1644
4011
5828
49
2226
4527
3561
2247
4442
3869
3529
3355
5253
5837
281
3156
1318
1352
1154
833
573
1733
8712
8060
8900
9007
5750
6740
3247
8546
424
9158
7473
5781
7014
7751
1741
8518
7695
9271
9225
3286
7866
1468
4435
9308
5842
428
4973
1357
7122
3340
8042
8153
2647
3652
9567
7496
3301
3600
2320
3730
2080
2644
6010
5055
2158
2580
2365
5457
8061
522
1536
4173
1109
3414
9389
8016
4668
7777
6711
5295
3574
3726
9445
3110
805
2837
1316
8541
8163
5820
5399
5659
8615
8540
3128
7175
8499
5533
5643
5980
3463
3688
4883
7025
9061
8959
94
1117
908
2749
7004
8208
1461
8285
6130
1368
8477
7191
6785
3127
1096
934
8333
5246
825
1432
6274
3087
7469
6809
6923
5382
7038
6851
2909
3316
5862
6324
6895
7047
3072
5544
4171
3681
5044
5965
439
4172
5886
6997
6237
2512
9069
4135
3565
6890
5956
7259
6742
3899
8833
660
5464
3582
6295
2530
3691
2436
1453
9383
647
2818
5631
8410
3488
1858
1444
8505
539
7393
4535
9249
8766
5582
5548
8182
9286
6320
4027
3648
1081
986
2003
6716
5536
8917
8756
2729
298
6623
2104
7547
5946
6659
1350
6522
3145
2509
696
7509
4331
5375
8857
4184
5541
1933
659
7649
9492
1873
8446
8860
1900
9131
893
7281
964
459
8230
6390
1836
2105
5051
2511
3697
4887
8289
6599
3205
9563
4247
8910
7374
2319
9393
8913
2101
6111
1966
2225
4275
8689
8405
8470
3840
8168
3584
1093
4322
3874
6336
1960
147
1627
2792
6558
3564
1366
82
4632
5973
8819
5424
4224
7733
5610
9552
1210
3638
687
6541
8066
5504
1396
7771
3034
5251
3607
7992
3105
3253
2528
5349
169
9379
806
7591
2328
5010
1306
5297
987
8454
4485
7242
8175
1272
6064
1842
8931
5740
4699
1857
8609
1676
7172
5232
5014
6096
4120
6760
925
817
5166
2044
1455
5542
2721
8883
9102
7856
4580
3736
1707
9329
382
2862
5878
2267
6254
2209
5212
2228
5400
3754
8240
7270
7440
8308
804
5276
496
2978
702
5189
4111
6335
8717
2242
4778
3936
3539
7526
5461
9503
7256
5743
2407
4597
5138
514
5699
9074
5118
9059
9538
9310
6898
5090
9553
1928
3764
2725
7583
9243
7137
8674
599
8218
7606
4106
8885
7379
316
6953
7993
6807
2113
2621
6297
8620
2840
1178
317
8915
308
5836
3171
5954
2976
3484
6868
5890
9219
1233
7192
778
2027
3586
5203
3155
6410
8818
4757
4420
3800
3299
8324
4524
8888
6060
6187
5133
4404
4675
3848
693
7202
5395
3768
5888
5567
9063
2173
6105
3835
4253
9146
8361
1171
4122
1618
9027
3821
6700
7345
7523
5209
5764
8664
7107
7390
8206
8113
6499
63
5785
6152
4438
1606
9325
4282
2126
9432
6753
4607
4684
444
5152
155
3931
8846
9317
3102
3922
4291
5304
7343
3364
4982
4864
1434
7022
3058
8564
3315
6669
8365
5500
3572
6206
1381
7615
5545
1495
7849
4845
6917
8355
385
5904
3284
8793
5389
6874
6709
6665
4358
6280
2465
377
2383
800
1537
369
2428
1718
7210
7595
9237
724
8651
4397
7542
93
4974
6119
5473
1486
4316
4409
5696
685
8474
1289
5139
5654
6952
4144
9071
9072
5307
561
3307
2072
2865
7712
7671
3615
910
2676
8101
5146
2475
6783
665
7785
5306
469
3018
1072
9421
7443
4960
9412
6282
1301
7796
2574
2085
3094
1597
6829
6508
4791
6697
7257
4839
1252
5091
6596
2386
8131
7877
8167
5742
6550
953
5810
7372
9333
3599
2009
4280
3456
6369
1596
6854
2833
8177
4928
3964
2498
8124
1675
7635
6298
2943
1108
2704
6011
4102
2595
9509
7651
6778
3878
4792
3546
3254
8209
7647
3499
8497
7609
1374
3268
6256
7786
3064
465
5476
1730
2999
3309
7483
4515
21
5924
8880
2507
4009
7105
7764
7594
3083
6322
3486
4801
4613
1956
6376
2112
8935
4660
5595
4423
8486
135
6412
9387
3894
2129
5532
8878
3952
5519
1519
1424
1953
4977
6490
7002
1981
6288
23
5116
4984
8181
1824
8137
1324
4518
7319
8908
1489
2069
7110
924
4797
6330
9309
7828
4254
4378
6482
5853
1004
1502
2996
7539
8514
880
4782
5953
1645
3194
865
7743
7657
7437
4849
3674
2871
7686
2669
8283
2805
6998
6025
1906
5312
3724
8050
4575
5748
8412
7822
4641
7744
8441
8267
6959
2979
6440
2539
8241
138
7422
8273
8535
5795
6557
1303
6892
8385
9466
3789
6427
1282
5065
3944
6438
390
697
9230
8877
8977
7253
1846
4841
8164
5271
3068
1500
698
8648
8622
6676
6012
7644
2970
6225
3199
523
7780
7358
917
6677
6319
7309
5708
7950
2281
1320
726
7854
1116
3639
8953
7195
6305
5293
5858
9157
553
786
9260
1761
615
7719
7922
432
306
7054
5331
5802
5760
6639
8955
3439
7377
8675
7453
7696
6744
9431
7626
7199
6259
4574
8872
897
3930
2083
116
681
1607
9095
3772
6030
6712
5398
858
8949
2593
7049
6354
8096
124
9490
6420
2540
9385
6549
6670
4775
985
5490
8162
5126
3480
8889
2510
8559
4059
6445
7706
2397
7485
9434
9402
4341
4211
331
160
5786
77
7860
7008
4088
6564
7995
763
2167
759
2973
1499
5469
2154
6333
8393
2274
5759
1181
3366
5396
1726
6067
4993
8058
3690
1770
6290
7467
2415
5974
2005
9142
5917
8149
5299
3629
712
4570
5235
4835
7972
5256
2389
3190
5787
51
6236
4533
7072
2678
4193
3830
7562
7180
1703
5598
9443
5645
6600
5579
4834
4261
2478
1875
6371
5283
8951
7375
24
8029
8780
886
3306
4079
3602
9154
4462
2515
2368
3148
6537
7864
2577
7603
2703
6299
7935
951
1378
1826
9086
3032
3809
6161
249
8338
500
3067
2382
8392
9340
6810
1201
6757
6503
7313
1510
1979
967
8831
6372
1238
2950
2088
756
2011
5832
8339
3006
176
5525
6921
5234
177
6789
2259
6706
4711
3433
7865
7971
1677
8988
7155
6353
7289
533
6982
7258
9283
8971
3945
8764
2576
1411
2388
8411
8914
7322
6283
3987
6485
5923
4640
6826
9241
7415
3075
7948
9477
5703
9233
9311
1343
8197
7013
2143
8668
1101
2430
3240
384
7905
5822
7837
4325
2706
5573
1387
1823
6270
551
6837
5768
5531
6685
2600
8788
4988
1954
4205
4771
9114
5515
980
1913
5511
5449
4330
8881
1141
5410
7206
6172
7276
6720
4385
6865
4498
7335
7926
1430
4501
235
5793
4145
8871
3603
6547
6190
7759
2236
8798
4838
2446
2405
1190
5040
6761
8213
8323
7799
3081
5191
5406
5702
8972
4788
3016
2894
5309
332
8330
3568
6404
6171
6185
4751
2946
354
8090
5007
6055
1327
3118
4041
85
2442
8461
1710
2422
6211
1958
50
648
7683
336
5988
3498
3089
7990
4406
8928
3259
5233
1355
857
8288
668
7017
8606
4952
8898
1694
5717
2417
2702
2554
4794
9401
8520
69
596
646
9206
8669
286
1484
7361
3038
5195
9202
998
5004
1477
1666
9005
8943
1023
1035
6389
5224
8326
9038
8490
5914
8515
7578
790
4785
9539
4866
5442
1884
4417
8761
433
2869
8134
7274
470
8705
2020
6765
7690
900
5688
2735
8403
7240
5063
5438
4272
1756
315
4886
5870
3522
9425
8542
8519
7998
7057
9200
4162
9265
6927
310
7251
3223
6703
2980
325
9398
8086
9537
8825
7984
5627
4611
5018
8014
6293
7629
9167
2396
6168
8796
6375
7396
1650
7144
5086
1701
240
4067
5373
815
5142
190
7287
4938
8526
5983
358
8512
1151
9185
9184
8986
107
2931
4015
3042
9288
3811
9269
8727
1803
7846
3387
7969
3418
1867
9381
8118
4670
9450
6673
2841
4449
1988
5871
8752
3250
4197
8406
4476
7914
9162
6103
3763
6987
7572
5570
2711
9341
6805
5891
5363
3721
2538
9346
7064
6247
1948
1056
3086
8530
8987
242
8729
1026
6269
2476
7153
3050
6986
4334
1253
7363
2653
3078
878
3476
728
1243
4706
3871
8647
3746
5012
8166
1315
3208
3675
4343
4509
3839
2790
4572
1959
2204
1794
5530
7567
6183
3270
8737
5322
5612
9107
5347
5626
4879
7409
2602
1663
6443
3228
1973
9354
1507
3552
5706
7614
7158
6360
1007
5339
1523
1077
1938
9352
3061
5037
4554
6844
4026
6555
1098
545
3413
1027
407
8466
7067
1853
1245
5978
1727
6417
4017
5635
9510
9117
941
3071
2276
5104
3170
5310
6378
4461
1415
6884
2324
3180
2838
1957
5163
5772
5680
3833
2336
754
453
3550
5488
3140
7516
436
5757
4053
3227
6657
3438
2673
8828
2843
5754
2178
1683
2381
2329
7605
2021
83
1628
4965
3013
6002
1246
5130
4999
6683
7776
3719
9473
8372
3774
5997
8085
296
8560
8708
5425
2774
7069
5503
9267
835
7291
8918
6405
574
505
1297
1716
6935
9064
5033
6617
4264
8056
9415
9484
5936
8924
823
2186
7904
3215
6304
952
1535
6636
5108
795
2730
3161
8577
95
1177
5683
7401
6276
3394
6403
7173
4561
9002
7590
363
3454
4178
738
4648
3621
1553
4734
8956
2254
1485
7924
7487
4753
8781
1498
73
5555
6719
8663
6915
2856
5089
361
7816
5069
6937
7551
304
5671
8451
7944
3160
4701
2362
5074
4889
882
7694
9528
2223
6032
7755
4471
2948
4029
3587
6793
7873
1380
9105
902
7216
5848
6653
8244
5319
483
7042
6174
8569
5
9018
5431
5135
5078
4643
5036
590
5623
610
3310
3909
1874
7878
5512
8304
2519
1094
6251
60
9318
5505
4209
9400
8225
3767
8217
2412
1800
1883
4687
5013
3777
2409
3605
4747
976
622
1749
5734
5601
4375
270
3474
1326
5450
9550
7938
8274
9284
3337
2581
156
5412
4155
6082
1919
1936
7150
6914
8360
7187
739
4464
7580
7146
8817
26
9077
7075
6756
6271
5404
8161
4739
2604
4830
2631
1456
1845
1049
4891
808
541
3655
3014
8445
9056
6159
9076
7529
6811
8942
4373
6540
5000
7486
215
9148
1164
2060
7937
8224
5175
1763
3271
3390
3408
6900
9137
9337
4680
404
8282
8685
230
5958
7541
6970
5774
5023
3891
3226
406
4653
9294
840
3039
9508
3120
6394
6074
6939
4748
494
4873
4036
6459
6038
9169
6620
762
5228
7231
7237
5770
9495
5268
9428
8628
7659
5554
9014
7211
2410
6314
7763
6480
6567
4252
6808
5407
8043
4924
7432
588
2188
1145
3133
3810
4688
519
5607
7217
7931
7754
8132
1595
2157
3753
5704
7046
339
4158
8018
501
741
8681
6468
5429
4766
8408
767
2719
3879
7648
4492
1786
2177
5100
3136
5262
8146
3850
8605
5451
8844
1976
8191
3339
3331
1767
3537
8801
4151
5723
3612
3947
5592
9345
6261
2075
141
8950
5353
2253
1898
3004
6694
3889
6245
2000
8358
4415
5962
8259
6118
3202
2919
222
1249
5539
8985
5374
5474
535
6650
4907
5211
3095
7806
4832
4768
4900
1040
375
5402
5865
2545
8765
8404
2788
2836
7141
1556
4743
6649
2262
8276
2340
5290
3532
5115
585
3043
8195
5087
5782
3021
8809
5338
7383
6287
5058
2573
59
5480
5927
7721
2497
27
7103
7932
168
4696
3440
6913
1740
4305
6897
5986
4502
7823
395
3741
4725
1649
6770
3581
5265
3230
144
4071
89
9417
3958
8863
2747
8422
7748
2757
2890
6777
426
3974
3702
1314
8585
7315
8869
5394
5341
6084
9174
7081
3097
3044
309
6196
5193
8778
5002
3665
7078
2378
3243
2955
1929
464
8116
6240
511
8568
6838
6563
8103
2941
595
7159
6473
8480
3048
7290
9358
4722
5944
2697
8807
1052
4615
2808
4051
137
7342
1665
8300
4865
7558
6424
5317
2444
5957
4823
2586
2289
6472
1566
2566
8876
8602
7465
8854
1298
2197
9223
6572
8973
8967
6842
10
6944
5670
710
5591
1239
1639
1333
9220
9536
425
5632
5426
3466
2998
4846
2906
8391
3037
3760
8489
9438
192
9166
3617
5061
6718
3650
1336
1153
7524
530
8976
5302
61
4754
6835
6167
8316
7643
8122
8157
6535
5513
5660
6788
5875
5385
8247
6568
3632
1034
5408
3154
1518
4313
7248
9081
1019
844
9054
4314
932
5287
8006
6749
2940
372
118
1736
8270
7182
2299
2315
4241
7131
8192
6041
9533
341
6131
5440
9222
758
1868
6039
6634
5101
3040
3187
8723
4220
5448
1922
1909
6965
7809
7457
6302
3881
1927
6246
3806
7229
7176
5803
6154
3634
48
2149
6801
102
3264
5884
4357
3967
2090
2022
2146
8023
9144
1395
1935
5994
1209
984
3293
2861
1307
4871
9475
5826
1205
9070
3996
66
3836
6339
7500
9468
4534
7113
503
5226
1538
3651
5677
2694
5576
7197
7750
8583
3544
2420
5569
6648
9112
2656
68
8680
2491
777
6976
3093
3201
6058
2201
431
52
2082
2623
7792
8553
4917
3566
6828
560
448
2835
4969
2687
6418
8033
7127
8927
674
9293
7819
209
3901
4125
4943
360
5745
86
1321
8533
2152
1545
784
2203
8754
9043
6713
2440
7955
2813
6469
9289
7662
928
4774
4628
6534
9355
9100
2270
617
1361
6340
8173
7297
9488
3495
7617
5674
1894
3511
7805
7812
7616
7623
1429
6182
2183
2964
6664
8062
609
6864
3713
8783
851
3225
803
4379
1896
4991
4416
9531
3545
9251
5733
8065
6526
6536
6278
3728
2367
6595
6408
4457
268
2155
1995
772
7918
3712
7288
8948
7293
1526
6321
1657
5804
8269
2643
3801
6476
2537
663
3192
3017
1159
3197
2550
3399
2207
1277
6268
6750
7098
887
8578
4046
3291
5830
8637
4588
1061
6286
8835
5274
715
1788
6588
8481
1286
8866
1690
99
6291
8077
8638
1244
7367
2608
8302
7491
632
5883
2306
7245
8442
3846
2001
520
8155
783
6155
1567
5869
5990
4724
3885
8344
8787
1942
701
509
5762
9268
4763
3867
5617
747
2803
1158
7507
6701
6579
1731
3685
5811
2659
9262
6109
688
471
6681
3084
8677
3641
5719
5370
7622
7765
8
2827
6977
6857
3005
1508
4783
1470
1223
1069
64
6877
8328
6452
2523
6157
9129
4287
2110
5966
1059
7936
2493
7825
4896
488
320
3028
1745
8728
481
2454
9128
3526
8621
5861
5355
2077
8009
6210
4564
8940
7552
944
8258
8012
1388
735
1386
8068
8670
3212
9356
2646
1334
3663
2503
3703
313
9290
8996
1542
4765
9133
4377
8732
4412
4945
1963
4814
1482
4108
9369
3430
5648
973
9370
8904
1015
7893
5926
4299
3080
5684
2809
8753
2947
705
2287
2190
1417
5455
450
4149
3927
7996
6348
4263
5773
4495
6601
3792
5580
9447
7207
2485
979
960
2067
9119
2634
8662
5238
8298
9212
7039
4034
5968
7667
885
8340
8047
258
3360
558
4983
2817
1825
8032
8922
8926
4904
1438
4274
6506
7260
2091
267
4292
6607
3773
836
6098
7439
2751
1799
167
2624
3628
9301
5903
8823
1403
6343
797
7412
6502
422
4188
607
1879
9522
1680
4895
7987
5028
6612
7243
1006
212
4487
1406
5949
1127
7830
8870
5335
5985
4908
5465
4443
1348
9066
1248
5543
6065
4693
6179
581
8176
9177
2645
1830
3589
4626
9103
3560
8174
4758
7525
5906
4072
6538
1382
6235
8305
7645
1379
9487
7548
8688
521
3531
1358
7407
1724
6358
7028
479
7699
7045
7120
57
1091
2787
626
9338
2200
2002
8822
1479
6566
2288
4752
2740
5059
7241
1414
6764
6444
3857
6573
1422
9113
8746
3465
5728
6981
7766
154
2807
5244
970
8425
8893
4013
8294
2439
5444
3056
2857
5952
8861
1655
1503
446
6667
5409
4738
7518
9547
3407
2063
2584
2990
6527
536
6093
6560
0
6396
139
2058
2561
5186
847
7062
5692
6928
3796
9259
2949
4181
4490
5460
5738
796
8821
405
3898
6609
5711
7426
257
5397
4642
2106
2734
5337
5034
3877
700
4047
5920
4921
7575
1681
6075
6554
8699
8395
4916
5093
8194
253
8608
6539
8892
9197
6870
8345
7264
191
1057
8694
3146
1983
4306
9505
8398
8656
4548
4511
3203
1890
9502
4060
4875
4107
5854
3662
3953
223
8722
1886
1121
6028
6619
3210
6163
4031
6736
9127
4645
7221
4594
7413
2618
3462
4658
4055
8290
2911
381
6158
4116
5264
4134
128
3318
6234
1617
3873
1729
9147
8279
527
8424
3624
3517
7380
7803
4870
9235
7504
279
421
6474
1344
1074
6238
7517
7402
3717
9384
2549
529
8591
200
2344
2243
4311
4425
9499
5864
1848
7148
2872
9453
1442
5119
1256
355
7991
379
4805
8091
5094
4374
9203
4045
256
8343
5364
7811
4809
4727
8184
4892
368
1425
2494
8937
5423
2132
3060
7769
1287
132
6727
5162
4550
2826
2722
6705
3134
6497
7531
7612
661
6771
6307
8248
7203
5935
4267
4099
356
7677
3950
8005
3597
3616
8894
5801
4888
638
5981
8770
7026
4582
9501
9209
12
8805
6969
3580
2526
2394
8475
2913
5977
9186
2305
3583
5611
1391
3009
4897
7036
5790
3513
2606
8551
2406
4525
396
2479
8726
6101
1156
7051
2500
3132
3405
7320
1138
4610
5323
318
1213
3141
801
8261
7179
2347
9429
8110
9471
3143
4939
1910
150
9424
9280
5615
7502
5318
699
5218
2636
8301
1899
5970
782
4200
9530
1854
4995
4736
7280
8642
129
2235
3150
4043
1149
8067
172
9541
5336
8106
2927
8561
684
2767
9084
3613
2170
4066
8856
5614
1555
5035
6523
3461
6614
8233
1512
4579
7285
4559
1861
5016
6356
4667
7619
6824
2261
757
4332
5129
627
3195
4250
2391
1450
9050
440
9122
5032
7082
6886
6146
1751
1505
1212
972
1863
1815
74
193
8342
4861
8962
4266
9330
6201
2139
6121
568
4717
3393
5494
8253
9132
3961
2517
2878
6338
7227
4949
3705
689
8100
6151
6450
6889
3826
6294
8160
5413
4230
915
4878
2564
7911
2068
6363
6423
8838
3152
224
725
9405
852
9003
1709
6758
8428
4923
7394
8739
5779
4349
2889
6359
4048
4269
2579
8214
1819
6377
8573
4710
6311
6654
3847
9327
2374
5066
8990
5439
7925
3483
4283
8834
3863
6139
8687
7493
7143
930
3280
3807
935
7681
8750
8498
9456
4798
6815
5744
5021
1708
5284
9406
7279
6717
5761
447
1078
2469
6680
1903
8092
3074
6411
282
393
7410
6961
6525
8790
6337
6925
3556
8307
6252
3828
388
4920
2049
9068
1134
3497
4431
1175
3646
5792
6787
8966
845
3960
16
6638
731
1619
5039
1126
8377
445
5547
9153
1705
9455
7235
5083
39
3709
4370
7775
1128
4032
6979
2596
8130
9305
1418
8051
7676
798
8435
5789
5849
7900
5098
2776
7071
4324
5416
5633
9414
1136
6414
6431
5459
2727
3376
1885
2899
7298
708
3384
5421
7945
3246
8479
3186
8905
7543
9302
5216
4553
5479
7349
8186
6533
9559
3699
218
5285
1009
1599
4484
7272
1235
7939
1283
7334
8646
3317
7250
1466
9472
6962
2390
6056
6416
6980
7767
8443
6296
1575
1950
5894
2193
1765
5227
5150
2982
1939
359
6861
1569
1551
7891
8983
8438
3794
8141
883
3347
3990
7933
2639
5769
9316
1032
4351
2744
474
4191
8431
3229
3633
1398
3803
861
7353
2957
6399
3910
4953
452
8331
1790
8939
6853
6370
7739
5156
1439
3324
6145
1605
7964
3423
6645
4288
4434
8643
6714
1739
2194
6690
7976
8617
3578
3831
3011
1197
940
7549
5183
9491
983
5726
5452
9257
4808
1529
4616
8920
7738
8599
5661
294
1807
692
8532
7269
6860
1474
8371
42
8627
2965
988
1172
4063
6957
2716
5681
2272
4190
9242
8235
4894
8080
8698
552
1742
7942
3404
6100
4927
6515
8933
7169
4481
4097
6496
4319
6929
6090
3099
9199
7186
3285
3510
9111
7080
7600
6266
37
896
1601
6176
3538
5901
2672
2920
1865
5221
2717
6262
3443
1310
3732
7618
1820
2535
2239
4477
3166
8730
7653
7170
3904
7707
1186
3666
7901
9469
591
9141
5388
9426
3330
8581
4347
2691
2298
5326
5024
1113
6823
1629
3333
8069
3088
5432
4396
8291
6580
8538
5807
8691
6922
3077
7086
6471
6000
7382
587
3935
1457
3949
7244
1980
6752
9036
8370
3117
2677
1423
9149
2393
4718
8318
7386
6128
3866
2594
4500
547
9545
5844
5386
8081
146
2007
5132
9079
9238
2793
1483
2992
2467
5959
7239
6367
5561
8543
7040
7885
346
975
6448
8044
7907
6095
6571
5809
1376
5365
8873
1401
1437
3352
2989
6908
1340
4934
123
30
7444
1364
4371
721
5263
2981
6327
4294
649
1062
2452
671
4604
9419
4931
6426
2742
5613
2524
4740
3963
7306
6975
8115
6115
990
6902
510
6020
8040
7999
1119
5179
2107
5902
7299
6116
4793
7338
7138
4630
7608
8063
4520
7668
1102
4117
3758
7752
5715
4966
79
9192
4054
6642
2179
775
7488
6735
2202
4395
594
1834
3656
7570
4136
7385
8048
5796
493
8347
7672
4581
3799
7909
7559
2771
2773
8165
1674
7474
634
4620
1926
4393
827
8735
1782
7511
484
8549
4514
148
7675
2138
4318
6732
1107
4333
3689
4639
5616
3756
9118
8002
7890
7522
534
7736
7903
4335
4855
3989
3
6904
2917
8458
6604
1971
4692
5358
3939
982
5258
8367
6963
2070
5403
6127
6672
623
5219
5141
5049
2460
4568
3906
1089
2681
1548
2731
7351
7324
4419
5225
639
2392
5314
159
6433
680
8025
1165
4951
5593
630
3209
1198
3978
5572
1626
1934
5675
2775
1365
7839
1383
6611
1241
5556
2310
244
7275
9357
3687
5120
6817
232
8227
5568
8579
2732
5873
8172
7875
6106
8557
8332
3955
1622
7492
4980
2882
1010
8523
7833
4163
295
3528
8529
7050
2800
996
3256
7640
7267
608
3371
6896
755
81
8472
7116
7196
3305
8234
8034
7756
2187
5662
6602
101
2663
8522
7011
555
1615
7773
2571
17
7213
104
909
8649
8952
367
7489
3232
33
5845
7252
1402
2171
4030
4363
933
4083
2471
486
3804
1161
6621
2301
7535
9342
2625
5851
3917
3723
410
8139
2622
2153
6926
344
1506
1162
1562
1302
4439
2532
6273
4881
2648
1923
4737
7513
3396
8974
54
8400
2914
7218
9210
6308
112
1469
8052
7344
577
6618
2887
1772
3481
3752
8095
2031
1369
957
579
3335
3348
881
5518
7184
2120
2212
1700
2650
5847
7404
3207
9040
2399
4161
2666
1443
1735
3536
7840
2345
6626
7962
5003
1686
9032
9062
4707
5824
1090
9313
6954
5879
9140
3397
9363
3188
8292
1285
4781
7283
6141
5972
1328
303
2481
3051
9163
8482
5127
9420
6079
707
7692
719
4941
8539
3670
4975
7012
2065
3739
1043
3023
1120
4367
6494
7003
2079
2822
921
140
6239
8284
2724
6590
1284
4859
5492
2028
8083
1370
8434
5182
6374
5912
1268
349
4180
4094
4926
9106
6379
5472
7166
9012
3750
9282
7628
4617
6133
2419
8815
4922
3860
7019
1817
3236
1427
9513
1856
8550
3735
1000
508
7968
3341
7145
4260
5446
8320
4528
5330
2379
6658
2762
1129
8126
4238
5578
3372
7501
9244
4119
2789
6200
3377
7714
3779
816
7366
4486
45
5791
8003
5077
3380
2095
8440
4796
2445
709
4192
6983
9254
130
6798
6813
1977
6924
1227
6063
586
2533
5372
9437
2558
5415
4762
5501
7470
3611
9324
542
949
6755
7190
3778
7193
5261
7888
6017
1600
9441
5381
7222
9336
4354
2330
1058
3882
6493
9252
4770
785
1850
2398
5288
3508
2880
9496
6964
5823
6137
6142
8767
4212
3025
4869
6559
5608
3416
6625
8078
5390
2057
3375
6966
9143
7151
562
4115
1305
8607
4074
9165
7238
1224
9041
8417
5749
3119
4242
4440
894
114
2033
5549
7560
3235
5698
6708
1278
6258
8709
1103
7693
9452
8797
6779
6754
301
1274
8188
7788
7133
6949
3592
1661
1522
8221
8325
7550
3368
2585
7923
873
2881
6244
3751
3349
8777
9130
1557
1142
6947
4407
1228
9170
2373
1065
8280
5606
1715
7174
5245
3103
6994
5686
8054
4526
2271
9037
5964
1888
5798
4376
8215
2815
8071
958
1589
1540
4976
9189
8189
5454
8548
5647
6517
8251
4955
8911
6428
8968
2030
4493
4659
7429
3130
863
2770
1122
9030
956
9215
438
7163
221
1167
5131
297
8534
814
8057
7033
2627
7593
8352
7273
2925
8755
7663
7921
3515
2380
5267
2321
8436
4076
478
1947
5765
3313
2928
1972
6402
4038
9435
5588
2017
751
1832
8314
41
2689
480
3686
5747
7268
5384
8357
5885
7115
6633
8938
283
5269
2250
8841
5799
2116
4996
8897
8462
2832
7747
3770
1131
7781
1704
182
4262
4130
6047
7048
7947
8804
6013
4075
4480
1375
2755
7278
175
5067
6092
2896
2450
2252
7898
495
5215
3019
243
1097
6465
9150
9104
5600
1791
4683
4508
6483
1635
9448
3692
7915
5739
7055
7630
4093
6303
3024
5176
8265
7295
1371
351
6576
80
7167
1393
7540
8991
5516
4899
4689
6491
6479
4186
2411
5585
2241
3959
8879
7977
2951
5470
6862
955
818
6763
3725
3262
6342
4007
3696
5604
7734
5248
9306
8692
7352
2074
3817
5084
4217
2953
734
678
5921
3059
8145
6730
1261
1797
3711
1528
3900
293
5816
822
8916
604
8852
3297
2850
6388
3179
4545
8140
5730
8384
4049
2174
2601
6194
7328
6684
7742
9395
605
3334
7687
8222
1588
376
7398
1221
78
3266
1042
4812
6655
1987
6776
1978
927
9240
2295
1943
5664
9343
7079
2897
4852
629
7841
6284
1031
5771
9108
261
7868
2868
2016
3604
5667
5154
4381
4622
7670
2619
7817
5939
6143
1473
1044
4649
7674
2100
4057
1543
2181
1814
113
1783
7433
4682
1990
7815
5289
2010
1829
9479
5566
3046
4422
1191
7106
6040
2910
9299
2145
2781
273
1847
6495
300
732
429
997
4918
2018
6910
6589
9098
8657
1999
5106
4522
274
4644
8041
4112
6856
2128
9331
4479
2859
4140
6078
4315
305
3790
6725
3966
4185
6120
7664
1584
6942
5892
6216
922
489
7499
600
7442
2240
3290
6475
4127
4504
350
5242
4276
7124
3575
8045
8178
7910
714
5174
9228
3287
4148
812
7266
2056
8111
905
1346
8782
262
6217
7928
6097
2363
1702
4715
3576
6806
7077
2331
4156
3981
1087
3749
8468
7772
5908
1323
408
2983
2667
2892
8504
7581
9523
3761
3676
3193
7397
936
5334
4035
9546
2086
6931
8704
1290
1275
6312
8120
8715
5996
5009
2316
1992
5625
4104
18
4756
4243
6008
3251
4623
4152
419
2413
1179
2360
2810
8469
145
6548
5857
6575
2260
3937
4078
3928
1752
4234
3618
1859
7537
4302
9075
8471
2264
5646
3997
1521
2102
3892
6250
6737
8848
1140
1907
1940
6457
1996
3608
4321
8119
2216
6881
7669
4042
6341
1697
9021
5487
9516
2108
8789
8644
3897
7958
5201
5178
2665
2690
7793
906
8136
2592
8682
8571
5666
5829
582
899
5882
6615
8671
423
4210
5428
4948
120
1030
246
4258
3640
7317
939
4544
8476
8349
1258
6094
4703
2898
6880
8397
4950
4903
3269
5991
8565
2825
1
7561
8721
664
1384
7940
6393
3176
8702
3391
8733
1459
5766
2487
9017
1844
3351
2210
3706
515
4394
3521
5177
5737
5445
8185
730
4605
5222
8697
5008
8200
7414
9125
8196
1259
6350
5173
2907
2490
1931
6005
3808
6310
7691
2206
348
9188
6988
5149
3457
2135
3637
3683
3567
5356
7142
7134
6138
9489
1687
5945
6543
4418
122
2045
7746
779
8706
4992
4586
5797
8452
3311
5417
8098
7579
5273
5753
6026
4342
6437
616
7021
1011
8127
2686
1008
3217
6885
8645
8380
4259
7037
6679
4764
2099
3834
2812
6867
6486
862
4215
166
3793
4856
5301
7333
4421
2688
9521
2350
2208
254
656
1828
7336
6985
961
2463
7555
2736
3010
1744
7519
5551
7128
5876
1574
628
4297
2429
451
234
2437
6461
5755
3444
3242
9115
3342
1206
3630
5650
2245
8613
5640
8593
1720
75
4755
5391
5629
9029
6728
1952
6743
2356
4245
2495
5777
6453
3421
7024
2575
5893
7597
3036
7303
2603
7220
8836
7768
3988
920
9176
7943
635
1200
4539
3500
768
7717
4345
8170
1264
3570
7798
3671
8321
5937
4537
9190
7005
3222
4255
8640
5315
3139
8250
3976
5180
1021
2496
2359
7035
6803
3473
277
2967
9549
1911
5712
2660
90
1917
4705
3425
6329
5344
5249
6016
3888
7713
2828
7897
5169
5934
1446
7882
1654
9039
1053
3353
4025
373
3755
8396
9171
8315
2611
8037
5874
1624
9085
3731
3370
2013
6272
7982
9312
1208
6906
5716
2778
4113
4745
7949
3385
8725
3477
6635
1652
2343
9470
6257
5577
2710
4040
4491
1480
8806
6126
7624
1460
2598
70
8536
2786
517
1203
518
8487
3448
2304
3279
4317
9045
5630
6243
4429
753
9123
9179
8786
4651
5257
2855
9253
8049
3300
729
2237
4979
6819
1407
6162
1849
2366
6511
874
7730
6859
746
149
5401
7956
6955
7074
8502
7678
1100
2547
6165
6782
6594
8912
1454
1501
3684
7700
1839
1581
6852
6153
6073
8696
3554
6971
1840
3111
6207
3157
7455
487
3693
2499
5158
7183
7233
7168
4388
5204
357
6478
5340
691
7973
7832
2323
6637
2699
1125
4552
7508
2972
6584
2453
5082
5527
5001
327
2087
2255
1130
6871
1155
860
435
4147
7665
3975
6827
5192
8226
5143
5495
1784
507
2199
2470
2829
9277
4229
7340
8501
117
1220
6070
462
468
4033
528
3775
1777
3329
1025
1951
677
9427
9245
1132
4437
9092
3451
8492
9175
1586
8868
7323
5535
7725
557
4538
4497
9151
7604
2820
4405
5486
7732
3104
4154
2785
6794
6644
3336
9454
2715
6869
285
1851
8488
8594
6652
5160
3402
3658
299
2610
6214
2307
1962
5124
3490
6792
2408
8373
4624
2849
5041
6930
3678
8022
3797
4445
1174
4044
8511
3765
4232
9152
5524
717
4584
8998
5856
3714
4329
5072
278
4591
7015
4638
8121
5294
6651
537
8995
6678
7564
9213
8030
1222
9504
8964
2472
789
3858
1452
3452
6456
2142
1250
8903
1325
6124
157
5584
250
2303
7215
2222
4847
1608
5111
4956
5275
1621
7284
3121
3298
6484
6061
1082
1591
6723
4153
20
4719
9535
2614
7804
2567
1774
6531
621
6662
3504
7970
7602
923
9255
2455
3995
2864
564
9515
3896
749
8554
8744
362
2753
4005
6586
7065
6734
7859
5589
1196
3992
1260
6326
2432
1037
8556
4199
2591
4446
7181
3026
3395
3813
6140
3328
3742
5685
7789
7162
2230
8982
3437
187
8975
4458
6134
7249
2081
4972
3450
2119
1036
3644
7482
2025
6893
6726
2263
1494
1688
1038
7896
5361
3079
7370
2166
6973
6640
56
5553
550
2089
5237
6816
7689
7438
1372
7376
6940
2675
1531
7305
904
3367
5161
6071
3358
2308
2055
8858
3664
6946
589
6198
6125
6193
8319
1293
5241
5642
9138
4961
2161
6873
1590
1080
9067
8150
7795
4466
3853
8427
2286
323
7577
8969
6346
2915
8930
3509
6605
189
6598
2671
7917
3623
7886
1215
6943
265
3506
31
842
6357
978
597
8641
8369
6415
3781
1904
96
9181
4176
8099
5517
6875
1713
3903
2026
171
1157
5825
416
3822
136
2823
9088
3921
6733
9049
7701
870
4713
8264
4001
2433
9457
5475
6513
9296
392
3175
5048
6759
2144
9339
7475
7778
5841
6591
1269
8812
152
2501
3053
807
7596
8570
7563
2127
3593
8483
8055
6956
1843
9279
4494
5502
8087
5950
126
8254
8449
1860
1033
164
3553
2670
6318
25
8921
658
9047
6083
1692
6492
4399
4177
1404
3507
2557
2506
5538
2148
4295
98
6741
364
3720
7463
8742
8736
7829
6529
4447
8965
7813
2718
2191
5198
4194
3727
2879
9390
6767
5868
5102
9110
1721
1719
781
2048
8867
1583
4246
3837
8262
7090
8334
4650
3856
5940
6848
5043
7506
7114
3386
1135
6108
1047
7757
4085
1550
7843
7406
194
580
4196
1146
5622
6228
2589
9506
2904
8429
3912
1441
2277
6102
170
7205
7212
8256
7994
3948
916
2353
4410
1889
7436
2661
5015
4989
6616
5168
2333
7633
3733
2248
4198
1930
5658
7424
1816
2542
2096
2234
5843
9481
7300
2599
566
4970
1902
2150
8142
5918
2400
5725
8378
839
1114
3401
5594
7085
1775
3999
4323
8909
5348
7308
1187
5840
3183
1620
4174
7164
2720
5286
266
6800
161
5741
1349
2662
683
3482
7356
5931
9139
8341
3708
5546
7899
1695
8107
1593
4268
8901
1516
3434
7161
4787
1232
7423
131
8779
919
2876
4915
3445
4086
6347
7574
430
9351
1110
8690
6784
9444
2456
6960
5963
3198
5482
1932
5144
4997
3138
1216
2118
3000
9430
6799
3432
3501
6035
4912
769
2701
4531
4326
401
2873
1659
6916
6498
9362
3722
4913
4312
8375
5466
3409
6069
6395
7277
2038
8281
4020
6996
4867
9164
1984
3855
1345
4672
1465
2938
4944
2427
8630
1561
4092
1647
4270
8884
5184
6656
6033
3884
7666
2249
9319
1637
105
4008
8598
3542
3029
8473
9464
4482
3181
8747
7421
9073
8795
744
5967
9422
7365
9234
4676
2037
1139
4028
2935
9065
7867
2346
6132
565
4876
8220
8138
4815
3802
2213
7321
5948
1511
6447
1592
8658
9558
4806
7411
7
2977
5938
7044
6001
2923
8494
856
4540
2402
1811
5325
2658
3824
9344
4436
1029
1397
3870
2283
913
2588
3308
4697
6786
347
7428
7312
3357
8072
4925
6972
9517
2117
7228
2325
4090
655
7265
3359
4346
6249
5887
4547
378
2858
188
3487
2195
4627
8600
1317
891
8156
455
8459
9173
7373
3598
5881
6110
4233
2425
2683
55
7247
1656
5695
8455
9555
7656
2121
5817
2043
9160
6739
8693
1367
2560
4587
7655
1667
8701
1912
7097
6233
8837
411
2963
4133
5571
7381
3698
1353
946
1071
7466
3167
1002
2041
3923
1560
9247
2743
7355
5775
6514
5292
1641
1219
5329
8439
3916
3065
1678
6226
926
3701
3426
6812
3383
1152
8932
1331
3905
8618
6014
5951
1771
4052
7660
6029
1577
291
403
875
4634
7673
7301
58
8076
4284
5259
4964
4902
1279
5496
3410
7639
5559
7592
912
5151
3609
9534
5819
1570
6995
5202
8997
9374
8771
1881
7446
3388
4590
6578
9011
3493
3255
5581
8738
1997
6191
7654
6905
7209
3238
5019
4585
3865
3125
4818
4595
4828
4265
4906
6173
3464
5387
4021
4761
5651
2562
569
7727
7041
5691
1123
4489
5303
1271
8851
5057
3022
2109
546
593
2525
8008
4807
7586
6477
9055
9551
2875
3829
3116
2616
111
3747
6135
6218
5880
850
2883
2754
2313
6780
7302
8075
643
2544
1613
9359
5200
9566
1822
3147
3771
6383
3805
1055
4720
3512
6731
173
8676
3292
6504
2994
7059
9532
1335
3492
9433
3895
9248
2334
3338
6046
6230
7927
3555
2438
8133
1363
6436
1630
6315
8198
5458
3932
6562
8158
914
1691
5900
197
8703
3622
6204
4058
7480
1982
3047
4279
7389
5075
5359
8720
722
7684
5992
1341
4340
8993
4603
3196
3027
4400
9052
3766
1759
1313
4401
4507
7847
1804
4089
5478
1573
6263
6149
9196
3965
8456
5140
2103
6891
1712
7879
458
53
7637
4848
5961
7842
4240
6435
2685
2954
3784
848
1699
9544
2404
9227
3289
2130
389
3100
7850
4510
7953
8423
5649
5653
6766
214
6748
6587
2062
525
5520
3446
3224
6352
2019
437
1968
8359
4691
7091
8109
6773
3503
9300
7232
8010
2418
6519
3303
8603
7099
3614
7058
9436
7627
5979
7919
4389
4562
7546
402
7908
8277
6545
2004
6208
1579
1986
7589
5351
8946
6849
8389
7980
821
7006
5128
7112
7369
4142
1413
4657
5590
8190
5383
2737
353
2441
1882
7230
5634
7510
1426
8275
737
2536
9008
7902
1099
2668
6425
3320
8414
8387
6831
8802
47
2692
5676
3549
4228
4532
233
7425
2944
4821
7147
441
9378
6686
3182
3626
7043
6769
1257
5638
5079
8652
1028
7282
8309
8631
1746
5254
9392
2066
3485
3659
7894
3816
3114
3478
1914
6577
5735
4557
8961
7219
5537
7130
9511
5054
657
9205
8007
8768
7271
2140
4150
6795
2474
2443
476
1254
6180
2764
695
4337
3970
9156
8923
4981
1525
7920
1532
3260
7740
1576
7729
733
5076
1267
8348
9035
6553
4336
4293
3941
3642
4978
8074
9218
6583
1905
2942
7357
8552
8228
5300
8864
7836
3934
1616
6188
6301
2492
1447
314
4777
2615
5038
3129
5636
4037
7760
8887
9090
2968
9033
7565
3812
5689
2296
5148
1263
6422
2023
5123
5583
5831
9474
1218
4225
1048
5167
6993
6022
8960
5095
179
6072
2244
6292
6170
5243
1188
3332
8566
5026
9292
3258
6888
5814
548
3012
6156
1571
2502
2449
4690
9013
7774
3962
6009
3876
6990
4505
6858
1632
4157
4772
1780
237
855
4236
5308
6466
2458
7478
3738
6309
843
2569
5456
1723
8650
9322
7032
7679
2796
7951
7934
8586
418
5352
6368
7292
5207
3541
4143
6521
888
7741
1451
9031
9520
5905
2852
3636
4456
3984
5366
4957
950
4811
8661
162
7452
2163
4702
8447
1598
5999
8204
9019
2184
4560
6042
3849
9211
1764
5436
6429
5872
3054
2282
8337
2337
6606
9307
8508
6382
4853
7536
276
4091
7974
6470
2912
1173
4488
2839
9053
3066
3343
8711
6692
7505
4223
3296
8151
1356
1467
9557
2312
572
8580
9556
2885
2801
4824
7761
2486
8001
5812
5767
576
4307
7848
2763
8785
7834
40
461
3588
2848
2414
5196
4905
7634
2133
8839
5687
9314
2733
2945
8769
4721
4893
3131
5046
7527
9543
4327
770
4536
6941
1266
3973
5838
9216
8980
4854
1308
3362
2758
2024
9004
3679
7808
8059
968
8832
9135
8278
229
6117
3379
4716
7368
6316
1614
6007
3677
6702
9048
7568
7745
7749
4695
2961
9207
7434
371
5484
7171
2759
9126
1609
3798
4877
4555
4833
1514
5827
1170
4226
2746
3527
4890
1420
2709
1517
4248
4728
766
6671
2572
9266
312
6721
2846
4256
9099
5092
133
1496
2294
849
9377
7330
3219
3985
7731
7988
8366
2966
7009
