6538
5954
5017
344
462
2894
798
4185
7507
8831
6679
6573
9197
4180
2059
91
4791
4951
6820
2901
8047
7380
6993
8613
6473
2573
7209
4383
2374
267
248
3123
6516
6651
79
8071
6940
2831
3360
1481
3787
9347
8513
3689
8483
577
8445
2067
3033
148
8289
5132
4235
6425
5425
2704
4827
6771
3385
9128
9385
6553
5896
1696
8487
9349
9014
7237
3519
4346
8026
1003
6160
6223
6845
7586
4778
3745
452
2121
1872
382
3221
6416
2242
279
4123
259
7618
8961
2967
8904
5888
7059
5276
1794
5085
7840
3845
6461
2805
3497
5974
5302
8169
1417
4571
9556
6518
3559
8517
5106
2196
8490
9059
3993
5982
7105
636
6238
2328
6727
6992
8083
2944
3969
5797
8833
3149
4590
5765
2334
3488
6522
254
4537
4263
2922
9251
4007
894
7498
2411
3635
1376
4664
7130
454
8783
3390
4419
6683
7996
7847
2273
4720
4558
1488
3998
5230
1000
231
9044
7445
4702
4820
8557
87
5419
2204
6163
2949
2315
9448
9567
1518
3727
1979
5497
7494
5685
1267
1886
2211
9414
4175
2974
5977
8916
819
1135
3779
5975
3865
5289
8327
4184
8844
3447
870
6407
8419
1122
5669
1537
1364
7969
1017
5971
108
8503
4642
9356
82
7945
1966
2591
2603
4468
7944
5411
4005
2380
5120
5656
1222
1842
406
6450
1370
1943
8628
343
3329
6493
7614
8002
5536
3399
6675
3425
3791
2634
3863
8581
3529
9068
6996
4069
5600
4393
1315
8569
3422
1016
8972
3841
7967
8611
9377
3917
5332
6395
9371
492
4506
5362
1443
7624
5816
1201
4902
6653
5836
7557
2048
779
3686
4319
2989
6026
3348
5396
8934
5076
2422
9545
9233
9425
4870
8015
2775
7794
9114
959
1470
7853
3886
7949
36
7572
188
7890
8166
5773
9327
3970
4851
398
2920
7417
1977
6951
4098
4338
517
5964
6090
7371
5499
4863
4533
9531
3974
4207
6588
2160
1588
5472
7399
2034
72
524
7082
6101
1435
7320
4866
8576
5660
3543
7989
5139
5957
1652
2083
5592
3288
9511
3521
3609
4691
3257
1175
7241
945
7912
1399
7467
6579
1045
9426
1331
5959
5770
4692
964
6869
9222
1730
2680
8012
6142
3849
2863
5254
2434
6108
8179
9109
1755
1643
708
4733
2954
5805
2611
5256
6872
4977
5771
4582
8862
790
5698
2326
3864
6099
8720
2857
1798
4867
872
437
125
7300
1068
2451
8326
588
2575
1542
301
3130
3997
7744
3550
6767
9150
3744
3011
131
1939
2072
631
9456
1028
980
1413
5738
3868
3321
3749
8239
9554
1061
9532
4860
6483
4479
2457
1693
6690
2500
8776
2504
3444
4109
3853
3884
6245
7063
3934
6509
860
4085
2646
585
3345
8417
5887
9057
3967
3945
5597
7545
5133
7611
8695
1797
7985
718
1261
6809
2441
4688
8878
3316
5131
5372
6357
224
6391
5344
9431
5284
3052
9172
522
4348
6146
7061
2512
2216
4840
9012
1744
8742
3474
6182
9301
1858
5376
719
8708
8914
7037
4950
5867
5950
4632
4456
1897
5108
6568
4538
6504
3021
2057
9518
997
1397
1843
3780
9344
9387
4106
3892
8317
1717
181
893
3411
3048
1237
7216
1892
7483
3668
5397
4477
5527
6566
3812
1801
5235
6264
7322
2321
3737
7737
4469
6222
4397
8401
3570
3077
6408
6360
6512
2670
1864
1980
5334
4159
3880
8924
370
8231
6928
1243
7733
9244
4847
3604
4690
5143
6259
5285
2948
7556
2409
9105
643
8869
7704
8494
6448
6013
3696
7931
9367
9342
2666
1806
7468
6729
8573
2568
3549
4233
183
5612
6556
5467
1291
738
3182
2785
2767
6249
6722
4367
4766
6637
7907
331
9257
4804
7036
3007
43
5451
7668
272
7705
7741
7202
5268
3285
993
5281
6173
4784
3030
251
4008
1585
4980
9500
4110
6133
8188
6618
7448
7134
7224
8681
3317
9393
8241
4208
3655
2187
3826
705
9489
7680
2697
7379
1611
7269
1240
3023
1974
884
4570
9071
3419
1134
3184
4016
7878
7903
3012
1666
9330
8597
6728
2393
9124
9189
3510
6125
2119
3379
1680
5065
9565
8605
1468
7566
295
6878
6297
8928
3110
7898
7623
806
7795
8286
528
1845
3216
6669
3922
5414
6942
6663
4601
2003
2450
5583
847
2923
8524
2546
1386
3582
354
7552
8992
7471
1508
5036
1064
4824
2294
1883
2821
2497
7543
841
8566
9470
9067
1565
169
4832
1961
7708
1226
8563
3498
4299
8606
5280
4218
9402
7253
4474
3435
2208
6193
503
5644
1581
4948
3069
3202
2484
8647
328
2972
3719
5585
9390
2856
6440
3900
3961
4498
9183
7409
3170
3736
830
2309
4706
4281
4842
8882
7226
2802
3620
6717
1467
929
5189
6814
361
9182
933
2579
4979
7780
9309
6510
1809
6754
2116
2280
1996
5503
3808
4286
8115
5403
9398
8540
2965
2282
6825
4575
8519
3965
1322
9337
7531
2567
8045
1208
1953
3313
1355
107
3151
8627
6986
4957
4647
7581
6056
5935
3807
6315
9134
4203
2939
5720
9522
7277
1327
297
8662
5358
3489
2167
7344
2935
2919
8152
5572
1786
2732
3697
8736
1516
1123
7724
4835
766
7376
4334
3580
1549
4335
5717
8586
4727
1719
7321
8739
4231
5239
3926
3261
7273
4821
3143
6768
5349
5044
3371
4529
7275
8132
2113
9129
4186
8042
886
8081
2263
1494
5556
7024
8607
8555
4
767
7122
225
7860
4451
2210
5031
4134
5404
4400
3834
263
8319
862
8624
2307
2477
9158
5831
2563
7419
3630
5071
8554
721
6054
7775
2656
3487
33
7867
5810
7675
6515
5269
6250
6062
8516
3450
8449
7375
442
8942
3567
6240
5327
5045
4596
6913
3029
2314
3806
3578
2401
3199
3171
2992
5702
5466
9184
4411
1125
3342
7141
2846
6779
1685
1086
3627
8263
6997
2319
6608
586
447
9316
7458
2165
6838
218
1957
2257
438
7977
1428
8281
7013
7502
6001
4617
6164
2979
1207
4129
4115
161
8258
569
6241
8771
3512
5904
2913
5908
219
3873
3681
8300
1754
47
8919
5920
7764
4003
1700
4471
3405
1706
201
4518
5009
487
5568
4226
6836
3126
9028
8542
1407
8027
1211
3703
6363
2536
7869
401
1393
208
2623
5767
4680
918
7047
7452
7431
4882
3258
7849
1423
3173
782
7363
5091
7732
2690
5058
2062
2037
7372
9245
7841
7161
5215
2725
4759
6843
1833
4187
3031
9386
7373
6860
8394
697
9161
8470
471
6219
8734
7508
1866
9137
4373
8821
5929
2483
596
5192
6774
5068
4569
5746
441
5742
1343
1220
4409
5454
8829
7832
8912
4547
3596
7238
6358
7759
2833
8207
1667
28
4744
6641
8646
2203
352
7474
1620
9123
2316
9358
7913
6103
3771
395
7946
8574
8901
2096
3340
7090
9392
2649
4355
3054
9382
6139
5217
2702
3751
1591
2917
7201
7988
2244
8358
516
1673
3287
8880
1457
688
7100
783
6598
4035
3375
9085
2398
2783
1373
9256
6828
3466
7547
640
2371
6383
7669
8174
6476
4414
1426
3384
3843
4331
483
5392
709
8848
8760
1450
2889
1082
5190
9357
7045
3805
5871
6642
8838
7715
5690
1624
8903
310
8591
1818
9486
3443
6497
4492
8284
4975
9473
4081
48
3815
3197
7799
5812
6673
8057
8472
3398
5019
2538
4195
473
7606
5739
8127
5138
9528
3594
7933
2780
9132
925
2443
8453
8279
6687
5218
3971
9051
2647
6633
9389
1351
5800
6124
1702
3432
3187
3700
9332
5923
8309
6097
8525
5951
5573
6890
5480
8690
751
8386
4316
1599
3376
3480
5051
7025
2308
8193
4446
9502
2801
2643
7153
16
9366
7079
8863
7416
4964
4043
7818
1686
9447
9353
3679
6169
8732
541
4761
566
1279
8552
1434
2577
8949
1638
4364
3669
5253
1316
336
3797
186
1353
505
2101
1875
8837
1862
7230
4753
1952
7152
1646
6577
4154
4717
1432
3882
2838
1452
7418
5972
8529
967
3725
147
1149
8899
733
7442
5134
4818
2911
305
385
7225
9461
4061
5822
2051
714
9505
7986
9073
7316
3072
599
3814
6377
2220
7662
2234
4659
8192
6827
6273
2397
7726
8756
9542
3631
3420
6757
8595
7580
2752
6441
5966
717
179
1037
2891
2905
5952
4058
242
6285
1781
648
4481
3328
4401
6796
7107
6067
7364
1590
3118
9162
5322
2824
6600
9003
4227
3597
868
4878
4501
5406
6020
8313
4681
9420
7670
9288
8651
6375
3223
3271
2757
3923
5399
5553
7901
712
1815
5989
1773
7880
190
6247
5508
3483
7998
50
2010
1277
2888
3960
467
4769
6310
2584
7016
6314
3823
6923
1339
8640
1346
6802
1384
2632
7497
8259
5123
3907
3710
7573
1396
7555
5212
2696
2842
5915
1189
232
7410
3735
6826
9305
3063
2431
2790
7365
5226
8200
25
174
5023
4904
7163
2813
3102
842
3355
8930
7936
5525
5840
4212
4527
5638
5578
6548
2041
5401
4657
6183
6659
7120
5969
3485
2543
4277
7749
2293
4686
898
7731
8383
5603
5179
2478
8562
413
4194
584
4416
7242
2797
9427
7950
214
7197
162
5647
843
9066
2023
6738
8822
335
1416
4094
3552
6081
5837
1133
5447
2782
6648
4747
6704
735
4143
7342
6023
512
5298
7693
7341
9089
1371
6670
6280
3764
9507
2777
1058
5040
2564
1877
3266
7294
8507
71
4165
3391
8599
4461
7509
7381
8549
9339
2530
1128
5730
5407
8033
123
5434
616
4443
6024
56
686
3248
3663
1382
3677
4475
7394
7836
9103
6918
4155
7793
1870
2241
5740
1946
8028
4814
400
1404
2524
3227
7203
3479
4052
4530
6762
2390
4566
818
6980
8939
2971
7450
2413
7889
7965
1704
7677
4485
977
7043
3721
2438
6045
8608
4502
6822
1671
411
2719
90
5787
5847
1633
4829
3759
417
170
7123
6366
5313
2355
5059
5522
6638
687
5070
8817
5872
1850
206
6482
4306
1109
5137
141
982
6737
7097
6674
1002
4415
3800
2364
2673
3897
2617
1560
6929
4645
8427
7532
8423
5783
1888
4140
6753
740
2429
8142
7278
8715
665
5763
1978
4543
617
3260
4924
8182
4574
4605
3553
2277
157
4344
2766
2962
5582
901
4033
6420
8975
1244
3675
325
3847
8072
7368
5197
3955
4328
2986
6640
3312
810
4089
2205
2792
8986
5151
3754
5933
9253
359
7645
832
1831
6220
5029
8774
2747
392
2576
8731
8649
8454
5706
2100
9515
9331
8439
8136
1716
4909
6178
1440
7159
4342
2369
3874
2013
8476
8450
4216
5707
613
4237
4454
7845
5457
9484
3254
834
1829
2136
9492
1288
6418
6884
7762
4578
9201
9049
9220
2937
100
241
2253
7261
9391
1464
907
2335
7582
5677
5086
7850
1148
3124
3511
7830
196
2466
5893
3577
9171
1937
1648
3527
7616
5485
4126
6856
5674
4544
2322
5515
1171
2605
5008
124
5846
723
8910
4685
5173
8355
8236
2252
1987
554
3491
7551
5540
3262
3412
7934
5380
5814
489
8408
8409
3133
4536
6611
9404
9005
6140
4321
6428
7336
8927
747
2404
7022
7910
710
9403
8505
6061
2088
3987
7018
7947
7053
1703
8392
6829
6961
8085
8199
2221
5072
3588
3600
7279
3628
991
2860
4445
3403
668
4817
2082
3682
621
2983
7350
8725
4899
9284
3111
754
5591
4206
6399
6302
6688
2349
5577
348
9275
7811
5018
2226
4926
3895
811
4858
2194
9453
8167
2750
8806
453
514
9458
7702
2219
5528
4064
6263
4981
5462
304
4887
5701
4970
6643
3159
6785
6369
2825
7109
6984
1228
3918
7941
7145
410
2872
6970
3526
2557
3307
4385
1040
6196
6325
2099
4323
1153
5587
6423
67
3433
8466
3704
1256
3302
9139
4142
6832
5586
7034
6364
6205
2494
3129
4480
2367
2755
2412
7809
4275
7173
7453
3758
4340
8253
3085
9395
6496
4731
3449
4751
5784
3713
3899
6332
7480
4703
5186
5037
5996
4164
7232
4955
5375
7384
2874
7117
3442
1293
7102
9338
1506
7922
7026
9179
2292
5618
1216
4934
5016
4735
4077
9116
8959
1627
8668
4044
5595
7270
9455
8678
940
9374
5835
455
8245
8235
7872
5199
4015
6709
78
319
4762
9127
784
5204
2640
9323
5824
3569
4341
8260
1105
2804
3546
2612
4967
3053
6911
405
7771
2918
8642
4152
2558
8737
8811
671
4261
2610
995
5248
6460
210
1214
3954
8538
5519
3824
5308
1156
7895
1168
7212
8777
2123
1890
6022
5932
4272
7430
9503
6610
5678
144
7439
5697
3912
2131
6623
8770
3617
1742
2595
905
1053
3607
3131
6904
5866
647
7347
4014
1973
2222
6854
8533
4722
3034
3382
1115
2701
7720
1653
1731
6887
3996
1808
8046
6194
9033
2798
6485
3245
756
3277
9191
1290
4850
8623
5169
2820
3726
6141
7900
2427
1949
3145
3105
2952
2827
477
2929
4377
3535
7198
2437
4038
5696
7579
3194
9216
7077
246
5785
2162
5619
9237
1067
5657
498
2027
972
794
6239
4374
4910
3820
3400
8859
6017
5388
1983
5385
7054
3603
5321
4636
8635
6412
137
4782
6625
9099
4071
1959
6036
1194
5626
4652
4789
6561
2141
7191
3551
318
3932
1761
5427
1356
5297
4783
7501
2250
3537
9181
4862
2177
9093
8781
1049
8674
6660
2692
3416
4956
5075
7942
7888
1071
8173
8622
1665
1701
6175
9468
7651
8214
7835
6907
1305
5882
4630
4973
4589
6218
8003
7135
934
5027
544
5630
3921
1066
5634
8672
2313
7001
1971
9543
589
1803
9306
6309
3565
653
1015
8585
6881
1307
7519
1325
8005
1203
3358
2164
9351
3049
7848
8147
7335
9429
9010
652
601
8855
5642
615
6734
8435
3286
892
7069
7408
6116
8794
6388
2024
624
7634
9163
194
5093
6799
8080
9407
2837
6086
106
1400
4463
8367
1913
8694
3871
7553
501
9053
6129
3784
7805
6487
482
618
5416
791
4940
9449
7745
5772
6790
1493
5379
2869
434
6100
7165
3684
7688
8764
3467
5543
8664
5926
5807
1747
8938
9029
7287
4938
8800
3431
1792
8159
9207
6406
2359
5232
2118
8796
6186
4528
4854
163
5946
619
6546
2026
2707
1513
2993
209
7777
828
692
3036
5328
4096
7393
6596
1981
8372
7750
3115
1152
7126
5159
5483
8141
4828
7162
5107
3388
7728
3621
7971
9205
1566
1945
2492
3573
6255
2275
1336
3572
6283
2174
1764
6733
3209
3192
7214
349
509
377
1433
4551
5877
3236
306
4875
8194
8157
7921
8931
5699
3541
1095
7325
4868
8146
424
6533
6340
3612
5860
4078
8411
3816
9104
6624
7181
4366
4354
4326
9102
9110
2548
8814
1847
656
8073
3204
983
7964
2787
4125
4040
2408
594
2070
7820
8740
7281
9348
2694
6456
5286
3964
8110
7827
1217
4402
307
2395
4153
7758
4269
9202
6712
2950
9506
8888
6777
298
8665
7874
7897
6978
8854
8154
6057
5902
6308
5507
2653
9369
822
9435
9413
3661
2630
3441
7798
887
590
2139
2055
9228
6671
3962
8189
970
8493
6137
8368
809
9219
777
3903
1830
6251
5755
3913
3514
1415
268
7979
7919
6246
3532
2599
9266
4273
2774
9443
6317
6109
2776
2586
8112
7283
3943
5475
9119
5761
7515
4726
4873
9436
7822
7462
7298
1771
3887
1289
2772
1911
4712
2183
7003
2377
9223
3760
2269
7608
6234
6964
2053
4568
3762
6333
1878
5743
9555
5176
8011
2956
3147
3452
1070
3198
1260
1628
4199
2110
7199
9497
4179
5288
5709
5317
2285
3915
9481
7590
663
5243
8213
2987
859
883
7449
3848
3459
4365
1372
888
3579
1065
8527
6048
6467
8175
3456
8395
2550
5821
931
523
1056
6750
2381
8249
5627
3801
7599
5063
4580
5560
3095
2346
8637
999
8039
4396
1465
3939
6478
2866
8648
8066
4310
5170
7654
6947
4173
2372
743
1933
4734
233
8063
8876
8802
7158
4999
1813
2348
4943
2103
5611
4855
5804
885
6786
5999
324
8537
2553
9444
5220
4347
235
6740
6149
6209
5305
1750
4146
3073
1369
6154
5598
204
8306
2829
3458
507
5052
9551
4989
3071
6113
4356
7600
4422
4750
8095
8534
7894
9156
7317
5118
2064
4336
6862
7023
5593
8369
2652
5941
6719
2291
3720
4565
440
7575
9174
6387
4246
5201
7752
8983
6445
5498
7885
5141
2193
7633
5443
2818
7282
4572
2298
7541
140
3709
795
8498
8000
4871
3193
5820
3314
9048
4371
1694
8572
2618
3229
2054
5395
5712
7652
3844
4412
8304
6269
4279
9317
7522
5126
5011
6002
6681
4161
8056
4683
7464
4113
3121
9221
4068
2709
2537
9236
8754
2098
1726
4369
6471
5035
8206
6190
839
7865
8321
202
9260
3901
1349
8827
6527
5832
185
5779
9335
3650
1062
5183
4586
2197
8663
5494
8020
4092
443
3927
271
8177
3165
6962
674
1389
8762
2079
8718
1131
2128
7908
339
1535
85
2677
5160
7709
2112
3430
4802
863
8772
5928
8484
1140
9113
3690
7719
2078
110
1408
1547
3393
1297
7588
4874
4202
7954
2491
9417
1626
4027
3269
3776
4353
3168
4787
7914
597
7887
5777
581
7870
845
8506
9520
1077
2816
8722
316
4732
8669
3522
3276
7472
8865
9488
9196
4682
6336
7635
8544
5703
7956
2290
8226
3728
6926
1775
4427
3766
5909
8905
200
1838
8697
8712
3255
2769
6513
6262
4894
5315
2518
4438
7291
7465
6394
1533
7683
8680
8320
5788
702
8602
3599
4307
6557
5325
4646
5823
2963
7591
7810
1234
3637
5851
575
4550
1298
8446
3353
2741
2593
7788
3963
6735
5306
8018
1092
6330
8545
2835
6012
5636
9035
8014
6908
7785
3108
3859
4694
8416
6084
8122
192
7169
7258
2279
7405
7976
5813
4107
7340
6248
5936
2812
3538
118
8745
2232
1562
7009
126
6953
525
1881
3657
6905
1036
5053
8698
5181
8474
6361
4810
2934
7027
6770
103
8717
1895
6755
5208
416
7073
1989
8384
9345
5089
193
6452
2985
6389
6864
998
909
2272
3117
2000
879
3885
4546
3775
8570
897
184
3734
2199
2356
4417
4074
1509
1663
4384
1088
6076
9088
6028
5193
1476
3975
4763
1172
792
6578
8130
6236
7299
2182
4088
2368
3624
755
7401
476
3006
2791
7997
8630
3692
9516
472
5463
5144
3896
8830
5981
5906
8994
7920
8727
928
8969
7223
7856
6208
3283
6359
5249
5487
7707
6018
6167
4799
6346
8108
5074
4314
4745
4764
7646
7011
3098
3418
4156
4337
6046
6436
6279
7570
1821
2410
5265
116
4050
1054
2994
2028
6622
6424
1219
8393
3584
6213
698
8893
5869
5970
1577
6613
5384
729
5448
531
6009
4781
716
129
1486
8747
5266
2620
1639
2716
7095
5858
4372
1165
8190
5818
6885
7891
6558
3920
4719
6792
5780
8144
9178
2091
1079
9324
8940
7312
1121
6782
1204
1158
1031
715
7569
4906
4426
4625
5584
6966
8204
655
741
7160
431
3542
3215
9013
5030
7871
2761
7456
4395
30
9381
1200
427
9286
2498
7766
4809
1482
1281
899
1453
6025
5834
8133
8604
155
6177
7503
8017
3440
1477
4021
3858
7155
3829
8131
6030
4798
1164
580
8468
9329
6593
480
8250
5602
8370
1772
9480
7663
6042
8455
2235
2086
9547
8297
725
2485
74
3013
2871
5184
3093
1859
2122
7414
4037
5309
2990
2214
3654
2284
4788
8090
3305
2619
2020
612
1608
5640
8952
1043
4130
6602
7816
5223
4754
3938
922
4214
5899
59
3942
9341
2541
527
421
1851
2578
4283
6316
9027
565
8032
4655
7489
2249
2896
4465
6486
7148
7035
2892
6584
1026
835
6321
8121
8561
1812
6417
338
2271
2009
3937
3619
974
1642
4120
4489
6134
1894
1108
2828
7006
3122
7356
2002
6708
3446
1993
6801
8389
3045
8067
4995
2468
1039
7734
9240
7175
9563
4482
7333
6616
6390
6723
4730
4986
3017
1225
3297
1507
365
595
3326
562
5097
6442
6278
1637
8291
7271
4051
9544
2907
5152
678
5369
7338
8750
1169
6348
7516
9534
3666
3555
6243
2223
8782
2998
2386
1167
4189
4521
5551
2486
1405
3876
2038
8262
3505
1318
638
2915
2343
3273
5809
4716
5001
8551
3359
9000
239
1958
1728
1681
3082
3757
4330
3396
7843
4555
4819
8857
6016
1735
4253
9262
3633
4483
8636
1990
6874
7222
4287
8156
2168
8058
2030
8851
1561
7033
5907
3051
8137
3044
9075
8134
9287
953
31
1273
3090
2281
776
8426
9465
1504
8641
3178
7578
1141
2324
7505
9031
7257
8887
2515
4190
58
493
98
6128
5791
6191
4290
750
8719
2304
2900
3979
7902
4609
2660
4561
3055
8201
3925
4959
8412
7219
329
9155
2145
9549
2734
1345
787
7876
9548
4965
2726
4793
5648
8362
9154
4309
2904
1038
7423
6580
7706
4311
6331
6888
5940
1852
4525
1144
7929
9292
2331
3206
3788
6870
8092
8629
1421
2865
2606
9459
7067
5934
1623
5125
9252
2977
7854
5624
5505
5778
8172
2955
3352
935
1374
1348
3078
3673
5353
481
6621
7353
9540
8999
6747
7473
2724
3038
7185
7441
6892
8238
6990
3243
2052
9147
6258
807
681
6021
5980
2794
4619
2043
8860
5695
9214
4972
2045
8638
3068
3889
1517
765
8458
4741
5663
5894
464
801
5150
8
4304
1844
8787
5038
2415
7131
2475
9249
7691
3278
20
9206
9096
2733
8120
7426
1777
9204
3783
5216
6198
7716
7712
3988
816
543
6296
7701
2723
6784
4629
5187
4752
8799
5271
4047
4944
1354
1917
7039
658
2636
6764
6555
4343
8521
5428
6349
5506
1050
6519
4553
494
3781
1584
3175
6545
3670
2951
5744
7297
550
4399
5426
5431
284
9394
4922
9562
703
3708
8728
8879
3610
3268
1839
4982
2810
8872
2342
9011
644
68
6846
5341
7698
2260
7778
5883
8788
2535
3646
657
533
7639
3767
6707
3028
1076
7518
4083
5879
2444
2695
4709
4966
376
815
3074
6682
6772
296
4876
1409
2544
4057
9557
8990
9177
203
2061
8216
1383
4009
9142
8347
8966
511
2032
4404
2631
8346
2111
1556
1941
9546
7247
5245
8807
2256
5054
666
6155
4118
9477
6939
4700
1330
8013
3688
3523
4978
2456
7310
526
17
2654
5973
2807
3983
3120
117
7084
1001
5873
7308
8823
8614
7544
8700
2555
2930
7285
7992
4135
6562
610
1678
8074
7151
2424
8312
6677
1258
5292
5304
3043
8592
7722
3163
6323
247
8495
3062
6609
1314
3460
7632
2127
7757
1113
6265
7177
6701
2814
8657
4121
903
1501
6106
4182
1630
6347
1991
2676
6859
962
6971
3428
9388
8180
5158
245
6721
2327
6242
5034
2655
3981
4905
2946
6570
3856
7626
3810
7583
6850
3351
6449
4297
7755
8030
4511
9437
7548
2005
994
1880
8388
3205
1791
7400
8670
6806
9148
8335
5165
4494
7351
510
2295
8311
5718
8460
8915
1096
7966
3672
9239
3718
3035
9315
7017
824
7562
3181
4992
916
2878
7166
7959
1101
981
5581
7263
7387
6900
3822
2746
7156
5408
6667
1072
468
3025
2258
8302
683
7048
2341
4663
222
6506
8050
7487
6215
2050
3448
7136
7493
520
2539
6159
8713
773
1929
97
8547
6474
6463
1769
7132
18
8751
4562
737
6300
8328
2587
8022
8116
5050
6203
8256
99
313
4643
8054
5633
9308
4421
6492
1684
2025
5025
6032
7862
8337
350
4621
8333
7227
1223
2781
4864
3493
8463
3332
177
5042
2425
7723
5554
4620
6064
6089
1733
7188
5359
7984
7629
5956
5393
2287
3583
5662
1250
7837
5673
7488
2727
2278
8203
8900
4628
5665
6630
4985
8711
8793
2749
3024
5501
8274
9336
1324
8170
425
2217
5651
5373
882
2097
4897
6957
6284
3717
7730
2699
53
7689
8261
7666
8360
8765
519
8352
6818
5079
3327
2909
4895
6495
3517
3019
4861
7154
2622
3333
8847
4242
9193
8295
1361
7791
672
5900
1410
4424
2084
2953
6260
7923
9173
7070
3119
8804
1783
5692
3648
7999
8405
559
793
5468
1765
6581
9291
534
8462
3750
1523
3230
965
1402
5711
1604
7108
6706
3344
2531
876
3094
1161
2159
2132
1874
1110
4921
7436
136
9058
2213
1853
8730
4749
1909
9421
6385
2926
1595
4065
8885
6574
4510
6457
2528
51
3851
2975
637
3343
5676
5300
3378
1921
1414
5335
5495
7476
7250
60
8436
9445
1278
8543
4993
6172
4198
3722
2142
4091
1819
1392
8523
6150
7844
9320
9026
3840
7377
2745
8991
5200
6627
6174
2297
2957
8082
6179
3065
2645
9095
4086
2262
4350
5488
7030
8902
6229
8343
7290
27
5259
2760
3867
3894
1368
7592
8240
1790
7078
5241
5868
3454
3755
4713
8404
8257
2243
2225
7357
5207
5984
5066
8656
5610
8530
49
2405
1183
8639
3231
2800
1925
6956
2534
8078
8546
7002
3643
2148
8197
5082
8933
9061
6614
4594
8786
7808
6948
2509
2376
88
4391
2472
6484
5758
2973
5947
112
6853
602
4327
7200
5965
6121
6800
7694
7292
7948
8276
2663
6271
9314
3978
4689
591
6751
3803
7038
6508
3906
2446
3658
8330
4117
9226
4011
6540
230
1378
4786
3941
9079
1918
1734
4136
1677
6530
6906
8242
7685
2931
8841
5884
5255
8812
1787
3323
3693
3948
5649
6718
8891
1478
4990
2363
5166
2190
3081
1321
6292
695
5365
4433
9211
1418
1780
4499
2513
8679
7963
1177
8909
6936
2317
396
7613
632
8382
817
3799
8303
5262
6521
2764
4994
5531
4693
2464
8475
4295
854
2602
6765
6115
7129
4914
5862
14
9430
2087
3976
5077
381
6529
7306
8504
9097
4639
1461
4573
5474
3883
8059
115
3545
1817
4806
320
19
4650
8212
2628
238
6477
7806
3638
1138
7736
4042
164
1483
7540
8976
2898
3246
8652
878
1438
4333
2394
3224
8341
5575
2286
4588
5596
2762
1475
4000
3128
5530
6376
4519
3373
937
3310
1025
8911
8701
7512
3940
4496
5260
4264
4623
1548
7638
2629
6211
4289
3169
1822
3547
4853
2140
4080
8252
244
42
80
2713
3680
2007
430
1687
8448
7525
3642
8850
7802
1319
1455
2682
2354
7982
6266
7549
9462
1401
6311
9194
3177
4439
2551
8840
1916
6590
9217
8161
9560
2751
6462
7395
6547
542
5343
3837
5003
5623
5979
3116
5993
2932
1563
1385
3235
6488
3337
7852
642
8264
9231
8129
7761
6132
8667
5937
6886
5921
4807
6069
3830
4448
5155
1202
5516
2895
2496
6206
8489
8780
3016
8459
4188
75
6586
9408
2266
3047
7190
9561
3061
4406
4825
7060
3664
3707
8920
7530
910
7864
9138
5491
8729
4053
2325
1834
2552
921
6749
7265
3539
1484
2436
7068
1387
4450
5171
1968
6847
2763
5224
4167
4362
7256
5438
0
132
7814
8149
9452
7007
3335
914
6138
1662
8217
9325
4472
4055
6505
1498
2928
8339
6934
7916
1571
7991
4796
4865
5140
873
3563
8515
6542
949
356
8541
7475
1451
8926
8895
3678
8820
9107
8790
9355
7990
7981
8579
6893
551
6550
8225
7478
9015
5234
3574
1592
6356
3455
4452
6873
8065
8795
5390
5704
1449
6267
9225
3893
3346
153
333
8565
9464
5355
6816
3141
9133
840
6739
5004
5962
4908
1682
1841
6035
3010
2784
1195
6981
2465
2462
1454
2880
1898
6815
8223
5188
6895
1616
2073
1304
3490
3957
2306
6819
5659
1338
2561
5496
593
6410
2936
3530
7326
6398
3778
2336
358
796
1657
5768
6003
5361
1299
5364
8202
6680
7648
6789
5564
7812
5418
7457
7087
8277
7656
1676
2181
2247
5728
2525
2980
8980
4841
1334
5178
5629
4509
9232
8441
7146
546
6293
1689
3365
6386
5482
6047
2583
3368
1459
92
3752
9021
3952
1893
6472
4329
9340
4444
1379
2365
8230
3282
8989
8181
976
3214
7217
1044
2399
7772
393
825
9466
4576
5228
3103
6244
6207
4144
1292
4241
2330
1230
4790
8053
8068
7064
122
605
7783
8659
8528
3724
2545
6715
6559
9185
5958
1936
875
6793
4927
3741
7807
5590
1768
532
869
4593
1573
8873
6732
2312
3645
4845
8036
35
1487
3296
4170
3982
1902
7754
1013
5470
7259
5565
7699
8593
158
570
6879
1955
6275
5350
8696
6805
4949
5918
3730
9157
2859
8298
7432
7386
6525
9525
4961
8232
4890
6392
5291
8061
4559
4771
6511
2908
6597
1827
8287
1210
1849
4611
3495
3037
4891
1932
8413
4063
8069
374
8148
3702
6977
7855
539
2717
7008
7383
6231
1532
1080
2830
2170
5301
3571
6148
4276
7610
9478
3540
5405
8839
3770
7330
5639
7727
6427
4478
8956
3468
3566
763
849
8244
895
5351
7961
448
7682
6883
5278
3968
7875
8482
701
229
2877
5749
6746
2453
4889
6863
180
2178
1617
2270
6736
3733
173
475
3732
5794
7838
446
603
3005
736
7459
5409
2693
6415
1366
6396
8618
1908
7072
3990
2753
4127
6065
436
8913
5250
4004
6432
7943
5013
3994
8735
7406
1753
7000
693
2206
2635
623
7314
1857
3417
4872
6725
2588
4984
2473
3656
915
5830
8687
6833
1614
739
6257
172
7492
9241
8451
3715
94
5992
6233
4587
4699
9483
3238
9270
435
4607
685
8421
1117
861
4532
4457
833
958
6830
3683
9149
3765
4224
3667
3793
6901
5731
1145
5859
8759
6565
5911
6607
4585
8374
5694
5938
1018
4946
7051
3769
2169
2526
7447
287
9434
6795
4178
1550
831
8864
2452
4947
6221
2299
5876
5387
7454
7092
7234
4983
9203
4408
1810
4148
3811
9041
8907
6759
7390
5855
8496
4418
2104
3606
8402
6945
4901
5790
5700
4093
2671
1425
7144
8650
6268
4746
8941
9529
4291
4836
8414
4503
2533
3622
2261
497
5637
6925
694
646
3818
598
1104
1904
2075
5513
171
3753
8234
6549
592
6797
6775
3347
558
5798
4794
8875
7328
9365
9115
7293
8526
7833
7739
3112
2448
669
4026
3308
366
3768
5111
1767
951
3156
3777
7740
3956
7331
1209
2665
1759
327
9373
7192
5806
2239
5478
6381
1711
3936
9409
7374
1473
7264
4072
5088
5437
1199
6501
2115
9112
4633
6320
1899
2613
4779
1442
1263
3293
5064
221
990
2879
746
2778
8469
3605
3877
2809
4024
1206
9248
2730
7550
2642
5164
4132
2582
3009
6582
1300
7765
4193
391
7526
9168
7311
4591
9190
5776
8950
6073
2107
6005
1239
7180
1901
5688
4258
199
5352
1814
1579
1489
6384
1695
1511
9180
3589
9143
5198
3640
289
2884
2943
8955
2714
8894
6049
7477
6692
4670
2339
3933
1582
5552
3014
6571
4514
7721
2844
9261
3089
4029
8673
2361
9504
1221
7302
1622
7213
5109
2068
8867
1988
3746
303
1306
7019
3861
6720
2231
2547
7915
1097
1313
3324
3568
2150
1359
2834
8890
114
4830
7378
6324
293
4839
4209
5441
322
2624
8480
113
63
3383
5682
9086
8162
7352
1029
4705
5750
101
7443
1658
3414
855
7088
5420
4756
2966
5383
9318
6594
8265
661
9167
5512
908
1463
8500
8084
7189
7396
2796
3079
4695
378
9375
330
5580
6306
948
563
1179
175
2347
7463
1272
8290
3598
5006
5423
4736
3924
5222
9533
6975
5955
2758
3839
6965
2366
4375
8464
8191
8296
2637
7049
966
7119
3761
5725
1107
2300
5277
9501
8215
4641
8610
1619
9491
8766
7305
5532
4213
3280
8836
4280
6038
266
1546
7625
4215
8247
7382
9034
119
6305
7664
5010
1380
5206
954
6092
152
2049
9354
9280
3000
607
4676
3508
1679
6162
5275
215
7978
8738
1510
5599
1610
7413
3409
583
1746
6644
6481
5919
576
4742
8982
4240
7461
1574
8160
2173
926
3251
7587
6282
8929
3127
120
8677
6421
9424
3501
8958
6110
8396
1718
3
7972
8293
1891
4658
369
3712
2076
7044
3267
4133
4238
6791
7609
5844
633
2373
1447
1928
2870
4028
1073
3852
853
8645
7500
1931
9246
3339
8438
9541
4429
478
1469
7658
4423
3930
5544
4684
7753
7404
4729
871
9361
2737
4885
4251
7138
1692
93
3879
6941
3492
4637
947
7422
1308
8165
5689
5363
312
3949
8492
2523
8536
1615
1672
7619
5227
1403
7558
1688
6008
2004
8945
6612
1499
7304
9476
8987
1998
5415
6131
4932
6617
4248
1629
2744
5316
364
2569
8101
2648
415
4912
6078
3531
6635
3008
4602
8440
944
5815
282
9080
3350
4312
143
9002
2604
7339
7106
5615
3625
9539
2382
5087
7574
3747
2001
1268
1887
8467
3457
6858
2499
4204
2715
1531
2960
7360
7172
7676
770
6252
4714
7004
3040
3881
1090
808
8973
8218
561
7621
4056
4476
5852
7012
5142
2449
1554
445
1649
1323
6902
2471
6382
3207
5967
1600
8951
8985
7055
7513
5737
8093
8186
6724
3369
7210
8004
8283
1789
8609
4075
4823
2156
154
8692
5535
6379
9146
6158
2161
704
1069
5986
5450
1884
7918
9037
8779
4320
3334
5346
8425
8835
6144
5817
6514
5490
1474
4171
2893
5569
3575
2795
9074
5652
5661
1697
1969
6866
2489
3213
6226
5048
9032
6161
5021
3104
1612
6454
314
1309
6933
3649
8007
4671
2259
7829
3636
7324
7520
6157
4610
5845
7150
4060
5211
8278
2961
2738
2585
4157
127
403
1960
7446
9153
1835
8803
3088
4770
902
6716
7560
9490
1496
4785
4031
2455
1246
9412
6344
2514
5366
6520
8763
5666
2661
2015
2432
1659
7851
2947
4430
5734
3138
5320
6165
2418
5897
8124
1075
8531
3018
8721
5114
9145
1621
8861
7015
1811
7538
3289
4032
2565
1503
8096
7917
5664
3953
9441
8979
1259
1089
8094
7435
9130
8091
7576
5645
9271
8361
3336
7774
1178
3190
4062
1778
2621
6657
4520
4247
1776
6189
4220
5486
8102
5942
826
3155
9423
2074
4183
7605
2885
7066
1597
730
536
3484
749
8378
491
6983
8691
9052
1826
5853
3027
4236
2094
9209
7427
4517
4455
4073
6865
1441
5130
7813
8390
3325
8819
1157
6535
5671
8631
7886
8444
4672
7495
496
7687
4255
1541
5948
2265
3748
2771
2910
3711
4508
5621
8995
4191
2625
7735
8944
9422
805
2171
5154
5997
5653
6019
5148
5943
4370
8433
1986
7499
4270
2728
252
6569
8041
4859
3222
5213
4892
8424
4512
5492
2675
707
2102
8269
5135
3503
5095
9479
6678
4102
15
989
217
1714
9535
4219
920
7861
3674
8932
8825
5391
44
7585
4674
7506
3995
299
1596
1491
3001
4059
1634
4111
1247
5374
8936
5589
5841
7205
8522
1126
8773
5803
6122
5558
1505
7657
4668
9247
4036
6453
5726
9131
2868
6253
2651
2945
7243
3060
7647
6446
5511
8403
4826
6286
3410
8643
8151
919
86
7940
5609
9350
6910
3738
8485
1836
6443
1762
1529
5236
7686
8357
2839
5167
1249
8356
6778
3476
5949
7748
7239
5850
389
6867
2664
8689
4392
1802
635
8743
1578
8752
5000
1009
9040
340
9063
8532
1129
8984
1173
5348
4656
8741
1294
8923
9242
6431
7768
102
2650
8705
7118
6973
3641
6524
5061
4929
2435
3058
8243
2120
26
4523
5293
2832
1241
3581
864
1085
6949
2179
3919
2192
4740
7571
8318
3210
4968
4389
4249
3380
9070
8211
9299
397
357
8097
8334
2590
1052
1900
1515
1521
7240
7098
8210
7510
8808
2133
156
1586
5939
5557
4151
6955
7421
6503
5489
3554
5752
5605
5559
6350
5775
1729
1275
6713
9498
6400
8114
3180
1362
8685
758
4548
2018
1269
8568
8087
5735
3394
1972
2815
9213
4971
9135
5119
8709
7168
1430
5267
2276
5446
1745
6210
2184
8706
6626
2135
2212
6694
6882
3219
61
6451
3662
383
6014
7561
5521
379
3878
3472
3438
4001
4913
309
4560
8029
5574
2855
9006
355
608
6120
3842
337
4006
547
4987
5102
6572
9210
1576
7208
6645
3395
9537
7529
368
7536
6127
5838
1344
8248
742
4988
1251
6318
7697
9055
3819
6744
3691
3910
9304
8376
6168
9536
2387
2236
8111
1419
641
9530
8682
3264
9277
451
5801
6655
6327
9485
1536
2383
2180
1340
6539
7254
2511
2572
135
8062
1176
2862
7792
7362
7800
8138
6011
3439
8338
906
8103
1021
4217
9526
3626
568
2417
4434
1660
8098
4869
5681
6875
6232
5412
3615
7539
7184
7315
6370
7370
450
3477
4169
9018
9439
1242
3471
8176
6107
4631
7879
4104
3290
2458
4177
2447
9463
1580
5433
7803
1033
402
2185
1846
1448
5762
8481
40
3665
6914
5895
1512
8846
1869
7924
9514
1598
3364
1743
3561
4728
6111
9460
7980
4192
6494
2200
9364
2114
2527
3086
5978
8158
3100
8615
5231
4041
8582
9269
4626
6118
459
4815
7993
2627
8292
5032
762
9122
803
1192
2229
662
6604
1060
2396
4816
6304
6135
857
6967
5024
470
9081
1956
6835
5570
1326
9038
276
7817
1631
1215
3739
930
9296
9378
8632
1276
4425
3795
4597
3731
3075
2508
5968
7627
6074
8789
6652
3154
4857
1048
5251
2667
7939
408
3802
866
4432
3790
9496
302
9023
1713
5180
8452
3591
5128
1390
8564
3292
8163
2626
1490
5927
3486
404
3356
6899
9263
3772
3502
6053
5290
12
1282
3888
9001
6368
6946
1030
128
5546
2501
7303
3300
9267
912
5562
7962
8315
3150
7713
6444
6606
3256
7523
8832
6123
4852
3989
2662
3973
5713
3172
2296
9310
4436
5484
9140
7893
6188
8757
139
255
7233
5514
8993
4707
7429
1723
2487
9108
7859
5382
3298
294
8797
1162
848
2706
7171
3114
5194
6654
2146
5279
7186
7769
419
7361
4225
5329
9141
1020
8960
6844
8010
8798
6455
2517
4941
2227
3237
4139
5567
4070
463
6960
1795
2902
936
2768
5371
1091
4200
4271
8511
9343
7868
5312
3516
5257
7577
6857
4168
7896
6085
3415
5985
5417
7983
4963
3482
8626
2925
8937
1538
6464
764
7787
1143
4886
7790
5469
804
8443
4701
4138
5828
8294
2440
1527
432
8655
9039
2195
8703
8514
2848
7115
7729
8109
8268
557
7323
5903
5056
3461
5092
604
5295
4696
2117
7602
2040
2423
2840
1471
3916
9282
7567
2017
5608
6620
4487
7289
3817
7415
1485
4339
2460
9054
2601
3951
4405
8883
4046
979
2352
4846
2743
1572
9229
4239
3525
4930
3560
8617
6367
6214
7673
6345
6151
3239
7099
8314
7514
2559
3652
1975
1914
927
8331
8996
1724
2964
2633
8676
1170
2069
5614
9475
1317
8660
3585
2230
4813
77
1613
4880
3623
3319
7288
8978
7424
5686
1828
3084
384
781
3039
2845
3792
7056
6685
1196
149
4390
3614
4603
213
1127
4137
8801
5221
420
1436
5264
992
8031
4403
3544
4361
1976
5081
987
3152
8185
351
2853
502
759
8143
1458
3153
5998
6552
7628
9285
4388
2406
7332
9303
7554
6599
6831
9047
83
6987
7248
3653
317
9446
3279
6490
4627
273
8671
5759
3436
8809
104
6748
2254
6166
606
6237
8824
7760
4244
4937
7140
4221
1915
8580
1253
484
5274
3295
1912
6055
2897
5631
8001
3097
9281
4099
262
7773
2233
4837
4879
7074
5811
4228
8456
923
728
8229
968
5930
4103
5833
8988
1252
7050
4172
6409
8616
6658
7692
1500
5917
8968
3434
1235
253
5214
6145
8556
4222
4232
5099
4877
9151
2903
4018
7042
2202
2742
8699
6007
9405
4300
5635
5244
1555
8567
8139
6932
4974
8805
7649
1651
3595
625
7485
2522
2201
8947
3773
3367
2942
1
9472
8009
6029
549
7653
8953
5504
3142
8135
8168
3091
2996
4181
3401
2138
1636
7284
6619
6758
8079
8478
1930
5432
8661
5225
8818
3361
5548
399
956
5518
342
4114
6952
8415
9255
5874
6583
6277
1997
1737
9064
8270
8371
7412
7667
5500
308
5237
769
7834
105
2770
6639
5084
4583
788
8365
6343
2981
5616
1738
941
166
5163
2607
5705
6301
6051
645
1645
9298
4665
6647
5825
1690
7604
9509
495
797
7951
5691
3836
1661
8043
1698
6479
8559
6329
5398
4616
745
5912
3362
4318
6170
5452
1341
6824
7110
1876
3854
2933
5324
5129
1120
1920
1593
3481
2883
4563
4812
3694
865
6773
5727
3203
7244
9400
3838
7104
5209
2008
7968
3354
4497
6876
3341
7083
8208
3162
6435
851
1545
3397
1587
1266
609
1935
3218
6794
4250
2608
4460
7142
3174
73
8221
4458
8560
2658
8076
11
8925
3496
4317
4266
4505
315
7974
553
1083
3872
8761
8397
943
7603
6500
2474
3357
8316
2153
6871
9008
8723
2687
3284
1270
506
8351
9043
5723
5153
6944
8363
6787
7125
3831
4234
499
4147
3386
8791
1295
545
4640
2246
6075
3066
4440
7491
4513
8267
3106
5679
8974
6807
7147
5258
6281
4666
3191
2488
1302
1927
4738
1188
7262
8866
4653
2940
1287
9212
2350
4124
7595
45
904
1255
5889
5983
2305
2378
7358
726
7593
7784
4708
6430
9118
8153
8856
2510
5440
4531
3265
881
7661
6362
2720
6256
2581
1749
8220
6766
3562
5687
8826
407
4150
5793
3695
300
4945
1605
4352
9030
1855
5795
3908
8442
867
8125
1868
5857
4398
6958
4166
2218
3161
1114
2375
4718
5891
775
5389
9415
7236
1046
6475
2022
1934
7589
2976
786
257
7937
2852
4624
1569
4382
1205
2600
973
1889
5041
7071
6741
6982
4332
2843
428
6935
8064
7221
4413
1528
4357
3196
1985
8428
7637
6868
1732
673
2978
4592
6043
6979
7742
4661
9056
4066
1785
5539
734
2081
2267
8675
1805
679
2042
3064
62
4687
7594
353
3099
6848
3902
7021
7665
1644
5922
321
9166
2799
1006
4013
6334
3984
2240
3536
9208
7636
7062
8666
6058
2580
9076
799
2109
6703
5991
311
7533
7251
8183
6695
2340
220
6931
3070
8034
3217
8896
7354
7710
465
1119
6088
7770
7348
9016
571
6589
4108
8354
3706
260
8921
6112
9418
4996
8889
3041
7703
292
7329
6176
8273
1650
8644
168
6810
1265
6780
814
689
6543
3167
363
960
4176
4615
8917
978
5459
7103
6261
4447
4360
4490
4141
4265
6994
2703
3160
4017
6969
4049
2691
874
513
8266
5007
4638
5988
3463
5196
4776
7858
3186
5368
3374
8447
1472
6938
579
8055
9175
9471
3220
8778
2806
4792
2092
7863
2403
1919
5394
2875
6052
6372
390
6422
7451
1312
4884
2882
3507
9494
6328
3798
4822
1854
5060
889
256
2039
7883
4298
234
5654
237
5826
8407
1264
7204
1782
3506
3705
3242
6274
9513
4654
3299
9457
4608
9290
5062
3774
3387
1602
1606
4254
3857
227
2400
2596
4359
9121
8077
6227
720
8775
7411
932
634
3465
7927
1721
3331
7112
4604
1283
2065
3966
7925
9087
2803
5073
1557
5680
9550
5296
6783
121
5083
1311
7825
7167
2899
7081
8227
6861
3651
3046
1394
2556
1212
1882
6988
6812
1285
8155
130
5842
1047
9396
4614
4743
270
5745
1303
1766
5632
7786
8510
8590
4163
4677
1137
1446
4278
3608
3136
1885
5715
8422
3855
9199
8021
265
891
6459
1296
1994
5774
1388
4449
1865
4678
4724
5047
2333
1570
1758
6976
6319
2988
9379
8477
9238
6841
5453
8164
4669
1022
2143
7511
2549
54
846
622
2571
6199
264
429
8704
9406
8118
5733
5601
5238
8434
291
6661
8048
7195
1381
6419
1439
6466
2507
3125
2152
2681
9333
6743
5115
4552
2505
691
7
3557
1807
4268
1011
280
1358
1553
7246
5299
5542
6181
3494
969
5005
1906
5782
4715
2392
2503
2402
5863
5069
281
4584
1757
2163
9062
8344
8964
7482
1106
8512
1674
4838
3234
4025
8106
8499
1462
7029
7028
7245
9195
4090
275
1136
346
3832
2310
7389
7711
2521
3828
8246
6672
6335
4600
938
649
3947
5162
1055
9467
5786
1675
5931
3322
7309
7076
133
6402
7164
8658
2323
3294
444
9399
176
1691
3616
6254
1964
4256
955
2685
9495
7014
5370
8233
8305
2147
5310
1760
1992
9084
6665
5976
8965
9004
4296
6156
2126
7367
1879
4579
7252
6039
4294
6676
7877
5995
7601
2442
2708
6776
6662
3904
5272
8693
4915
8997
7819
1641
5354
4491
4315
6656
7196
1004
3318
4507
4484
8957
996
4034
1193
1837
8619
6272
5607
9359
6093
1429
752
8123
1551
134
4697
3935
5547
8716
4660
5033
942
530
3057
5905
5195
6027
2047
2215
1480
1856
7801
3076
2554
3473
1861
6536
2430
4737
614
1218
6889
4230
3139
8598
3634
4504
5273
1774
8324
5643
5736
5340
2614
7403
3183
7958
4473
1103
7113
2739
5337
7089
3950
1664
386
6353
660
3015
2245
761
4907
676
3701
1863
8603
5242
6567
5333
3986
5620
3315
2158
7975
654
9024
4274
76
3743
449
1191
4245
6916
8040
3601
8349
2428
6813
6072
1466
2006
3370
8906
975
4441
7481
9517
2337
2999
7873
5112
5537
1544
5028
8962
3860
4387
6171
7179
2071
8491
4725
988
8406
8488
457
6147
2357
4345
7046
7546
8075
5549
4542
5116
3109
5252
6180
1860
23
7930
6587
8285
212
732
5865
8884
4962
4386
1360
5464
5541
1715
5683
6096
7301
9092
2288
7640
6184
2822
3509
7987
5881
727
9111
8178
2683
2516
2817
2166
4928
2155
4488
6834
8871
9307
7327
4554
6050
7824
55
1057
1100
1130
5925
4145
1722
8686
6896
3381
2090
7671
3226
5444
4900
9082
5303
3389
2924
4067
9187
3144
7938
6666
5436
6763
5819
774
8714
3548
7797
7789
5617
6808
5429
5576
4131
5766
4428
1965
7955
7804
5002
5719
2914
7058
7884
7957
1411
3592
6429
2927
1670
626
8946
858
2454
69
6646
1352
4197
1896
1063
986
3301
5229
3281
1970
572
1926
3558
3756
1146
9176
4739
4960
5990
1078
6811
5944
7231
8874
2490
8548
5870
4524
6228
1248
4162
7319
2255
2134
6380
4567
9454
8035
8702
5550
8853
4577
6371
5442
856
3898
3233
5282
5113
5146
6576
6541
7892
2873
3349
7337
8308
7272
9164
9170
8654
5760
5424
5751
7207
9218
9440
2674
3632
1286
3869
5545
4540
5479
1280
1669
8577
6071
6352
1709
6401
7926
7032
5026
3140
7568
1770
362
2659
9523
4848
7751
651
2151
5843
1112
9186
3240
5367
66
521
4935
6523
1197
65
5311
1445
8898
5435
8852
9311
5526
4054
6912
1923
3564
2916
4758
8634
1832
207
1427
8497
2360
4158
877
1784
1820
1332
4557
8275
9319
6469
639
4954
3804
283
6924
1752
6374
7906
9411
785
4673
5323
6745
5579
2463
564
8724
4923
3528
6554
8429
5471
1655
4149
8107
5022
9025
4549
9264
9451
8219
4931
2773
9136
7391
96
6080
1274
7718
8430
2700
924
3944
7149
4305
2332
4205
4122
1938
9125
3241
8457
3524
8473
5205
8594
8733
2968
1187
2036
6919
3644
3985
4599
3453
2358
7402
6303
6339
474
8710
4648
1163
1094
2154
3687
8633
5854
7127
650
5172
7714
4292
5502
4939
7057
1779
5520
9100
518
2175
4780
4883
1365
2329
5856
4767
5098
6788
1999
4084
9117
6700
537
7260
4917
2124
5588
3534
3270
7899
8332
1329
8967
9230
2890
8345
2467
6544
6631
5110
1824
4303
9428
6937
8024
8578
9558
4201
3629
1099
345
4595
7504
7612
1492
490
1232
540
8119
9401
8625
2765
3423
5732
9274
5684
9036
4795
8977
1736
1213
2388
5100
4435
7249
1118
7085
4116
6202
5523
2391
6954
6840
3330
1081
3244
6298
5829
1589
9200
1431
3146
1924
9289
6974
288
9224
9380
6295
182
32
5650
6195
5789
7528
5509
9297
9564
1740
7280
500
373
7369
952
4486
1236
1995
34
6153
7935
829
2495
2445
226
5331
388
8359
278
3101
5913
8981
3866
8391
3404
2224
1944
5422
5456
8943
8688
7020
326
6615
9410
1160
9192
4662
1412
9312
2188
6405
8222
461
8006
8792
1656
2686
286
3363
582
7346
4322
2459
7479
8518
6798
7170
5571
5476
3195
9159
2379
9383
4933
6803
4259
7176
7763
5219
4284
7905
8400
2149
6079
8205
7953
1139
5493
5668
269
8104
7911
6897
1231
5839
3714
4349
6414
7650
1444
3827
3157
8113
4002
2984
211
2093
5381
844
486
1320
7182
5157
165
2014
4267
4522
2849
3825
7388
1111
4082
6817
6480
1567
394
2108
8366
6507
5347
3946
7678
1132
8653
4958
2426
57
6126
4379
3225
2644
1147
8501
5127
508
4045
2029
7644
802
3263
8471
3164
2958
1227
5336
2705
6059
7700
4773
6355
2669
9259
5247
7211
3470
3660
1632
4918
6437
8868
5307
538
2532
3232
4112
7828
6821
6920
488
4919
1903
8596
7659
8310
2679
9521
2598
4833
3533
8307
1867
3188
8195
4801
8707
9328
9538
6849
3424
7268
9250
7133
680
7904
7096
5020
414
5802
460
6068
9512
4634
4704
3786
7267
6312
7313
7565
7779
6338
7826
5658
8398
3676
1042
630
4898
7005
731
7031
5675
6634
6560
9487
7124
3685
4757
2209
4760
9295
7521
439
1568
8299
4196
4087
699
3306
5534
1607
8998
8373
9450
7782
4019
6307
2811
5149
3520
2046
1748
4998
3366
4808
3004
6922
8486
6781
5174
1763
1905
3211
1181
4410
1825
9474
5360
911
3067
9362
9493
1034
334
3958
4462
4777
5378
4260
3429
7398
4564
4800
7746
1520
1424
9
9300
1184
9508
3212
1543
2186
8282
6010
3980
6710
9152
426
8171
4849
753
6290
560
8377
778
6192
1793
1420
5510
8044
3291
38
939
6411
7738
2759
1609
2688
6628
7444
5103
5090
5849
8025
4516
7881
963
4755
8086
587
8237
4710
6592
7194
7756
2433
3613
6470
8323
1712
5538
6991
5330
6839
2668
2362
2641
7490
6337
5533
4076
5377
6517
5014
5177
1010
1271
2407
7355
4464
2264
466
8465
4535
7296
6930
2609
5555
6082
4368
3135
3083
7596
3377
4920
2066
8342
1310
5386
7392
7080
771
4711
2938
4772
1395
7345
2085
5147
8601
8140
2502
2237
2385
1796
422
216
1495
375
6438
2012
9397
8100
5319
3590
3451
6489
9553
813
3249
4969
3742
9090
573
5455
2672
5039
913
3032
2529
3729
7534
7535
2035
5402
7823
4775
9559
9482
6031
360
9098
5067
6534
6070
3911
3723
1502
5121
3274
7121
3931
3185
5757
5901
5078
2157
7630
748
7781
7695
7116
985
9278
8583
2836
9265
5439
412
5716
2540
8935
5753
5233
5055
9283
9363
6632
6037
4010
3406
6591
6365
1150
9416
5345
5708
6664
1601
8322
7631
6528
7564
1618
8753
5606
2969
4243
827
4285
8588
7642
189
22
9198
7660
7143
6686
6152
7866
5769
5080
8897
4925
5722
6943
2389
3796
7542
1185
6119
3338
8539
3478
5892
2729
1720
6066
2991
1190
2718
4211
3699
6060
4431
1727
3437
423
5202
7486
5117
4022
2016
5646
2721
6004
917
1005
6102
9384
1084
1710
2841
7343
8621
5481
1871
7438
2560
9120
4723
7717
4097
485
347
6551
2731
7183
9009
5270
9078
3977
6689
3427
8364
9419
820
2144
696
5754
5161
4936
341
6465
6995
1668
4881
8196
6526
3929
387
2997
2970
1342
2867
4651
7815
8748
4613
6761
6730
5057
7655
6698
187
1350
39
9552
4811
1347
3959
2228
89
3914
6447
5191
195
1962
5182
7747
6104
3392
5101
7684
2493
1540
8336
8749
8105
1087
2353
2851
8769
6999
7193
3890
9322
8620
1377
2722
7286
8767
1741
2198
9215
95
109
2886
2011
2959
5625
5410
3716
7255
1534
578
7276
6083
7496
6595
7065
4442
2657
1525
1174
6326
9046
5628
4262
4856
7696
1398
3250
6985
2941
2311
249
3991
2318
8224
6294
2137
2130
4679
1640
1180
6998
8813
1456
3462
8970
8431
8858
2881
7846
3586
2858
8971
2420
6699
1519
7995
9376
6898
8877
2301
6650
6760
5430
1151
5049
