6629
10383
4095
4542
4160
3965
1981
6465
7170
2390
7059
10602
7953
3035
3463
11301
5139
3652
9453
8373
2402
1225
1748
204
7915
8666
4568
1494
9858
11265
11155
4883
2241
3399
9645
9687
393
462
4845
4709
200
7520
3062
8804
11889
3794
8601
5936
2094
554
3711
3862
884
7958
9521
2051
10872
8172
10302
4052
8700
10337
3610
8755
8671
7349
5482
10860
10494
10188
5252
5969
2113
5046
2505
11557
4431
7754
6270
6071
3128
2749
102
3597
9608
3177
6321
7001
7149
11126
7634
1221
11779
5783
7382
726
4445
9689
2502
1142
10593
350
6035
8754
8386
1991
447
284
5627
3533
11758
10949
2779
10738
7909
978
3211
3216
11776
382
6204
11447
3885
9975
9211
738
3285
10557
10360
7073
4287
9329
5516
10747
1106
10893
11530
5477
1208
514
11007
6037
9123
3647
6801
6481
11048
7429
7401
4758
8068
6231
3887
9447
9436
375
11130
6197
5031
2954
11263
1493
3930
1793
3416
10668
2986
6739
5041
3663
11252
81
5182
2021
4666
4591
9947
10415
4076
1655
3873
7798
6048
11784
9457
2432
9312
1595
1048
2081
5248
1086
774
6681
11253
10453
2952
9062
7047
8011
2805
9659
7617
6869
8362
10873
452
815
11058
9803
9934
10541
8705
6306
2645
8361
11604
8392
4071
2589
11121
3076
4803
727
6638
7549
108
1985
11568
5625
5565
4377
10471
8332
3081
6874
11782
10094
3972
6818
6776
7957
870
10180
10655
372
11349
7900
7733
3361
1891
5569
9563
5336
7621
9336
11359
11407
4360
5342
3893
5919
10513
9879
6042
5590
8485
719
9825
9262
11874
1406
4083
11872
6922
10344
8729
7555
7781
8375
10239
4034
8509
7352
8390
11916
2495
1305
7420
10592
8885
2874
5326
7000
8895
9935
4722
8788
1859
10763
5849
8617
3890
3894
3169
573
4089
7459
9421
2293
4332
3444
7275
7113
6892
589
5722
6625
112
11347
7015
3145
1883
8948
1702
2261
11213
4793
11466
839
8317
6605
4394
541
3269
5512
261
109
10695
1037
4980
1444
1927
11591
3302
8268
2182
1535
1915
2491
9129
9514
9281
7635
4174
3440
8136
10132
4448
4465
3622
1153
257
11497
10530
6778
663
10720
11575
71
5488
10128
10213
5818
3344
5116
11574
2663
10842
2975
3369
4086
11493
262
4923
328
6402
9406
8046
4096
21
306
10201
1065
8377
3455
10832
4183
11081
2899
10395
2630
332
1808
7054
3876
9338
6601
11663
2700
2102
10911
1990
10536
298
3550
5103
8224
4339
5535
1749
10910
4066
2011
11085
7919
3474
6318
3109
2318
11613
5457
3307
6334
7078
8043
10444
4644
10184
7219
11705
3872
7799
2982
4877
3642
7680
9167
6173
7893
6656
387
10767
11930
1200
10517
8384
3503
2929
4277
6441
1346
10692
5410
11225
5567
6575
10099
7758
1590
6615
1211
6069
10661
5130
6098
5243
5288
10619
4306
8074
3230
4858
9422
10178
11602
10072
9228
7406
3352
141
4643
11191
9309
4999
9012
11334
3865
3994
9766
1357
10924
6446
10807
5337
8305
9518
9040
1393
5056
1351
11699
4588
2475
5720
5014
356
4828
9260
7326
7904
7395
10526
682
326
8411
636
3749
5346
4533
5542
9033
11332
10896
11800
5537
9232
11838
905
6467
9710
3788
5340
3130
11405
153
9715
11678
8553
8653
2566
5924
8984
5061
772
9932
6328
7279
9852
6015
5939
1237
8113
5716
11293
10007
4481
2803
7094
7426
2137
2916
4038
4765
10455
10881
5687
367
8566
8809
7822
10601
8130
5572
6067
10618
8718
2948
9830
8892
3998
474
11768
1101
11752
8355
11590
7686
10754
2692
519
2790
5595
5806
1478
1304
9791
8616
2806
9363
11578
7166
6287
7106
4217
760
6565
2691
6191
8551
8730
1532
1978
1627
2334
8277
9411
2613
7650
8673
5649
11178
11861
11169
3163
6832
2422
6304
8088
3752
4397
10396
1828
10110
2488
10017
1564
10057
5530
3372
1514
3420
8438
9484
1132
2454
7231
4381
9574
6155
1587
4411
11803
9426
7851
10179
885
10035
7312
7110
731
10341
8861
4461
6360
46
2789
9114
10081
2312
7167
8857
10314
5533
5957
3232
11097
7784
3763
2425
4769
5991
1267
2962
7331
5971
6921
8943
5100
10851
7855
6087
1472
11118
6618
9055
6147
4581
7517
7246
1115
3408
4421
4817
6363
1066
5664
6699
6167
5389
4776
6569
3275
448
6472
9220
4511
7222
2956
8609
1919
3980
4629
9343
5745
10980
1540
2167
6743
3125
6865
1565
1391
6256
690
9538
11029
3775
6760
5287
11266
3393
11693
8023
9552
3979
11579
10688
3030
4385
7021
11813
11857
5003
10682
5122
8731
9034
11601
5125
10381
7965
5820
231
2849
7035
3376
5954
762
3279
3428
9952
6604
2804
2920
1139
6549
11381
4847
3286
8925
4033
4679
5059
2121
3577
7063
7030
6010
8832
1060
10900
9990
9169
6414
6942
3911
7042
11905
7572
3074
8591
5524
4275
1005
1165
1498
3567
4704
4605
7823
5632
10522
1449
6463
11586
10232
8245
8176
5270
7605
1872
1070
82
4047
11142
10238
4187
4150
10113
5218
11094
3717
1632
2431
10474
11899
7583
2430
3422
5193
4286
1483
10803
3882
4615
3916
858
9458
555
11460
10065
11541
10861
441
5521
5458
9149
4716
2575
11792
4658
5085
2530
1388
3680
4110
320
1930
1642
4517
4747
5038
8421
4094
1964
2000
11646
611
8036
685
10197
9568
4837
5809
8396
809
4108
6616
6653
10331
510
9919
9100
8196
1757
2517
2127
10605
1676
2772
3182
4399
1979
2037
4176
11062
1667
1047
9589
10965
1681
3604
6225
10170
1534
7950
8840
11576
7731
7407
10224
1921
5661
7236
3405
1386
2965
9520
4235
606
11148
10482
3083
9782
1608
218
5639
5588
6413
1342
7736
8191
3055
5779
6933
8101
11344
10879
6501
959
4088
5937
11477
3621
9609
5308
1290
5708
11827
398
10378
6809
5671
6068
11084
11550
1017
1361
4197
10578
9564
2827
8319
2688
7526
10490
1278
3160
494
10161
11220
1355
9771
7922
11726
4043
5418
10686
7741
1736
9189
11419
9054
6626
9591
10628
1155
4069
11865
4978
7642
10423
9077
4396
9569
11309
9188
4068
5494
11859
1769
1581
10385
3822
9631
2048
5039
5763
5072
7386
3626
9734
947
6102
8927
3288
5171
489
871
3952
8669
6570
1405
7108
11922
5195
10233
2590
9164
10046
10837
9409
1419
10137
6174
8060
10292
11129
11189
7826
648
6182
3840
3229
1204
9798
9186
2196
6283
11372
8381
18
4972
547
7927
1697
7079
3580
9781
6149
8663
7907
8868
7162
4053
6486
603
2295
1420
6802
9237
2165
6762
9984
280
7472
6496
2914
2518
8518
2438
5881
9604
3659
9341
10130
11849
4468
6202
739
10370
10272
6642
8923
3632
483
643
2091
7082
4437
1058
9106
410
11737
11122
8683
3937
5327
4917
107
1819
5478
5851
7889
999
4173
11302
4315
8478
3709
27
7036
821
11897
7709
7344
10654
4875
1501
1312
6470
6977
3350
10041
11339
8232
418
4338
7528
2536
8846
6271
5799
8257
6063
10442
11476
6513
361
4242
7662
8220
2187
6597
3479
4326
6979
4020
6355
3784
8112
1591
2407
3212
8330
9101
2516
6831
3218
1680
26
5674
7493
7280
3753
3401
8343
4601
10397
4014
10560
11224
5487
7657
6557
7435
1318
6276
5826
8117
8042
392
1906
2931
9444
1845
11648
9667
8791
8717
891
7190
2510
6097
10515
11624
10011
3236
8302
1788
10159
6673
7375
7842
10426
4860
11261
1542
5830
11247
7993
10551
8823
9997
7126
11
4265
3741
3120
2414
10978
11095
4715
7905
2616
2061
5391
3297
10919
2136
3410
9851
1837
2615
10532
1008
2891
9754
428
3624
6279
7044
4943
7122
7587
5497
9978
344
2972
6307
2470
2306
9696
4934
10149
7448
8576
10248
8142
3954
5780
3829
4351
2797
11495
7446
1022
2106
1912
11450
4915
4763
10802
5963
2317
4423
2118
9963
2409
4250
5055
1392
5992
4926
10809
3906
9098
9899
8339
3528
5281
6719
1260
8170
4255
4712
2540
2310
11706
695
5875
216
6487
7906
3700
3820
4669
8523
2439
2603
4853
3913
7379
3409
4977
10183
4840
1943
5246
3810
11524
5113
8129
9029
263
2321
1337
1233
6986
9922
11584
4155
2507
4902
9103
4565
591
10853
6337
8404
10982
10306
6378
6539
540
11668
10077
4383
11367
9845
2255
4667
11482
3100
5993
6911
2983
8270
6213
9542
3158
1099
11802
633
10171
9451
6685
7419
246
2935
9709
461
4081
11180
9556
11532
3473
8619
4866
8641
9091
10744
8995
4608
7256
7710
6669
8921
4620
1118
9004
1261
9207
10821
6223
2152
10249
5058
7270
9403
1340
9835
2556
8019
8205
7155
8264
7109
7550
9008
10662
8502
6143
10053
11764
2143
4688
5435
5896
904
10612
8463
1894
10583
7235
1694
8994
8190
1546
6311
9565
1958
1954
9320
9657
8380
3487
6241
5109
11134
8845
651
7747
10154
8677
2800
7794
9265
10105
4519
11202
8359
11199
7316
9706
6021
8935
5965
4453
6844
9053
6792
1961
3708
9361
7542
3657
5086
11516
10147
10715
9137
711
1920
2974
9820
7314
8417
1234
1529
305
2927
635
524
7810
2681
1516
1987
984
2242
5151
3695
2101
7487
1770
6083
6121
7425
433
5850
7261
3971
2563
8451
8341
9067
1228
4513
520
961
599
118
11146
9688
5727
10158
10140
2112
9913
5646
1633
4087
8279
3507
868
11275
3202
8178
10408
10460
345
3762
5143
484
8082
7422
10275
1481
4490
11346
8125
9621
2838
5705
7287
4510
5303
1782
5470
5945
4773
10405
9853
8520
10883
5013
5707
4814
10152
9405
5609
6545
3379
9497
3519
2025
4550
3215
10211
6442
3485
2
3213
9755
1315
455
5508
5498
9456
1215
7291
2139
2259
9073
6195
4562
2673
4056
7668
7462
897
9450
10537
3094
7742
5754
2871
7202
7088
683
9838
3085
9857
6541
4042
3834
6235
3596
841
4
2267
4327
6053
414
1740
7024
6
2906
560
7767
4439
7560
10462
2427
11401
10644
10136
2734
2792
5266
3562
492
11513
1620
11570
5220
7865
6723
7750
616
9735
8216
3899
8020
5296
1683
11167
4227
8529
9381
11227
10106
7579
2126
5226
7908
9909
8278
2933
4868
9414
7363
2362
4294
1610
1721
11933
10353
7208
4393
79
2437
7852
9076
10458
5620
4726
10902
8228
3783
7877
7607
8720
9808
11411
3978
6890
567
9625
10894
7956
313
7081
5690
7538
2814
8776
11890
5089
3253
11394
10813
1174
304
7669
11654
7496
8070
4482
10690
8977
1464
8592
10533
1609
10647
10016
5678
9548
9373
6682
10745
8763
8014
10903
10968
7986
2701
2254
10792
6123
10363
1880
11009
2654
4463
11629
9187
6956
6591
9818
6024
8723
3038
945
1109
6327
5008
11297
659
11420
2355
9154
2298
1096
11008
5681
1509
4854
2649
7753
8866
10749
10950
3351
1712
1834
5456
550
10518
9087
5473
6895
7077
3147
3644
10290
10311
11863
9126
2429
8716
10983
2277
2770
5424
1942
10920
11766
6096
11198
8466
5332
1840
6028
7192
9653
8876
11462
6215
11317
10056
2867
6972
2162
3864
4761
10291
1875
3370
10868
4009
2653
5438
847
437
3199
1928
907
9769
190
5416
11043
7181
4612
8201
7034
6058
6532
10945
2631
10386
9859
3987
8778
11685
7903
10510
10352
11082
496
2353
3525
3551
11206
1806
11023
11672
2922
1865
5155
4159
6390
5273
10984
8398
4252
8391
11101
9573
4261
8283
9576
2884
7574
11777
1045
9266
901
11810
9016
3497
2039
1646
7757
7355
3667
1929
2280
4449
1124
1262
1945
3150
10336
7888
3512
3025
10559
4647
10880
5057
8657
2591
7087
11834
5224
5422
3909
7725
9095
655
9757
3673
11858
6940
8824
7144
6586
3424
3322
4270
6201
5651
3923
9972
4684
6394
4499
11409
7354
4609
2325
1652
10323
577
8534
8772
5499
1560
10611
219
11020
9832
708
10216
9988
1135
4285
5315
1506
5108
7025
9317
4753
5931
10274
8440
892
9607
11431
8370
3662
1064
5301
11665
4310
9872
817
9708
8414
2419
8820
4578
9694
8743
10567
8213
4543
4557
2100
2831
2693
3227
10917
11336
9958
3886
7726
11340
8841
5106
5382
183
761
4686
77
9175
5022
10994
8406
8531
7055
230
7649
7916
7850
11021
3981
11904
4531
3446
4600
2421
3934
4358
11240
7461
8589
2611
11003
6104
9246
2148
11387
3065
10254
10864
10729
11049
3997
7066
5767
10086
10001
2901
874
7619
2846
5621
3849
11900
9918
8992
938
1027
4231
10476
11661
9482
9075
575
10351
5593
5491
4131
5062
7897
116
9118
2418
10261
9599
4196
10585
6997
4998
11529
5215
10196
7756
2869
9230
10466
9143
3317
7861
4922
7266
11806
5663
10144
8736
5355
8288
6427
4634
7203
7880
4948
1201
2316
7770
9027
5423
454
2617
5297
7288
4199
4054
9682
259
11351
4048
201
4911
1963
5821
11698
9318
5305
7243
11373
4522
8162
6476
2711
8649
6834
6519
7864
7173
7723
10039
6588
4316
4648
8408
11848
10534
5736
6351
4515
4820
5603
7152
3115
8966
7518
2349
2036
281
3693
9980
8151
8777
7049
5291
10009
10424
3004
11388
11246
3884
8394
525
5807
11611
2243
10308
11136
1450
3037
6172
1061
7876
8970
10844
1063
6660
8200
4520
2947
5744
10700
7473
11151
781
3443
10793
3691
7814
3860
10045
8985
380
5330
1354
9280
10119
9352
9115
11923
4569
1413
38
10798
51
1232
1189
597
7093
8441
9142
10153
1999
1448
2466
8087
5187
7521
11451
5247
196
9672
7536
5129
5404
8733
5793
3856
650
5587
10569
534
3668
9464
2340
3355
4184
4272
6050
10670
8385
4762
1601
9168
3259
4384
11667
4292
2216
11113
1379
718
2609
11045
6980
2228
4959
8455
1772
10914
11434
1197
6945
9649
7445
3527
6948
10073
10411
3962
9698
4976
9643
5869
1219
4162
852
7151
3995
2703
11682
10888
7415
7774
1404
8065
4596
2823
8139
5577
10435
8453
9037
505
8937
9812
1462
9301
11514
7050
7319
7136
2999
6466
8625
11119
395
3694
712
186
8890
6251
828
2197
2670
533
10348
169
2397
5216
11116
10674
10051
3262
4223
9788
1285
3718
5208
1967
8419
3559
6289
10636
336
6325
3159
10850
10484
3603
2912
6257
4539
9081
3982
7735
4742
5480
329
7866
634
1072
700
2738
2842
2252
706
7258
2189
1495
1817
9217
8633
8364
724
2359
4039
5831
10416
10359
10391
5397
11098
11237
11639
5276
2324
9905
950
9864
10882
9146
9529
6052
9367
2793
69
6619
234
6297
1306
11123
2579
10664
7541
5813
7964
2576
10321
834
8571
4371
4561
7045
4175
5637
8803
10964
3649
10929
1970
8983
6203
5540
9601
5717
3143
1192
2367
7012
11830
1331
5427
5614
9737
8652
8254
1429
2441
4744
8598
7423
5946
6502
4311
3427
7348
1795
8084
4898
3172
11548
6985
1067
4355
400
3714
1798
2446
4652
2073
225
8855
4425
9215
4190
862
7412
9703
3653
1711
7678
9799
2217
250
2656
6369
8703
7746
2309
1538
10923
7989
11531
10288
770
10852
11796
637
552
4794
11369
10234
2014
1980
8189
6088
2494
5380
4251
2229
10892
6959
6023
7438
1520
256
4855
697
321
11024
1807
11697
6704
8665
9567
2498
5814
6178
8107
6144
5175
11242
7688
6485
1274
6530
1445
8351
8217
5947
477
2870
4343
8856
6988
10928
1983
11736
4126
3400
6139
4885
9951
1162
4780
1939
1093
7321
7891
235
1242
1100
3797
5189
644
8715
2610
5750
9531
2322
10996
7489
11869
2527
11010
10815
5876
4818
10735
6210
2179
6240
1814
8275
9326
10925
740
8903
2774
6310
11928
9452
9257
1375
4170
1084
334
10398
2328
5201
8786
4363
11377
7495
4528
8532
2154
11384
4806
8471
6610
9774
3476
6268
7027
899
2471
3118
1325
5564
4466
3634
6258
91
7558
963
11362
11194
4811
300
9973
10770
2408
7330
8659
11234
8821
585
10320
1519
3879
5712
5832
10504
1758
806
10570
11637
6827
2221
7749
1244
5065
3576
6168
1460
7652
1629
2263
4842
3738
840
2750
1476
2529
4057
9581
10156
649
4035
4308
5840
7482
1778
952
3966
8476
3900
5023
3620
2249
3578
5233
5192
8091
4719
1452
2747
364
10698
2648
1555
5120
10726
596
4957
2971
265
4571
7690
2977
2857
9488
11248
7017
3607
239
8630
4947
6751
2394
7029
2089
9145
5250
11691
87
295
3328
5004
5070
11296
7703
1937
6125
5156
10090
8173
1435
10993
11619
5049
10550
2245
2248
2882
11088
820
4894
3092
11761
7727
11914
4026
7325
9251
5184
6412
5684
531
11673
5352
7604
4835
11314
10568
2122
434
3107
5556
6799
9085
6473
1194
8537
2886
3910
11809
3061
6885
4841
4211
1397
11502
7371
4283
11329
5950
213
10752
2687
3384
5282
6090
10956
7589
3781
5959
7539
6637
6814
3411
9395
9375
7497
10712
1172
4867
6881
6432
4474
5420
600
4208
4050
8769
11588
7740
456
9592
10908
3832
6280
5385
9024
11734
9285
11774
7269
11547
1052
676
6164
3234
5768
1818
9585
3705
11260
11523
8722
11598
6546
2777
4575
10783
3758
7806
523
8423
148
2338
7667
10680
3431
184
1280
10508
95
4935
6796
4298
11229
1422
11789
1747
6941
11446
7942
8309
3896
6084
2994
10069
9584
6962
7991
6797
3394
3569
4111
9325
10838
2848
3587
10390
2587
4233
2095
5396
2957
4049
3684
1038
1982
10525
11887
7543
11870
5689
4748
755
343
8654
9333
9756
2045
220
8418
4019
1619
4121
10138
10040
8166
6411
2041
7233
3552
9878
8661
4739
2908
10563
4060
5375
2457
8650
296
6169
11192
2586
2500
2567
7135
5728
7007
4321
1934
5255
11025
6138
3498
1414
3674
2866
8957
7205
565
3924
5514
1796
3586
6692
4172
10561
7294
2213
1046
11337
6759
5052
3178
11150
2893
3814
8882
1160
8267
9822
3111
9209
877
11458
4390
4267
522
8197
7168
6217
10973
5617
8472
7715
11423
3955
3654
8425
1409
11365
4908
3121
10142
5029
9379
11145
3469
5439
7103
883
3837
8081
3731
1673
5889
6924
8489
5502
10575
5158
4299
3697
805
7849
10889
10102
1362
4938
1641
3149
2731
11649
2159
10002
1623
3524
5322
7612
5383
7062
9644
2191
8590
1465
11233
1855
5464
4498
179
8490
1624
9274
1003
6914
8457
1898
444
3869
2272
7661
3655
100
4970
5755
10940
2068
9119
3854
5063
7999
7917
5764
9396
5249
5884
2237
1957
10543
1562
3305
3511
2404
3845
11606
7847
1630
487
9304
5880
9297
3549
1440
5449
2861
5525
6094
6424
6639
7424
5144
4216
1754
8587
10937
7414
6320
9669
3072
9915
1848
11745
476
11374
9732
9938
9084
10246
7265
6151
2910
2745
2024
2551
8516
5773
11165
4260
8766
8048
6567
7565
6726
272
10566
8428
3628
2955
11839
1709
3750
1558
9547
5378
5017
9459
10200
1185
2274
9686
3117
3744
3518
5797
1291
6522
10775
5406
7366
11256
7020
442
3348
6108
6756
780
5962
5379
5377
10226
3719
8567
10472
6303
6866
7641
3470
365
8737
5660
3385
2817
3490
7500
8430
10031
1250
11855
8303
10646
2778
10005
5984
1559
10283
3308
1518
6932
6492
1693
11452
7506
11444
4365
2743
11527
7211
4584
9925
3386
1809
10531
3306
5472
8747
9726
997
7519
369
5053
11132
5025
7091
5606
3148
4724
5221
8814
6368
10759
7921
5253
9195
2199
9946
11320
702
2555
819
7186
6559
10631
8402
8123
5765
10755
5283
1473
1858
8577
7080
5611
8144
7185
7795
1825
4992
11164
373
6556
11615
5792
7573
3805
11308
4918
1277
10988
2535
7882
587
4424
1044
4011
10667
5069
6136
167
7358
6936
11037
6196
10089
9156
7150
2077
11106
6661
4692
11046
3964
6326
747
10855
11851
115
5847
7585
499
10684
7648
11241
2959
10293
5262
498
10282
10672
6705
2599
3464
63
2714
2915
5078
713
7043
3190
4156
3935
5808
2098
6453
4330
6884
8907
1092
10049
7454
11510
2042
10648
10365
10540
291
4013
10470
673
338
8933
1577
3458
11664
692
6055
6876
1102
9846
9711
2512
1116
363
2282
7471
11754
370
672
6165
2219
3843
3404
2485
6993
2412
1293
2258
10214
9983
6255
529
7351
10109
6899
8231
7237
10987
7910
11835
1479
7638
7615
2987
7277
4031
6229
2030
4145
11695
2794
8699
242
6073
8702
5519
6141
5091
1248
7018
8299
6038
6520
8365
8110
9839
84
6763
2313
4819
4965
3378
7410
3263
8746
5064
275
7396
10151
11589
9002
4687
11833
5083
1190
1191
10711
10235
1923
8511
4494
664
7765
6581
504
9226
2863
17
3407
8338
4625
5791
3780
166
9060
3413
6115
9025
588
9767
1528
11011
10430
6245
467
4324
10199
8708
2988
6708
249
1263
957
9166
4536
3347
860
5961
11704
11418
10169
576
10047
2315
7863
10943
3669
1431
2677
8787
8759
8976
5584
7779
1995
9255
10623
8017
559
11854
3545
4808
7548
7694
4832
1685
3564
5737
3825
4447
11873
7455
9636
11090
11323
1167
24
6668
1612
7048
11251
4552
9866
1370
6531
686
4862
10443
11102
2059
5539
890
5643
3572
7869
368
5932
1847
8644
3391
7305
4271
7862
10059
11595
11837
4878
11188
7234
3679
1007
10840
1530
714
4191
6118
11741
10380
3594
9965
5074
4248
8608
3918
7212
1376
8263
10412
8184
10539
7557
9513
11473
2369
2376
8913
10887
2209
4754
2704
2757
7353
9342
5467
11660
8698
4129
1737
5789
11670
5313
346
2938
3601
11533
2992
2319
7193
1517
7501
45
9775
2405
9815
2271
11795
4981
327
6045
11475
6292
1125
6584
438
1974
3371
6789
8435
9847
3520
11076
8415
4768
1537
10208
6495
3676
1876
10991
8003
7613
9516
6057
9072
9656
3609
4284
9678
8950
7046
406
11494
2379
8090
9901
6517
10824
1426
5191
8497
7592
4796
206
11612
4654
1470
9013
5559
8029
2247
8092
8097
11616
5067
5353
11709
4899
8449
10054
99
7932
8276
10354
779
9132
5669
3706
9594
4214
3425
11907
11079
6288
2451
3096
8968
9051
6171
3478
3555
10247
3309
8725
6346
6594
9874
10710
10493
5738
8030
1853
6227
3593
6542
4344
11360
11551
6483
8066
6484
10609
9470
1035
5304
5325
8157
8050
2339
8535
8879
1706
10650
1480
10665
846
3529
11406
260
8000
8348
11209
10450
8993
7411
5523
6281
211
10101
9179
5951
8528
7317
88
8118
5426
1665
1283
2344
557
4997
7377
8546
11019
7775
2595
7978
333
3480
6823
1335
9632
748
5960
517
6373
3526
11104
5769
11179
8078
2907
10300
1603
935
9805
1849
1332
7821
10242
10410
6538
2807
843
2923
11676
3139
2203
6076
7531
6456
4771
8538
11780
5974
2389
8593
8822
8914
5082
7065
3897
3368
10438
8488
47
10097
1989
10734
1298
3616
3221
11399
7099
1510
5012
6800
3958
10021
4547
10264
1407
7214
5925
7451
5673
3388
5414
9294
4182
5203
1794
8873
4928
10074
3489
7397
2010
3342
6707
7241
8251
10933
4982
10202
4408
3757
4641
4613
6313
6056
5481
6958
9203
160
1457
9586
7752
4274
888
6862
5310
10685
1956
2917
6781
4319
3052
5733
9184
10722
8456
3806
4805
11235
8536
7738
3588
10788
5944
8223
1488
2754
7926
9279
1756
11804
4870
4951
10084
6440
6995
10780
6883
6449
8371
6963
9028
3021
2366
2023
7139
6665
1842
9424
5531
2387
9761
4030
11086
5280
1054
3082
5732
1733
10603
9979
2583
3357
6379
1080
1322
5507
6451
7938
5911
1053
7838
2477
687
2205
11538
325
4206
3678
1203
3173
1220
2188
1059
5760
3538
3124
10376
10245
4732
4309
1664
8579
7974
1862
3454
2752
9319
9923
879
2921
1336
4502
11211
9023
8978
3682
5858
7365
2311
10033
6658
3505
516
5210
3823
11919
11236
6462
10548
11674
678
11413
85
6930
11036
7556
2813
1051
9415
9093
3874
11738
3254
7945
6377
5636
11720
1144
5867
9957
5140
1628
2208
6976
9884
8886
3989
9722
10502
6593
5137
8559
4691
7060
933
7751
11204
3261
9616
1940
11680
9090
9275
2820
5613
3382
11718
8493
10705
3963
4328
2981
7737
9800
411
1213
7490
572
10958
4743
2725
2273
1134
3108
2997
65
6568
2896
6117
9725
9753
6135
1705
3268
698
6101
11786
8540
7771
2294
2357
10010
11051
7505
8735
5543
10796
7768
5626
4579
8813
9462
165
3011
8407
8610
2989
5753
2580
9078
4201
7128
9561
11258
6790
5351
790
11276
1020
9185
6607
9837
8631
1469
11581
11850
4354
2202
2818
449
8917
5978
2099
1241
8583
6771
2941
2374
4289
9494
4766
9128
3
583
9794
5968
2151
10434
1966
3867
432
11353
5080
3983
6366
9507
9153
10357
2092
4179
2739
4681
11592
6816
845
9764
3801
1904
6994
3866
6622
4553
5865
8807
4304
528
7323
4254
11708
6031
7220
10907
10093
7633
4407
2082
8881
3363
4349
6725
10015
7624
11262
8897
3220
10748
2581
6161
10826
10195
9010
2856
9801
6641
911
2449
3180
2878
7568
4989
3798
7831
5034
10774
9615
10656
4555
8767
7559
3970
1755
8959
1369
11508
1648
9557
9196
331
3036
1548
3846
4410
188
5910
6243
3375
8742
7791
11714
4872
5878
4790
1984
11910
5599
1437
195
4783
10155
11254
9432
1207
5771
9783
6296
9758
5445
2223
2478
3880
2950
10485
5011
162
9079
2532
9596
10822
4961
4356
8635
9089
191
3710
512
8499
1385
5630
7552
7400
1563
9348
5239
6791
1188
11280
7763
4125
1505
7588
11368
8629
6359
6295
4352
28
530
4247
6061
1006
9127
8656
125
3787
1892
3249
7857
2676
4873
10316
5461
2044
4767
9430
4336
681
7901
3568
3792
7875
5476
322
10243
6482
759
9263
8550
8562
10865
4614
8784
5035
1864
9201
674
161
8071
11172
5928
11193
11824
679
8057
5568
4617
2433
469
2669
3540
7691
10174
8584
8816
4427
2058
7302
3677
1885
2850
2426
4572
8557
5860
10112
2604
638
6013
11751
106
6489
9353
5805
10215
1787
6855
5098
4953
8287
5209
7764
11291
5466
1373
827
6736
6695
5448
10313
5285
9713
7169
6788
6389
2625
5460
8828
3808
10255
4100
684
1684
9044
8340
7032
9993
8412
733
5430
5172
11100
493
232
4798
6965
10553
3126
7928
1316
8623
3089
6764
8889
10835
4064
1247
10765
6515
7616
36
511
6252
8409
7057
8271
11300
6422
4703
1946
2690
8634
3713
7378
10795
10854
11647
10023
3723
3536
5855
6137
10836
4839
7807
4884
6888
2840
1434
9675
6237
7811
3936
5585
269
402
5157
654
8844
7267
7637
5060
6220
4558
6795
830
11659
10677
3334
2680
3835
4801
5328
7562
8544
11077
3027
3760
7925
4597
1364
2392
8242
11185
15
4122
318
10379
8974
11277
7970
2946
11484
8431
5111
10507
4141
5612
5419
8726
11778
11594
7719
2824
1468
11392
6952
2378
7367
7853
5787
11143
3450
4495
2930
2493
11798
8227
6387
2726
11926
3403
4950
5114
453
8564
4153
1735
4378
3859
6613
1525
4313
1889
9977
8079
5527
2683
4109
7676
9268
11072
5292
5434
8515
2146
798
4239
2314
1675
10364
5583
6381
10374
6322
1626
7245
5698
4405
981
5781
10030
8999
855
8169
6672
11656
1850
9931
11561
8904
5309
1830
8819
4662
4966
11856
3537
8161
2939
2776
5223
5553
11762
6516
11093
9956
5694
6509
715
6775
6364
10701
8506
1183
10469
8761
9540
10839
9477
1643
8298
1330
1671
6901
8854
1907
1133
8704
1338
267
3271
5075
2052
10959
4152
7681
5007
8012
9011
7117
8690
6254
7911
4452
3095
2057
7340
7796
171
11443
11845
5124
964
2565
2623
6152
3600
1082
4347
9831
9070
390
43
1715
1801
4789
8979
5341
8902
10582
1057
11775
2937
3907
8058
9998
168
8244
2643
4166
10523
4017
1311
1016
3842
1720
7239
3548
7111
10265
1700
5268
5088
9282
2636
3392
2484
3063
8076
3077
11558
2782
9862
315
11310
11577
5929
10953
185
403
10287
4165
4350
3542
10173
10616
1588
2821
4834
10938
4003
9151
898
569
405
7653
9322
3686
788
9485
6647
5711
2424
5901
10324
3666
7629
4956
11539
7946
7384
303
1243
705
4203
1696
111
6212
7766
5994
7601
1350
11932
3570
1425
7478
10044
4369
10597
8321
1833
319
9760
8802
3225
9173
1897
7499
4693
9026
2308
538
5002
1777
10499
5863
5784
4091
6769
7481
7130
5363
5222
8952
3734
9003
1289
9194
7104
9478
4005
1105
6226
6004
3191
7146
7180
9930
7743
2206
2542
5076
3185
2250
1288
7580
11725
7388
7227
7702
7304
5845
10845
1268
11658
2786
5399
9546
4670
11312
3314
7336
9097
3217
7350
1549
431
2736
10683
11078
9324
3633
236
11279
1212
799
7334
2570
2873
8297
11540
4118
11109
3851
4512
5853
657
932
5024
11715
1856
10789
4426
90
6528
8009
8141
6667
6664
4563
1965
11467
2694
6033
9200
2646
10630
11006
4320
7345
9370
8647
6587
7972
9112
4891
1238
10801
6703
2791
535
11498
2083
6623
5170
9082
3816
7610
3046
8604
5615
8477
972
1128
1886
3441
8505
3071
3412
889
7068
11383
2991
886
1012
5563
1384
7441
1363
3113
4297
1799
5230
2246
6277
7466
2768
8094
8632
7052
3315
3255
7417
7457
11716
8508
3771
5676
7370
1935
5183
7532
9603
404
1786
1443
10335
11099
5306
11826
11363
11442
5240
383
1240
7225
4291
2145
1000
6894
8658
5549
2541
6906
7968
2178
11825
11630
3059
8313
1417
76
10814
5723
10689
6917
2157
7086
3426
1717
6772
5169
11439
8239
6863
10904
7230
6996
6603
6116
11743
3340
9785
2391
10951
594
7887
10784
4492
1895
9610
11585
6383
23
8681
4952
5541
2467
7031
3006
9727
7537
6749
9629
5894
5591
8552
10103
5275
6259
7871
11239
7251
2802
349
4864
9894
2568
6845
5668
2183
4078
335
10599
11881
10240
8212
7010
1977
4682
7238
7534
6091
8924
10268
934
1150
2918
823
10285
701
2521
3984
8830
6714
7711
10305
2524
5721
3553
8352
4521
4782
9967
3316
6253
1222
5654
11424
2388
7427
7183
6450
9288
6437
1041
5096
2351
3917
233
9515
6525
8316
10931
11864
8674
4967
10506
1948
9543
11653
7188
2548
9269
266
5667
8792
9193
6007
7217
11772
3556
4113
8034
8300
6609
3496
7096
274
6659
3592
3104
5339
9284
2257
1900
8035
10034
4921
1353
3612
1140
59
9981
7980
9435
1766
5495
11026
6950
2320
3135
10079
1751
2773
6674
11295
3727
177
8521
2892
10181
3950
3513
2596
4689
837
5882
2881
3534
7434
11822
7689
5141
4127
8622
4185
10897
3509
5338
10369
6510
9418
9939
3892
11168
6428
5629
10190
6398
3330
3170
72
4611
8648
11410
9177
1575
5645
7530
7398
9654
7148
1347
4440
11552
9562
604
2364
3905
5333
1004
7792
5976
10279
3032
7176
3374
7127
10345
6710
6131
292
7040
7264
1686
1831
9871
2905
11315
152
10737
6000
10760
3703
6020
4946
11808
11480
1171
8434
5364
5186
1482
9624
6176
2416
8158
6464
3068
5446
254
1752
4941
10756
2003
6315
7858
990
8093
5914
9259
10317
8333
9222
816
10298
3477
9463
10055
2269
4037
3793
8732
9928
989
3050
1158
2973
3012
5800
4694
4706
11389
11895
11836
4650
9344
7253
2482
1725
2766
2993
1439
9092
10669
6798
2883
3102
5804
503
5453
8762
3195
3630
9162
2492
8403
2207
1148
6267
8911
4241
10182
7381
9315
3242
7684
9225
10766
9138
8774
2131
3168
8808
786
6650
4257
7961
1888
471
2740
2060
8259
5443
3161
3993
251
5890
11305
2224
929
3277
181
918
11580
1122
11925
5388
5897
5234
11512
3543
8464
2452
8336
6758
6929
10439
7845
5411
6745
1398
7218
271
1294
7450
5739
354
8171
4861
5558
8621
8018
545
6236
9199
6744
10891
11175
9299
3175
2911
6429
1554
6316
3049
8572
8695
11763
8750
10918
2665
1087
1533
6721
4745
9751
1301
4810
2744
11068
1763
3293
8799
7599
9483
10768
9017
10687
7608
7685
11355
3283
8209
953
9942
3646
2142
8679
2194
4058
214
5436
2501
5842
7627
6786
10885
5335
6852
6540
10432
10150
3140
5079
8420
4990
1423
8839
5906
4416
6070
1056
11901
1303
5357
9399
1670
7299
8314
1130
9537
7194
506
1703
11485
4112
2204
9471
3945
248
6679
9171
1918
3590
4731
9052
1463
10555
4504
10926
5455
4124
8025
3329
6338
8953
9627
5245
11348
11307
4574
2727
10769
6153
8111
8899
5983
3579
1231
8133
6119
10863
279
5824
5987
613
10607
8908
5395
4391
8266
5829
9134
7492
11386
1816
578
6589
11633
4607
1800
2801
10454
9374
6711
5358
5112
2009
4195
8229
11640
7097
2093
1846
10659
4079
8989
6752
2979
68
2381
7933
11546
7041
5913
9238
10486
6290
5196
8347
631
7848
6602
975
11108
3129
4638
6696
2819
37
1455
4535
11166
9036
7058
2944
11505
7872
3506
3054
2672
9534
6333
3871
3146
5893
6092
3938
7874
9493
2808
8987
7037
3976
33
2096
4288
6693
646
1216
4729
605
2627
10062
1744
7221
11464
4851
10229
7962
6475
10934
9147
10899
10125
11398
1508
11396
710
894
1768
2666
1600
1428
8006
1953
3730
2932
6154
5758
980
11041
10042
8186
1611
472
5966
4678
2549
10225
9541
7632
3795
11628
3045
4417
3017
8834
6124
1279
3029
1996
5933
8247
11536
3522
10366
626
7947
6205
6425
7392
11162
7620
4180
590
2593
7973
5475
9635
7112
10790
8915
1459
6216
9814
9999
6434
11862
4469
7255
818
2963
893
7597
9819
9762
11313
3465
8662
6263
3033
6577
9479
967
4595
11760
3922
10871
10606
9402
5601
4910
2799
9991
1147
10088
5047
4335
6375
6926
3122
586
8155
4105
609
32
2811
5493
11217
460
9192
3053
4850
4070
388
11402
6599
3429
10441
3759
8969
6813
2075
11902
5579
8329
4636
9749
4892
1741
278
6457
2767
3332
2569
11509
131
8215
9630
3354
9071
913
10728
1821
4628
4940
9856
11016
8237
9389
4886
8470
1594
3977
4909
2411
10187
4526
2497
10998
1552
9048
8909
973
3449
8869
10075
3051
7998
11385
10014
5181
10633
6458
11669
7229
2847
1902
3800
7004
11566
10367
7984
2034
5624
2020
4281
10584
7785
7133
8880
11511
4345
10841
6572
10252
11793
11756
8154
9190
9776
9606
7300
7955
4927
224
1952
4589
11871
5898
9623
1773
5685
170
2444
507
3631
8751
5093
10372
9386
2671
9602
10877
7019
11860
316
6848
2702
4098
11931
8707
3321
366
4051
564
3853
8510
1074
2775
4450
5582
10407
5696
3670
9553
5134
4483
4727
11603
1281
8894
9986
10022
11223
7140
1205
9113
10806
6494
11490
4879
2480
1621
5748
103
2620
10162
8600
11677
2755
8852
750
6716
5150
11096
7262
5408
11740
9519
1068
178
1424
4621
3826
8972
245
2574
6779
5503
11091
8963
8089
3573
3183
5229
2401
8971
1938
1149
8831
3535
9019
11201
10576
301
9358
3629
7631
1345
458
7695
9377
6582
1256
4136
2465
9501
2716
1726
10587
5586
5009
9647
10777
7172
2111
6163
10115
1843
4210
903
8230
10750
2331
9359
4207
9660
240
7479
2239
11105
3821
1545
48
804
10166
5835
11325
6731
993
1599
8605
194
10127
8410
5802
10481
5133
11635
1933
6491
9331
497
8461
6923
7458
7116
1024
8075
9420
835
2860
2097
9891
3491
7486
8350
10219
4246
7164
5641
9157
5284
6819
9050
4778
4368
5293
4484
11829
2210
3209
11730
1602
5135
1396
1732
2260
10322
4092
5701
5164
1157
2286
10948
766
1164
722
2372
7892
1728
6648
8848
10939
10221
7064
8388
5513
6553
10295
2584
7297
6109
6750
5348
4471
8250
10717
5731
6107
5236
2164
8668
11207
7282
2160
67
5126
3836
3258
6317
8049
9174
7745
9560
2226
4458
9163
8986
5314
11238
574
5942
5037
4018
11421
135
1081
4154
268
8612
8871
2333
7586
10250
6014
2019
10067
8639
5153
10731
2103
3087
4472
11896
5794
6367
3868
3250
3779
4303
6445
5359
9408
3312
9096
4279
7952
5319
5289
9256
10999
9340
10165
2783
7507
10707
6861
2176
5372
1123
9650
5964
3248
5177
5451
3396
9475
4409
1175
1955
9250
7201
1296
5672
11250
2232
11110
5136
3356
7240
1269
6354
6774
7023
9575
3467
6044
5547
10185
1523
1382
140
5197
7671
2428
10629
3541
8008
4804
6953
4955
10952
3557
2013
4367
8399
8152
3606
6160
7883
11911
7755
6912
9748
8389
1765
6590
3848
9860
7242
6111
255
8442
544
1091
5837
10230
1226
5447
9372
7273
70
11380
887
5903
732
3841
7483
10905
4273
9356
9765
495
2697
2641
9995
7399
8684
8400
5415
4713
2371
10205
3599
1477
9133
3274
11572
11470
11114
10206
8568
2722
4008
3951
3360
9031
7028
8627
4592
6846
9392
6720
10440
7085
4107
4341
6870
3766
4984
8789
11747
689
9902
5081
2607
11478
4541
5043
1295
1526
6184
3223
2001
10419
2292
8106
6080
10776
5938
7403
5522
7298
8900
10172
1790
1832
3019
4103
1327
3075
986
783
4757
9885
7098
4376
8241
11609
1433
7494
4599
5902
4583
11186
5996
9022
5662
10660
11623
11605
863
11700
5510
7408
426
30
7994
208
10413
4253
2105
9941
359
699
7390
9971
9522
10971
3776
2116
421
6009
174
6815
946
6059
6158
9131
2732
1824
2382
1400
7198
10622
5665
8132
1343
1669
2520
9264
2724
7665
4334
11393
872
1689
9231
237
7846
2326
10600
6733
1401
10571
7983
4554
10946
10355
1650
7674
7564
6401
7783
5440
7833
2605
10516
6666
10733
4829
297
4486
7977
3702
11771
6547
2285
10019
9716
7569
5318
6099
2399
6505
9673
11788
10210
8940
7391
3915
9985
8865
4764
3838
5384
7061
7226
7074
92
6106
10828
9400
3764
767
8473
3721
11375
8031
11652
9481
6576
53
8498
836
1013
8588
1910
9404
7393
1453
4000
10489
2780
3650
1028
4863
11013
10203
6308
4945
8393
11055
130
10545
9773
2450
16
11149
3098
1677
5796
8693
8051
264
721
3999
4331
6728
3105
8626
1708
9307
9739
2888
3583
3948
7413
3280
4538
7196
2066
3318
2928
7163
2230
6934
4844
11259
3057
11750
11269
7988
9613
8460
9345
6544
6433
9306
5652
5634
1869
2110
5454
8273
9221
2445
5704
10257
5952
11560
11039
11183
4314
3287
6732
5033
8382
7515
8145
1159
11124
916
6991
3233
8235
4323
4161
4240
5465
1941
7934
3291
11371
10966
1014
2894
9570
4143
9198
9701
7717
7069
9598
3895
10884
4348
8368
9020
4949
146
8756
1270
11144
4906
9699
6825
2913
6875
4659
2875
7207
5492
8981
401
3521
9545
11244
6230
9394
3996
9442
8292
4985
7935
3661
9245
9064
4750
598
1026
9178
4146
5886
3799
9816
782
8285
11159
7692
10146
6208
3313
670
7899
7248
10699
8044
8878
1181
9933
11687
5256
1467
6621
3390
9065
10552
2253
5347
9300
3756
11284
1724
4580
7982
2522
4749
8781
10977
7959
5982
4876
1870
7100
11038
6399
4256
5927
7373
8199
1299
6430
11929
136
5117
226
4812
1284
8850
2924
10697
10236
10524
9867
8692
10251
11459
2557
11428
4537
6954
3619
9122
2843
571
10346
4784
11525
4852
10025
10716
3791
6262
10362
7359
286
11382
7584
8424
2474
371
11600
3818
8260
1344
10433
3701
1359
1049
1348
352
8163
6937
9465
2538
7626
10847
1666
9242
11390
9105
2443
532
6777
10812
9308
1408
10856
2698
4374
11492
8416
2380
11153
7920
752
3475
4142
9136
1131
4570
614
8599
4964
5981
2564
3326
10981
8678
8955
11228
8805
688
11773
3381
2872
9332
10989
9286
9295
7033
1389
6850
11004
1245
5073
2115
10496
8148
11196
10862
8248
9950
8032
5168
323
4475
3627
6049
8126
640
10808
6583
10886
8221
10694
2393
6944
10866
8727
6925
6738
3747
2054
8891
2531
1503
1797
11073
7623
9253
709
8958
1387
5228
7699
1372
7868
2434
3992
5178
11107
8013
6858
4305
9155
9528
10358
6400
1286
2657
6907
4721
10732
11501
7805
5207
310
9779
4791
10406
5640
778
8265
10117
6082
10281
5518
9763
6382
4462
3488
1010
6192
10217
1730
2964
8322
1399
1179
865
9626
4546
6886
4720
4508
163
2718
473
8847
120
9172
1647
2880
4340
9550
3638
2448
2612
5198
925
3722
2741
6990
6919
6410
4115
2707
3188
696
7837
8867
7324
811
2476
8929
480
4084
720
10139
11027
2658
3435
9041
11298
4077
10804
9793
8436
5948
6005
751
3961
9936
7960
3240
1239
10036
3338
2839
2483
7389
9944
10706
11562
6409
1543
2064
5776
810
6349
3608
9241
10653
10114
11549
2461
7523
3510
11729
4986
666
3069
6331
4637
11631
10064
566
7622
2211
3266
3725
7696
5839
3926
5123
10614
9109
1432
10043
6634
2384
2558
2234
4566
2553
2215
6224
9849
2812
1877
330
10936
3957
8991
3204
1618
4302
39
2504
4675
6983
8842
8645
6957
9679
11636
744
147
3197
9500
10870
11286
5566
2781
7165
6043
5715
42
2108
3901
8323
4401
10658
10703
385
3153
159
5848
9509
4264
11083
9140
285
3187
9289
4903
6460
2647
9875
4004
7898
793
2537
2539
10177
6075
3863
8002
1371
6285
1950
8941
850
5485
2506
844
1784
3812
8182
11161
9243
2067
2123
11357
6548
10762
5695
8315
717
10761
6323
4831
3034
584
5115
1638
9511
1944
2290
6380
5916
6179
2696
3582
2291
1704
5128
2085
11783
4027
121
7716
3024
7158
1367
481
2463
2919
3247
8874
10143
4728
348
3969
9510
8942
4809
983
5877
4023
11683
3639
8849
6370
8290
3796
1839
4295
133
7843
10739
9555
6949
5232
7380
10546
4001
9740
9328
7346
8539
9014
9043
9290
4167
241
3561
11141
10511
1781
9102
9664
4189
5040
6893
3276
50
3991
11627
5373
4476
10000
9327
2515
9412
1654
5214
4979
2350
7141
1218
5242
1339
9752
6694
3432
1040
6503
2746
5921
2341
11816
3687
11732
2822
8541
3726
6273
3908
10461
1884
6250
2655
9360
1854
6376
3617
8452
2070
7003
8175
9427
7576
6592
11290
8496
8080
4325
2190
25
2222
3986
3889
6712
3942
4865
7829
7511
11436
842
6536
7967
10409
3611
7776
2062
11002
4795
11913
3858
8308
9733
7873
8504
4735
5633
1649
8326
5888
3260
2175
10303
513
1138
508
3735
3224
9989
4994
3198
5437
11650
3402
11823
1217
413
5349
3704
9829
9018
1321
3437
3452
6127
2829
11621
2262
97
10388
3205
6987
536
6222
2554
11208
8491
1416
485
4379
8517
11170
3181
1088
1062
1585
7815
1780
9525
1137
735
3831
8443
4387
8975
9410
8810
10280
1438
867
8675
3419
10635
8709
7418
4120
1882
1826
3106
3728
4487
34
41
180
8870
4219
2119
2639
3184
3819
968
11882
11181
7409
8041
4470
3176
7997
5677
6915
8613
123
10794
11125
4085
2168
56
8932
11231
5598
3430
9080
8320
6564
2346
5734
6018
5110
2220
10764
10912
8757
9503
8939
3415
8492
4496
10277
900
11746
10361
9868
7293
4962
4914
2012
8758
9099
3767
7154
7760
1761
6843
13
8793
9208
6146
977
8602
1258
5907
3460
11807
10588
1811
11066
11311
2348
10160
4507
6284
4186
7289
9920
6314
417
6608
8054
11569
2218
7278
6506
3517
9674
7567
8143
11070
7808
10429
1412
9117
10399
6140
1873
6628
3946
6706
11089
10467
4237
982
9883
1302
1002
10753
7582
154
1815
4090
703
8413
5594
10087
5
7182
4016
11437
11069
11176
1249
4456
2833
1719
11853
10431
6566
1568
11449
4786
11489
665
8912
8664
5883
4040
617
3456
4430
1866
4188
9693
10495
157
6353
8480
1036
11331
2949
5891
9898
7596
7118
10643
3345
942
10418
6551
9417
6293
7083
2571
2858
10673
7405
6415
8800
2686
8366
11724
11163
10975
832
11271
0
4488
7718
8240
6159
9559
10449
4065
11005
602
4119
8446
1716
824
1193
5536
5484
8179
6266
8119
8039
9705
8947
2063
6757
10572
1962
11801
4890
2748
1674
4061
6978
2763
4480
9287
6662
10027
8445
9863
4645
4137
9210
6971
6244
9125
7787
4442
1374
5560
10805
10473
1745
9969
10329
4441
5244
1841
8318
9880
9810
7803
2968
11744
5462
3696
969
11842
5409
10373
9446
10869
5400
2675
8098
11232
7470
2720
124
1881
11781
5323
723
10108
6302
6319
9558
1829
7107
11491
7512
9021
5444
5407
4269
1031
5703
6219
11335
1783
9111
866
10594
6859
1436
11885
2600
5743
5028
6019
6064
11341
1644
3689
4807
4843
1083
500
10519
9904
8289
1972
2088
7651
8450
579
5090
8459
3514
11137
5823
2733
5311
11158
955
6128
991
4353
10833
2573
668
1753
2214
64
621
193
7929
2128
4824
9302
754
2546
276
10004
2017
9834
5803
8147
3267
9896
360
11018
11832
1890
11195
4907
4459
3554
4293
1287
10581
4505
4549
4610
9183
9597
3367
1161
1567
9346
5822
11414
4400
11618
2544
6039
5757
1878
7706
4623
10878
8998
9495
11844
4422
4506
3502
789
5870
2413
1276
7184
10452
4700
3193
3278
3201
8812
2185
11044
6702
7159
4428
3304
6078
10464
10730
630
10927
6534
5350
5376
9620
10428
8710
7949
8222
9850
8875
6632
9487
1177
9780
5714
7436
2787
4635
6129
7129
9313
6391
5752
9206
8527
3664
1544
1698
11528
7484
2526
8202
2640
1264
1310
6093
1430
98
2835
10026
1557
3439
5602
5699
5618
2730
9121
10222
5710
9042
9355
725
6421
3675
4529
8387
10758
3272
1206
8487
940
2072
10916
4551
656
2619
11321
3131
5206
9948
78
4415
10066
6298
784
9376
1813
2909
7527
9595
7488
7249
339
10070
7639
5623
1578
4501
7566
11120
6878
7525
9323
8053
6242
7014
8965
11378
2561
3196
3281
6683
671
3974
4993
11840
3932
10301
9293
995
3754
1911
7809
9170
210
3504
1214
6177
1112
1377
3466
5915
2481
2837
9159
6291
10192
1156
8401
7143
4045
3167
288
1168
5474
290
8448
5986
3353
9652
8884
3581
9926
8782
4657
11200
3327
54
3200
11679
11506
144
7630
2299
502
2635
5381
11445
9587
6644
4262
6598
5666
6687
9996
11634
7315
9619
1742
7801
7157
7773
8353
5001
6348
5149
9035
9828
6081
1522
647
7383
8686
3007
1874
1973
7902
4882
5241
2685
8773
7553
6374
11688
2785
10671
1838
11080
3811
7443
7160
5211
3571
9258
8433
3481
7480
5747
1653
2577
8052
1731
8253
4106
9271
5904
3179
2029
3692
8697
11686
10696
2460
2244
2712
2684
716
11112
10186
3742
7577
756
3988
10498
2632
1640
5386
5975
6931
3097
3530
9892
9580
7475
9467
1121
3462
10459
283
3640
2552
11177
8208
4128
10823
3194
2332
9784
7705
1949
8225
6652
6680
882
9910
8204
4573
6784
6574
11033
11703
4897
802
11903
9786
4733
6065
6748
3192
7762
1597
8779
5459
3807
7119
7360
7124
7729
227
4342
5647
3252
7797
10529
6407
6246
5872
7554
2301
10681
8116
11898
9068
4594
3920
2027
6471
10997
6418
7456
6964
5068
794
8378
5659
2798
10625
10621
3618
5077
5816
5471
10626
3746
9827
3947
10740
6340
11582
1456
6747
11607
7924
11304
7645
4333
10124
8967
814
854
2150
4245
6474
8188
3079
137
2864
11416
9278
8745
10535
3323
8898
9088
7120
9120
1959
11749
7306
11486
3244
4587
5107
6500
10315
2468
11759
4582
2141
7800
10328
4901
8801
7449
7606
4414
4830
10347
4740
10284
7095
7138
2594
1356
1447
6089
4730
9663
8
1836
6112
7442
2177
436
4663
5145
4346
5972
11534
3494
4194
8563
3751
11707
5161
8040
1589
1071
9668
8701
6715
9741
6724
8243
6247
5761
6499
7338
1701
5683
4493
2033
4874
1903
3635
8860
1617
5401
3565
9662
10816
9824
3337
9291
9508
139
7101
10751
10175
8135
5030
5302
7693
9680
4640
7522
3902
5922
10969
5778
5162
10505
198
3241
641
1169
1971
5724
3099
10785
2550
10121
4685
1803
6554
3975
5844
9790
3546
1143
653
1015
1180
10591
9480
1307
2155
7161
5421
3031
4307
3483
3320
6898
5299
3171
6054
2936
3073
6260
10278
9135
8960
9364
5917
3433
9141
8542
1507
3566
4651
4996
9057
3257
3418
652
601
6543
2634
9248
11694
11573
6868
228
10457
615
10048
9578
1727
378
3359
9176
4988
10304
7561
11190
11544
6847
6514
9449
6596
5413
6120
624
4280
5394
2769
4290
11884
2879
10129
10145
8740
9229
7656
11014
7179
3243
5999
2751
6478
9539
7912
620
9700
8354
10527
11797
1804
7067
9191
10382
3162
7786
7464
9391
4202
5496
8429
3943
1251
9582
1913
1186
2300
8146
3786
8719
4021
501
450
8024
2307
6272
994
1779
7376
8574
482
618
5367
791
10392
9960
9927
9676
1113
3500
4737
11064
8349
11154
7595
8946
11818
7339
4530
10979
4097
9900
8115
9499
6523
4710
4489
3123
4723
8711
1246
10463
6713
4479
3442
10678
2398
6857
1129
5843
1266
2335
7076
9823
9976
4395
7593
11817
4419
5786
9982
5468
2186
1792
8067
9731
2046
2608
6264
9380
11767
6047
9218
9778
6438
10556
6214
6560
1812
4224
6461
6903
8597
11496
2926
8956
4781
4259
10725
2543
7788
4433
619
595
2026
2358
792
3119
4067
3688
6740
1513
8646
209
7697
1187
7708
8274
4924
4788
8672
5788
4586
4074
3110
5479
7943
11866
6077
6185
8906
2284
1152
8482
4226
4158
11820
439
3637
542
11395
10176
4649
1297
10095
9303
785
8780
9489
6426
1566
9383
1489
8918
2275
2174
1764
11056
660
7
509
377
5529
8748
795
4402
7216
6864
6372
5520
10478
5066
6448
6198
2363
1095
8282
8063
1136
8033
424
2117
829
9527
1324
5176
4944
8618
11790
9692
5943
4752
922
5741
3737
488
5217
3914
3802
6853
2825
10954
8252
8427
4007
880
4044
8982
307
2395
8211
11662
8203
8615
2038
7545
3023
5138
9049
8095
2278
9670
3138
11645
2008
10791
6916
812
822
9729
6468
7772
8554
4983
2055
4827
468
8099
6558
10427
970
7213
9254
412
4802
3398
777
8367
10477
6675
7673
4871
8835
8483
11713
1415
4364
7594
11127
6040
9472
10857
5027
1349
11429
11924
5118
11867
3165
11012
10270
2375
537
9180
3127
5051
1771
8059
11403
8582
6737
9707
3774
2377
10343
6003
10640
2053
324
3048
11625
5368
8246
9158
7780
7547
9416
4973
1378
6891
10675
5159
3245
4759
9961
859
2889
11001
6524
104
6889
1776
6646
11157
931
11065
4619
5152
9276
9870
2719
7944
3010
2855
10403
543
729
3397
1043
10133
8818
9001
7748
10500
247
743
6029
7402
3539
8426
94
7701
10830
11015
10596
7870
11545
5909
6444
10271
11543
9588
11139
3877
3070
11324
10256
6649
6550
1077
1750
7712
9955
5619
4787
7276
8187
1032
2423
1524
10704
11430
6012
1146
9684
4366
1922
3174
7878
6362
5810
5265
2652
11565
11140
1176
440
3341
4382
1739
9876
5147
5102
4888
3891
11644
8811
2193
8603
11092
10972
9614
9728
7335
7721
1145
6734
1637
4524
1103
5790
3093
11655
2618
6150
9425
2050
10269
5892
89
2345
8061
2885
3447
11147
912
8100
4500
6967
2251
2709
6633
1635
6194
5405
4702
8526
6439
3256
202
10608
3151
5295
521
10204
7463
3468
11319
7303
9144
1111
2760
443
9223
10876
2079
8863
9911
4435
11274
6773
1120
2360
568
11282
3421
11391
4102
409
2456
639
2078
110
10963
1547
4082
5393
7844
10082
8249
6392
6746
769
4919
7744
581
8569
4135
1615
7437
9964
3064
2816
4412
9583
7654
8910
10024
3921
1108
457
10901
3499
2967
3925
9618
4904
8134
5463
6782
3013
6386
2943
10645
3847
1775
3389
9261
6384
10135
5934
5361
8815
8016
463
9888
6614
10228
10651
3698
2104
4646
5121
6265
3672
11468
9642
6274
9056
2442
3358
917
6837
3584
6689
5054
11504
1931
6406
5188
8055
11622
5693
3939
10258
8770
270
3720
8771
192
7310
4653
4123
2279
5390
10957
4525
7937
309
6908
10244
1184
7836
8853
8310
10436
8077
5658
126
7628
6006
11285
203
5132
5997
10227
11819
5700
2934
9962
8295
7290
1227
416
197
6943
8706
2985
8127
998
909
4373
10194
6913
5269
8660
8376
2356
9314
1663
10085
2303
1410
9492
2462
3041
3681
7516
6278
2368
9039
7329
6887
5237
1583
526
4263
7732
10820
9204
1951
8306
4925
5887
928
6966
5016
9953
9110
1427
4664
6722
9895
3857
10848
9517
9787
6794
4544
8714
3133
9535
7177
4485
4598
3815
691
2410
4212
8696
2028
7332
4130
11197
7931
11425
7296
4893
4627
7918
2705
129
1486
10
6992
1639
6812
6686
7263
5261
9842
4198
9305
2978
7038
277
10773
9107
6187
1079
5718
796
896
2031
10098
5254
10334
1893
4859
9817
741
7895
4527
8990
1634
2761
7286
427
2453
8181
4995
7720
9844
6928
11131
6882
155
6357
5573
1593
3532
10400
4718
9566
3903
5260
580
11868
4576
9448
6717
10558
5868
9393
5369
11426
8121
2235
2086
6181
4821
74
3377
11526
7189
5955
6218
4756
6396
2990
1867
8037
612
7072
6103
7513
2264
10564
10727
3531
5018
11226
527
1851
2578
3716
2560
10942
3137
4661
311
5532
10941
119
4931
11876
3824
8530
10590
3043
8930
974
9357
5552
9768
9350
2828
9914
2002
1993
1039
10296
5885
9943
7002
3827
7954
2598
490
6761
7421
3960
562
11723
5680
771
11268
11753
3349
9717
11641
3927
10781
11791
9966
117
2998
2386
5263
9351
11735
10895
2486
5501
3459
4734
7011
2343
3273
1173
2071
1551
5817
4002
5777
3365
6030
80
8901
11463
10131
8573
5610
11288
6443
7468
1553
8281
9795
6126
11057
2080
1561
3022
6305
3044
31
1273
3090
2281
776
6395
1504
2958
1976
1141
6420
1328
5146
4140
11050
3912
66
58
8685
8581
6490
258
2304
2900
10906
3003
2660
4454
6282
1209
7867
8469
6830
5441
787
10676
6822
736
6838
985
2904
8114
4792
207
6193
6951
1852
11376
10487
3206
6939
9
1421
2865
2606
466
965
5417
1492
3445
3078
9506
4577
5834
6324
5131
4564
6820
5045
2469
6148
11333
807
11719
2043
5900
7503
10310
765
10944
3690
4698
464
3761
801
4104
7469
1844
6640
6459
2415
3967
6571
8198
20
9544
6829
6221
8174
5873
5795
8356
4895
7896
4639
10259
3844
2723
11071
6630
1313
11597
10617
10827
1917
658
8651
10786
7603
1823
1050
9490
8785
3809
5429
1584
7271
7452
2951
8379
7976
9745
5650
1257
9772
4799
2329
7364
5935
7502
2810
9855
2342
10909
8836
4164
1926
9235
7250
10810
6132
6624
7322
4134
3028
1076
1879
9806
2695
3782
376
9007
4392
9429
5505
2305
2644
8395
1383
9473
1502
2032
8545
6727
6207
1556
5770
5642
1762
2256
8858
11518
5279
8256
8357
9086
3523
1767
6552
4622
8028
9504
10549
10538
1001
1992
8524
9045
627
6651
7026
11831
7232
3736
4015
11352
610
1678
1497
1163
8936
8475
7259
11617
8439
11883
1314
6350
11563
10990
10742
3745
4856
6896
5597
9428
5726
1569
962
5746
3189
8437
2327
2582
11846
924
10080
9848
2022
7447
9549
9233
1333
7992
2005
1791
2614
6960
881
4357
11370
629
4920
6335
9108
11415
1570
582
10922
4775
5392
1531
4779
869
222
10332
2638
6946
3448
2166
8712
11701
10921
773
9908
4193
6982
5020
11742
8462
8210
9840
737
11596
1282
11422
4372
8291
4218
5980
9334
6905
4755
3423
4741
4446
3214
2035
9161
1223
6877
10191
3493
7428
8369
6521
4229
10898
9906
6114
9887
429
6754
11500
10746
2287
11294
8479
10050
7535
10702
11074
7465
5688
10589
10743
8926
1905
425
7820
8607
9074
9886
2699
10375
11908
6034
10547
407
10029
9385
11921
9150
9083
2622
3333
8164
8383
6698
6835
1395
10330
9469
11879
8864
5506
9685
2084
2953
7114
4322
223
10402
5879
5580
3648
4655
4889
5861
6026
9219
4630
10058
1402
11520
1604
73
876
5257
9865
2132
5970
1110
11814
4545
8328
5949
7578
3770
1909
8837
11671
9759
6234
2528
4147
7071
8829
3343
7224
8124
7474
11620
4025
60
7533
10118
2198
7789
2592
6840
7936
10771
11888
2297
7053
10834
11487
10580
8896
6358
9605
7611
9861
4301
8636
8219
6688
6856
11877
1368
3301
8949
7387
2400
4438
10586
2133
5926
7257
3755
4451
3164
1699
212
2225
4896
7295
2107
9030
10141
680
5286
49
6157
6156
2678
3231
1925
11517
2534
6275
5321
5988
8680
8301
9066
3643
6635
6833
10417
10220
6041
4010
11847
9877
9974
518
5071
465
7115
2509
7713
8280
5190
7005
11245
2472
4751
6022
5294
7343
11270
8304
7575
2976
6785
8794
1381
8934
7985
11440
667
6729
5544
5179
4900
176
3850
7008
9523
8108
10356
9992
8783
3803
10212
6388
10638
7171
3658
3729
4117
3026
10974
8422
8667
3941
2289
4404
1734
10163
8140
11379
6873
353
4114
7825
8258
6162
3134
10483
4337
1729
5365
5859
11216
7996
6249
11610
8507
9224
11243
10637
10060
5538
8177
8887
5772
14
5940
11087
1418
6918
9777
2513
10218
9369
4443
3990
8606
7191
396
9277
632
11519
9009
2385
8086
11799
2764
4477
10874
6671
2464
2826
6767
9869
11815
9046
2602
4954
5918
6655
7600
5324
8549
7209
8206
9214
5958
2087
10414
7636
9796
381
6036
10425
187
11488
10100
1461
9646
9854
3883
11710
10724
8307
8512
9691
5555
19
9897
8752
2628
4905
5526
238
11757
2147
4680
9330
11354
7006
164
7268
3226
7730
5044
2898
3246
2519
878
7969
479
6352
10915
9526
3336
2762
1475
3141
9600
3373
937
4725
7147
5675
3310
1025
10986
6563
6807
5097
7327
1195
3940
5334
5036
7670
9912
1924
2629
11515
5856
9873
10479
1822
3547
3768
6431
2140
4080
10223
244
8234
8272
2713
10465
2007
8160
430
1687
6955
1254
1319
2682
2354
2149
11564
10253
3144
11696
9593
10262
2195
422
11212
1916
5551
9227
10333
8262
6742
273
5740
1774
6998
11283
3613
8734
2523
6493
3116
11318
9577
3235
11287
10970
10528
2288
4677
11030
642
4380
7385
3944
11454
2302
7790
3303
9152
10116
4389
3830
8324
7247
6842
3636
1202
9893
2895
2496
5160
3929
7658
7663
3016
5819
8233
7320
4887
75
7948
2238
2266
3047
6527
1229
8432
11060
4406
6654
5638
8159
4632
5866
8105
10736
7856
10843
3707
9292
910
62
8744
5749
7476
921
8691
9069
6189
4518
1484
7070
2436
9579
9712
10501
5019
1968
6300
289
6423
4916
10565
4362
9298
3207
8192
132
11755
1607
1182
8643
3335
914
7714
5490
11457
1662
9612
6186
5235
9742
6393
7284
4055
11785
9690
11135
7084
11852
302
8503
11915
11417
1571
8565
3765
5774
8293
873
3563
4375
949
6806
8548
1360
1451
243
1760
3056
5600
8194
7602
9015
9744
2065
9648
2201
1785
5592
551
4717
3595
6684
7285
2759
3270
10577
3574
11828
6454
6419
10604
5899
1592
7841
5317
3660
5343
10741
11034
6238
9641
7683
11689
5032
3346
8345
8525
10642
10126
8444
6973
10666
8238
6690
6970
9032
3931
5428
4642
10340
11171
10237
1682
2784
9387
6404
8555
6851
5852
1454
5827
7439
9388
10520
5815
734
6700
1616
11542
9496
7121
10772
4590
10995
9530
10846
593
4497
10448
11722
10649
625
3778
2336
358
8988
1657
10992
11328
7178
4969
6347
10013
9491
10718
7824
8764
4567
11219
1042
11521
5656
1365
10778
6670
10447
7416
9124
546
2181
11059
2525
2980
628
1334
7563
10509
10967
7827
4509
10037
4022
3136
8738
8374
7090
9881
6497
10955
9666
6436
7813
5050
7328
9651
6975
8284
5277
3114
4329
4556
4444
9571
2365
5578
10437
4933
3282
7092
7655
1034
976
5571
6025
5387
4268
5836
9236
6718
8585
6938
825
1899
3103
419
3973
4144
1292
2330
1230
4683
5517
8638
9419
11717
7016
4606
7830
6206
6332
122
8797
3453
9378
8938
3724
2545
4317
5554
8193
7301
1011
11281
1936
875
6849
8944
4278
8096
5841
3020
6239
4618
8724
9061
4593
1573
1625
4690
5173
8620
3645
10167
57
35
1487
5015
7318
6645
3296
5185
10389
6209
6188
7940
96
10289
9205
11469
8467
9267
9836
11427
158
570
10657
5258
478
10708
548
3265
5908
5941
2135
4991
7485
2859
9476
8806
1055
11765
5026
9572
11115
2876
4559
10078
6142
1827
6968
9502
1210
11128
3495
7817
1932
5271
4063
10514
3516
374
8533
6817
6879
6435
9006
8682
539
2717
11812
11412
8486
7930
6606
9724
11821
9272
2830
2170
7524
11638
5782
11465
4276
2490
8165
5278
2499
971
10976
556
3544
4478
757
763
6526
7187
849
9466
895
5644
11555
8640
10241
9924
2969
6512
3968
9310
11748
5165
341
8004
8893
229
6480
2877
1491
6508
1527
2668
9165
8372
8007
9809
2270
3284
3733
173
475
6735
3732
8038
5300
6927
446
8795
3005
8928
9736
2960
4603
1366
11681
1908
4825
3387
2753
7374
9704
6555
8628
7913
7509
10598
6562
11712
11432
6511
9634
10475
549
5344
7570
9945
7860
693
6657
10797
623
4296
1857
5730
3417
10198
943
5204
6580
2588
6900
3904
2473
3656
915
11906
2120
10401
3060
1868
7835
1614
8931
11556
172
753
4881
5370
1710
7433
3715
8286
5576
11316
11535
4699
6826
3238
4660
435
8877
5862
11455
6691
7646
11909
1117
861
4532
4457
6518
10480
5989
833
958
2016
3683
3228
5846
5548
4975
6909
11061
9337
11187
9316
6488
11841
2276
5345
308
7618
4585
11222
6403
2134
1018
10276
3769
2169
7361
2006
287
10573
4178
1550
831
1104
5312
7089
5307
8183
11205
143
7816
5702
7812
2337
3331
6507
10319
4282
1810
4148
7137
6361
11184
4418
189
7244
3380
5425
11111
7643
4093
9617
10071
10723
11303
4746
7894
11133
4420
5706
10787
7660
5166
6113
5956
4836
10947
4503
2533
5973
5854
8689
6612
694
8838
10318
6811
8185
8790
11880
7987
9296
5550
10096
10267
4116
8363
5403
4516
5483
9843
8131
592
4708
5655
4738
5751
558
8342
6620
1119
2708
5042
11052
4604
1329
5212
1691
1947
9382
3112
7309
669
8558
10445
9959
951
3156
3777
10829
5977
3956
8015
9401
1759
6871
5362
8519
29
11063
11886
5094
5259
9903
6180
2047
9665
4230
4072
5534
11675
7281
1199
10063
10307
9437
4633
10091
5864
5857
11255
1442
9455
2854
221
10811
9182
746
7369
3605
7341
2809
5298
4024
9398
6766
3208
2642
4695
4132
7347
3009
6011
445
1300
4205
391
4149
11203
11103
6417
10299
7995
11330
9431
8919
8109
1901
2347
6269
4258
7659
199
7724
11721
4760
10006
5515
11326
1579
9681
5756
1170
7432
1695
1511
11567
3589
3789
8481
7197
11507
6385
7156
2447
5354
851
3933
1582
2015
3014
4514
3804
2844
3311
4029
5005
2361
9413
1622
8883
2547
10260
2788
7840
8168
11215
1988
7460
8495
9498
7793
6228
3861
553
2231
1236
1097
7274
9505
8073
3324
10342
9551
2834
5200
114
293
10849
4209
10800
8514
2624
10491
113
8255
3383
4936
3366
1029
4705
6631
5575
101
1658
3414
9047
8826
808
2966
282
8153
4958
11343
9202
5648
7885
661
4534
908
9655
11769
2679
4075
7123
2796
5979
8570
5431
3870
8522
2440
948
563
9371
175
6066
10779
1272
4359
5682
3598
6416
5006
8753
7206
4736
6839
10350
1265
11278
2758
3839
7778
6233
5199
347
4800
7581
2637
6780
7105
7022
10231
966
5725
6841
11054
1107
10492
4816
9440
11499
8027
6060
9811
6836
9750
4960
10339
3101
4213
11350
7966
515
11264
11361
8458
9738
730
6636
10930
5528
4215
6770
7644
1861
3132
8311
7357
6017
7828
11599
11642
5010
1380
6897
954
8344
2049
10012
3000
6741
7056
7292
607
4676
3508
1679
6309
10620
10818
6105
215
5219
11408
6981
9702
8021
9802
11643
7640
8775
1746
11917
9445
10404
8768
3166
5798
1574
9940
8149
2173
926
6001
3251
1352
7914
8312
11702
675
3501
9590
6365
1718
5442
8195
7210
6677
6312
10083
8561
3712
2076
4822
4133
4238
11894
10497
138
44
10890
7819
8825
2373
6498
9639
6537
11608
10120
8005
4028
5709
1073
3852
6130
7879
853
6935
5953
10859
5742
11017
10123
7859
2056
3339
7215
7571
5202
4429
5596
8670
9661
4540
6299
9390
6860
2420
8072
7444
4473
9063
4833
2737
5812
3959
1692
93
2109
3492
7544
9139
1441
1308
11022
5657
4932
6027
312
3949
2970
10503
9807
1672
10326
11210
5227
1403
2192
1688
2004
1499
8614
2129
10554
1998
4714
11453
2836
9821
5316
8556
7510
11075
11257
7453
7498
415
4912
9882
3008
4602
944
7804
8397
8474
11626
4312
7394
8335
11739
