5828
10175
6033
11790
1591
10294
4746
3749
893
11042
6992
318
10877
6072
5849
6061
8213
3075
11820
8424
9810
11558
10757
11795
10573
9842
6462
11528
666
11457
8372
6208
11079
9843
8611
9465
3996
7254
8084
2953
3076
6255
4841
8847
4114
11705
9359
1619
11234
955
5458
38
6273
6925
8090
612
9556
3748
8836
9530
9812
8532
190
4854
1282
73
361
3839
4701
2550
9061
3570
298
5801
6876
8774
1112
7930
4146
3316
8540
4807
11150
4214
10443
10203
11859
6982
5659
5687
8927
8458
641
3248
11311
6750
8895
186
545
3882
2030
4043
11051
4636
9389
5878
2071
8989
5230
1878
542
8426
1069
4770
8973
969
7512
1109
316
10927
1916
9481
10409
9179
8657
3661
3626
8995
677
1041
5795
9760
2842
9815
57
3375
9759
4417
8300
5254
11105
7809
9402
4165
3431
3069
10778
6729
11919
930
771
7420
15
1160
11365
2225
5012
9009
5536
679
3552
4936
943
7550
8074
7778
5779
10010
4722
6667
230
10004
7960
1821
11565
5144
11839
368
2039
3503
5832
597
11187
3925
6606
367
6697
7513
9651
6099
548
5974
6760
3930
4179
6023
11027
5738
9025
2967
11557
8209
5601
9432
10270
181
5785
4939
4072
458
6294
9683
5872
2728
10648
9457
6173
1767
9268
8091
5319
10327
2678
7350
3116
11599
2026
7755
8660
5613
11308
10108
10015
2400
4296
5907
6686
10132
5710
7936
9206
5485
7804
8106
8998
10370
383
11338
2384
1217
1607
4866
3895
861
1502
10156
8889
9438
8619
6789
6290
11748
1208
8615
8188
8576
8793
1147
8184
8366
5294
10959
5678
9413
9647
11509
6363
6888
10598
7939
9355
674
7910
3498
4788
2433
2635
2489
6935
3767
8403
516
11492
11490
286
593
1188
6971
10206
2751
8361
2694
9866
6293
10826
4594
9800
4461
8260
3989
7985
11520
611
4436
117
4992
4824
6512
9367
6479
862
5732
8631
1104
1792
9897
2814
140
6861
9813
4524
9051
3393
1963
8707
2123
9851
2278
9536
4625
10231
8687
3686
1197
10897
9515
3151
3461
8681
9751
6250
11194
11132
7380
4118
9113
3216
4893
11893
2148
7293
9238
3744
6308
5649
6336
11926
5251
7902
1292
6092
4796
2951
6364
1943
11080
2033
1617
4851
6819
9339
3152
8546
694
1992
10073
1001
5976
7393
4335
706
42
10900
2416
6224
7951
5833
6362
1252
7261
5595
826
831
175
9624
5092
2942
6047
8180
8661
11028
3001
158
2540
5032
8748
240
6821
4263
10313
6800
8759
5733
7541
7747
3172
1912
1968
4295
3454
9955
6911
5060
1051
11082
3501
7220
553
7739
5356
3887
905
8639
9346
9486
2974
9063
9232
2679
6246
10509
8753
11898
10531
4697
8468
10576
10762
4610
1852
29
10606
3113
10952
8141
6160
1126
4839
3264
8880
10925
8881
7534
8925
1247
4590
1804
1355
9213
10479
10995
11885
11092
7067
1391
5823
8510
1606
2156
5983
4923
3874
10069
2646
11050
10711
194
3594
4366
2435
6949
7943
5870
4819
5763
6423
11682
614
6346
7558
7995
11613
1486
9979
8168
4057
11574
2583
2320
2034
10329
4492
4438
616
566
6211
7202
8416
6688
4972
6343
6437
3869
6921
5430
2947
445
8105
7644
11133
3926
9010
11346
10613
5898
3410
5331
4832
7572
4312
10813
422
8305
4751
9
4349
10500
7171
4384
3229
4479
5262
6744
6320
6151
3495
3700
6746
3957
8294
10401
8830
11814
9929
7090
5228
11368
1268
8371
5039
2272
8102
9497
9184
5484
1114
5830
8752
11283
11459
777
6181
6103
8277
7326
7385
5764
104
5273
6896
9808
7557
1254
10712
6841
527
8273
3413
10993
6580
8920
2015
5284
8958
6327
8850
4525
9234
5213
1173
10610
9449
8255
7836
7728
10066
5312
1020
10192
11581
2973
8332
2780
6717
1097
10508
323
7123
4763
6555
10956
10242
1866
1330
9410
5445
5296
728
577
11660
2081
11319
3760
10216
9805
5046
1331
8344
8295
9304
3099
295
1946
10263
5550
9867
7321
4400
7272
11217
1886
954
2763
8703
5334
10652
7677
1113
5820
10269
1339
4089
1475
1907
10325
8917
3635
8435
7223
2235
11134
5342
511
1405
438
3023
1899
834
9745
5818
5349
9822
8148
8098
7692
5638
9122
945
4369
8592
1100
4955
3675
5288
1931
8174
2907
6630
2996
7876
11275
3620
2234
10383
4556
8299
8773
4518
2594
46
3892
7463
11830
11780
8490
8777
10157
5625
10065
11170
915
200
4966
8056
4581
6535
11821
11807
10774
1467
4393
10855
4899
4915
11387
11227
2038
1306
11758
9656
3148
5885
1578
7299
4
6958
9464
4168
9919
5427
3756
4128
10596
8614
3520
10380
4088
9862
2576
10713
4925
6995
7023
2806
2733
6647
6292
756
10135
1139
10381
785
11537
1635
10571
7431
9513
3716
9563
11022
5873
6448
2584
10795
9353
76
8474
9507
8590
2381
1479
7830
434
4392
2283
2555
2173
9833
10751
9014
1848
8123
2302
9235
6684
9888
1011
10436
1650
10888
2324
11745
2502
3342
2833
8969
9302
4619
3028
11589
5245
4721
3745
5203
2427
2126
3596
1344
8418
3232
11481
11887
5034
9633
1970
3600
7340
9247
7179
11097
4187
10349
8950
2963
9665
9746
5416
6587
3110
1086
10569
4458
991
6334
3197
2045
8801
1241
8337
4960
1639
3309
2794
1895
293
4938
4450
11791
5844
1750
7917
11186
8036
10966
9585
7484
11001
3153
4462
6793
3949
11160
2828
9674
4421
4075
3511
450
3372
4170
11526
8623
2394
6223
3572
8758
7445
8643
10379
1321
9026
5554
1871
5372
10743
10868
7525
8530
10063
11819
4552
7406
11171
8798
765
5058
1850
2721
9991
10415
4608
4180
4332
7379
2702
6356
4933
8655
3656
1627
3175
7454
6742
11650
6551
7408
4119
1294
4402
10841
8856
5513
8874
1393
2362
10739
11800
11437
5392
2389
8143
3527
4557
9039
4914
9454
4663
4710
8702
7349
4843
8597
6939
730
7488
10199
7785
127
3250
6251
5971
7158
7439
2836
1980
2446
5044
10875
3811
3500
3898
3667
10665
605
2444
9926
9130
7984
651
8160
9985
10494
1616
4173
7091
1270
925
1456
9376
8769
2285
2710
10217
2522
1237
1854
9613
9299
9430
5231
10000
3124
7423
8887
9570
8544
5459
10113
7832
5502
4835
21
705
2937
5746
11404
4672
4008
4709
8902
6242
6503
4361
1585
5807
11471
10518
5556
2092
2818
5408
1864
2291
5286
11432
4513
1575
1286
10903
5819
5903
4181
11803
4497
9100
4007
245
11085
9065
8746
4250
8389
11024
9273
3071
11545
4559
3422
2162
5109
530
5242
6561
9726
4708
10605
9644
10382
11289
7356
5031
6854
3112
9549
6562
6349
8250
9501
5529
8334
5125
4104
11797
8064
8456
1770
11399
1876
9600
7990
10805
7616
2179
1677
9448
7886
3362
10562
7850
10682
2564
3015
4900
11195
9006
7036
7332
6165
6447
770
5483
10912
6333
8026
2040
10221
702
8827
3875
7251
4726
5672
6510
6330
8587
558
1841
11253
8882
11005
2311
8163
9366
10659
3010
10050
260
10068
5385
11111
11596
4156
4946
2094
8069
130
3951
4247
6483
11152
9795
3789
11059
737
7234
3761
7320
4731
9008
9667
1973
9319
5575
2798
1828
2258
7788
3032
6600
1426
6701
11550
4150
7331
11124
2602
6805
8839
5516
1987
3920
2745
10173
9260
3344
6238
2914
6172
3331
4051
4651
11585
8653
7106
1182
9685
10467
596
3702
6863
7522
11429
201
4503
1073
5684
6
6274
3618
3323
10288
5924
6102
3053
4969
876
919
7631
9928
7411
11084
2504
8526
11420
6419
1598
10524
6253
8981
1865
448
4242
6000
676
3424
6121
4249
767
8002
4123
11787
3557
628
9763
10580
9135
5351
2848
9451
4611
8632
2305
10982
2601
11435
10976
6947
2474
9799
2006
8442
6229
503
9506
5494
6299
5465
1343
1046
8894
1365
4241
5177
3531
4270
13
251
1302
661
358
2265
324
6894
1915
6830
9278
9834
9631
4508
3909
8971
7215
8939
10211
11403
10560
1296
2549
5099
11786
10796
364
1057
10451
7113
11411
9102
4045
8678
11125
6507
2326
10742
11720
929
3822
7608
1199
10963
6668
1274
7143
8014
9922
265
2824
2821
287
1083
5185
8640
9696
4765
3478
680
56
8190
4286
3247
419
2572
9245
897
10892
7163
10933
2754
2049
4020
2370
5283
780
9974
6804
5916
2519
1012
9020
9444
2257
103
8112
5791
2902
9474
4567
1398
5995
2069
9225
703
10028
10055
11493
11015
7473
10499
6832
10434
6298
9141
4279
1014
6489
5889
6003
3703
5838
9611
6643
7281
7489
10528
4091
4809
11000
2091
10738
4078
4258
1047
3516
3288
6591
10836
4814
10681
2155
7766
11506
642
6731
1363
8367
10155
2852
8050
5590
3710
7032
877
4978
7731
10298
7372
5078
5979
7482
3695
5848
11120
3050
9114
2309
11560
467
4520
6820
6397
5970
2066
11476
7436
3243
1045
10537
5734
2681
796
4428
2940
11256
10075
3356
10222
8034
9806
1837
1724
4778
1129
1259
2908
7628
2012
2887
7506
3977
4592
8351
11547
5829
5949
8945
8488
7783
10478
6276
8125
8791
3218
3714
9601
10759
3412
6858
5172
6919
5730
4076
965
3368
11220
1285
6987
9201
9825
1564
10954
8816
9221
10259
5227
6024
588
10748
6808
3505
7128
465
2078
10669
10664
1196
2541
6002
11769
8398
4812
3300
11294
9718
2275
10006
3481
9735
3793
3260
7199
11605
2639
5816
2196
11831
6660
5115
8785
7519
5268
7076
6892
5666
4024
242
508
5165
7977
6572
7828
2979
11777
10637
4572
975
5722
11752
1896
1958
6790
5449
9827
3105
5603
9965
7638
1123
4414
9816
880
8677
11681
2889
1318
10433
512
6417
8272
5369
1063
1403
8662
156
7462
8507
6996
5689
8672
3804
2875
7144
2297
5357
9826
237
7915
1776
9982
5207
10290
10016
10884
9030
11489
460
8058
8599
8481
2088
4584
3576
5444
7201
97
2087
6366
3765
11841
430
5799
8636
9453
3437
619
8771
3731
4469
587
10483
11094
3029
3225
8846
6961
161
7791
5790
11672
8807
8045
5463
3049
6150
7571
5524
6177
8779
8498
2860
11463
9818
4198
6430
6594
966
5651
1382
696
9931
644
11478
1220
1732
11472
6470
5755
5691
3580
69
10001
427
1432
6864
6387
5370
6456
9708
11419
8436
5041
2327
4787
4937
2313
6405
825
2147
3210
9341
305
7815
2660
1745
3598
1945
10126
11844
9023
7312
2988
6532
195
11255
6964
1225
11363
6867
6076
4585
11756
2277
1080
10668
1811
9915
5717
7248
8757
2482
3489
10449
1707
6536
4339
11514
3266
7135
10893
10284
9475
4882
555
2661
10471
2800
6505
4464
6245
3381
398
8100
10862
10717
5716
1718
7982
10775
8061
5409
1577
1559
10504
1179
8354
3682
1655
4324
8841
425
7907
1609
7064
4639
2372
5608
10344
3824
11164
4970
11373
5780
8140
11728
472
537
6394
2674
5005
7288
10626
8179
6386
3899
2083
11784
5629
5835
3585
1719
10710
7020
4203
6676
11873
4734
9174
3034
10144
4251
8307
4064
10797
5576
2314
3698
2181
9236
10116
3546
1508
10663
3365
5218
7586
4229
9164
7540
7353
11577
732
10691
2982
11527
8843
2840
8010
3672
3680
10997
9618
8324
3724
3312
5731
3966
8427
10185
2198
5602
1817
1703
109
1255
2954
10040
501
5840
9870
8282
11697
10360
8953
7569
6898
2633
1952
155
3329
4448
6455
5845
6463
3485
10965
7668
2886
3595
2911
3821
4315
8005
9210
4416
11533
232
11761
9003
10550
7630
11631
11168
5942
8960
1359
7860
2851
30
11267
7369
5339
10820
1833
11265
3043
11899
2397
9272
4850
11582
6241
10957
754
5934
7166
575
3292
3211
9208
8828
6890
85
10308
1079
8588
9584
556
4579
10496
9797
9244
4998
7483
7442
3591
1029
3534
7730
8733
3692
1233
5662
11436
2608
9145
3611
160
7800
11329
3843
6279
5307
6952
7170
7114
11702
2552
5975
4225
9883
5205
6321
4239
4795
9743
7037
1205
4582
99
1594
7914
1161
2050
2473
6420
8399
8693
1081
9079
1608
626
2899
3357
7277
4306
733
2269
5811
819
7717
4116
859
1218
9124
8796
5874
8551
10969
380
3939
2711
9739
10885
8786
2960
11607
8276
6559
3507
1265
10448
4948
5111
2099
7479
4446
1271
10019
1529
7767
1540
3238
11802
6866
4280
3639
9645
6272
7219
1669
2856
6703
5272
5462
8320
10261
11905
10998
5153
5127
735
143
3919
2630
3118
2310
833
9279
139
11114
11324
6288
9229
9248
4927
11004
6875
1628
2019
8705
7451
8911
9662
5537
10129
10758
5609
399
836
11107
9117
3282
5518
11130
11464
11359
10786
8742
6954
387
7920
10099
9443
9086
625
867
9310
7825
9934
1034
8292
3777
3838
7265
346
11522
3416
8499
3144
7001
9524
10286
7174
9378
7105
2704
60
5432
11566
4432
11406
1242
9019
2349
3056
78
7334
10792
2378
9520
9658
6066
1612
11376
7496
8343
8423
2880
8175
8630
10773
9788
11014
11272
7216
3530
4054
8533
1624
2648
9336
7735
5083
10456
10546
9984
5693
5274
11122
5314
934
1227
1378
4206
1275
10260
7518
4743
4475
7052
11091
9571
10559
7432
6773
1691
10975
10332
627
5388
11929
9397
4373
584
8641
6912
1913
11664
949
7868
3432
1550
10403
1191
10264
3755
2353
5035
7744
2171
8428
11855
7797
7590
8258
2128
2760
5654
2652
11128
7096
2689
2189
2793
1322
3474
4562
2203
2403
5436
2160
3871
3427
7812
3354
7491
281
6578
8286
11401
3090
2336
11876
8656
6831
5937
2548
8646
1033
5978
6182
3918
11466
11689
4124
7841
8149
11146
11209
5726
2241
2709
11316
10693
6109
4484
9595
4637
2472
499
8012
9194
2582
11587
4291
2395
9251
8908
4166
4196
11166
1740
11388
5047
2098
1449
61
1308
1257
4926
5011
8208
6494
7204
7058
8386
6108
4791
3912
3769
9873
11645
961
7016
3165
940
7776
8478
8873
1236
8690
9111
3333
6579
4378
4235
4606
3011
4792
10047
3905
6651
10184
7402
2575
4748
505
8669
10881
7026
4004
2415
681
6848
2891
7294
3938
11677
7198
9429
5546
3078
2620
8712
3902
3200
3173
11628
3358
1413
6928
1956
11829
519
8736
6752
6439
1684
9321
8007
637
3136
4797
7639
11053
8682
8164
8484
6951
309
4468
4657
9846
6085
7881
9896
5068
2762
7205
10936
11019
8535
1155
8440
7358
7822
5094
3805
10312
5289
5747
11214
7772
2556
9219
1941
5419
6637
8931
10468
4769
5633
1058
9875
1768
2369
11567
4328
4320
5118
6239
189
147
2631
7978
898
11232
8780
9276
1743
9119
813
10501
9054
11089
3346
2739
2673
335
4965
6383
10491
3239
10943
3533
9811
2926
7831
49
9878
5827
9387
11502
2031
11783
9101
2718
11603
10338
1514
2636
11731
6698
8325
6207
2332
5340
233
9989
10096
6568
7475
2507
10782
10399
10051
3339
11385
7908
3091
1125
4667
10910
7176
6659
11344
2589
10417
6202
10603
10763
8778
2365
3104
7660
6392
8487
4539
629
2259
689
2146
3171
3569
11155
7794
572
2750
17
7723
8538
11805
1422
3915
8269
6906
4976
4908
8767
4381
9752
11864
10781
9347
8311
1697
4003
1319
1734
10630
6908
9073
8756
7579
7875
8362
7725
8838
6100
2130
7780
1315
5606
9505
7705
2053
9080
4105
2789
3536
10736
3653
9150
6037
4159
5571
11636
11210
6840
794
8297
11030
6461
7022
3146
6328
10723
8338
4538
5927
8571
2441
2075
1383
10790
5290
3806
5038
1336
1445
6152
1576
9747
7068
9914
10719
3863
9695
5871
3277
11012
7903
2062
3120
2829
6300
3735
2642
8613
3479
1354
4474
11270
11443
3370
4902
5748
1146
10821
1496
8166
6823
3523
5569
5366
3994
6588
6658
7161
7552
5113
9844
7239
2456
5352
3544
6975
1488
1388
9263
8891
9544
10070
1868
3145
11811
3857
787
9214
170
6197
3155
7887
858
7837
2561
2054
11293
3038
7057
4224
10283
11421
9420
10030
11721
3936
7099
894
6180
11732
7157
191
7941
3394
2508
4377
1524
2488
1902
7029
7249
6638
3646
10696
9324
8667
401
5197
7292
8647
4352
7885
8025
4699
11600
9140
11197
10699
336
11424
9256
9188
7749
9249
6934
6059
10183
7374
5626
10258
11193
2600
2696
2932
3470
7172
1061
2580
6914
4355
7231
466
2017
1984
5774
1909
11612
11556
9028
4169
10095
10703
9912
10453
11671
6674
1951
8852
3859
4336
4501
6114
420
8814
7734
304
5570
8161
3295
7382
10052
6839
215
8676
6034
11190
7456
7996
9574
250
11477
5114
11914
5686
7963
10737
7949
9204
5510
10534
4351
924
1962
4511
7188
4752
9956
7613
385
3888
8479
3772
9660
9698
1341
3094
5932
11386
7268
6844
7140
1615
11448
1495
10878
2464
4441
1371
4659
3059
2795
4571
11727
5443
8454
6920
9035
2892
1154
7226
11167
808
8409
4888
1836
1328
119
10890
8665
10631
7444
6188
1394
7621
10587
4605
5098
664
3111
514
11840
2563
6081
686
550
3494
10021
7970
2697
6754
7125
3608
8316
10105
11169
9619
7296
11891
11627
11609
4577
10311
2705
8659
1933
8760
10410
3819
3103
3252
10346
9381
7011
11729
10522
4934
670
10960
9097
10171
4957
9412
2628
10765
5304
5957
51
4476
2737
1904
9172
1301
4112
4172
4391
2568
8087
7118
24
7547
4732
9445
2931
11
6626
6910
8462
9112
11009
5888
7893
11068
7109
6016
339
11431
10218
2723
809
11922
11629
10109
6649
4018
2201
891
5673
6058
9373
971
8475
7149
4868
4565
1763
2117
112
7595
4084
10798
8589
4205
9446
5988
9128
7460
7874
11663
5244
2553
6629
10421
141
6885
9281
2484
10644
3463
1552
10864
1680
9598
9323
11749
3896
7258
6764
6104
9237
8963
10003
11326
9807
3433
11823
9664
7807
9345
9716
2016
6410
10080
6260
8494
5767
7441
2805
2267
4139
1070
8265
11616
7323
4996
986
4488
10640
8835
659
2298
10554
4760
5192
1473
4269
3914
7861
10529
8235
10343
11362
3163
9351
5389
11866
10983
8482
5179
7871
3825
54
2895
9657
1384
1452
2935
5574
906
7208
697
5395
4341
1975
10337
1572
1295
4961
3513
11736
2377
6806
2268
10487
3987
10840
1439
6616
2364
9383
2883
10114
6884
4079
6743
7926
10268
3289
5933
2307
887
317
11374
6005
810
7389
8789
9959
22
2688
2438
9182
11654
1345
7661
5986
977
5913
4773
58
1215
10376
9027
6491
3486
3406
8855
3584
83
7948
3217
2529
9581
4053
10187
9925
6111
5577
1662
3268
7665
7849
8982
3403
11555
2858
4768
1890
5247
3808
1482
2912
6082
3904
2421
10404
9531
10244
6048
8710
10002
535
1028
5067
10972
2606
5390
1937
6881
255
8603
11499
10623
6826
9659
5198
9155
1520
5865
8369
11341
5737
7521
3147
6689
7604
9992
6519
9609
8130
7504
388
10092
3293
9932
4665
4783
3035
1230
11098
9461
7687
2047
5944
5026
918
1651
4297
11485
8652
3973
11768
2767
7315
7511
462
7679
5735
8414
3532
9767
7400
1595
4171
312
3311
10579
8019
563
6265
2813
8266
65
6453
504
4781
5018
9920
7417
9395
5637
7250
11877
2166
8317
6511
10465
2219
8685
10228
5589
4471
5072
10728
9411
1983
4037
856
417
1416
2742
5130
7056
9661
3143
8247
6305
7183
6927
8717
8261
7437
8374
9370
3336
3469
1699
1706
4516
11497
10871
722
10472
3188
7224
10251
5414
5149
7911
3934
7601
8473
7973
4367
6913
2104
6403
8146
5326
11470
9775
4767
4747
741
5548
4049
11649
2282
2304
6736
10484
1905
2927
2518
9441
2289
5883
10240
8355
9195
11505
4276
10238
6454
725
10447
3221
11906
10730
11601
3517
4094
3834
7562
5280
3571
2096
199
1055
10147
3771
8054
2119
10540
11188
1459
11725
1210
8030
4330
896
6393
7763
7110
8642
11138
4017
4282
3736
8558
3933
9778
5558
4829
3818
4790
4894
3046
7549
11377
1093
2449
668
6123
5610
8956
9692
10845
9776
8991
10488
10287
3870
2957
8169
1505
4655
6843
159
5980
173
6213
851
792
10093
34
10314
2640
476
486
11447
6592
3942
7065
4901
3684
3031
6602
8182
4093
1955
50
1111
5141
4086
5482
5711
1224
8162
8063
3965
9000
803
8721
10273
7696
2158
3861
7121
812
4523
10141
3659
6681
4555
9942
6769
3009
3849
4635
1882
1604
1454
7715
6041
8516
1998
5682
4714
3782
11825
8700
6355
9491
4646
10677
5059
1349
342
3844
3638
5677
5841
1867
9884
8070
5639
11398
7103
8373
1872
4907
10100
6862
3967
9819
6074
3074
10059
4706
43
1586
1589
2834
3728
9431
4100
931
275
10985
1074
5219
4540
814
3418
10323
7247
4041
8811
2356
11871
10267
2020
8694
7782
1808
6772
6043
7418
560
7672
5184
3579
1960
4311
10503
1421
8322
10568
9085
1380
9981
11461
1761
1310
4975
9869
5460
3079
8132
6782
838
4301
8348
8155
3378
5096
11172
8296
10020
4535
4326
9163
6740
3141
9362
8412
11813
10709
3622
6282
8121
9831
10794
8489
1357
10441
9632
10280
2248
10044
10907
7727
11031
10768
11174
5906
6384
2358
2209
5821
1094
11484
3471
9134
1489
1471
10988
7691
6692
5162
4420
11245
1118
2321
2074
6402
10777
7233
10301
11257
4376
10359
7821
7132
8394
9756
9572
8505
10788
8978
5758
10128
10700
3209
7587
9031
9999
11077
252
1738
10649
9655
11562
8460
2904
1372
2503
6709
9849
3093
2188
9306
1180
1279
3386
204
3284
5378
3759
5643
9422
8755
3856
7342
4385
2670
8788
7652
10191
8832
8500
8684
2841
6475
4477
7593
2419
6168
6257
5619
4157
8434
7360
2113
3231
6195
9608
4399
2971
4822
2803
477
8727
10590
7088
7979
10104
1013
2690
9670
8415
11883
8037
11510
11692
5265
11271
10514
4761
10041
4346
6548
843
967
4928
564
10565
1311
5259
2570
10223
3396
4424
7107
6940
10027
3310
3609
7818
172
1239
7686
7625
3468
4010
6135
902
5266
8038
3077
5040
356
6531
8406
2226
10172
9186
4929
3829
1248
11228
70
6353
106
11296
1451
11442
8453
3193
2969
2882
11104
2933
5003
11739
3255
6534
9433
1162
8040
1727
9108
3550
3047
4398
4099
3408
2567
11849
7847
3551
1826
4470
4617
9755
4558
2692
1880
8863
3429
9627
10833
781
5075
10256
5859
8114
757
11192
9761
3475
5364
10032
7344
10405
1460
758
6176
3180
3952
3291
1510
10740
2299
1190
4811
2337
11564
11345
8550
4162
1433
10861
3283
10151
122
11211
11778
5585
1065
4152
2662
8051
570
7347
4995
8951
7184
9534
7913
4649
6708
3366
188
6565
9147
5188
11309
5712
6001
11889
3651
1815
11806
6877
11321
9470
6633
10815
9160
11708
6466
1563
4776
5112
174
11126
8577
9913
1547
409
261
4490
1829
7823
5089
3582
2859
9569
3986
9330
8739
11320
7806
2528
8275
9519
4598
10087
274
10462
2897
9001
5381
2422
11328
6136
6541
3894
2490
11116
4993
4671
691
2910
1455
6756
3963
9165
5001
3784
7997
10706
10428
6801
5281
7252
1198
9161
10793
1517
9750
10791
7554
935
11113
7918
11225
3060
9859
10686
5411
4951
2114
4668
6517
3451
6571
4959
1043
10520
1671
4675
2208
4895
3379
7563
381
10495
9604
3400
9407
9952
5248
2398
8314
957
9409
7070
10149
4930
11452
11611
4431
7283
7355
2194
1021
5720
3558
4983
5126
5124
2106
9541
10237
9384
8737
9104
959
2242
6117
2649
9498
3219
1930
4022
7690
48
7598
7835
9181
643
11706
1466
10400
8109
3065
5503
2719
2409
8541
10154
8974
10593
11258
10215
5909
8626
4143
23
4491
3993
8249
9879
471
2722
9202
6028
7256
483
4300
11323
6907
6348
9452
179
4058
10764
5582
5167
8977
515
4375
2726
4630
10828
9175
3886
8993
4164
837
1710
10233
8216
9309
4554
963
8218
1823
5139
1015
2962
2999
10729
5812
5869
2956
5614
10426
6590
1314
1588
8078
2521
9754
9253
3102
8625
9050
2249
2192
9923
4897
5311
8217
8579
3439
3389
5640
1127
3360
9669
11011
9789
2330
386
347
10362
6809
791
2172
10916
1994
9288
10282
133
2588
6010
2787
11205
2003
1667
6473
8413
3648
2799
933
1176
1623
3237
11273
7028
6774
1332
1989
2013
7474
9478
10226
8986
11307
531
2734
3106
4615
6716
5054
10702
4305
3781
1922
4530
1342
6634
135
4658
5309
2801
4252
4423
5756
793
2876
3044
10469
11683
5908
1168
8336
6613
5674
4126
766
315
11642
1666
1982
1481
11392
7664
9262
5615
11719
1974
11630
10072
5424
6478
11782
1929
6233
11199
9209
8027
3415
724
762
6450
5023
10624
314
2043
6064
1148
9059
11818
5728
9576
7089
8035
3464
7078
920
11046
10212
3615
4676
9605
5803
1166
5116
6985
6768
9233
2980
8232
6599
9623
9099
1379
2374
2124
2044
11115
3990
1417
3943
3054
1689
10608
475
5168
11034
3522
205
11141
11407
7060
3488
9728
11456
2944
9252
9635
8776
11833
1629
8327
3373
7464
396
5565
6677
473
3962
5579
8813
1222
1444
4988
5789
3867
9744
8831
1971
4780
6227
4055
5616
817
8119
9567
7386
11221
3004
2492
4333
6581
10482
11237
6045
8395
816
1757
4820
9590
8954
5235
11657
11239
3319
11912
5506
8552
6575
345
11340
1822
3732
6608
9542
2843
9270
3130
883
25
9836
10266
3670
672
9222
5890
11764
378
10909
10442
667
11061
5391
1361
1298
1672
6500
10945
6471
4578
1005
9223
6283
7308
2921
8270
45
8849
8476
3574
11414
7164
2135
8860
11588
3240
11349
7946
433
2342
11117
5062
4702
1920
11157
2983
166
6696
6474
10951
6610
5377
4740
2264
707
3039
370
7615
4200
1440
10939
332
1972
3715
3067
5282
6486
9125
9930
3614
4135
4014
9328
9545
6162
7044
10480
6025
7869
7967
854
5559
9529
3852
8944
904
6741
6301
2318
873
11888
7290
4588
720
2308
10922
4456
9424
10281
5291
8875
6206
3242
11640
11274
11733
11119
3270
646
9354
5676
601
8124
3006
11223
5624
10043
10563
6727
8193
2837
2656
1434
8122
9228
1535
10352
8542
8254
3421
3726
6161
4758
5544
6712
2205
343
9033
5135
6133
6948
6803
10516
3575
6326
9403
9589
3519
5787
4766
7313
7487
11173
5967
4852
10625
2943
2491
4604
3000
11423
2758
11886
7339
2462
11622
5399
11347
6778
9565
11679
3101
7013
3222
9365
10219
8819
2457
362
5950
6124
7
8800
8514
7900
6953
2532
7689
2650
9193
11058
3601
1231
8241
11763
3189
4451
11473
10535
6981
2727
9671
489
3619
4338
1258
11372
4628
4347
8884
3940
9791
10377
3205
9586
1049
3627
1431
9110
11746
901
8905
11251
2453
6112
10397
11408
736
2029
6926
2978
424
5517
410
7141
2414
5102
8158
7478
5964
3697
5912
7503
4742
9621
7589
2292
10530
9363
4952
1687
4603
308
2881
10928
271
1140
7777
5355
9781
10278
1443
9948
7335
3865
6248
40
8047
8304
7605
7387
7764
4575
5592
7458
8028
3139
7568
3
10038
6487
8521
5146
7983
5564
3419
5681
2731
10078
8598
10802
693
10176
8674
6869
9053
7301
5593
8024
10589
8878
148
6035
7891
3663
1151
5543
748
10799
9740
77
10547
142
9338
6331
7127
10193
5837
8620
8303
8062
8191
2811
1641
3746
7218
6323
10392
1810
11238
5170
1924
7722
10810
11231
2115
10186
3087
7092
3131
3709
11153
11003
1018
6357
2390
8215
7117
2717
11235
595
2759
292
5
7904
2894
4069
10827
764
606
4033
9357
6128
10262
10322
8437
1193
3753
1523
1568
9821
10906
10498
7039
11444
4887
7596
5365
5607
2325
10326
2169
11083
6795
7182
5930
2922
1735
3149
546
11881
4599
4673
7580
10824
5665
10830
6700
6271
10188
456
3586
1084
9734
9282
11651
1267
6942
6663
6482
582
9335
10416
9508
10990
8108
4219
10684
11361
446
1944
3285
228
1387
7884
2348
4230
493
11285
9198
8770
1554
7919
11932
3851
3924
8522
747
2341
1997
1526
7384
165
2140
1853
3548
4473
5587
11109
8935
8610
6132
4019
1670
585
9725
4984
2644
214
6833
9042
11071
2680
8397
3158
3462
9898
8370
2294
11381
3207
8203
8081
1103
5429
9617
2266
7813
8892
5223
108
9078
7685
6119
91
7634
8095
5354
9796
6477
10317
4759
8574
3220
7124
3465
778
6870
4323
3012
150
7501
594
9036
9242
6859
10725
6411
4541
10662
7407
5200
11445
769
7469
10393
10929
177
4883
7545
3198
3208
8528
2748
4545
2084
8099
8795
8060
3045
4531
11412
10772
909
4077
4463
3490
3315
11584
4654
650
7611
1739
5000
9056
1646
832
7359
9144
5186
8448
5642
7500
2658
3353
9748
8313
10859
1519
4357
6990
6235
11638
9197
11513
8452
1873
4386
1622
4267
6822
6193
3917
5384
1187
7309
1036
7751
2218
157
4485
6607
5498
7947
872
1038
11446
6118
6757
11139
6617
1562
10014
4486
2360
6556
4085
9749
4350
11656
6316
1620
4002
7636
719
11832
7419
2018
10506
2478
115
10297
2468
10848
999
1195
374
1121
7270
1824
1917
8142
6784
3798
284
4749
5181
11041
4859
2220
5561
881
9874
9877
11035
8443
3129
7492
9187
10647
1054
6582
9483
9727
8928
746
4228
171
1652
5861
1245
729
8595
4696
6163
9967
8554
5394
1893
1879
1091
6693
5528
4666
1116
7931
10527
7544
10254
8170
1887
2672
5270
1640
226
2774
10645
8267
9169
4452
6609
8245
9764
3251
7424
8065
9399
5123
8713
2544
10005
3978
7146
1874
6234
10852
5379
4968
2359
9885
6570
11218
3350
786
6291
9977
11635
7311
6574
10837
8089
404
1400
2820
10121
2533
11504
10816
6285
11065
4678
1636
5519
7559
5650
6662
11474
11593
4087
1683
2581
3555
1450
4268
3968
10999
7485
2557
2042
6851
687
6087
2082
11834
5724
4134
1078
10265
3447
1783
3359
294
1914
6999
11634
239
7494
5295
871
1333
11422
479
11570
821
5345
6799
3545
751
8345
5428
663
11129
7245
11669
7629
7151
3564
4487
9988
7364
5929
10592
366
8439
11917
3321
8938
7944
502
2609
8171
7520
89
9074
10460
10814
1611
7732
7588
11108
5568
4896
2725
5495
7003
5777
7066
7405
5886
8376
569
4870
5940
7119
7007
6543
6485
3334
6395
6625
1399
3512
5647
11384
2109
10823
5936
402
10667
3923
6853
9594
10873
9652
6295
10049
1077
10974
10769
5450
5055
1085
4623
7752
2853
8497
8211
6106
149
9190
4184
1390
2579
11703
4864
4713
2735
1040
8923
8862
9510
8638
739
1527
10941
321
7377
10335
2686
4129
217
7862
711
10198
4271
6141
4289
3812
2103
6802
7390
5831
3956
11241
2170
1493
1530
6516
10779
11579
6359
5405
152
7130
3837
5343
4120
5063
4638
9471
4358
4685
10432
10557
2499
10886
469
4383
9517
7230
125
3019
11625
3524
7307
5772
10207
6148
7561
7053
2014
1969
8961
3040
5762
490
4845
7197
1581
4307
5360
9259
8633
1542
9733
759
11427
5275
9369
1269
2460
52
3484
5533
2486
6361
10905
7241
8076
4806
7006
6619
5696
8080
8658
2872
5507
6125
1453
6205
5805
10685
6545
9267
6901
6702
3128
9909
4876
2558
4117
6488
6029
1477
11850
5854
2822
8992
3262
2593
1395
4728
9579
3409
7073
4745
7014
11880
7357
10770
869
10555
2909
11216
6044
10252
1052
4737
1142
8086
369
11928
6324
7049
602
457
1446
10195
4154
3813
5813
11897
94
8794
8932
5475
5667
5630
1869
10915
8790
5238
5877
7556
3814
11511
2407
10639
1009
10024
4798
9732
3014
1532
5472
1468
8017
7721
2714
2509
10856
2986
2086
952
11828
11536
6319
11835
3265
11483
6959
1592
4127
1686
4880
10169
2090
7361
2543
9423
6237
2510
2276
6807
6941
5588
9308
2396
7858
5939
3337
5770
2647
6190
11771
9518
9022
10420
9697
3980
300
9075
4733
2655
9327
6281
10817
4878
5045
4564
7310
11836
2404
4319
9672
5103
1805
2136
3676
6567
4974
10950
2229
59
10901
167
3873
11594
11438
712
4036
7177
10054
11449
36
1803
10819
4110
6277
10984
3847
496
9678
10633
6068
5721
6050
598
8335
6228
1690
10013
4738
6089
4199
7397
9148
11680
297
5896
6691
11741
3606
5488
11896
4482
9131
3125
1883
6318
1353
6929
2355
4035
7336
6032
441
9830
6515
1597
1954
6337
2215
8621
3401
2175
10389
533
7244
6553
6302
989
7932
326
11290
3140
4616
1626
1838
11794
10102
4652
10387
6880
5107
6374
2637
10213
1002
8104
6945
4344
7019
4273
665
4082
6974
8359
3669
5232
3828
11409
8583
3504
5433
2603
3117
9250
8934
5413
11501
539
5773
559
2475
3853
9274
1483
2615
377
1435
3187
3085
9927
752
11284
1167
7515
2884
10413
8323
2747
4348
6186
10671
5989
4500
10375
7211
1320
1533
798
2666
2202
2845
6240
4662
1480
6573
1781
9638
8271
8525
9790
5709
6389
454
8745
1099
8651
10753
10124
10776
10411
1338
4256
1908
9200
4626
11659
8723
2865
11878
6695
9527
9087
11765
7853
532
5027
39
8979
3215
11860
5618
3304
3664
5996
7527
2879
9180
3630
7046
2448
132
10048
8176
268
5199
8864
2965
3722
3747
2866
2869
2165
10371
3678
8156
1891
8806
2917
2481
10980
2405
9566
510
138
7576
3960
7351
8483
10111
66
11250
1368
2452
1569
6270
7246
6219
4945
8948
4762
6977
9185
5024
2095
2810
6225
844
4963
6146
1281
1406
7300
7641
1469
9439
8886
875
11500
8378
3482
2736
7242
4775
6583
958
3568
7872
608
11417
11006
8291
1647
2945
4744
4800
2621
4074
3377
7945
1702
3135
184
2966
9255
3773
3677
9880
541
4210
4534
4425
3774
1755
11380
9291
10987
9597
5341
449
341
6596
5992
10842
5769
5140
7709
5578
7035
5380
4071
8055
10834
4304
827
1243
10656
6563
10315
5899
9126
7965
10202
1207
3003
7162
7649
2057
9694
1106
86
10385
8153
10241
10726
6105
10570
9753
9151
1832
4515
491
2671
5853
11710
3872
11110
192
1283
5965
3893
10076
10289
10981
11268
3048
10138
5480
8118
10917
3108
5437
1056
1232
2667
11018
2167
6767
3995
5742
11623
11322
9687
3119
8239
3877
6039
10200
1948
8228
723
9904
6849
8022
7564
7774
3245
5257
2566
413
8818
4756
16
7018
11088
393
11075
6167
11488
11569
3290
4771
2383
9358
5958
10680
3645
4527
4847
2835
8356
4813
9551
11712
8821
10232
2893
9421
10090
2863
4102
10720
2867
3969
1851
11894
254
1673
1287
1605
1024
248
5300
8129
5240
6972
400
2217
11070
7712
7618
3704
5706
8
5400
4293
1631
7906
6440
2984
6131
4669
6261
4365
709
4073
1999
7972
2371
1419
2712
10481
3953
3850
9905
8622
9552
84
3206
11178
8987
3472
11661
4080
10607
1134
11025
9911
6781
2458
6101
5361
4257
75
4368
3577
8628
10351
1543
1170
4356
10350
3885
96
4050
10582
9298
2684
1863
10464
5846
7452
8561
7669
7318
272
6513
4388
6421
3051
7867
11332
5328
11867
10731
621
6665
11561
4935
2317
1788
5137
4246
5750
1630
10455
7676
9392
6506
4183
647
9890
11348
10373
5234
573
7693
10293
11100
8357
2239
6796
5134
2067
9239
7235
5804
6380
518
3496
9364
64
4560
495
6020
481
917
6623
882
6254
1964
8679
849
114
6201
11261
4853
3322
9622
11136
9371
11002
9684
8761
7789
11882
1397
983
8688
8194
3026
3261
4494
10839
4799
8868
10209
11770
9640
6873
3640
11762
4591
2930
10865
10372
9958
9939
3836
772
2676
692
9199
3364
10698
5306
6628
11054
5049
11047
9829
5208
145
6350
1075
4092
10295
2538
3720
1280
4132
5025
509
7191
2746
822
8999
8318
10457
9780
7138
2864
3681
11395
3971
10034
8248
3430
5620
11038
10525
6078
2871
8339
2168
4261
3276
8278
1499
5596
620
5822
6492
2233
8593
3440
549
1223
890
3414
6179
3687
645
7536
3890
6787
10082
8469
1897
5977
3202
162
5935
9620
1358
6084
7210
7448
5061
2997
3543
525
11751
5104
4001
7147
9646
7260
9191
319
3157
2483
6814
2847
2598
7038
4879
4786
11351
118
1705
10883
8480
6622
2955
10279
2846
10161
10595
11375
3301
565
2749
11722
1463
9390
9769
4031
5646
5448
5825
2243
1731
5065
9325
8513
3281
10140
4777
839
6053
9477
169
1209
10536
3737
87
7566
11023
11532
5761
3906
9950
7203
11675
9418
1663
10991
1881
4145
7864
8606
6120
2946
10676
7819
9428
2466
3114
10009
2918
7647
5938
5500
5605
11541
5658
8346
8972
5852
3565
9284
3780
3088
3864
4495
6012
11033
8627
8872
2812
1478
7817
3178
589
5420
4753
988
2434
10672
6009
4596
8446
9557
8543
6766
6429
4046
8396
3553
6145
10179
4924
279
6287
6391
8391
6312
1411
1053
5915
5792
1800
9742
8735
583
11494
4985
6569
3655
8230
11369
1774
6721
4837
10046
277
11295
4370
6129
6057
6231
11010
4408
9011
2995
11608
4442
9426
101
8021
11040
1762
3256
10844
11676
1986
4987
3332
6441
3435
8556
311
9560
7517
11691
10904
35
10532
4262
3561
8714
8110
622
1794
7348
10408
2437
10444
2654
9496
10057
9040
8029
2885
9782
10245
6424
1678
1593
4958
1284
407
3404
19
9766
10246
7314
2380
11801
5376
2501
8919
506
3605
7699
1729
4717
2144
6040
6956
3449
2796
9230
11904
187
2695
10227
7365
11738
10134
2804
9049
10978
9886
10485
7295
10177
11367
5029
8962
8042
5864
10435
802
2206
3931
1860
11487
1309
11546
8326
2027
1219
5132
2459
3848
3950
3428
9626
6214
6726
3937
11325
9889
8805
9007
3801
4334
3696
1119
5663
1500
5216
1340
9700
421
4115
11847
11776
3573
2085
9121
4015
2554
6351
11760
4387
11766
2256
731
2002
1350
5631
1092
11262
5477
11809
5839
6493
8673
2808
8937
11479
4405
2331
11064
7992
3976
6382
7523
4645
360
2536
10035
5358
10992
1506
11517
3024
4919
10174
6508
5347
7733
2700
9615
7083
6026
8706
208
1985
2961
1059
1062
9034
9261
8716
8734
1010
7880
5393
4644
11226
3832
459
3738
7403
11604
10477
7543
2316
11066
10331
2993
11302
5407
4025
10429
9722
6412
11723
4670
5224
8668
8459
5911
760
9138
8293
2925
3369
4873
7502
7787
5453
3070
8782
4459
609
9467
9707
9860
2539
6690
5263
3327
6791
11163
6713
7481
5552
9936
4027
9990
8940
1105
6252
4418
1497
6056
2461
11045
5241
10243
8431
11742
10230
5033
10705
7795
985
9394
9993
4656
10253
406
6521
3984
3233
5249
9404
414
9937
3922
4345
9861
1993
7603
701
7768
10106
8680
8848
8205
10395
11279
11331
9216
10229
3057
3650
2605
4568
3927
6655
9463
788
5206
9002
2443
397
8401
4953
7030
5727
7050
1293
6915
6798
2450
7632
10272
7275
9972
11515
9408
1163
5532
5087
4186
7592
5363
6998
5539
4587
1714
4403
4216
7217
2687
7770
10120
9158
6777
4161
5514
2385
8246
5753
6137
1784
3946
9582
7279
7498
2623
9123
5271
9487
3764
4967
1892
357
1214
5900
6071
6144
11632
2442
7964
6719
11639
7702
7472
885
5917
7923
10194
8683
3506
7762
7954
3810
3617
7796
11606
5454
908
2089
860
10996
7957
9154
4197
9196
3599
6221
5523
1289
3296
7842
7890
3343
494
10345
9220
8107
5106
10112
4419
2659
10204
2970
4292
1165
2992
10714
10715
1325
2255
9129
10119
713
107
6673
2284
3134
10302
6360
7532
5741
824
9848
956
2254
1008
4012
10787
2770
7950
3897
8508
6175
1772
10292
5749
10250
9170
7317
8888
9280
8933
9602
111
1756
1087
1802
2440
8512
2387
8085
7937
2001
8491
11189
10398
3212
4502
1485
5264
4254
6142
6436
2948
7362
4986
2228
8377
4911
11099
3328
9331
9427
8581
2245
8384
1023
4021
7276
3438
8691
10627
8041
2613
6378
4415
9523
2772
11039
9254
6199
8809
2743
974
4167
2420
9588
4413
8762
6317
4613
3448
8032
5048
5193
2641
2706
7999
2354
1200
8792
8381
603
8749
124
5016
4090
8730
9917
10249
9337
3084
11370
2262
4240
62
8534
9021
5148
1373
1048
2118
6090
5541
431
9779
5105
8433
7845
3253
1746
11106
3191
10276
10463
7779
8096
3757
4363
7976
11291
8451
8238
2339
3521
4921
9872
10858
2595
916
4444
11008
10180
1498
8609
784
11072
4236
5692
5425
3452
10722
209
11718
3647
1711
4803
4185
5806
411
7898
10651
8907
5894
11161
5292
9713
1003
478
3271
7897
5943
6526
10067
8375
2191
8857
6632
11804
11863
9094
7509
8731
11687
981
6682
8980
8330
7193
11578
5090
9334
3376
9285
8768
3169
2333
5781
3223
9456
1769
6528
1235
7082
11460
8144
10461
3948
7383
8812
6991
426
5657
9029
4222
5128
196
1835
8407
3911
6883
7333
5164
4991
9809
4730
2210
283
9521
9736
10683
6711
2060
8477
3787
182
2713
11518
151
4543
131
580
10085
11382
5310
9243
5879
146
7851
1007
2300
4223
10493
3013
1240
3042
11921
9634
1098
1304
567
3549
8689
4612
7316
1494
5423
4281
1637
4521
6564
2224
5182
526
7093
1965
3913
964
6699
8244
5599
7695
5007
329
7045
2073
2412
10101
1326
10394
9960
4147
2632
4962
10086
6794
3405
5863
1017
7378
4695
8883
1778
1124
1950
5338
9038
8212
10136
4255
6116
9649
835
2101
10789
2247
6303
10489
840
5621
10440
7662
9903
8242
11093
8697
9133
3391
11269
7912
9902
6776
11910
1
4283
3096
10422
1712
3537
11156
6042
5418
5373
9318
10800
2513
11495
9792
10914
11571
3025
5019
10879
1441
6313
6284
3788
4940
263
950
7814
2849
11552
348
5201
7553
1674
2345
6191
7991
8899
8649
7167
264
2199
11277
9801
5258
3901
921
4920
9434
9055
3794
2905
7266
3036
10553
2525
5632
439
3081
8582
6418
7535
7206
11121
9587
7227
185
942
4364
4190
11425
6339
8145
8566
373
3581
8570
3958
4410
11540
3891
6855
7659
2607
9207
3303
7054
9599
1845
4831
6358
3018
8088
3616
8704
1290
10145
9203
513
11198
8870
11200
7376
5757
6621
8711
9946
9773
2058
8486
8602
8539
5406
7711
11686
5122
980
850
9146
7940
10760
2779
7457
1754
9071
9887
11439
2423
6385
10388
7461
9480
1164
7653
5547
9961
864
5052
4217
1464
4618
8420
7155
6824
11354
9943
11304
3367
4844
5760
10523
2132
9386
8135
11298
8724
3064
9941
2901
9526
6264
7627
1212
2129
3398
4801
5754
359
443
6464
8419
6816
1728
219
1260
5169
8750
2701
6639
5675
5163
4674
6745
9315
4498
9215
4580
685
3473
907
440
10445
1634
5798
4220
4081
3122
4103
997
10064
9379
5121
6408
9107
9084
6286
8572
11857
9637
8251
2827
4109
7889
5622
5580
574
3275
10081
5783
8634
6829
1548
8511
1186
8000
6694
1352
9853
2816
2025
8177
9388
5303
738
6775
806
3955
2569
8004
5017
8765
6960
716
10687
10701
11313
41
1789
5051
652
11846
10162
7285
9593
2143
354
2720
7271
8319
7025
4570
5669
3538
2138
2523
8967
6539
4294
3380
7710
4141
1278
6627
829
4855
1470
2127
11402
7165
6765
10152
3317
7805
4810
8400
389
6835
3685
6427
266
11913
8111
9817
1249
7642
9547
4941
2469
2703
224
9311
2783
484
9105
9828
1885
7623
8009
8988
3727
1936
1027
6502
1366
452
6469
3480
8262
1216
6943
5010
10641
11895
6842
11653
5473
7015
6577
3589
2546
6918
3338
7341
11390
4833
6678
3407
7681
10970
10615
10986
6006
1203
9704
5371
11930
4537
6601
10475
10944
6650
8664
9069
10744
7063
3921
5598
2825
5426
9118
1614
3662
1511
4480
11343
1323
3637
7667
8043
9500
639
11056
8237
485
7367
10324
7635
2250
10919
8826
95
10971
10088
9986
2612
10170
10348
8867
2512
9677
7048
5563
1730
5015
11862
1313
2007
5627
2301
7718
6498
10526
4593
8594
7225
524
6192
1935
2693
10545
688
4212
9393
1019
10887
9876
7646
5768
4827
5954
8966
7075
2393
7126
11236
1676
1773
6779
8732
11076
6164
4600
2664
7799
5322
7600
3230
11872
11875
6714
8097
3390
7095
9287
3776
11798
10783
10353
2161
3785
9729
3502
1653
10876
7059
11181
4686
11469
4691
11773
3567
6989
4409
947
1765
8455
8068
11539
4561
7857
10391
6171
6963
7624
6055
6079
5867
1204
7072
2350
5057
1389
1181
10771
8616
1117
9938
7426
5952
4158
2152
7740
10784
2211
8670
6004
1120
10153
2411
3559
4244
10390
2768
6490
10364
1618
2560
2562
1584
9436
962
2429
11303
1226
6983
11415
4011
6524
2919
2784
4629
7617
8052
2898
10612
1681
1430
4331
5252
8698
10541
11619
11698
11206
11498
9975
9116
5567
671
1537
10857
7102
4519
7697
704
4453
8984
3027
7584
7773
7808
9183
8926
11655
11637
7370
7425
4397
7533
351
5013
10077
6091
7998
7051
11779
7150
1747
3213
9606
6846
3022
5664
3855
4121
8358
4277
11162
5740
6409
6031
4445
1035
6332
10542
5250
1156
10653
3991
3945
7495
9858
7827
4690
3900
1759
4274
1843
7879
10220
3228
2991
2410
437
5431
8333
5211
4288
4764
7803
6584
9625
5496
11792
773
11465
6174
5744
9226
2766
624
11229
7194
1966
581
993
178
8952
9629
842
8815
6196
5293
10831
3597
11131
8223
90
7354
9947
9016
1716
7427
9963
203
8349
3792
6889
10949
946
11073
6446
2424
10678
6187
6185
9047
1462
6217
8866
10874
1820
649
10182
3515
618
2131
10829
4380
7560
8383
3297
2465
4981
6683
3138
2857
331
9473
5387
6558
10008
5183
8985
1509
6882
11202
1910
11212
7750
9568
2878
3086
6110
5474
4455
403
3786
9933
7010
3186
9715
7883
4063
4231
5129
4426
8138
2994
11158
5972
7024
5131
11620
273
1327
6955
3683
561
5397
658
9554
8001
2861
7077
540
8502
4973
11244
3982
7497
10473
4144
8461
10517
3016
3082
8517
11240
11711
4589
868
1900
7306
11827
2230
10977
10309
4514
5346
9976
4106
5956
5702
2102
11853
3055
10454
7758
10812
2351
2565
10181
5142
4204
2388
4990
2454
6857
10507
3701
6413
423
3668
8763
7602
10591
7609
7643
7396
10026
4065
5327
6566
655
865
3287
7486
6557
2110
9294
2622
9211
10427
3302
9502
10566
4723
1370
3944
7195
6315
10675
10741
9332
7684
8392
11586
2046
11503
8983
10718
9292
2193
2761
3740
7922
2425
6280
10492
47
7682
10037
5876
6226
2959
11624
333
3883
349
10133
6444
218
1262
10178
9583
4631
3518
2244
4207
8501
7139
8537
6080
1376
2627
6370
1089
2312
5501
11666
9152
5884
210
8137
4681
10470
2178
10572
4729
5648
5653
7108
1760
1484
8379
7112
1694
5298
7935
3560
2896
26
10142
7055
9964
2788
1561
6509
10340
8783
1780
9850
4789
755
5685
1521
6341
2769
10533
11696
6748
9892
9374
2577
3457
11143
11067
4735
11861
7416
5435
9437
5922
1490
11230
8957
3224
591
761
4433
684
444
10510
6215
6267
8503
5966
8079
4221
10127
7329
9854
4648
1423
7928
4030
1250
3199
8185
227
11339
1071
4711
6218
5793
818
11185
1560
6631
4707
9081
11017
9998
10513
8133
6442
11063
497
394
2924
5285
4318
1596
6153
1632
7614
6723
6810
11785
270
10921
8520
7101
795
5635
3578
1692
5093
9994
8340
5860
11667
3628
11884
9546
5382
4434
3734
7656
4694
6675
3593
2455
10414
5985
11057
1375
11902
7467
1751
2177
7743
1528
8445
11043
4122
2142
5009
7041
6544
11314
6497
6051
6758
10412
365
3280
6189
338
3833
11918
4715
9603
5892
10807
4512
8183
3137
5931
9349
7465
4059
1551
8617
322
1458
5557
5600
4443
1779
7160
2439
3800
8046
4411
8699
7136
2195
10033
11312
11252
6828
10490
10746
11264
7490
10341
7888
804
888
8504
9770
9841
3566
4848
10558
11716
267
6159
923
8016
6499
9548
216
1516
9293
3642
3817
5195
4971
7081
6377
5489
960
7694
10158
6738
5855
8549
5147
3862
9440
6435
1334
7209
3539
7255
7826
7651
3694
2691
7033
2928
11583
886
4478
11118
10115
660
1721
2032
7753
7899
10962
4396
11775
3632
3314
3763
3235
1925
9881
3388
7792
10896
11112
10150
4624
7524
5320
3562
10357
9372
7100
9400
6013
6922
4193
3797
7116
8008
9162
9891
7942
3298
4805
4192
3665
7657
9839
5751
8222
8837
11480
9076
7909
8365
2375
3272
3999
982
11142
6642
4322
5330
4155
6480
4309
1583
11355
9013
5581
9120
1414
717
8013
6988
11247
11726
6008
6585
11874
6484
6656
6518
9731
7324
3313
353
9089
528
7084
3841
289
8663
10060
10083
2495
10882
630
4504
10486
2830
3092
9564
223
10755
3983
4794
10621
7173
7968
7080
9088
10808
11196
9398
7894
9385
8127
11177
4858
7435
3621
2826
6560
8585
5278
8382
11145
10599
3041
4095
11907
4188
9794
2520
5362
3636
7650
11908
2361
1108
9488
3037
1877
7213
1401
11548
10940
2214
10756
1348
10752
7343
4406
1749
4693
6968
5178
3176
5332
2204
8897
8747
6749
10932
10666
5301
1177
3476
11222
4750
11029
3325
6759
1814
3258
5014
9562
11576
9616
8601
3341
7816
3361
8463
1536
5700
10931
7663
7760
8797
9559
9693
2559
11496
742
11430
6603
4548
11535
8754
1888
5091
212
10548
743
8283
4856
1764
4151
6038
2949
11812
1110
3541
6917
2807
970
11684
8464
2479
5530
5771
3631
6957
10679
11668
1939
7528
4881
4836
320
9103
5759
3160
1229
6451
2164
2279
9360
10366
9322
10125
5713
2657
4506
7453
8941
8256
67
10089
5508
11713
4546
1715
1228
11799
6605
3535
8284
774
7134
5555
88
10137
4906
11360
3162
5396
7178
8018
7607
9525
11327
5155
2213
1556
415
7895
6019
3203
6586
8565
4808
1386
4838
3802
978
9356
2288
7395
2221
1643
3816
648
562
521
5447
2471
8363
11808
3204
1512
5788
5253
7262
7582
4994
2231
7328
6576
1039
344
5540
8781
7848
5921
5344
2976
9962
2653
2476
7153
10424
11458
636
2740
9786
10622
8198
7698
7854
6169
4586
6046
6732
9690
6903
9205
9701
6728
4379
7870
8834
10967
4299
2591
4321
8738
2183
6664
3348
2764
10585
8368
7466
11013
6416
6783
6007
941
2773
1621
9068
243
3324
10961
2936
5117
3739
6269
10617
4954
10450
259
1133
3750
7834
5056
6156
296
2611
5998
9706
6438
3385
3320
2470
9060
2263
302
11743
180
5398
2868
3563
1741
1136
579
7551
9607
5138
3399
7145
9907
5325
9070
715
3426
3190
8410
3712
11394
3417
7507
5842
10780
8350
5701
11462
9882
2174
7896
8567
2578
10898
4680
6932
11123
1782
9489
2000
7287
3721
2682
6433
5150
9855
5077
11096
3109
745
6155
9067
4802
4860
2619
8518
1675
11816
3690
9702
5542
3107
4602
1701
6905
9166
10594
11335
9343
8195
4890
9630
3351
9361
3846
5993
7399
1272
3588
11259
3161
9772
5683
6147
7802
10123
10418
586
11735
4052
8113
6525
6834
7371
9159
4194
2008
10274
994
474
5990
6222
4982
8240
7243
2401
6679
10354
9824
6344
6792
10838
8896
3607
2776
1723
3062
6067
5512
5679
8134
10330
1844
2133
4163
726
9894
11856
5402
9737
6244
11413
3420
2975
8422
1234
2426
3423
529
6097
7671
3347
4569
5080
5461
9083
6938
1742
1000
4359
7284
5572
1544
5225
382
10611
11486
5928
5843
5166
2535
10843
2122
11140
5133
5880
6256
9348
3318
11207
11318
9957
1644
5159
3115
247
2186
10148
2505
0
10167
914
2306
4877
9712
11525
11851
487
392
10609
9730
10767
578
5850
9127
5902
1590
222
11441
257
4389
10574
11695
7610
9297
1337
1347
4922
6797
11901
3542
5157
206
1082
1238
3547
7345
5882
10911
1107
6542
5110
4741
4754
11280
3458
6815
7577
2180
4040
6278
6158
9485
1090
953
3884
2724
418
3830
9192
4422
5100
7633
4209
3192
9490
8187
5499
1102
8233
5317
2154
10695
5562
3706
4574
2005
1979
3803
10374
11924
11147
3929
10561
1625
3166
1141
429
1813
9266
11276
6640
1030
5991
1492
4437
6432
2185
1362
10053
7714
10847
10692
6065
5955
2939
5176
432
3132
10750
8728
1491
2498
8285
6930
8083
1842
4006
6715
11048
11529
11475
8457
4070
7459
2357
6018
7168
1288
5782
11793
3981
895
3183
9639
6063
198
7790
6422
2413
5987
8331
4454
5173
8312
11453
11848
3629
4712
2402
7111
9257
1428
5697
6134
4865
10336
6872
3854
8644
1557
9314
10018
10042
10955
10597
4739
128
4509
10277
8115
1307
44
2187
6398
220
1135
11693
10968
2120
8388
9758
5143
3286
910
9224
4211
11201
3246
6852
4872
9064
5545
7737
8073
7859
7741
2730
8924
3699
5006
2408
7493
11342
3879
11699
4815
4227
11044
8645
10658
6763
1150
4821
11796
7104
1137
253
1266
6266
6115
3267
4191
9476
2145
6762
7516
1525
10920
3796
5204
5866
7793
2545
6030
10079
10938
9176
3603
7470
5367
634
3643
5714
2698
7713
9951
8654
31
4869
9300
11747
6098
8853
7958
1978
3907
5404
9798
6289
9066
4718
10396
2850
4083
4505
2059
10367
4447
6340
2065
6095
4067
7873
7619
6183
1277
9676
7129
3182
5438
8049
9971
2685
9921
4137
9840
2151
11909
6452
7892
2832
5333
2056
9290
847
9095
6401
5968
11643
9375
5042
2399
1404
8181
2035
120
2778
11069
5962
6052
9157
10247
10214
6390
926
2844
4903
9326
8817
9258
5586
6460
1988
4407
1183
8555
121
8921
8408
3168
1947
4532
2624
592
2934
10577
11297
11688
1919
2989
783
4259
5611
4595
1786
576
7555
10964
8048
4098
10378
10584
3652
4627
2363
269
4683
2707
11781
5538
10934
10849
9275
9096
3226
4871
1906
8545
8519
3583
5707
11305
523
4308
10551
5960
3063
1072
5457
1415
2125
11868
710
2237
5481
1809
6445
11870
5318
2485
1202
9864
2592
9771
3455
8575
3453
11356
9578
4889
4529
5527
4703
1149
8274
8580
799
8449
5095
5551
5196
72
10761
9077
2753
3030
4066
7674
2497
1436
4528
3254
8227
9044
6263
673
6069
4310
2024
4779
3889
10704
10614
7291
8947
2344
10650
633
6138
10438
5655
1158
2952
5321
6204
328
9720
144
11933
8234
1787
1538
5417
4238
6969
7061
11418
11568
11563
7131
6428
1122
6780
4499
10923
4892
6514
9503
4233
2903
6296
1976
5694
4547
2061
10189
6154
5775
889
7422
7200
5084
37
690
9062
3179
568
7811
1720
262
11393
1317
9970
984
11450
4526
9459
8915
740
4005
7087
10616
9723
4720
10094
8154
1938
7591
7670
7398
7388
5984
4232
1299
11521
53
800
3299
10660
463
7508
5469
6737
8722
5815
8450
2752
1377
5478
2537
2346
11180
9924
4489
8411
2663
6641
8569
4642
2972
1447
11263
3442
8772
6262
1064
1932
8053
9575
9555
2216
2417
310
4553
3815
10747
234
5573
11575
10732
2079
6845
8910
1766
5220
2786
5287
1658
2765
6404
11149
6879
340
5161
683
6307
10908
5688
9643
2500
10924
6747
4944
11516
3382
8586
3033
10994
1927
5857
3444
3602
10304
7094
9271
7526
3528
7337
10406
8067
11352
8264
278
1360
1291
7352
11701
1858
2987
5455
4466
534
8380
557
7820
4467
7993
1744
8822
2430
6897
6595
6612
6827
6338
3658
1130
7959
9699
9414
280
4949
11310
1602
9106
7905
428
5302
6472
5739
5784
9312
3061
9803
2547
10197
1472
507
372
10305
1329
617
2515
1153
8842
1513
4313
3194
4215
2923
3809
6720
4327
9908
8965
10196
5961
2981
4039
5719
4430
5337
350
1539
7863
9017
6657
9537
1022
11336
7392
9916
2526
7325
3790
1571
3374
2638
9724
6680
2998
4643
6546
4661
571
10474
7413
8877
207
10850
4371
8959
5239
10458
7934
11750
2281
5222
7027
7707
8861
10716
6523
2149
8075
363
10031
256
8820
11530
5082
3947
10629
10942
2913
1649
8726
10549
10806
662
5386
2240
9717
976
7446
2480
5699
5743
5233
1178
7961
3679
4316
32
9533
1953
6986
5776
1775
9295
8225
11397
2280
1748
1169
1752
10310
4999
11090
480
5636
8854
8309
3089
6966
5534
6900
6083
6396
6739
1221
2418
8329
6909
968
453
7877
3460
1679
10583
5786
4846
7303
9296
2677
11519
9978
11837
4302
3979
4340
10690
11524
3499
7769
7640
3083
9305
2463
10894
3624
10384
2596
10062
951
1037
11021
8152
5174
1940
7267
4576
6614
7021
4044
5086
9307
9774
6967
3641
903
4826
2831
8823
4641
8202
5652
8103
5081
1172
6537
8231
6077
7833
6973
9377
3234
927
8618
1555
5209
1442
1251
498
11182
4950
2080
3052
11353
4736
3554
6980
9032
5926
4175
2063
11543
6352
5350
11434
1026
5604
2097
11081
6247
10935
2315
6979
4034
8496
9317
1429
1004
3002
4285
5809
4142
807
936
2929
8784
11243
9983
1574
4885
11534
8402
11467
1175
10423
1981
11026
2338
4148
1420
8584
7154
6304
18
5910
9814
3831
8093
1693
10
10636
8994
4038
1790
391
6130
8189
1812
7409
11317
1457
10201
11538
10930
4412
8259
6367
2916
7761
7269
2915
1587
7137
9837
10801
7612
1875
4874
7394
2223
845
11062
1402
10889
11219
2862
5901
8845
7729
3673
3768
9535
10402
1016
2431
482
632
8547
9212
5881
5256
9391
8913
8900
1424
538
2022
11617
8204
8563
2051
6073
10321
4108
1367
8033
4182
4472
3236
7259
2367
7338
4153
2531
5690
8844
11103
1253
395
8471
5895
10521
6212
1504
6687
8600
1911
6504
9246
8943
1244
1601
938
3835
6036
1076
5920
4633
3492
10708
7546
7366
11724
8523
4234
3164
1819
11507
7843
6707
9217
9673
7278
9277
11822
4886
1412
3625
7757
4510
6899
10860
116
607
5434
8629
11626
8607
3383
3928
3214
6325
11925
1396
3556
1392
2715
6812
11598
2968
698
11032
4932
8515
11383
11591
5645
3998
7391
6093
9091
4816
6113
11144
6501
10355
7839
2534
8671
6924
11468
3881
6838
9168
2447
6431
10007
2802
10727
8201
1025
8342
11428
9650
10638
9153
10902
4653
8165
7042
10117
1534
6936
11102
7974
8719
5468
7683
1840
1717
848
2112
7304
8527
939
4989
9906
7156
7748
5175
2977
6143
10689
3932
10139
8031
3273
10224
5847
11694
10538
9512
9509
5623
7062
5171
8605
9539
9918
5421
276
9037
6054
105
4317
1157
9768
5584
1830
5410
4160
998
8740
912
4804
6122
3446
2599
9342
3826
8447
3754
2524
6309
5492
5641
2839
2150
3713
10926
3441
2487
3823
6268
4329
11215
11037
1859
9313
10511
3693
1531
3691
879
744
9514
10291
2819
2121
11523
7009
4980
1031
8126
3294
3654
11135
5745
3644
6538
80
4597
10515
3008
4536
5119
3363
8718
2964
3689
5656
3072
1346
4178
610
412
4253
3878
10225
11597
5202
4440
8039
2153
9899
3975
2182
7186
11767
3711
5959
8157
6549
2392
10239
2093
10635
6096
2273
4818
8302
10497
7708
4634
7086
9178
7987
8011
4551
7298
4917
4687
11154
4237
8306
8751
9966
7801
3741
6522
5210
9052
3241
5525
2432
4062
4542
3330
241
7189
5028
11633
4177
4942
2757
721
8150
5246
9149
3633
7346
2366
9681
7648
8101
7169
6598
11282
7798
973
500
11016
2322
6733
8904
9592
10891
4101
6232
10425
8729
10694
1096
782
2530
8147
4684
6335
6468
640
2340
2791
3827
8466
7085
11315
8131
5628
6259
1189
376
4353
2651
8470
9688
3820
3167
1356
3005
6825
7585
5808
9090
6666
4265
8787
9142
6636
3306
1942
5279
9900
10822
5160
10190
2625
6203
8692
990
2023
10544
8829
6874
8268
154
7190
6399
6645
4793
10036
5267
3775
7673
2406
11542
10257
28
5191
5810
11288
10164
3259
899
7666
1827
10103
8444
8955
5189
10735
7098
11074
9479
1206
656
1713
6371
8709
8485
5313
371
11737
11300
5997
8560
9018
7542
11900
10519
8094
5504
1934
1791
6725
10130
1736
3181
6198
4964
1921
7327
11176
3634
4918
1884
6216
11573
5467
9682
5597
5951
6406
10539
4755
9447
815
8686
4573
6965
2197
9340
6871
522
183
7133
4290
1668
8364
9416
7212
1688
6139
10275
8387
11292
2296
1889
2990
9098
9048
4125
10205
7824
2190
5071
4404
8637
8404
7537
7726
4682
669
306
1316
5526
1862
10334
2781
7297
1213
675
11410
8701
6618
3493
9845
10110
4427
9741
153
5515
10564
7829
1410
5718
8879
638
6236
8536
7440
2335
6060
10098
10979
4201
11602
9838
8715
8916
5509
193
3587
5383
5491
9691
992
5493
3098
3783
5085
6669
5918
7237
3766
8159
5446
3717
6443
11915
4343
10512
9710
7955
4875
488
5969
9265
870
5668
4563
4609
9301
2252
10958
3279
7450
6984
6258
5947
11707
5858
5277
11052
9350
3723
9396
2303
8360
5243
5875
1801
11512
9553
231
5464
5022
10989
8492
8353
3779
5680
8003
8531
3021
9610
6465
2626
1518
5919
7221
11610
282
1461
8219
2428
2683
1465
3671
4174
10430
5422
8604
9419
4337
9679
8210
9996
10407
718
7530
6178
10058
1807
6847
11086
33
2571
8906
5836
5088
1101
10628
2232
2629
5151
9612
7510
2227
6597
3477
8720
8224
6529
9719
2068
5145
5982
5187
6648
10074
291
9793
11260
10452
2527
10766
7838
5043
3073
623
5037
2587
10835
3730
841
9005
9333
8186
7008
6107
7675
3278
1264
379
11595
313
9455
4861
6868
1894
8914
7222
3954
4817
1771
6976
6210
10818
11789
6086
1600
11379
4692
3613
3985
4029
10601
7499
2610
10476
5868
9654
3100
3964
4904
10899
134
27
1067
10342
5470
4060
6449
1501
590
6685
2777
2251
9143
3876
10118
10045
10733
11165
6837
2597
10567
3244
9316
2708
4620
1806
461
9499
3612
11378
4943
4632
20
8562
4202
7971
552
7784
1407
8851
11621
9835
123
2011
5887
375
11508
5439
7428
2386
2037
9492
1660
2574
7986
6495
6653
3660
9046
7264
2137
10825
1733
830
2797
5403
5336
6530
6652
11007
7956
10869
3371
113
10107
8298
10160
3308
2041
3017
4314
1068
1961
416
8529
3649
5255
9823
2732
11426
7756
10255
2021
1409
11299
2877
1201
4607
2938
4028
1474
2823
10785
470
5064
5617
7856
10437
714
7447
6554
4522
5715
10131
1300
5612
7228
2782
6527
5591
8207
8287
1437
11286
11920
1901
8858
102
325
5723
11704
9721
10091
7273
11674
1553
4016
8429
1541
9628
6620
866
5856
1799
948
330
4507
8968
8023
5893
229
5729
8949
9847
3514
8766
8120
9484
699
5766
2790
9132
8430
9472
3150
4544
11416
2516
9543
4287
7381
9004
3466
8964
7034
11204
1599
8301
3397
2159
763
3751
9968
8289
922
8548
9711
631
1385
801
9240
6993
653
1060
749
4429
1095
3307
3269
10502
7878
3610
1793
11615
10697
1682
9189
9329
6944
5158
7180
3349
10854
9283
9043
9511
1381
2
9405
4583
3467
6734
9997
4457
8929
221
1335
4724
3845
7962
6860
11553
2010
2238
8918
9868
9577
11614
2618
3592
5897
5765
11101
2343
2055
1610
1312
8493
9953
10122
9115
5004
4140
4372
4650
5315
8151
4136
7196
8506
1834
6902
6904
11233
2738
6670
2445
7531
7719
2253
2542
11879
7430
10271
7703
6705
7305
11127
11927
10358
8553
5802
3068
1184
92
10803
9415
1846
10248
11734
5074
928
10688
5324
9286
3443
2116
3326
8044
5348
9468
4689
5862
8347
6184
6014
9093
10655
1725
7570
7678
11249
6322
4272
805
6937
5236
857
11755
8020
6836
1861
1708
2286
5994
14
3195
7229
551
5070
823
2517
6671
6457
9057
1898
7263
5190
7921
2076
9714
5451
5946
11078
2295
7597
811
3352
10300
6785
11095
6755
8997
288
4834
4465
6407
126
7865
9425
2958
10361
4107
10721
10459
2950
5671
10657
9516
10299
3770
11858
7079
1700
797
10017
1580
8865
10431
10097
2675
8648
8912
4997
5466
10439
7952
11371
5634
3510
5490
4784
7746
10947
8990
5923
8315
8859
10466
10320
2157
7626
2451
3509
8946
5374
4195
4009
7410
6615
8116
8197
7031
10620
5981
4394
3623
6021
11892
6375
7514
6157
4111
3257
1546
5316
1977
11852
776
4097
10306
5269
11183
1818
7622
10285
3020
11191
3866
5553
7759
7933
7282
5505
1659
1128
3880
11714
4068
3402
10634
9494
10707
6381
10754
8608
3434
11266
1194
4621
337
2604
93
5214
3708
7274
2212
4342
7443
7938
547
11916
1831
11678
5660
1785
7185
1066
10365
3133
6718
10235
2379
5800
1132
7471
6704
3858
972
2105
6476
6753
8876
1696
4823
9167
4549
9269
5030
7771
2838
1566
10602
6467
9980
4782
6345
11278
352
3080
6624
8196
1351
7925
8833
2270
5194
10022
2287
10369
2319
8808
1256
2004
9058
2873
1374
11159
3903
5412
9320
6434
1476
4601
6015
11357
4493
9666
1138
9550
11366
