6642
528
8749
7575
9465
5926
5647
6424
10810
10206
7230
11697
1054
11495
8767
11900
4270
223
7412
5546
11004
3765
813
5707
5608
672
4602
654
606
1884
4734
5101
891
5701
10629
495
11871
6560
10840
1596
2692
8199
5221
2362
7826
9218
430
6799
3548
11841
11716
4701
8554
6353
343
2672
2476
6212
9943
9527
4430
5532
5363
6341
11469
9847
160
518
1452
6916
7079
10404
10772
1170
9445
2402
6242
2029
10995
2128
4751
1611
9792
2686
9116
5146
11532
8726
4071
7486
6180
6125
4756
7405
5922
4630
3745
8858
1717
6277
11243
8865
4072
7141
9856
11795
4077
5755
8614
5479
3500
1879
277
2683
8994
10699
6983
6965
2380
6028
10871
7878
2314
10593
4124
9332
9415
3690
1996
8761
9612
10235
3319
675
2634
8546
5962
11419
11384
9468
5509
10340
865
4561
7741
4016
1941
9422
10614
11115
9850
4688
4098
11472
5417
3640
5747
10763
5428
4157
8230
6000
8053
6449
1757
326
9
9464
10359
7882
10164
2649
267
1933
9309
11029
535
1910
7492
720
10681
4648
2428
5581
7955
3236
3345
6301
6587
10959
5522
9461
1610
7438
10223
2959
7865
4793
3362
9307
10194
11194
7258
246
4559
6869
8057
8995
9905
10591
3306
8092
11705
4325
9071
796
8835
3436
922
1274
4447
2565
3253
9152
190
1240
9078
4182
6970
9284
9675
7811
8914
1046
8555
6651
6035
3850
9342
11656
5384
4149
8463
7135
1418
6220
9168
1560
7525
10932
9033
7915
5366
11901
2295
4625
4487
5480
5324
8508
1146
5883
1318
1461
1570
43
3184
1023
2911
634
2382
6532
10971
1956
64
1235
10278
6395
7263
4563
5058
7849
576
4627
7180
4457
6827
3029
9629
10559
1709
10897
8161
7232
3586
9857
309
5021
3112
10625
111
5100
6578
11743
6469
5632
6896
9664
11614
10259
8582
8981
10701
7201
7577
2489
6756
6286
10758
2058
1070
11278
3009
1656
10523
1952
5752
4790
4407
7761
198
7493
595
6780
6362
3480
10509
8931
8561
1690
7064
6504
2544
7695
4787
3727
5571
7347
10058
4680
9019
1307
2731
10597
1201
4934
5730
3065
11389
8956
3089
11125
11493
10508
1087
11739
1367
971
5164
10094
4035
4117
10038
5434
10328
2835
2714
4828
7922
5801
10925
10875
6544
3031
4815
11720
10641
4959
4013
4496
7606
6344
7048
6941
8154
8952
3179
8249
11288
1066
10089
9360
2039
3946
10665
11225
11840
9609
3910
8034
2587
6110
8425
4402
11085
4073
9428
259
1378
1812
7074
5503
1849
9552
1804
1652
8709
11510
9900
9072
5335
5169
4535
7471
9384
625
7467
8816
2618
11803
9174
11747
10208
3496
3383
10521
5477
8527
11354
622
1388
4629
3486
9681
4778
7199
9544
9109
6227
278
1464
1829
7396
8350
8120
9711
75
5605
4214
9222
1623
8439
4907
3590
8831
6254
1319
1624
10872
600
2169
1530
11447
9802
6978
7001
2239
1992
7198
9181
7386
11589
3052
5344
10920
1165
370
1117
8385
9298
4991
8389
1421
2691
2249
5840
7903
1586
5943
882
6214
214
2803
3941
4247
1564
6567
5206
791
445
11399
130
11390
2624
5626
7768
943
4490
7390
6177
3234
819
1685
10646
8176
6579
9777
9040
1063
441
5385
6487
4238
2206
8505
11049
2570
10889
2433
9500
618
7984
2196
10626
4258
1917
1300
10857
3671
2881
5035
1931
8541
4952
2335
1082
5654
9206
8910
5212
2394
11369
11733
9907
4727
5568
9816
3232
10532
8443
8913
784
11569
2452
7295
5057
4661
2662
8010
1008
10459
1507
11267
11163
8847
11909
11883
2640
2997
8562
9146
4538
543
2238
842
1137
435
5204
4381
11512
8122
9292
4147
1625
6063
9497
6525
7094
8302
1047
933
3303
7234
8220
5548
6918
4038
2445
10022
8794
6514
3117
5048
2520
10064
96
4933
9648
3140
6414
9592
9403
2485
5934
21
9810
9721
3246
7958
221
866
6908
11922
8842
4772
3457
5575
8668
10512
4337
168
7093
10788
1932
4374
7161
4266
5673
6830
8579
8886
10132
3653
1181
4197
11264
11221
4514
10185
10055
11526
4236
7468
3628
8203
6954
5511
10382
6307
2878
3978
8950
552
2553
6067
3394
1457
4284
11351
7224
7034
4095
9289
3260
3467
1873
10504
8395
9878
2424
327
2419
6296
3870
11597
11198
759
8445
3924
953
6601
10162
4202
590
3678
742
620
206
1901
5696
2819
10049
7228
9108
6948
1012
11863
2644
6270
2488
2998
8294
6810
3446
8760
2857
9139
4065
345
6772
11912
997
5465
9716
6378
9560
7970
5706
6430
9917
6933
9869
4408
3864
1909
7978
2734
3705
9587
6148
9591
1968
3237
7217
9543
1958
8327
2889
1116
5346
5244
4984
7177
6536
3826
11468
4023
6311
8400
2694
4260
8920
5702
9098
1553
10548
5545
233
7589
6568
9694
5549
9506
3853
4024
9136
2261
2237
6540
9355
8065
10224
4528
3401
4204
2108
2568
7014
6889
8611
739
2307
11272
6050
11910
5547
2437
5038
3669
3081
9919
3141
366
929
3967
3770
2291
2792
5721
2899
7640
3198
7526
9602
30
2365
3627
10309
3988
5954
6004
8318
9200
6452
11521
1758
2305
7974
9797
7244
5544
8804
3534
8609
8692
7609
5106
767
7762
7459
5347
1145
9801
1372
4584
7867
1401
5317
9848
76
5867
3475
1303
3157
4867
11457
7314
9362
9045
1769
5268
1407
9838
9006
2866
6007
9874
7591
4355
8587
1262
9708
2049
6236
4580
9662
8792
2149
9683
6195
5699
9157
7061
7808
6411
9349
9424
11329
2430
6914
5439
2124
3555
1088
225
7683
4834
1366
9319
434
4916
3948
7614
4451
862
9998
1648
10156
9125
10601
2327
5033
10355
6897
5313
6835
5764
507
5074
2560
5537
4724
2164
2427
9024
523
8422
6276
5732
5359
5232
9577
5538
7668
10471
9713
20
589
8844
5056
8573
7516
5285
7388
9598
10867
1493
3938
7900
5210
242
10351
2105
11059
5495
8512
11463
10282
7793
1424
7327
4754
11696
9158
10166
1217
1081
9514
8040
4601
4364
84
2755
871
2788
11146
9208
6325
5895
9682
2187
1688
4052
9032
10395
1881
1467
3347
10373
10785
8954
1220
2473
2059
5827
3852
5080
4845
1359
3704
1141
5054
2766
7436
1790
2455
3381
1148
4207
10343
9450
5499
9254
6178
1657
7413
3845
4349
9519
4345
11837
7506
98
10770
5138
8758
6687
6399
10400
8698
5051
6112
1520
7437
5648
8592
10384
7068
8576
9550
2469
9387
5562
7971
10352
8975
3073
6743
5061
18
1353
1665
9234
8601
3270
4143
4836
875
8933
614
9495
4968
11155
6805
1105
2106
2925
787
10114
311
1026
8724
9413
2371
4390
7283
5586
8861
5779
7366
8090
2198
6668
5950
9705
5882
486
1930
3008
2941
10562
10408
8381
11095
8839
4196
9672
3512
3712
8175
7718
6611
5333
1874
9462
10991
10813
4466
5254
2966
5607
9447
5293
8202
3382
2212
9322
10231
2377
7050
7600
2957
5593
9390
2555
1198
1067
11741
2657
2524
2856
7581
9867
11805
9665
7880
1449
1653
2015
11450
10587
1864
1297
2388
1432
10650
2534
3875
583
9277
10108
999
5043
8469
5852
2915
4511
629
11775
3907
1178
10928
8884
3547
2123
4011
324
8632
8679
8004
1028
1177
1255
4405
2542
2101
644
3911
1441
8158
8146
2363
8157
6263
569
645
11833
7588
4769
6522
5750
948
3400
10542
3742
4641
1828
10703
4839
470
7929
5383
2334
8604
10668
9826
5134
4859
9958
6494
11847
8063
9368
3183
2483
4243
1325
11328
3643
8862
1787
11624
741
2276
7052
11132
9049
4912
8214
7548
1916
3851
4706
5597
8125
4031
7560
2641
10363
2435
10619
349
9938
8664
8440
6093
11771
11872
8099
3344
7914
10891
4656
8982
1914
11513
5845
1052
4676
373
6883
229
4319
10544
6406
11176
4674
2163
9358
4899
11673
7701
757
5389
10769
4178
3746
10205
4825
3444
1858
8255
8076
9266
538
1465
1221
6591
7262
11145
79
11911
888
8543
8332
4920
9406
7953
1109
6726
8012
9658
11003
5286
5472
6729
2725
8870
7345
1431
9213
8860
252
8773
4281
6675
3768
10005
4534
6481
8059
285
5918
4307
5911
3597
8035
2007
11315
4855
3516
1409
10942
7446
3919
8046
2855
2072
10126
6751
7303
1857
9995
1132
978
5449
3488
9011
8678
5157
5997
11781
5688
11918
3866
8737
5627
11764
1216
3239
11213
4050
5139
7603
11652
7450
2088
10555
6808
2346
3981
9039
6152
9216
3060
6394
8600
9871
235
2539
2127
1226
1714
7153
5403
3063
4569
2769
1842
5044
2978
7844
9177
1605
546
4911
10863
407
9202
8071
5948
8095
5949
4053
5536
11196
7240
10100
4368
3667
11292
3187
516
3818
1058
3379
9079
1229
4166
2756
879
11869
11808
4923
3785
11760
7164
8056
8655
11055
2937
24
783
11520
6583
7053
3896
3753
6367
1548
9880
11481
8187
1544
5865
4314
9783
9271
10693
2096
11776
7604
5456
11050
11139
2916
4066
209
4029
8410
3904
7513
4818
3535
854
5577
1119
11471
2727
3261
11475
563
5643
6699
10517
4917
6267
3069
10279
1936
2764
2092
2432
9933
1920
11313
10655
1893
10443
4988
4942
7537
6565
1039
5404
970
7918
7460
11161
9007
9557
9530
9790
3797
4055
1158
7163
4453
10133
9661
671
8705
6162
4886
9154
8324
8464
4633
969
11708
8000
4558
2918
9621
5975
7503
3822
3620
4093
608
8623
11137
4401
1350
9314
6475
4975
1479
8838
205
8356
3035
2095
6821
3834
9257
11378
7631
8961
735
6094
10057
7511
5284
2085
7699
11191
6963
1978
3284
4788
10293
271
11082
2282
7389
5876
9827
852
818
4766
6492
1351
126
3652
10717
8339
5527
11346
11596
9196
10387
156
1187
1477
10414
5754
2204
5900
2551
4168
7490
11915
7795
10236
10538
9702
9373
5628
5396
5328
766
6037
9859
11282
6105
3888
565
2742
2323
725
5618
4389
8803
7991
11204
4861
4590
7713
5448
5423
7221
8707
11287
9685
9090
4540
9899
566
5492
10110
4084
2089
858
8082
8815
2646
8124
11251
3917
6584
422
2685
3642
3202
2121
11023
7190
983
3139
3217
7046
11556
6569
6712
7378
10864
4937
7035
2600
4615
11736
11397
11403
6924
980
2145
3791
2080
10214
3509
4335
6130
9510
5473
4544
8093
1202
7032
5161
7875
7005
6682
328
10775
4897
7931
10461
9377
2888
2154
10246
2739
3122
9226
11691
10385
4712
11862
5679
11586
5946
7758
9135
1509
11417
5482
2800
4637
7472
3353
9304
7794
9244
8006
6256
4469
2703
7117
4657
1940
11392
10859
9357
6258
2954
182
810
5800
11758
11552
6693
3435
8841
10680
7687
4289
5669
6717
5179
1922
5837
2795
3958
7203
1007
11791
9104
287
4235
9491
391
8798
9080
2726
2880
755
1328
8058
11364
10174
4891
3778
9934
4720
3501
11174
2250
2228
8662
11202
446
4935
11777
2229
5879
911
3863
9649
2073
1134
4737
2826
8929
10988
9947
11792
10547
3506
5107
4027
11583
11819
8156
3894
10201
2711
4388
1037
11096
5178
10043
1090
9127
1147
2854
120
7279
31
10255
3943
1032
10561
545
3032
10556
4221
4857
3043
10444
11761
10921
11866
2375
394
1107
6054
5250
7022
6528
7670
2268
4030
2024
11105
10866
4190
9054
8638
4006
5436
10155
90
10324
7333
2853
11361
5406
876
1092
3337
1898
2670
4378
3338
5807
9094
2364
2559
7715
317
2303
1960
2746
6623
3659
4841
241
6029
11687
10953
11778
946
204
8687
8524
10727
7719
6496
6218
3441
11902
3472
8435
5961
7902
1851
11643
2858
8111
5771
10999
11474
9123
8401
3455
2397
8145
3093
10998
9145
7009
6141
8853
8978
987
5924
3521
5036
601
4653
2403
544
8201
5565
6024
1356
8408
1059
6237
7564
11610
8944
10393
2113
2376
9265
3721
7296
11355
7712
3298
5528
9286
11151
9873
8630
9484
3408
291
3651
8657
8481
9633
6431
4137
2943
10607
9733
4525
1476
1924
6669
7792
8663
2772
4051
8615
6322
9057
295
136
1348
3110
3211
7776
2496
1753
2687
6081
6851
3963
305
5160
10297
3621
1316
10742
1365
1430
2511
9256
174
6347
8827
5446
398
11703
1971
6439
11385
11593
5609
7618
1629
6474
61
885
9246
4875
9742
5408
3976
10116
5763
2991
2596
3632
915
9076
4560
822
10139
10878
9429
4638
6434
6255
11477
11904
1164
5874
3715
1323
2343
6157
11554
10817
8572
3718
2118
110
10827
5275
5271
3167
4021
11143
8479
6672
4477
2136
5650
2909
1782
11119
314
11783
11280
4094
5287
9924
9572
10743
10802
8502
1821
11828
4040
690
2554
3356
4586
11492
6293
6655
9324
7652
6562
5282
8486
1848
5088
9449
9379
5339
11623
1720
7524
2453
1905
3163
7621
2256
3710
6862
9788
11046
8434
1413
89
2027
4929
11752
6755
11464
9189
1427
8966
2278
10112
4521
10312
2989
8997
1269
6111
8155
4346
10042
2186
6129
4817
3019
262
11215
10062
3949
10099
9700
3454
8070
4334
4306
4961
11772
5071
3609
10390
1699
7002
700
10973
6790
5351
9956
11467
10173
11688
4909
1281
11097
2740
5326
3332
9365
7842
7058
11713
7424
5733
8566
3602
7383
639
10773
9194
367
4386
3588
2458
10266
10485
1473
11892
5355
4156
11647
5170
1050
11006
2842
9937
2165
1496
1244
3133
5230
3900
6599
9697
9169
3583
2841
6952
2474
4205
1617
7973
4086
10904
10670
8985
1100
11414
457
4526
5784
5249
765
8357
5320
10990
2222
4703
2395
484
4954
444
4651
4969
7132
2231
4267
7559
10678
6977
10344
8873
2246
3256
2153
2611
8529
3390
11212
6447
480
11757
664
659
10179
11409
9179
1892
4123
9423
1703
10091
11502
8278
7997
3809
2374
1501
1450
9532
4669
4185
9383
3194
11582
6342
2760
6524
11827
7863
9630
1691
8919
7441
5816
792
10911
3893
1304
5180
1157
2547
8634
8027
1233
1044
8912
9654
8789
11897
1965
10535
8474
4338
10427
1227
790
10861
5844
7239
5334
6147
5060
4614
8331
7505
9205
10222
9709
571
8119
5860
5453
3955
8451
1964
4435
9836
9894
1754
5393
3392
3193
7349
6811
5153
1825
2010
6527
8547
6443
2946
6458
1677
6909
8022
5315
8738
8911
11672
1880
5114
10930
3691
893
1693
5570
10122
3493
2290
4777
10033
1459
5382
5929
5780
4025
2905
4404
4219
7099
7587
7887
2122
1142
10799
7928
7998
63
11279
11199
6016
9184
4032
10811
6038
10068
4582
8968
1527
7839
3329
982
7458
5024
9065
347
7520
4234
8250
1018
2209
9693
5744
11813
7218
4479
8485
1670
9493
7898
6319
11032
9583
2393
5965
4505
1184
6555
3733
11216
11580
7261
11627
4918
9975
11051
2750
4397
874
6768
2879
8268
10076
1841
11308
4607
1260
1238
8598
10264
11102
9440
11064
1557
7838
5424
2676
11440
1802
7178
5855
5619
10894
3277
9972
7911
10656
2324
7847
5533
748
1827
3749
9657
4192
11896
123
9772
9353
10489
11785
3931
7888
3097
3134
4970
4160
1765
1798
3655
10289
5612
3666
9404
8367
5756
7673
10745
3913
1571
5665
3247
10486
3815
1214
11470
8185
5992
1863
6744
6910
7317
4362
8493
6657
6766
9221
4371
3503
9558
1589
7312
4100
11639
7272
10949
1559
362
3196
3290
2977
2333
11241
2850
7075
1475
6653
4805
2865
2604
10096
5969
1305
5407
9787
925
145
6503
10628
1191
9945
5245
4623
6079
1661
6428
7466
7810
5378
3842
9762
181
427
5591
1555
4318
4536
2627
8194
2990
4666
9416
8972
7407
3775
8874
11365
11190
872
2450
10927
3921
4840
9828
4309
10706
9275
11930
3014
9393
7771
10480
3447
4131
9988
9172
461
186
7818
8770
11048
3497
10584
5775
9853
1175
11890
8060
10939
5569
9311
10747
340
9097
6885
2057
812
5345
7247
9144
7509
5237
6321
8322
11615
7028
8797
6123
3177
5873
6032
4838
5758
11873
8338
11628
6122
2205
7804
7848
9261
2063
9471
770
11511
6720
9044
4953
3979
6303
5531
797
4774
10711
10803
10394
1438
4324
10388
2999
5496
8458
8955
7098
5993
210
9643
3987
7023
9435
8937
9511
4530
11086
11561
1223
11725
5561
9653
2500
9696
7691
1393
1508
5564
4206
10808
7554
6460
1845
8535
4864
7999
9618
5994
2980
4210
9288
11674
9486
1728
9845
10406
4116
4008
5156
3916
11575
146
724
7442
10439
4159
7558
8226
10951
9607
3320
9686
1680
607
7635
10088
7979
65
10362
2230
10850
3208
2986
1061
401
3629
3158
5006
11398
6239
359
10256
376
11458
2814
1396
9340
7183
6036
11759
253
7188
218
1048
3527
10311
1286
5953
5767
3402
2807
2992
2735
8409
4392
15
6904
9768
1330
626
10035
3370
9411
6543
10860
11381
9770
7027
1692
5903
11435
6126
437
5223
6068
167
7749
10429
10136
2351
7504
5634
4729
458
9505
6819
337
8892
7285
8414
3939
2389
3429
965
2252
220
7802
3813
5281
7968
3465
8787
3224
6438
2399
6511
710
867
1673
6446
1522
4323
32
432
11021
6343
4208
4532
1575
5032
9399
2960
756
5299
10574
5743
4914
9707
3830
5907
11723
6339
8583
6482
7031
8086
5727
2214
7555
10052
1245
3616
519
10630
5267
4436
8072
4198
8584
2932
9356
11706
3082
3341
3491
3366
2610
5790
7651
7659
1833
10728
11053
4017
6471
3228
102
3877
6172
11000
11359
5936
9318
1445
2862
8020
8747
2344
6592
4294
4223
1065
74
593
2479
9529
10887
906
7754
6075
5636
10050
9035
923
429
10118
1259
161
5432
11514
7716
8903
2767
11815
3525
8416
2894
6832
8977
4272
6484
360
809
9928
8846
7563
1231
5022
11078
11534
3763
1435
3033
8875
9273
6422
11017
558
6740
9459
8801
11012
10760
166
2014
7338
3281
2689
1582
5082
11835
2060
6463
9215
6852
11172
9017
11622
7225
7354
11577
998
5805
5009
9163
11804
11895
2599
10636
763
1830
11156
9774
8301
7033
6202
1651
3351
4394
4567
4800
7730
4598
6573
9568
525
6022
2174
4109
3579
5468
5273
17
4237
7457
2265
6005
9312
7330
2055
6609
3275
8620
6849
108
121
2984
10026
10965
5140
424
5646
9050
8936
8907
374
4104
9242
2869
3873
8544
4631
6792
8472
7966
7086
1935
6421
7139
4816
11811
4194
4892
1525
6679
6435
4740
10685
11411
4527
2013
8
4089
11505
11262
6850
3176
7644
2961
5642
2907
3333
11154
10337
2591
3790
9204
4725
7551
4365
10730
7291
196
4361
740
7150
8948
11879
4251
6249
3445
9973
8178
3038
1567
10144
9720
7320
7266
3147
1114
9556
6197
4076
10702
10528
10077
2220
6844
5729
532
6570
2541
5908
1492
3015
9376
1341
3860
2111
3420
2378
4242
9474
10873
3989
4753
707
152
4519
11898
5312
4122
10784
2818
6534
8523
3149
7769
6076
4425
4741
11209
1730
11919
1614
8172
11555
5427
3665
5425
6498
9008
5375
5374
303
8038
7757
7964
10086
8926
5580
4617
5291
2656
34
11536
4986
5621
5151
8539
1741
7889
5778
4622
3992
6464
1706
9192
6308
3926
11179
9021
1301
6340
4152
3808
11856
3772
3819
5096
3160
4883
300
8530
10334
2630
6278
8023
3079
8786
10654
4459
6240
4330
7420
2804
6930
5897
661
3037
2802
4481
9038
6316
7485
9513
1674
1125
11499
4176
11619
8286
4047
7122
11702
3934
2166
2557
36
4406
10731
11228
737
7318
704
1354
7908
8772
8863
3000
3238
4599
9940
3103
11530
8069
1946
11800
574
8522
9346
8606
1456
8974
6962
3078
8196
3820
11573
9064
4069
6486
10294
9960
11539
11268
2248
270
5410
11041
751
250
4620
1816
5556
4265
5209
11234
11442
6793
9418
8597
541
11265
3952
5243
10885
11031
1711
9470
11564
11588
10588
1389
6001
3215
5770
6317
81
1751
7956
643
8942
9482
5803
803
9282
10213
694
6380
9458
7831
2193
3285
8513
8355
3589
9962
8276
2828
8746
60
9660
5553
7047
5741
2728
8189
5971
8939
2536
11283
5460
582
6939
7445
3854
1279
3245
9994
5392
8653
3409
296
4246
1794
7335
9735
185
11763
6184
4647
7195
9096
1915
138
5228
8802
1584
11263
1321
1770
8904
157
1156
10605
4572
7241
1986
5629
2181
4288
283
10623
8688
5995
6210
10123
4860
7960
3388
8383
10322
7932
11406
5147
4078
650
11436
9717
3405
4081
5201
5297
3556
5678
7678
9106
8497
8174
3630
10673
336
6846
2515
38
3150
9563
2005
10560
4380
1990
7947
134
11717
8319
3776
10345
3731
3843
6989
8019
4518
2236
1696
7920
10756
4441
11611
8500
8901
9752
10269
8008
7269
7893
4513
2451
5437
3920
10341
9153
11533
2223
10243
5884
5914
1862
5084
10445
6619
7772
8897
3495
10184
5824
11129
7830
10170
3017
2771
9401
8444
11914
9554
6759
8078
8150
6337
4240
9283
5944
4784
6365
4715
240
8671
3885
4801
5197
4585
8292
5513
476
7959
8224
8498
4675
5175
10211
6166
465
5952
3453
5796
1715
11699
10467
9121
11519
2000
7820
3909
10907
6949
4736
9524
11711
10350
10575
11056
5530
6831
11572
7545
9023
5464
1526
8906
5951
7823
9941
361
11887
1742
217
4924
9229
5651
7265
6986
2653
2412
4225
203
3677
9201
3471
3744
3993
406
3754
5098
3734
5016
5617
8461
6980
11177
2279
5045
1649
4786
1955
6557
1446
10740
35
10833
7785
930
1533
10987
8298
2884
3463
6507
137
577
7192
10691
4125
5269
3161
6261
8227
772
1347
9863
1921
11489
6103
5739
9339
7081
10398
4722
5567
11818
128
3569
1636
11651
5901
9795
5920
8979
921
8534
2514
5711
9313
7857
10200
8627
7868
863
1950
8635
10142
5112
450
1122
2820
8887
10918
1981
9678
3805
11295
10237
8274
7605
2667
3774
8430
5358
2150
2151
8868
3218
3581
1288
10192
6606
3363
4692
131
7690
1513
6580
8323
8928
4285
7634
7109
1579
5573
2958
6823
4428
1899
6457
11649
2355
7899
10883
3961
3995
9573
1948
8675
7193
2917
4981
10924
8934
1697
553
11371
1394
3724
10657
5270
11412
7685
3903
4410
3573
4118
6610
4556
2664
6866
2892
7012
54
6695
2235
609
7361
2387
7085
6101
11424
9927
7120
6334
910
10781
8743
5010
5806
11692
3519
2192
6559
8730
6834
11498
11347
2710
189
1249
10687
6034
4231
6813
2018
2035
4700
493
10754
2342
968
11065
8342
10752
6741
11878
851
5672
7284
2416
4635
6779
6616
11727
4060
421
5555
10147
7759
7162
2883
11188
9269
920
2590
1746
5631
8151
4943
3737
1541
5377
11252
5421
9005
10855
9126
7145
5835
1062
7909
2706
6330
4618
346
1326
459
927
7709
10368
10047
7755
3499
3459
177
3610
5171
4282
8317
4102
3553
2533
11676
10695
6174
5419
10165
2495
752
8432
7507
10764
3326
3741
5127
7494
10002
6441
320
4842
4956
2716
10130
2637
9971
5541
8225
10428
5930
9895
428
7529
5087
7778
8602
1875
7988
1466
9585
5676
4821
8316
8915
9100
5238
7584
8097
2648
11325
5475
9302
1211
8849
2840
11541
10828
7906
4340
6114
878
3430
4589
5162
7923
9611
7869
10405
8771
11344
1276
6442
1080
9526
1285
8374
7805
6417
5367
3580
656
11631
9026
5298
5638
5409
2597
9921
8308
9359
887
10226
5698
6786
9412
1621
5023
1454
9595
3317
3714
4273
2329
3537
10902
11633
10145
2931
3369
9746
5144
5400
1312
8837
3152
11425
8988
10886
8011
8420
514
6996
7827
10610
7739
8288
10452
2574
3461
11594
8270
10305
3411
4298
726
5592
4431
539
11350
636
1912
1634
1826
10069
5034
8577
8411
11410
904
8896
7169
6025
7879
11144
6576
3886
7428
9545
8177
7658
4852
1230
8763
4604
9499
3105
8717
8651
527
5802
4697
5248
7775
7552
9723
10138
9866
9053
8213
697
8599
10985
7569
25
11439
8252
5896
4851
5958
1994
8501
11584
2569
6505
4416
11108
5990
8305
8822
2210
9541
5122
5471
537
2632
7248
6168
5494
7817
436
180
3291
4616
464
4367
6598
2046
8216
1822
9258
11258
1251
11609
197
7935
10247
33
10115
11891
11208
11010
7781
1660
5728
7360
6138
5880
8036
3725
11311
8442
524
10080
5599
1306
8159
5757
2478
2028
7179
4148
1490
11237
10074
7307
10190
6389
11207
154
4612
216
3887
7431
1637
1601
4083
159
4001
7017
5200
7942
10820
4581
3313
6761
3716
9083
6289
11920
8781
7476
2839
11317
11634
1732
4042
2114
841
5246
10909
9732
4592
10738
6531
7316
4414
16
9364
8402
5338
5526
10583
11426
6551
6767
6825
2011
2102
2126
4726
9092
219
10677
10159
6692
141
1689
5902
4085
3781
5341
4609
11832
8362
6886
10899
6208
7131
10590
8441
11525
1982
7528
8229
5989
10036
3723
9969
9551
1542
2846
3692
10952
4352
9957
6159
7461
10396
8689
7237
8247
695
8112
7394
5652
4757
475
6040
4009
7157
10367
3143
11925
11748
5520
1444
10040
382
6132
7200
201
9105
9992
1784
6893
6603
3259
11681
6477
11659
7343
5354
6280
4746
4393
357
6605
5928
3930
8143
2415
7254
9062
8393
3067
1295
1302
8796
2867
5717
2567
5661
10286
8282
10608
6804
6360
10188
8757
3057
8898
1859
9270
8515
1563
7334
10167
5984
6275
7930
11576
4624
733
10333
2259
9075
2825
799
1097
3269
8005
2530
11522
7866
7331
11524
5817
9512
5368
7328
4000
4091
8212
6023
7941
9118
8806
2444
10449
6735
3352
8964
67
4537
8273
5189
6956
8484
2581
9542
1488
1694
11794
29
4382
2896
2659
7512
4865
4063
3507
11380
5231
10302
7373
6634
3171
9087
3448
7623
1495
937
6191
3945
9327
6262
6332
8462
1600
6153
8041
11038
1455
2297
8116
11180
3686
7579
6990
8983
11239
10683
6294
3492
2765
5277
9564
2778
8415
4171
3262
4664
3685
4444
5414
2797
11431
11039
3779
6858
7945
10895
5734
8277
7298
1368
1835
9378
7310
10767
7072
194
2801
10567
4667
4515
7976
9501
7885
153
6062
11321
1035
958
1370
6501
8946
6648
28
8137
3661
5224
2724
8044
7260
1029
3545
1224
2273
11063
10832
9603
8656
6345
11173
402
1735
4628
1340
302
8263
11566
3803
4881
8346
5191
3156
2543
5590
6950
1655
7306
7610
4061
6302
1983
6752
7896
9487
10229
1236
1885
3095
4863
6427
7062
2594
4128
1139
7065
3287
1743
2009
8777
3841
4735
5288
3821
6887
7952
6461
3403
9549
7185
8930
6478
8893
3376
11661
11324
1768
4767
10576
5089
4003
1927
4762
213
4411
1628
2852
3947
7434
6163
10379
7171
2548
114
2176
1390
1678
6313
8423
7801
9414
11797
8836
4230
10438
3701
3680
6
7595
3469
2757
9955
4645
4167
7103
5450
4303
10823
6622
1587
4939
10515
981
4101
7852
7463
1309
2753
3055
11159
9669
5858
2928
8164
9858
4121
6108
2298
9677
3681
1631
1317
7737
10835
11806
8900
3883
773
11275
1797
2936
4187
7531
2308
10267
9417
4789
10468
449
10825
1264
7368
6445
1123
9636
2546
6859
5680
3248
8412
6915
4807
557
1860
5027
7402
1954
3002
2285
1727
3594
3923
2868
9963
6709
5584
6773
7570
1550
2321
11690
352
6928
1761
321
5093
8782
5076
6588
2949
3039
6169
6006
11422
10660
5766
7144
1003
11171
3513
9509
2281
1708
8973
3613
7106
587
3209
3771
10111
5927
5470
2463
7917
8391
7469
315
6462
7350
325
1943
3425
4672
5551
7549
9489
8236
10635
604
6170
10134
11712
3225
11256
7639
11189
7151
864
8825
11929
8641
9052
10941
8980
9991
501
926
7401
963
3840
8731
2982
8049
886
5585
9400
5018
8564
8211
11889
826
405
7060
1034
2516
1554
6749
1073
4689
6154
6714
5761
10582
7986
1819
4218
412
222
9642
554
10652
5769
8563
8963
633
10672
11620
3325
11217
9580
2356
989
1630
2834
10315
2829
7107
10244
11430
1524
11765
8621
9409
1785
1329
5025
339
973
10598
2017
5364
2833
7951
7996
4129
7270
10682
8448
368
10104
11453
5838
10836
1679
6818
8496
7708
1959
10780
11423
6410
3036
3707
6871
2799
3005
8089
1597
132
3732
5653
2702
124
11599
72
10765
8084
7484
11290
7692
4474
9651
1638
9809
2695
10761
7381
10914
10994
9663
8891
1408
4884
11734
7877
9616
7837
2933
9128
7102
4020
2529
5916
11015
10478
8455
6251
11067
9516
10986
9844
239
10719
9249
6612
9248
9620
2130
9576
4529
11100
3340
5488
1734
3050
3713
2729
6070
4043
6136
8377
3250
1919
11374
3316
10070
940
4054
7353
612
832
6226
884
9566
7710
4359
11377
5388
7146
4744
7449
323
9375
1189
7895
11679
10498
3424
9671
2310
5687
5011
8817
5331
10329
11368
6546
8551
363
2619
3975
7538
2133
8593
6803
8921
8221
6903
1237
1005
10093
6086
1000
10463
10712
304
10440
2300
3838
11751
11587
282
9935
7148
1705
2413
9626
9706
5587
811
11036
8785
378
11483
2331
561
6260
9334
9381
10386
7421
11255
8826
6358
105
2184
2930
8295
10553
7638
9692
3283
8613
10450
11655
7409
10238
11823
158
2605
4670
901
10980
683
11684
2501
11293
7309
9627
1154
8167
4814
364
7243
5360
11160
3203
6455
11353
9813
4068
5968
7018
10910
3959
1871
504
7481
6635
7019
10197
7764
4201
678
2723
1327
4979
3650
11165
8424
1947
4555
330
9954
8764
11071
2081
11547
11893
7949
8864
1580
1882
715
9073
4550
1314
9107
12
11393
1970
9740
6238
2023
8591
11357
7540
9901
1619
4803
5991
6765
8533
7387
1434
482
4781
4502
3571
8967
5868
11501
5321
6203
8013
6828
7987
10766
8218
11014
9701
4902
5932
7612
4173
869
6988
3895
7037
4494
5001
292
11429
4903
5670
1775
9586
3522
273
1556
9750
9260
4743
2138
1144
6268
10097
611
4177
9433
8330
1397
8859
1320
3360
6724
3054
4181
7489
8396
11358
11868
2462
5303
1129
5348
11563
8909
4082
9650
5820
409
4461
478
3279
6702
540
122
6194
5713
4140
10253
1038
3795
7680
9837
3210
4058
3998
11579
11001
10281
6331
10603
8957
7138
11680
9728
3962
11710
200
8382
6388
11466
9074
8633
6291
10153
7645
10979
6814
2253
10674
7661
1865
2635
5040
5405
1650
9287
6875
991
2768
11726
2170
10254
6357
9278
10491
1847
5019
6128
10189
313
11865
3085
10011
7447
7426
10410
11730
10177
2851
11842
4186
5255
6746
9164
5148
5356
10834
11640
8684
6416
1111
1077
10759
8695
578
10203
1887
7121
5931
1182
6951
3452
4136
5391
7226
10787
6787
512
5588
6797
3162
202
2902
1386
6998
7491
3280
9773
9865
6694
1482
1763
10704
471
4199
4080
1957
945
3102
5857
5510
8321
2847
10250
8607
8924
5515
9077
7404
6748
7926
1186
4960
11860
8080
8190
3600
381
3539
7983
4158
3427
10984
6615
6489
10274
9784
5999
8998
905
7096
5715
8943
5429
4427
3693
6408
3758
9597
10326
6104
10970
588
5602
5065
3294
11305
2407
9743
8949
4681
10791
4890
11671
11754
3811
255
11769
9978
5079
2316
3478
4562
1568
4356
2304
9786
11762
9979
5342
6629
416
125
6450
3673
7796
687
3175
9976
7774
7625
4421
1615
5988
11740
5337
2134
1272
2758
4498
939
10453
7105
1273
9525
738
11768
4476
10129
9345
11222
70
8959
9446
8166
7397
10078
2347
7522
4057
11306
9190
10531
3662
8774
10193
1832
500
3969
11104
2042
5684
8131
9688
297
2601
10321
5077
6468
5695
7011
162
2812
2094
7275
7753
11689
10092
10753
6188
11598
7840
2022
7550
6235
133
7751
11244
11026
3249
1098
7257
1641
4928
1072
2087
6072
7231
2341
11333
7532
3328
5394
10651
9141
7615
4717
10218
6391
11506
7040
4377
11266
2332
8075
3598
5265
4977
3458
7427
415
9691
8918
9949
5290
955
8228
7168
4733
5611
2948
5226
4379
6451
9483
5773
4366
9300
58
4179
2886
1667
5524
2047
85
7375
8333
369
3738
6472
10922
4636
6412
11338
5376
10658
7833
4134
1194
9736
964
2612
1918
399
379
9798
8173
3848
5582
8398
9240
8088
1051
10993
8659
10195
5894
8239
1756
1786
3432
6686
377
3644
7756
8340
11766
960
10417
10482
8720
10158
2875
1382
10061
7337
1013
7816
11782
10917
3697
1942
11838
5558
10933
3729
8647
6058
7367
10964
11075
4488
7003
193
559
10220
10217
1701
57
8509
4872
1433
6867
4482
7724
10563
4634
870
6776
3182
9821
11416
6014
2242
4261
2002
5091
1972
9013
1074
9588
10525
4646
2074
1613
7542
6232
8360
10451
4062
3138
6143
7080
2275
6617
5095
11362
8363
2790
6574
3200
10441
1561
10381
7694
5467
8755
9394
6139
10284
5814
4351
8450
6415
9546
8259
10234
10198
10301
8091
6796
3148
10777
984
9420
5925
1334
2091
2148
3591
9776
8009
3722
4516
3145
11169
11779
5207
2296
11928
3901
4262
5675
11650
9759
4820
10421
11253
5301
3622
10291
1700
7374
3929
10128
2277
3166
8253
4868
10585
4449
8879
7985
248
4882
8418
2359
6630
6298
294
4164
2823
4103
5422
7876
8283
719
3300
2586
5379
11822
3068
6327
11839
150
5596
7850
7871
1197
5566
10171
985
10098
2185
6604
2349
10694
8762
4913
1428
6252
11855
3762
517
404
11192
3006
3289
8824
11013
4244
3219
10912
1988
9533
3120
1398
5454
8702
3572
9997
11019
8262
7176
8532
6135
2849
3151
8932
7365
4383
4107
6187
7076
10851
7742
10447
10748
5610
4846
11089
6824
6508
10146
10844
7282
3747
3051
6590
4877
828
1866
6946
8590
3468
6144
10722
1183
6982
1836
5623
7167
5710
7965
914
11373
10501
2663
6257
8303
6179
1878
7004
5452
2697
1995
1698
8359
3489
7088
4594
6770
8431
10023
5066
8061
3656
9048
3641
10744
183
2180
11933
10792
8669
6707
6269
9295
10667
7113
10757
10929
10602
7799
7961
4146
7571
7812
4739
10470
7057
3396
731
8100
6087
3049
11111
6223
5641
6771
5343
2443
1346
10446
2448
10916
7834
5306
10257
10852
8399
689
8114
9129
6673
7696
10554
10347
6783
10
3274
10845
6066
10366
4375
10805
6370
3694
6326
3615
3124
5397
4415
859
1429
9841
7726
7740
10432
6575
4135
5216
306
3828
8940
2582
2497
232
11560
3305
2019
4097
5129
11432
11846
2603
2782
9715
1375
1112
1101
9219
3371
8139
10786
6769
10948
4522
4794
6925
4396
7813
11774
1478
3431
6082
7356
8490
2177
2486
1609
2084
9843
14
2465
2786
82
2117
2639
238
11899
7348
2614
3670
9119
10472
4873
11186
11079
3735
7319
5830
5062
1813
10163
11027
3812
575
5708
7235
2944
4483
6703
9380
5081
5572
2398
10830
1977
9754
8754
4254
3307
50
2302
2913
1877
9237
5455
9351
10320
10346
4650
8993
6390
8186
7216
5487
1085
4433
1289
6346
3372
721
3564
1913
9659
419
5947
7766
3308
2665
8206
8624
11220
11136
3164
4974
5357
2299
3367
6470
5103
2026
2843
7744
8795
5458
5667
728
3418
5241
8778
9559
1540
5143
5856
1180
1519
11718
6133
835
11916
4989
1200
4463
9833
9455
390
9980
2836
3546
5214
2968
7030
11515
9089
1737
5412
4982
4827
5188
5689
2233
10837
9775
8426
2461
9438
263
2418
4350
9187
5850
5262
3121
3872
6140
4268
4673
11043
7273
3982
4542
7862
4301
6176
10721
9891
846
617
8531
2020
1218
10976
596
1815
6196
341
5906
1250
499
6002
11331
10484
1891
9212
1552
4426
7770
9374
5365
2531
503
10025
996
1870
2436
10148
11401
11568
10809
1993
9155
3207
1529
2041
2506
1268
883
59
4716
3324
7205
8727
10881
5793
411
11820
40
10371
9812
10663
3837
6685
5554
966
1460
3792
10966
5798
3986
3386
11340
1248
466
4212
10737
5447
6119
3206
7944
9862
4484
4795
4332
9131
7499
4996
51
1745
4384
824
3230
10782
2061
10018
1627
7101
10157
4944
5637
11542
5173
284
3856
7707
6526
1174
10182
10039
2785
265
8570
6215
6480
1076
4491
348
4506
2616
129
4835
2065
7172
7456
37
6175
4573
10734
2137
1362
2607
192
9093
11443
9953
4888
11870
9528
7686
7861
3578
3190
6812
713
100
447
4831
4671
11460
7829
4153
663
10739
11402
631
5181
2158
10150
9195
8676
4033
80
11507
10175
2939
4578
1985
2339
11372
2054
4545
11669
1102
2274
6304
7881
3494
8866
1417
149
5825
1733
8683
2471
4523
2381
5041
1190
4742
7590
892
4044
1543
839
5834
11438
389
11654
10819
7989
10095
7055
6429
900
11020
1010
6120
10732
4813
7815
3968
4702
5190
919
7056
10292
5069
9518
9767
6602
4643
10109
3242
9151
10935
10632
8042
4685
7278
6281
4336
5485
10642
11770
4919
2774
3393
11379
2197
10152
4576
10671
7175
8745
9634
8311
8969
6315
6789
2934
3663
299
1337
261
1371
2189
9492
2062
11675
4010
481
10505
1120
10027
5881
1086
9753
5915
4417
7451
3040
2179
6476
2337
6639
1511
2749
7020
7845
4731
3868
8580
3908
7208
1532
11809
7268
8556
8287
5828
6285
3654
11094
6991
8210
1395
7197
5659
1484
1246
11637
8895
4605
2172
5401
3062
3266
2947
4999
8654
11864
8052
10458
7972
6691
7488
5912
8306
4269
8567
2671
2793
469
7267
4773
7717
8960
3867
9985
5760
917
586
2893
9320
8506
6352
10824
6553
9001
2791
3398
9666
3524
896
4587
8267
4632
4710
8507
934
11247
768
11616
10151
8575
9565
4853
730
10003
11099
10596
2115
732
3504
2642
6594
1987
11175
8232
9849
11134
10856
844
8605
39
4343
1749
4478
11595
8799
5791
3862
4761
5194
3439
956
2468
4504
10903
2658
3119
2811
718
4087
2434
9782
3536
2784
10131
257
5904
3189
11035
6577
8610
3395
8300
4099
11621
10882
3530
9644
6716
8603
3173
10715
5681
5700
11578
2903
7430
11098
3264
8126
7091
3265
2440
9567
7636
10862
10566
8938
2860
4184
10700
3899
5459
496
677
2628
5697
2563
11558
5183
2873
9170
1064
8471
10946
7029
3413
3399
3170
8459
7007
212
1984
8307
5534
11861
5978
4948
8608
7541
9744
3751
3169
2951
11042
6817
10325
6328
1838
5967
11181
11068
3433
2955
935
11002
10709
6397
5832
8105
1659
11437
11473
542
9968
6955
9230
754
10015
6206
6613
1855
2097
592
9932
10627
10117
8540
788
7021
11802
898
11812
649
6600
3518
10454
4499
3859
8087
5910
3829
6361
9628
5777
7097
2438
1263
10664
10533
2722
151
48
8406
7288
1721
6979
5234
4962
2979
4533
5435
9366
10945
3638
3759
7245
1468
3936
3773
6967
10196
6820
9111
2090
6060
2067
5493
11523
4830
8517
5242
5047
4357
8242
8878
5068
7782
7287
11245
3159
8834
6085
6502
7544
165
2615
3906
9868
7346
4045
1883
11570
7681
7043
4493
8526
2938
4120
5117
298
10383
8945
6997
7994
5921
55
10849
8661
6905
4291
3687
9902
7547
4105
584
10295
8215
11226
7130
83
5660
11158
6865
7565
7483
7329
10397
6456
673
8417
2975
8449
4448
71
3623
821
7067
2411
8334
4074
5979
5781
208
10083
2191
279
9133
3566
2708
7038
11888
1811
5124
10675
8169
1234
2550
11662
3070
9272
585
7722
5822
9328
3709
6118
113
3755
6209
657
3674
679
9227
8341
9911
7800
11103
11070
4438
10666
909
556
4765
8067
836
5481
408
7798
5783
8622
10633
3004
1591
4424
8254
1439
648
3789
4248
3419
5395
9268
753
6663
7351
1095
3391
10611
11491
7448
6384
9656
8752
8160
7326
7400
9182
8677
1416
10375
1253
6999
1358
6826
6506
1006
7689
7599
9687
10890
655
3365
4564
7675
11211
11327
148
6882
1078
7632
9386
4026
5809
9615
2652
9931
6957
8260
758
3933
3814
6942
11240
2004
9030
9861
4829
10314
1011
4245
178
5251
6061
4908
3951
456
6088
4684
6217
11448
5113
9443
1799
2358
2912
3229
9018
2426
506
10534
3109
2806
10283
1953
2182
2921
8625
3301
8025
8098
10374
11418
7166
9066
1168
4465
7705
5963
4277
610
9369
11487
116
6798
11924
11670
2887
1837
452
6266
3349
44
1989
2392
2798
3414
6003
10526
3928
4467
7454
2743
9367
1846
11413
10874
11138
11825
2754
10433
10204
322
1778
2830
431
5539
7870
6288
7946
4106
1474
1642
9965
2491
9764
1374
26
10202
3180
3523
3462
11917
4885
2075
2924
2776
3185
5813
11859
7095
1292
8867
502
6665
6401
1626
7720
7301
4998
4115
2837
11127
5862
7962
109
6229
11574
5718
521
1664
5042
10330
5923
1126
6383
1506
6566
1566
10503
3100
9637
4372
7523
3092
6581
5859
2638
3025
11320
794
4090
6393
7934
8851
9197
11336
11249
10358
3044
2025
10004
3087
6520
5012
5311
10529
4507
9333
2633
2132
4259
947
5302
1440
4253
4704
4111
7835
6892
386
6934
9897
6413
2144
9964
1361
1426
11395
3596
1392
9515
5986
7482
6071
2817
2173
2845
10527
9763
10688
10645
6089
1049
468
8808
3664
1486
7305
9120
5579
2217
7015
2733
2330
140
9091
4797
9232
6020
4151
8594
6848
7304
6737
6199
3212
3526
3905
2110
286
11927
856
11613
2082
2286
2704
8640
4848
8649
8050
3847
5518
7682
3611
1213
4837
8984
4473
8007
9548
1185
8329
2369
2211
4315
4721
6572
2994
4898
3227
7592
10455
2872
1750
7872
938
2965
4994
8003
6747
10481
11606
4871
8366
2141
6636
2535
7070
988
4711
10571
5891
834
8043
4967
3531
1472
2576
3440
1565
9804
3077
6497
318
5119
7500
27
1195
8779
7251
7187
3312
6523
3154
1796
4132
9043
10399
3639
941
2340
10749
2696
4443
9888
1458
7495
4553
11600
5154
4893
6073
3304
8285
4316
9983
172
10790
1241
8499
8645
4748
4621
269
7585
5185
10370
8312
1607
6228
7126
4321
11223
7209
9824
7927
727
9321
1093
7455
2400
3451
9908
684
9183
11715
4524
5677
9579
6552
529
8121
6654
9758
2466
1577
2280
4250
1383
9916
1002
6881
2566
3743
9747
7125
1207
5899
771
7884
11826
2885
2558
4464
4304
8140
2660
8734
9457
403
3197
42
11434
9331
4985
11551
6264
7515
1004
5240
2161
10019
3554
9004
11370
9793
5550
5433
9405
7543
3292
9220
4992
10403
7890
598
5416
11167
4654
4966
9293
6750
5442
6440
393
3517
10592
11540
11433
9442
11088
9453
4088
8756
974
10073
8343
4678
646
9436
8710
187
5229
10733
11732
10880
511
251
7937
1377
7933
3252
1140
5690
3417
7731
6211
11707
4759
1777
2625
8718
6618
2175
3361
1448
6092
8433
5736
3125
11829
3991
6027
1232
5964
8510
6015
2093
9741
6742
5563
1595
6838
5603
10464
4280
3272
10934
6521
6684
10968
5658
8814
8690
7439
5274
4870
7910
1744
8935
1127
5616
11073
4391
5252
9570
5431
4799
3559
7119
1069
4665
1373
8223
8108
5552
848
3757
3080
2526
744
8706
228
7735
1104
2920
4339
7836
7274
8017
10919
515
8941
9730
2809
6713
6359
6781
4232
9906
11701
230
1339
5788
11479
10465
11721
897
638
3241
10348
10617
2292
9081
761
2103
3350
3798
5686
3464
4826
11660
7783
10056
1491
4856
9699
7154
2048
351
3740
1131
7045
9389
815
8636
6794
9432
670
4819
4541
6620
10435
7573
674
3358
5323
10821
1904
3800
11007
9779
10143
7026
7321
2003
749
5719
9835
7924
4423
2838
9395
698
11114
4876
7364
10565
1391
2701
3449
9834
8233
9739
9316
7568
226
8171
6585
10778
3994
2338
494
7078
9896
789
11231
7725
9942
11454
3984
9267
5220
19
10430
9337
10888
3314
8805
5823
4611
4904
6074
9582
4782
804
5272
11452
699
6860
4412
6225
8094
3889
5007
6899
6146
11066
11322
9285
2898
3549
9408
11415
6064
8748
843
1907
1463
8840
6938
6335
7663
11337
2425
6689
4039
11550
627
10647
6201
3136
8102
7628
995
2267
533
1425
9794
531
2171
1043
8612
1939
10595
3315
2423
8103
961
2621
6404
4976
2602
7602
6213
4549
8991
312
11704
11478
2528
10557
10029
10245
3012
6829
8256
11230
1169
10300
3973
1903
2773
7336
5685
889
3514
11877
11857
7124
2269
9137
3631
6510
11607
6077
9162
8648
3132
9224
104
641
3013
3966
743
9274
2459
7066
652
2200
11201
11323
9402
2098
10181
10692
4568
3647
9948
1531
5535
10735
7143
9060
6624
7246
6661
6245
5517
11008
2962
4972
10524
2537
8369
5292
5149
1854
8284
8521
5413
11553
6667
6985
1951
1239
6864
4900
10972
5046
9887
8217
4964
11546
10829
3558
5694
3282
2717
1974
10013
9803
9522
2904
3273
7211
11657
1991
1108
2870
7497
9667
11441
11110
10277
1547
1647
1282
967
7324
2068
9444
6662
4606
2257
8021
3557
4707
3675
1219
11602
4910
2070
9279
6467
11851
11500
7286
635
2681
5976
11700
1404
8031
2352
8352
5168
8667
7791
9617
1546
4056
10806
5731
8163
4847
442
6274
5155
6721
7242
8999
723
1381
9944
6185
1897
4007
488
5624
3657
10842
11787
4745
4705
9042
4203
7464
5195
2503
8335
3222
9830
1925
2456
762
10513
8976
2796
11421
2874
7517
10558
8320
11807
9262
11663
1
10436
979
5120
3288
5353
2446
6192
9946
11112
2467
7082
101
10839
7620
9904
2301
855
8631
7152
473
454
6683
3824
8026
99
4946
10495
3213
5759
8258
4446
11150
949
3726
9297
10552
902
4566
3216
2859
3030
6167
413
7100
10600
615
3706
4385
5557
7477
2510
2213
10549
10865
11504
2414
6369
7779
8372
3918
392
97
4139
7784
4804
777
3178
1539
2741
1760
310
6031
9214
9600
4577
10313
8923
4510
1173
4791
10460
5720
7613
8421
2243
11341
2583
11845
1171
2272
11719
4894
6205
8701
329
9016
2745
6432
4796
5261
9488
6518
6964
11750
9102
4608
9647
7363
11830
4570
10801
591
1583
4850
2405
9977
5260
4878
520
11482
474
1683
2794
7219
3297
5748
4144
10956
5121
10943
2513
7083
840
5842
894
3406
9150
1755
817
8751
5785
5821
7259
3378
6051
8348
7723
11084
10812
4854
11529
11273
2919
3108
3053
6324
6974
7136
5430
8829
2348
11604
9561
1209
3181
1791
9703
9398
5110
9876
8537
4333
7016
5067
4296
6614
11408
7608
6164
4579
7384
9606
2805
2178
11632
9236
10714
7362
976
4980
3071
10180
10137
776
2183
10135
11461
7736
2361
1645
11387
5141
4354
7767
7158
11503
3688
957
2401
9140
2914
7411
10989
7747
1788
7521
849
7140
6891
1593
2367
433
8685
6969
49
4993
4300
2730
6355
2987
254
2289
8349
10540
712
6945
9225
3876
11465
4180
2012
8379
4755
8466
1410
7256
5092
5318
8953
6115
2034
2201
1057
6922
4770
3538
2518
3658
9808
3155
5441
10262
11867
7222
5742
10339
6870
6259
5606
5998
3570
8574
6785
2224
1075
3777
8917
1668
10474
3389
2099
760
8170
9167
1188
10713
11274
8491
2976
8660
10161
11153
6382
4792
8475
1228
5714
2545
4162
4931
1906
3098
3892
1979
7391
5233
4429
6652
3780
5843
10900
9259
2580
11844
3412
10228
5264
8617
5945
8552
7474
3473
5111
7134
4887
7874
5319
1420
6493
10511
3679
4174
5316
10779
2832
7462
11874
9950
10518
653
7417
1192
2747
8845
1333
5083
7853
451
8141
9361
9760
1206
3702
8016
11271
9056
6888
11083
952
6660
9012
8588
4503
8371
4936
11246
6366
7479
231
7342
8525
5782
6854
11714
9061
10251
8378
11130
3153
2043
2988
10800
9255
3950
0
1083
9619
10191
5280
9085
11729
11638
10884
11316
7856
2821
10030
5399
249
6047
9010
3684
8248
10506
9737
1590
8296
8191
4227
5808
6674
1806
9684
1856
4626
9815
6310
10090
10087
2668
4492
6763
5890
669
6100
1608
11407
5583
11394
1646
2532
1015
9165
5498
2036
1027
8128
5218
1387
5812
746
10199
3442
5523
7308
5256
11625
8807
7170
6784
11101
2956
4500
9410
9014
6836
2288
3334
10296
908
7892
8700
3434
4175
5691
4141
8403
1400
2470
5133
6739
2190
9069
1296
1103
7087
11850
9425
7128
6550
11517
1807
5861
7721
6053
6117
7995
5198
8188
5819
10804
264
400
7380
176
9645
10420
4092
9122
319
11391
2454
5283
579
6305
11302
2666
8809
3311
7013
11123
4779
11294
5059
10349
3708
11224
420
7090
10679
2720
708
224
7206
3784
9407
3205
5966
10225
6171
2781
4189
2319
3605
7734
4750
6926
6906
4895
4652
11299
8992
3113
9823
1562
1022
2417
1036
10000
5765
11205
4049
1704
10638
9175
4472
3422
7264
9952
10248
4271
6878
9974
3636
8452
11538
5390
11653
103
7647
1973
9745
7092
11396
11880
4922
4048
3608
10331
2971
10071
1736
6190
6084
4274
1343
6099
3195
1949
1961
2816
5078
8703
10473
6338
7051
10361
5909
7293
6700
1293
8183
7114
1042
11300
10219
912
5314
301
6625
7071
7660
6453
1136
6121
10016
2390
2040
1270
2262
5090
5786
3072
6976
6711
977
7149
3066
5749
2585
8281
3874
2901
2748
6656
3348
8037
9247
3884
47
11753
7977
1975
8790
7379
508
1716
10413
5846
1902
2877
3542
8722
7527
3318
5026
1762
9132
135
3251
3204
918
3223
8856
4320
1662
6837
11796
9502
1133
686
3299
127
9885
3373
10634
3123
2715
6013
7372
9799
11214
4593
5118
9463
6533
7186
7580
4752
10843
10442
7236
9099
9178
11140
6545
10466
5372
10982
6405
10815
6993
10519
682
7112
4150
10412
3922
9496
2247
6586
5589
676
9480
6542
9989
7806
11686
2441
9323
207
9990
8106
9245
6698
11326
4170
10762
11057
3965
550
2617
11022
6912
573
510
11335
568
2680
793
2037
1376
11184
1868
6778
1573
7425
3857
10577
8115
5307
7729
11445
8313
6564
7535
10287
8650
1335
11289
11011
2935
6731
2876
7385
4413
10168
5278
4583
3551
418
11126
1423
1658
7115
3168
990
4896
10870
6377
6868
4342
1280
8686
1675
928
6757
8148
2033
1060
11908
3689
2822
1598
3214
5913
2287
8869
215
2077
8344
11
2422
667
1315
2156
7054
2385
5595
5222
1789
8024
5145
6608
3956
8364
2056
10059
243
10102
6224
3130
10270
6937
8750
8894
3980
10075
9472
7398
9755
6375
5296
10327
7662
9217
1331
10892
10323
5751
637
11724
7156
9724
11494
6539
92
1135
6973
11746
7676
11168
9448
1740
6676
7891
6535
4691
387
642
356
1616
7292
7189
8872
342
5490
7393
143
1278
10846
3935
9825
7518
5213
10107
5889
3540
7433
2404
9290
6314
8370
7376
1128
8279
2890
6045
9479
2482
8708
1055
5258
778
4373
3046
8876
3041
11318
1890
10818
11668
1944
4668
4730
10908
11388
3144
11548
5898
1447
3479
820
4546
6189
7916
11363
5235
6815
11301
3971
7950
9959
1252
2410
10913
6774
8784
6149
10720
1671
171
4963
7410
8908
2086
5187
2910
9796
11531
6158
5177
8142
4456
4951
3474
10141
11025
9842
6243
1009
11793
6097
9655
11527
4971
5703
4079
3849
10854
4005
10957
10926
3582
5340
6473
11749
5445
1772
8823
9771
4822
8272
3855
8986
11069
2929
5371
861
10448
3235
1635
9382
7344
5415
9347
1094
6596
8062
10938
4293
4067
10977
2215
10822
9475
1045
3562
4810
11824
7416
3799
11106
7649
8101
9253
2713
7370
5030
8315
4458
2779
7519
3563
9817
1402
8165
6517
8962
8261
6953
647
8162
8384
9922
7993
10475
11238
3529
1622
1707
3404
7969
8130
245
8135
73
6968
2953
8002
358
10434
1928
9037
10906
2264
7089
8538
11462
2578
5208
1867
6425
691
1672
179
4927
10426
3719
11545
10456
7672
5308
623
11054
2808
3565
8783
6500
10010
8132
2116
5215
1938
1618
8404
8489
10476
1517
6279
4154
1512
6650
9370
3309
1963
833
630
4874
3577
993
2732
2406
838
6558
9451
3592
5165
10841
9280
10768
6645
5053
11235
8719
6273
1602
8516
9918
11236
7765
7289
7418
10814
2502
4369
1203
2109
526
2993
8828
10618
2626
6231
3633
6381
9534
3293
8852
10230
1805
7253
1810
9800
6297
6762
9569
10537
1324
5329
4945
9317
9149
3617
7641
7677
7855
6549
4468
7704
2107
6248
5849
9084
802
8179
2527
6466
4613
8198
9124
5787
2199
6173
5310
7191
3865
9625
3682
1684
7597
7059
9241
3276
9034
5063
1205
6966
9555
8456
1360
7300
881
3541
11077
10937
3698
8413
6972
5508
8559
3810
2762
9689
8419
4172
8238
9704
10298
10365
729
10423
10905
6856
2848
7646
11709
3058
11685
2051
1666
5725
1853
5073
2218
3346
7297
1480
7566
9421
6222
2655
10643
6537
6697
9831
6283
11366
8147
11383
9481
11185
599
1726
8642
1793
6055
847
5109
1160
5476
1294
1900
4906
68
6705
4639
7315
3003
8337
5635
9000
8184
3226
11881
11931
3023
7786
9185
8144
11044
4866
5304
10876
9914
5841
8565
2227
10239
8110
1752
11254
7229
5666
6033
2379
7173
10568
10499
4220
2996
7633
9441
6491
2963
1764
954
3240
10172
11645
1222
4554
9875
11312
10263
9605
1001
9539
7982
11817
1771
1808
5774
1193
9134
9860
6396
9460
9431
7654
11034
9171
1850
2120
4597
1817
4694
962
3343
11200
2140
7250
3695
1776
10686
3606
2147
6272
6931
5864
7561
2294
3756
260
5615
1809
6643
513
2595
2266
6356
3302
3094
4347
4990
1415
6271
10707
11646
4915
8457
8310
7669
4263
9498
6641
11921
1471
3221
8821
9903
873
9113
2926
4489
9840
5020
1780
8326
7992
5683
8297
530
6364
4239
6571
6253
8536
4485
11170
5502
10227
91
3107
6083
3972
7746
7864
808
9082
4019
5362
10265
7414
11345
53
5878
7980
5853
9263
1781
5810
163
11644
11152
2572
10649
6376
1021
11735
10233
1483
3700
11232
236
276
9112
5108
5461
907
5305
6333
2864
2698
11261
3127
8127
3115
3603
11617
4376
3711
7044
9892
3088
6855
7653
5506
6131
1089
350
11382
5525
1966
11635
10847
4926
8488
2494
10290
1071
2429
3335
11334
4133
6960
4957
1518
5625
3364
3796
5131
3897
7814
8265
6107
5225
4644
3970
7212
6485
9176
5716
6847
227
8266
9751
10411
1687
6198
9714
10389
11742
10060
5937
11852
1869
2373
5996
10215
9819
438
5762
11480
6233
7110
5072
6631
11061
3026
10676
1261
3739
11045
4660
78
11072
5350
11349
10586
11738
3720
8711
1451
6649
8079
2504
7039
9159
7392
1585
3466
668
1588
9982
1663
6879
11913
10054
621
7220
5960
8081
7440
1713
10578
3761
142
354
1485
8064
5205
3047
3568
7008
4987
7280
1545
4940
6336
9110
2981
8018
10424
8769
4603
6901
8085
5000
3188
745
9882
4824
3618
3354
6940
10520
2345
6402
3421
3997
829
4764
7382
1497
4949
9883
3064
6816
2945
3902
534
4719
8361
1332
3543
10488
4041
5236
10160
5795
10241
7194
10795
10317
2679
11745
7643
8494
4455
385
10564
7858
942
4329
4947
10268
2863
7281
805
7594
2673
2071
4708
11476
10462
11310
5386
8014
2661
8586
11297
3625
7556
6801
3648
10789
3096
5768
11664
490
1702
4495
1739
4520
10169
10510
1537
5987
2045
9238
1723
10954
6795
3456
1033
11799
1999
8123
3985
5633
4341
9055
11903
10407
5031
4445
4880
139
2066
2709
9734
10044
9993
9503
7255
6853
6677
10377
4216
485
4004
3022
11219
10653
10831
11062
8208
7828
1889
7111
2824
10391
10275
10187
5709
714
11567
1861
11731
3944
3816
7510
4419
6080
2293
9103
7601
6098
8015
6758
144
11537
9727
11695
3487
191
2139
10594
2032
6719
10879
4760
8916
2232
10125
3146
781
9890
10009
10514
10034
1718
3484
9984
9388
2481
10612
5167
4358
1502
7069
7627
2135
7006
4930
3010
9818
3490
2654
1150
680
10726
371
10457
10273
8269
10997
175
1572
860
3481
717
3375
5693
8680
2682
9058
11516
293
8643
11590
4709
693
3135
11728
7611
9923
2974
3793
7943
3330
5622
2168
10494
5136
1079
1844
795
7788
8766
2995
10360
332
9584
8729
5955
5938
2923
498
4108
11618
9596
13
463
8811
10240
9392
10848
3083
258
170
7210
8205
4941
8890
6200
1399
1155
5745
6917
11319
5289
5847
2684
1719
2523
11518
9631
3532
8033
3477
11260
7650
2244
1503
3129
10364
3942
3339
8965
9211
6371
8234
7077
10609
11120
10624
3672
1462
3760
6637
7700
7913
11128
9864
3717
6919
6959
1731
4775
11376
2167
6312
9898
7593
825
6681
7743
11678
4059
7271
7897
4809
4832
5560
3016
6992
11024
3593
2326
9031
3428
5941
3423
6392
5662
11307
7553
8848
3520
331
6733
2522
9722
8107
1014
10008
7294
6300
9166
5075
548
3645
10402
4950
4475
5973
2420
10319
3295
5639
9540
10621
11605
5974
6582
2442
10216
423
7419
857
7502
11571
2021
3550
9877
11601
8715
11124
5438
93
5192
4161
1896
6459
3752
10490
9210
9329
1686
2112
6026
2254
10940
3426
1724
7202
7042
1578
10392
9855
7745
11352
1258
10579
6151
6529
619
6589
1344
1681
9623
10696
4257
6530
4326
8477
6863
6563
8358
6124
11091
2157
9301
10276
5166
1767
5202
10252
7981
4905
11076
8732
2538
3703
2719
1831
9095
5877
6666
9929
6090
9352
6373
11496
4286
1179
1823
4658
3533
8736
8380
1322
460
2620
1792
9047
3020
9291
6044
11314
8207
4308
4327
4858
11149
3999
9086
6043
3932
3637
1405
8585
2160
7182
6632
11187
8074
7777
3201
7369
11147
8068
426
5804
7626
3649
800
4965
5875
3322
4163
9780
3528
9310
9749
8237
2131
1937
10401
6350
6042
4229
8812
8628
7127
8791
10530
425
9025
6379
3953
11218
3831
2579
11875
10589
8181
289
9117
1153
7010
7498
505
4046
7423
640
7562
5115
112
6788
2317
2631
107
10923
1738
662
3410
7574
10868
5724
4222
1521
7728
8996
9889
11932
10210
9173
1212
9020
2783
8644
1267
5239
5839
372
2871
992
2016
2143
6633
8589
7184
837
2258
8850
6221
4400
2100
4311
8728
10541
9473
1729
8048
10573
7036
9832
6230
9915
308
895
6454
5483
10031
2499
3482
8714
7108
6541
5594
1242
1124
7496
1620
1143
1017
4287
10066
570
6403
3807
10332
4418
9886
9507
7789
9668
6329
6857
3045
5420
3587
5172
3244
6102
22
2431
10776
10469
4295
7975
5712
10631
5330
94
2480
1310
7938
536
4539
3676
8394
3846
1800
6407
10021
397
9243
11790
3342
11821
7215
7822
10037
8725
5799
2584
3990
6791
7453
4783
8899
2078
932
9338
375
4682
3286
8519
7780
11801
6207
9624
3912
651
7939
6386
6842
10046
10798
9028
199
119
3258
11449
384
5050
2983
9427
2678
9391
4501
5893
2313
9679
1766
3960
5049
11157
3940
8354
9306
3634
4344
2969
950
8557
6981
247
3174
4849
8290
7940
8681
10020
6935
665
8674
11562
4454
1581
5604
9143
6385
1911
11109
11052
4037
7738
10487
11016
9594
5336
11081
2967
10644
9228
6512
6010
5203
7642
10356
4096
1759
2900
6932
4610
9521
10492
6426
333
9690
11286
4531
6219
23
4014
417
266
3076
9622
9785
8759
4677
9731
4696
9718
1084
11882
7487
10186
2759
10271
5381
9508
2861
7432
1025
5322
9015
4155
11667
681
8001
2751
1352
11683
6509
9160
4574
1030
1895
10967
5668
10746
6057
705
8596
8271
2320
10961
11744
6091
9593
10969
3802
6647
11135
8989
6884
7616
7204
1204
4217
9757
5102
4486
1980
155
9452
7787
7514
455
9961
2690
11722
272
2368
831
7415
696
3844
4142
4228
6250
6688
3331
9490
10783
6913
7688
8244
86
9999
9601
440
9281
5740
5182
4698
1923
10338
9805
602
11203
1603
8219
10716
3498
3407
10048
1494
5970
11455
2053
3231
6349
8658
5039
8235
8129
10416
1338
4279
1040
6078
10085
10415
10354
10718
2972
807
10372
11923
8753
3788
9476
1834
3957
9822
8578
5469
9430
11427
8347
3267
6738
1355
2775
9578
10316
7557
5500
4471
3827
7104
3832
4462
2475
9344
66
9396
11093
9981
6710
2366
8429
7539
7954
9335
1041
8134
6701
1551
4551
7698
6354
9494
1820
6420
3199
572
2079
1801
7711
1998
3585
5705
7851
2763
9009
1020
3964
8832
2159
10572
3191
9562
6106
1208
4547
10221
3476
6907
2208
6433
8646
9027
7657
8029
5942
9925
2477
2263
3786
7408
11755
2155
5142
8652
2370
8697
8149
8721
10419
11131
5815
169
2588
7797
3091
2255
9114
5620
1283
11798
9881
6368
6145
1298
6011
2142
716
7129
7377
11528
1969
9987
5981
7340
10028
9769
2589
10307
10260
5184
10724
6994
1130
8922
2052
11756
4264
10479
2813
5004
4398
3165
830
8595
5263
10543
4595
1840
87
8152
951
6142
4749
8696
8473
1515
4241
2194
8465
9294
5037
11107
6290
8673
5726
281
4823
11549
780
3574
11166
853
489
3450
3357
4844
9710
3355
10310
5013
6056
9939
9748
9142
10024
3048
11009
3696
1872
975
6670
7473
491
4901
1199
10154
6048
899
3042
6597
5294
3801
4600
4275
2593
11666
8744
3977
4557
5247
10041
11876
9363
8927
8397
986
6898
3
7159
9726
4249
1505
2973
6127
10826
8723
7572
5135
10992
4978
2354
3730
7118
8168
4439
6764
10261
7196
4548
2571
8987
11058
7084
10975
5211
334
2283
6628
4360
1024
1271
1599
3881
9638
5125
5196
5387
10705
256
10793
2188
69
10124
4683
6595
10580
1569
8055
5466
2609
10079
2464
7656
5130
4432
2408
3007
5193
1096
1357
5505
8925
335
3817
711
11906
5905
9673
8375
9589
10550
8438
5257
1437
11907
4747
1523
5682
2645
1284
10684
3321
9646
806
1535
8039
4255
3385
414
8133
10616
7901
9778
7214
6519
7894
8066
2050
6292
2761
688
5512
11210
1290
4843
11459
8460
3584
106
11304
6095
3368
10242
2677
7429
10212
8768
4808
11682
487
6671
9336
4690
7227
1644
706
10376
8096
9814
7697
11037
1574
8511
701
722
1215
7859
2487
8454
6065
8951
6841
6516
7
10661
11405
685
2195
3567
6030
6809
8264
7352
7508
5128
9276
5028
10615
9454
5217
3028
7422
6181
11894
9456
5123
3748
10425
1469
4012
9233
3460
11404
4679
3836
8558
462
8470
11270
10101
11603
11018
2707
1453
8820
5854
7860
8637
7803
7790
1403
11400
10288
6626
10084
9070
10816
10648
5789
2675
4802
4018
936
11446
11428
3794
9870
9640
10007
1774
11360
1504
3233
1121
4070
4305
9719
9996
5259
5055
6760
8694
8560
801
1481
7622
3515
1773
8733
7809
10105
8073
11693
3728
11356
6638
522
1633
2608
1967
7238
8877
549
3839
9535
9485
6488
9806
7444
5462
3336
5158
46
5772
3278
5886
11033
4353
1640
10502
8437
10690
10606
11133
10797
1682
9296
383
6282
8990
1265
1091
3835
8639
10178
6782
10207
4215
5052
903
3646
6718
9680
2650
5002
2125
2647
1256
5738
4771
10877
10960
6423
6246
4699
8568
5574
1888
11303
3576
188
11276
8571
4328
994
1748
3243
7311
1149
1443
6936
10483
395
8818
603
1380
8407
3296
7873
2674
9676
3914
9063
1031
5484
3186
8390
9477
9920
5174
6736
10318
5977
8195
5295
3878
10149
7841
11330
7919
6548
5871
6186
6017
11113
5398
4508
3614
750
10477
7213
6659
3114
7049
467
9067
7702
4442
9148
6109
8503
5276
6947
9385
9341
10981
4022
4420
2309
147
7567
8336
8136
5519
8699
2384
786
4925
4395
7276
8386
845
5674
1163
9235
9041
8902
10729
1414
5380
11281
8693
7679
7470
11884
555
1138
11142
7819
2030
8788
10176
7277
7073
4932
2260
2311
6876
3736
9910
9180
7147
10659
10750
10017
10006
10103
6041
1516
6890
9330
9207
6387
6295
3871
2498
6069
4
11121
9325
2284
11767
5514
3890
1225
472
4655
7706
9303
4798
2447
7355
9088
1886
8047
6309
4165
8843
2705
3021
11488
4312
2234
237
8775
1275
7693
8405
1412
8629
11486
1894
5227
9264
2203
11810
3027
10639
3511
8113
10032
3699
6708
1498
6039
9791
5542
1106
10708
4785
11559
2598
4292
6556
8670
7116
5982
3128
4723
5649
10983
11608
9002
8083
2076
6690
3111
10045
1254
4440
9250
1612
5640
3018
4224
439
7773
5540
5826
9839
2421
11773
4973
7290
1934
10978
10669
2964
11248
9571
5497
1336
666
9478
2221
10012
5559
8482
3882
959
3437
877
10640
8468
3879
11148
4997
6374
3635
7752
9315
6299
5722
8428
2521
7883
1385
6009
1538
11788
8548
2006
11490
410
5478
3485
11543
7674
10378
77
11612
9198
7760
7332
7501
9537
4213
10915
10285
3257
4169
9553
7063
11122
11227
6658
3782
747
10232
3915
7181
8971
3561
1779
3380
2573
4497
9951
8387
1442
5104
7174
9199
10689
2484
6398
9725
9926
6895
562
4663
1243
10014
4659
1843
2577
5663
9781
7967
1814
8545
5818
6116
3575
3359
5116
9635
827
7665
7846
6155
6287
5836
11420
9371
9536
9469
8197
9608
6216
5863
41
10051
8712
4188
8793
10869
6843
11629
5644
