2447
2202
120
10159
6638
9023
9736
11834
7413
1501
7801
9094
719
3391
9471
10650
3592
5840
8311
11135
1653
8050
9626
2239
7933
7277
7286
3565
1150
1050
2821
5264
317
7804
9524
8761
9525
6708
9652
5798
9639
1601
5013
1768
10756
6653
10628
2910
9124
5131
4471
10877
1889
7468
8009
7902
3888
8567
485
6417
11809
5611
11167
3271
7664
6630
5340
6412
2676
7126
3390
11292
6249
4383
958
10644
10486
4363
10737
1494
5147
756
7342
2173
7507
302
8664
9782
976
4546
9973
9929
4913
6457
5237
4987
4565
11193
11100
3766
10419
11619
3616
4907
8344
9939
10428
428
10704
2887
10750
7487
11274
7826
2047
3508
11519
6147
1345
10883
2139
7787
9661
7832
11363
5128
2802
6328
7728
1872
11091
9165
7676
10783
630
4714
7652
10303
3539
9052
980
6165
7347
3842
5118
2433
8637
2972
4126
10214
8775
3725
10266
11153
7989
5884
2024
2472
8215
6067
3139
4760
5
346
1408
1878
156
4602
6079
3270
1055
5205
10729
4002
9126
7536
11246
1258
2277
11856
11426
1259
2126
11495
5096
10141
3208
2872
4700
10970
5665
7997
11569
4122
10357
1294
6949
82
2555
1445
3546
10039
8032
9671
1588
5867
476
7731
4315
11759
6332
11509
9416
6338
9660
7071
10243
4212
5890
7680
4545
9949
3237
6045
5962
3122
2879
10964
3763
4722
4259
8116
4442
8322
6532
5184
3276
9702
3158
5706
1031
4124
8328
2444
7480
6788
7041
5655
1937
6842
1468
7355
9824
4588
8117
5067
3507
6753
5095
7851
6305
11525
11425
10724
1274
9297
11348
286
6670
11644
4911
3055
6250
3864
1644
11400
10956
560
2165
7387
4119
2312
4637
1396
1064
7245
8532
1971
2602
3892
6016
9874
7043
8232
7715
385
5584
6467
4596
1625
2178
5948
11301
361
11546
7334
9237
1296
6622
10675
10976
10943
10306
1336
9815
4814
10926
7892
5751
3080
8034
8289
1111
46
5496
6134
5578
1613
7243
171
9632
5375
8299
9192
5577
8623
2795
6767
5944
7668
7240
205
4042
7899
3337
5171
4500
4255
8772
11342
9951
10335
3003
3259
747
9921
7889
1121
9926
7119
7434
9099
7548
9547
1145
11345
4454
10697
2417
6295
7968
9180
3002
11668
1506
11690
4143
1119
1850
9767
4995
2763
349
9865
11079
1763
1663
11395
9252
4540
2043
6537
1237
886
3699
389
7086
1409
7526
3250
92
3792
11236
2213
10811
3796
2245
1144
1541
6368
10046
7270
6547
10119
11676
1840
10967
8240
7306
7094
10638
6038
6014
10664
5254
10036
8544
5228
801
7592
3351
6886
1039
10459
7633
6910
3435
1935
5612
10255
8118
2495
5785
2144
2187
10992
5267
3353
7055
9342
9018
5994
9145
7794
9208
5389
8131
833
6735
5051
5046
3486
353
344
8543
5042
6126
11524
4978
11143
6756
6205
686
8676
11885
2406
10807
9961
9481
7714
7092
5877
6773
11349
5320
2599
3273
5591
6680
935
6488
2091
1386
6478
1200
11383
10788
6345
6594
71
3789
1391
921
7382
9299
8976
5262
4083
11197
7255
843
3813
8744
9425
8628
5329
224
7122
776
6268
7713
7818
3614
6679
3709
5523
5581
1554
9658
9533
7312
953
1734
4082
3734
6560
7370
4680
1559
3948
5159
3758
690
2543
2895
8742
1160
574
9625
9143
2070
1364
45
3604
4554
3179
9267
1981
10227
11379
11468
789
8970
7257
10544
5553
9352
11846
6109
10719
7788
9050
10063
7123
2385
8939
7765
5724
1988
9798
7552
1347
8638
7841
407
9142
1271
460
10559
5693
7458
2613
11719
1894
803
1228
1818
2526
8028
10553
7560
10997
350
2194
11626
4664
2973
1638
5004
5906
4032
284
3119
5317
9383
7687
6139
11672
6394
9483
1114
4557
10928
3916
1511
1256
4030
1597
10878
9241
3978
9063
3100
4419
452
4552
4477
6461
3732
947
4192
8848
2048
8769
2673
2415
5697
370
3284
8211
9206
10991
9054
1438
11089
918
8488
1217
5085
1922
10958
2634
4418
6569
11180
10845
6582
7198
4938
2842
7906
9433
1120
6923
5818
3715
671
9543
7213
5235
10834
7605
2256
413
9898
2370
5935
2841
8686
6280
1415
10800
4825
6389
8398
3651
11537
6692
9598
11576
9400
365
11060
5887
300
4927
11758
4326
9042
4677
356
4831
10294
778
11744
11175
4526
7725
10945
1562
2855
11249
11491
6458
5616
5141
5549
9140
7796
1672
2706
8511
3420
1171
2064
5090
282
10654
11578
2036
4493
2564
7470
9551
9834
8104
5134
9205
11270
7815
2754
8993
4958
3853
7747
6830
7204
1395
7089
3079
1863
8146
9472
10203
11455
11358
6748
2393
7095
6502
6290
11226
3661
10429
2861
7129
5473
4104
10364
6477
4908
396
8568
6714
9325
7090
7250
6032
11326
5933
3724
7149
2166
4802
3160
6849
2529
9055
5192
3052
3104
11814
5058
2421
4222
11386
1812
8305
5654
10948
8035
1001
482
766
2207
9401
10258
3463
10661
5156
4220
11212
10874
10430
8990
9430
9480
2582
5790
730
5554
9368
10960
3986
250
8521
5072
5984
7135
9501
9332
2594
10985
3393
2906
540
7181
10269
5485
5891
8978
7636
5983
5594
4183
11025
6947
3456
10855
9172
3544
3007
11479
5411
9338
2521
6339
2344
8153
4936
6688
893
6227
6642
1788
5145
9429
7200
2830
3968
1211
811
3504
4658
4585
3756
11822
4685
2011
11371
5102
6619
7581
9896
8477
11928
7778
5707
8658
9717
9905
5123
3691
11044
11407
6603
11740
5687
8162
5995
175
6719
7346
3379
7924
10743
11639
6952
6452
8335
4173
7259
2743
9998
9828
11170
790
1324
8688
10401
5621
5969
5530
2787
1722
959
4295
8152
10621
7872
1736
9231
7773
5289
11794
2672
5885
10636
6027
8480
2570
8780
2791
10185
8639
4903
1519
11050
3330
128
3588
8921
4091
11633
8982
2288
3469
278
2808
5341
10595
5648
10836
1952
11720
11267
262
9907
6706
4402
9005
2278
3772
10316
8899
4688
8036
1219
4905
9323
810
11502
10044
9765
8329
108
2656
10127
844
2605
8687
1869
1311
9163
2384
3503
7102
2537
10064
1414
7745
9741
8406
8969
4366
10252
4018
661
6790
5398
112
7937
8018
5234
11857
9276
7653
11682
305
10012
4920
4886
11375
7339
11331
309
717
1161
9088
2590
11823
9609
10999
6516
1331
2465
4780
7996
7911
10672
955
7278
5242
3233
5474
6081
3923
4453
4919
5896
11221
109
5176
11763
7673
174
3838
10924
6646
6805
9962
7539
3700
9176
5618
4174
8368
8915
7935
9843
3441
10074
1085
3981
6878
5073
8367
4861
3106
4989
11304
11922
8522
8534
9506
8205
1790
3561
8865
6985
11032
9422
11449
5597
1407
1030
10513
135
11230
6677
1289
8105
1459
10583
8020
7754
8004
34
3238
4940
5444
10741
4707
6546
5432
8001
10676
1948
5850
2764
9221
3788
7729
7407
11229
6433
11548
11204
5813
7002
10580
10886
3211
9310
1502
4536
1530
1589
8618
9833
4079
8382
2457
11059
4084
215
1612
3410
8997
2753
1865
277
10472
3562
5138
9121
5772
6408
4208
6203
6207
10897
6370
6090
6287
2290
1821
1288
2303
9111
3675
6494
5664
5439
3022
9968
3146
9672
2644
698
1898
8045
3293
6062
5075
11843
3063
8024
60
4810
8416
11473
381
8763
10541
4952
3611
2128
1852
5217
4661
8224
5760
10792
5344
4693
3900
6094
6314
94
2822
10231
2760
8138
8562
4727
9229
7483
4605
6425
1833
1095
9651
3144
5195
1100
9456
1811
5750
267
10139
8665
6238
455
1735
5519
3072
11415
98
5908
2281
3110
8788
11632
9076
2606
4010
779
9692
10578
831
3301
5541
4064
4572
2334
2410
2826
6503
10549
657
4991
1417
5377
1976
7077
4150
6754
859
319
4041
5975
9890
5098
8115
992
90
3584
2828
10754
3362
8967
8404
7063
6610
7067
573
1179
3172
8345
8038
11768
11124
3626
4316
9505
4241
2269
6730
1966
8498
8684
11697
9825
4566
3493
3382
2311
11399
4687
2357
4947
9817
11434
8926
11028
81
539
10632
1661
5960
3608
1526
5016
6474
968
1187
4460
9220
3321
5458
9727
5684
1392
945
6288
7344
9236
2056
4095
5860
10164
8479
7970
8920
6149
911
8938
10791
9575
9498
8199
269
3005
11505
5491
2365
9287
5633
6099
3933
359
1817
6690
5035
4437
1108
3251
3113
9382
5286
6643
4077
3582
6453
9707
1913
3487
839
7842
7920
9181
2339
9805
2882
9814
2098
5146
7863
6430
7042
2772
4080
11877
6814
1617
9376
3315
2411
2595
6169
1180
5853
6403
5240
8103
6601
5206
9379
8609
1883
9292
10592
11898
1570
2598
9478
10521
6696
6072
6352
2272
7883
7903
5979
8933
3114
1855
379
11733
4441
9830
11813
5505
10098
1678
4373
1836
240
4503
4912
8093
8369
3036
1608
2947
5358
5172
3222
5482
1214
11865
8069
2254
312
7772
8897
2133
3283
11014
6999
9219
10404
4835
896
7591
6755
3583
5057
10601
249
9160
4481
7613
6991
1968
10317
4736
295
1493
9642
8678
1532
11670
2559
8217
8091
83
5833
7
4153
4659
7678
3145
4233
11718
5094
5408
8739
2026
4332
11182
4265
3094
10695
2492
10629
7598
9799
8273
6343
7853
2744
9746
1602
4734
11732
8202
9489
4216
7079
1495
9608
7887
7823
8896
5226
4434
3491
11114
4543
10634
543
8683
7242
7272
11500
4287
5619
7404
5332
2769
8454
3996
10174
10440
10504
9813
2814
6135
11737
2022
9119
8680
11617
4627
4085
605
8804
4063
9135
997
5650
6851
8078
7957
2736
4595
5558
11332
1267
1020
1704
410
9230
2065
2013
7301
9348
5741
7568
3480
7955
7007
8409
6144
6802
5720
4848
10025
1470
5007
11458
8992
8832
9194
3778
4240
10975
9960
3639
9100
6444
7448
11683
10917
2968
5689
6574
6266
1634
119
1986
9826
2705
8622
11924
10399
5224
4428
615
6941
8861
11866
1614
8806
6613
1572
1912
8070
4201
167
3509
7074
4777
9488
11214
4996
4319
9238
3084
1983
768
10872
9495
8654
7506
10326
9147
11634
9461
9074
4611
6251
4401
9772
8310
2018
2914
4348
1081
3777
2225
3794
9808
1794
7720
10906
3568
10862
2298
7121
649
9264
4158
2105
6262
3446
7953
4335
4733
2844
1551
7827
117
11052
8782
9415
8988
367
1928
9423
9857
10896
1940
9482
316
11757
2951
3620
9893
11891
3764
1615
8690
2616
8598
3908
8555
3447
6723
6325
9149
10837
2358
6112
11196
2807
6360
9620
2118
1126
2576
5934
3252
5929
4941
5823
1149
8301
8466
8547
6774
11419
4088
7374
3743
47
10305
4833
1236
2583
6691
25
1184
9265
4157
853
8736
4299
954
9876
1685
3663
10987
1066
4286
8682
11316
4261
3344
2435
8822
3167
8100
3130
9600
8359
8888
294
8670
2535
5063
11119
9195
10233
4012
1573
4464
7264
7053
8254
5338
1592
3264
3239
627
3877
8752
11376
4715
2175
1474
8971
416
1309
55
7203
3901
4005
7437
2990
1215
6390
11743
7900
4826
2296
4507
6364
11046
2265
7656
6333
2556
2466
1823
11037
6181
8210
8360
7072
5349
2792
7798
6321
11498
1451
5425
6584
5662
6501
3413
2938
10020
748
4954
10344
6989
10590
3188
2414
2996
4496
9431
11734
6491
2034
11138
2168
4258
2152
2931
815
11109
7984
5270
2781
9982
11854
9667
11637
3818
5949
4642
1018
6185
8851
4968
10297
2394
6596
4365
11072
6279
2850
2446
4232
3234
6573
142
5031
3826
7004
738
3623
777
9847
6600
6285
4824
1941
982
8294
7875
4424
5492
11828
553
6868
6002
8052
8640
4538
7518
5430
2903
10909
8252
4997
1595
3450
7839
3038
2353
3827
1090
5419
7992
4624
11433
5629
9191
11256
145
11772
11691
10838
9155
2124
1327
8907
3783
7479
5150
5163
1380
10171
4024
11565
151
11643
8377
10547
5243
2374
6470
6311
4475
193
621
4925
8431
9372
6924
7178
7790
10345
2050
5821
2636
11685
9859
93
1831
8472
9531
2890
8390
4511
10825
529
1225
1042
3346
6877
6281
6275
9033
1500
10582
8825
158
2112
4108
9250
2518
10148
9373
7833
3258
228
9450
9644
7214
264
4695
3386
6916
3207
4945
2350
9668
5985
11260
447
2964
2196
1320
2094
4074
10500
10552
5360
551
8699
4732
3202
11317
10276
10150
5475
10904
7273
2984
8704
7909
7398
2596
10686
1695
376
2413
3768
9954
8828
3974
3800
9129
4489
631
7303
10196
3453
7017
9170
6223
118
1709
2214
1234
11666
2102
10763
334
5958
8590
5180
10569
8419
7294
5461
3319
7626
4053
276
11503
5213
8711
1619
10509
4028
10777
5348
10117
10871
2523
10776
1520
3078
848
1480
10994
9659
6946
4007
9196
2452
5335
6118
1419
2949
7193
11816
737
1420
10843
7433
9095
7147
3845
8550
5451
7969
1728
7410
6309
9123
9271
11890
8412
9699
281
1868
9254
9388
5766
11098
2408
11769
9366
11598
2730
4705
3862
2952
3455
3069
646
6195
7447
7231
2653
9443
9773
6803
7755
4186
7684
1046
1781
4336
4544
9508
11398
6695
3531
492
6611
122
4037
10773
633
6848
9582
3365
388
1433
1710
11497
9374
9869
5139
9779
1748
5188
4206
11723
9311
3666
7057
6188
3628
1677
7239
4191
4689
5160
9253
8007
10109
3498
1899
3327
2329
4008
11896
850
2383
8548
5382
3425
6419
4738
2749
4416
9051
5749
6580
4827
6855
10937
4254
6124
11899
3883
10586
7873
4691
6241
7061
1465
11855
9996
1543
11914
10040
6093
7030
5441
6969
181
0
7418
7144
8518
1651
7289
8107
8961
10466
3848
1101
625
10534
1799
2998
8606
11368
89
6000
580
13
10386
5683
1128
5427
8508
4897
1287
11362
2712
2482
927
7534
3857
371
1146
209
8731
6581
10126
8095
11522
11130
2148
9971
6793
6789
9802
10600
5570
2694
9333
9837
357
8172
2443
9340
2685
335
8689
9738
4970
11288
3658
5926
11785
11889
9418
7056
7623
11489
11405
8391
5508
956
2155
3910
1808
3644
9936
8352
9599
6571
2816
11113
9490
7310
10099
2423
2322
6243
2044
4509
6535
1257
5453
1241
9784
5718
4857
386
7478
724
6958
6100
914
8546
4490
6220
3261
6206
7768
5529
7176
6114
1582
11616
10618
3868
9835
4211
11710
1199
2188
11648
5324
4339
5390
4065
11886
6978
9080
246
5670
7439
9979
2728
11882
2893
7808
3186
9630
6087
4645
8074
1499
5694
9484
11088
4090
8914
4558
9854
9345
5108
10905
9377
7632
4647
4771
9038
6221
5021
4860
9399
4985
11094
2066
1401
3940
2944
9280
6554
7726
10208
10097
9258
3681
11155
5834
9215
8954
4264
1044
11851
9013
6310
4871
6873
10603
4796
6024
4049
3637
746
8133
2729
11790
11298
11039
10307
7402
5829
5149
11418
2798
8285
8315
10540
32
8776
805
4165
10096
5501
5322
11783
5727
9716
4141
1067
1993
1917
7423
767
7362
9059
4598
6292
9114
2912
8043
10134
11562
2993
1136
1009
3154
6244
8778
1405
1587
10467
1810
8432
9334
10538
3866
6816
6445
8807
10722
9281
2967
1858
3677
2275
6717
2585
2014
1496
3672
11904
10042
718
11930
952
5954
9321
3042
9906
10768
328
8182
907
742
5743
260
6210
3829
2849
1755
4772
5863
9769
10524
6026
6508
7599
202
6738
9082
5092
7660
4735
2052
9444
8238
7706
6712
3216
6974
1632
3927
5386
10868
11879
2276
6255
8227
6940
6178
7166
10061
1593
8476
5077
624
8057
6483
10204
5490
1264
8613
510
11346
1792
3942
1354
9107
4145
8873
2463
7482
6297
11445
7817
4328
153
6157
5965
3708
4811
8298
6818
11254
8545
2404
1305
11280
4341
315
8823
8387
7323
6937
26
6524
11715
3298
10693
10968
11294
7103
1245
2242
832
8085
2624
9965
4955
6102
2513
5561
7109
1027
11038
9150
11001
11838
2031
9883
556
4782
743
3837
1492
1504
5121
3676
1666
1343
7202
3090
2659
1098
3823
1903
9320
138
3636
5196
7882
4120
5822
1011
9919
11442
7351
3949
5579
610
10102
10034
4109
11754
8951
9758
10455
7721
7869
3581
10903
2454
1255
3495
9454
6273
2860
1749
8574
4751
7101
1117
211
449
4469
2863
904
866
3874
2815
8523
2829
11035
433
10313
2660
2352
5247
5971
11207
4597
9966
6548
11069
5383
2349
6624
7785
5779
873
11125
1675
1262
8216
2734
2117
10239
6645
3325
4498
2491
7517
6552
802
974
1715
6356
11669
10311
6326
4161
323
11411
7792
10060
6759
10408
3630
7824
10961
7643
5413
861
6674
8900
5472
6583
4542
2940
5762
339
939
8225
9130
1907
11909
9555
8447
4586
5515
1302
9000
3049
1553
9092
479
4102
9214
735
1577
3405
11053
4636
2806
8747
3735
3939
1939
7392
7945
406
8916
2448
6955
8350
4193
440
289
5211
9565
1455
6261
3979
5631
5658
10022
3465
1518
5544
10279
9938
5804
4792
7749
11905
4152
1676
6013
4327
4858
5250
4009
4399
9570
5446
4843
8073
5991
5099
2476
3168
11263
6023
5941
179
1192
931
10571
10670
11892
1063
2986
3085
957
10490
3165
2442
2615
3392
10374
6166
2294
11931
4807
2630
10010
11701
3566
4017
6493
8937
8339
3399
3032
9559
3193
11815
5799
5839
3023
8164
5489
7764
9175
2217
5190
10310
7311
3255
7377
10832
11076
10296
9577
9900
2424
1706
8603
4023
891
11878
3844
7185
9731
9863
355
783
6331
8275
7701
10817
2875
3549
984
1743
5186
6595
6865
321
4476
5039
10075
6019
10442
7781
8601
3653
1980
1450
8500
11159
6629
2542
8384
10687
5620
5942
7064
11273
6187
2167
4801
9354
9395
7172
5775
7813
4845
11158
7320
2429
9120
1065
6001
9629
11140
10863
6296
8514
6616
4420
7542
5636
857
2077
8702
9897
7511
6148
3841
1113
2950
6428
1286
3714
1282
7298
4169
11539
5580
681
2954
6159
6871
1243
10589
5503
1626
10793
10665
2924
5418
4655
7494
8620
2894
4170
2620
3309
8667
4560
1099
9199
9273
4107
3457
613
3254
11523
10767
8890
600
213
8010
6590
6668
2019
2302
8226
9402
3308
9510
7789
5774
8076
5552
9788
5136
4710
9536
10438
3097
1825
10235
9792
1383
963
8445
6336
2995
6432
2033
6994
1564
1490
2000
6350
7010
9118
5931
769
5122
9137
7234
8458
7797
9974
7925
7113
4555
11420
9047
3015
1025
11507
333
2209
10004
7324
8891
7926
8964
11482
2182
2688
322
11392
2771
1086
7810
4922
10588
9021
6226
4723
9723
864
10542
6242
6018
1456
2462
8566
9839
2930
11871
550
11602
9282
495
8787
3021
5008
8269
6355
1787
10706
7585
7679
5638
7376
4190
6572
10491
3638
1730
3510
2262
3394
6826
4900
3159
5307
1505
4775
3754
7133
6330
9867
8192
1333
7988
9683
7503
5302
4943
11290
2253
1574
11162
5576
6781
7758
5660
5155
4168
2216
2679
9995
5825
563
6831
8968
2623
6354
2067
8312
1684
765
9743
4267
699
9809
7352
5625
11782
190
3657
7318
11831
11806
8748
3166
2575
6777
3557
4868
459
9466
2773
8944
271
5613
4823
2379
4786
1290
4740
8291
8755
5506
7763
10103
4488
5069
7148
10253
7907
6665
3747
1041
9330
4459
636
2356
8998
1175
2563
8612
8189
9446
9392
562
237
11164
6200
2367
6176
1109
799
5911
7199
1798
7634
8950
8642
2376
6577
2146
9745
9424
5158
6891
1558
378
8847
6634
9410
11291
4389
6462
9225
9336
10733
3476
6258
5946
925
11476
11927
2211
4223
5406
6995
1859
6806
1135
9969
7812
384
7651
10721
3205
5080
6797
1083
3489
3488
6845
201
6667
8400
5373
11000
8065
9687
7449
2240
4415
9631
3164
275
3474
11554
11925
11202
3843
11837
5632
6558
4479
5907
6795
5181
11876
10577
9657
5464
4953
4742
3533
11696
85
9090
5130
11868
5056
9411
5367
8496
545
9748
7952
1084
3395
3196
4813
11063
3727
11595
1376
9604
7946
5467
1862
8033
8003
2205
10084
3027
1131
2215
8306
3785
8716
7269
2380
10760
8064
8757
5331
11041
11310
9350
2422
1888
3744
10503
3601
8863
2035
709
6711
5323
9662
1075
7893
7655
9001
10246
5314
8585
5978
4516
4748
7469
10995
7100
4724
513
6011
11057
10613
3098
3624
91
3577
7343
54
7669
8396
5183
3406
5915
8276
10794
5952
6536
441
4209
1881
7753
2818
8206
1317
5900
11389
8949
4787
3286
1667
11116
6768
4817
1250
11688
849
2479
456
9479
3156
8019
8442
3064
6294
4196
9709
1724
6443
217
5347
10543
11353
8143
4467
9963
8691
1806
10223
3329
5363
7256
3649
2486
496
1606
2852
4146
3822
10492
3475
8754
8249
7780
8641
10861
2143
10292
7322
10290
8125
11620
1882
591
6439
8844
7265
6117
8017
1698
10979
5304
3226
9347
9062
9594
3774
9091
6299
168
10111
5878
4874
5588
8092
8794
8909
10427
3151
8905
6567
422
3751
10893
8830
8300
2525
4795
841
4480
1323
8372
3878
8811
11687
4311
890
797
4746
7249
2619
3343
7400
9417
874
6486
4612
11767
2095
2686
10820
2201
6780
11575
2522
2836
9822
2509
254
10762
723
9453
11770
2080
10875
1319
11097
2604
11665
11555
523
8323
2170
2916
4379
10864
3867
6293
10295
11799
194
662
8952
1624
5040
5801
11781
2090
10329
4359
6808
4776
11906
2932
1982
11621
1498
11880
4521
7118
6840
4975
6233
2103
9459
10407
3854
2608
8558
9500
4251
5924
3918
11064
2545
2784
3555
8977
3116
2483
7189
2361
6156
1721
8201
6698
8791
9700
11396
9386
7525
11244
8494
5902
5104
652
9619
3721
5659
5088
2750
10938
1620
3070
11588
1251
8600
10445
824
908
3682
3598
1942
4163
6153
7624
969
9742
2502
5539
9182
8461
7688
11606
514
11030
10334
1782
8584
8805
872
6418
3589
11580
6199
2054
5216
7829
8379
11748
7641
7769
5297
6381
7282
11343
2756
1444
11820
9528
7596
304
6495
10696
10700
7628
7280
5710
4885
7143
44
2083
17
10619
4523
8730
1623
5066
4990
5533
9085
547
10912
10393
76
10916
10281
5416
251
8913
377
8989
9136
617
11324
9841
1909
10932
4060
2093
6794
3621
942
10671
4672
772
650
6540
11798
5434
5208
2745
5681
4653
669
2837
4151
5726
8421
5193
5701
4313
8156
3170
8570
10447
6377
754
236
6890
1169
6348
4344
4204
3
8501
5964
2597
900
9714
2632
3339
5316
4038
10414
107
5778
4171
8509
4421
7618
4698
4238
8762
1873
4805
484
9341
7450
5161
10065
587
4061
3095
4592
6386
9102
3120
327
6158
7415
9115
6194
9156
10510
2306
4239
2125
6463
3506
8942
9448
10151
10612
11730
6786
4440
3437
1385
1413
7427
889
6796
2
521
5465
950
8966
10525
10710
9916
10367
5399
11058
8168
2740
8031
11036
642
10400
2106
2858
6260
2318
5281
8809
3215
11900
3846
10221
6647
7888
685
9849
3235
1989
9780
6961
535
3955
10907
5854
4508
5078
7456
3597
8395
641
4867
10895
5642
2121
10219
8987
4957
7681
3698
241
7296
4342
1607
2432
10735
4260
1247
338
520
5290
5986
8655
6033
11867
6757
263
3585
7848
2274
5678
1390
10284
9285
8358
11374
10409
3749
3671
3650
9329
11464
7414
6122
1760
7659
6213
4277
2040
3669
3590
5271
7521
5365
5974
10077
3407
7631
4773
2425
1482
4712
4349
9084
6720
6058
9681
2493
493
2431
8862
2948
2697
10666
8700
10131
10247
8334
11842
8175
1660
8441
6423
7271
7033
4601
10212
11496
2039
929
2800
1767
4298
5450
6282
10461
3737
4031
8281
4355
11056
5586
2654
5009
7675
11385
6678
6804
8495
5313
2692
5874
6779
3931
1403
2627
7097
6701
5898
11887
9139
5483
10088
11585
7828
2079
7757
2480
2707
9343
5249
3690
6564
7743
11516
4613
7837
1017
11542
2190
4321
5133
6664
7429
4694
7000
4524
6973
2677
1028
2477
10301
5512
3807
110
9991
8945
1599
10560
5251
1517
2723
2853
5438
9089
434
8279
11065
11243
9647
8037
1112
8221
6681
9674
9291
5903
8130
2140
180
9640
11387
11272
5232
391
3030
1820
3338
7878
5334
2908
4056
1610
24
11454
123
11689
87
8836
1938
9436
3998
3886
5291
5071
10073
1738
11907
9994
11793
5178
2516
5135
825
8021
9696
8710
11101
7325
3043
415
6655
4285
2137
3490
1148
10339
2987
7028
7451
306
11932
5789
8646
11447
1754
1174
5447
6096
73
5298
6142
5029
1322
6322
1536
7155
8593
1890
3281
3564
8059
8771
2934
693
2498
7164
6587
2628
2603
1646
8313
3985
2235
3102
3702
9004
9988
2840
753
5836
9764
8056
2071
1129
4923
2891
1590
2759
4633
6413
6887
11330
2004
7384
9427
5303
4403
10990
7972
3033
3787
9749
4678
751
5862
288
3451
1539
8931
6637
5376
11647
782
5807
1454
5963
3712
7522
10457
8783
4256
10690
11315
2189
7986
2342
10572
11475
7416
9606
867
4433
10901
10839
2643
10981
6170
4883
7691
1307
8438
11716
3260
6525
51
9385
9675
3289
11367
3415
6862
137
11148
1793
7372
6396
10402
5675
9066
9819
10340
7876
2717
8958
5548
829
5245
554
8223
8114
5571
9870
9715
10604
7411
6119
9190
36
7157
3181
1142
11894
9467
1521
8866
812
3026
3190
3471
2925
6889
7807
4159
10250
6097
561
9154
8042
9375
10692
3701
11261
1707
10055
4894
9718
5107
2652
7682
2959
8471
7811
6146
5734
3492
8527
11086
8644
1036
6676
8925
7724
4249
4290
11660
3356
1276
5717
3241
9093
1207
11235
6966
6247
3194
8163
3088
6437
7218
6899
7251
3418
5551
3363
7168
7050
11122
7065
255
8457
10625
10894
56
3619
2324
3945
4492
515
11322
5532
10182
8940
5261
6635
3689
2561
6820
5843
8657
3068
7593
7069
4034
1560
1157
9682
1955
5111
3452
7727
4092
2142
3591
2181
7513
2343
10189
689
5222
5715
5276
3992
7666
2797
2397
5610
721
5162
10605
10744
807
2364
8852
6448
8504
8473
1308
7973
9319
3784
9171
11533
1205
9922
3483
11465
7120
11653
10181
1411
7649
11520
5106
10081
8765
5593
5047
7059
3034
3227
3029
2725
439
9858
6009
5917
5428
4116
9096
9288
3976
10322
8349
1717
10069
1705
3105
9985
1310
7132
4078
4185
9516
1621
1696
10158
4338
7881
8503
1446
4478
61
10802
6824
7048
1008
1742
8669
10698
5038
10648
819
9365
1097
4429
1221
10703
1260
5711
4768
9807
1915
2682
692
2907
3219
6707
7819
7650
5838
6632
8430
10245
11864
10831
6734
7574
8946
3214
3683
5795
6703
10789
387
10038
5667
2459
9950
162
475
4764
58
3162
10824
8582
3713
670
1107
3368
3733
8123
11858
1060
11430
2204
4878
8648
1834
622
930
1105
5437
5644
4252
8264
11796
473
9781
11104
2266
8901
4594
7954
9920
729
1362
3834
6507
7188
11897
11443
4236
8774
6545
589
9187
1600
6895
6162
5466
11264
5177
5623
7099
1647
10426
461
8560
4806
10799
9894
11582
7409
8741
5343
8719
4701
3773
6926
1700
7232
7146
2099
2002
9364
8082
11872
2655
2801
1239
4039
10260
3248
5583
770
2087
11
11201
4821
1374
3876
6737
9861
5800
7838
4614
1893
3426
726
8947
7891
5516
7978
10360
10810
8467
6935
6274
7670
7571
10707
114
6834
10857
6683
8282
1314
9133
1318
4719
8023
7530
4025
7216
7261
3540
7865
6709
2075
3983
8437
8456
6882
11380
9567
5327
7671
11836
10173
3314
10054
11551
667
5000
7774
2490
1737
4608
9274
3572
5904
5797
503
8708
4217
8996
2109
3459
4972
185
35
884
2345
7167
9832
3134
7854
11085
1297
6911
3808
5168
5604
6036
971
10199
8889
3884
216
5730
4529
6239
11656
9923
4711
549
8465
1153
10093
6906
4356
10715
6088
9193
845
665
5540
4136
8242
3414
9842
8256
4412
296
11725
10361
11784
8229
11545
7403
4324
6409
9972
7896
5870
2330
3558
1087
72
5339
1068
1902
3065
11755
4417
9539
9065
7740
8343
5601
6219
7951
2928
11020
11240
5627
7248
1013
8280
6907
10346
8983
11514
7766
2637
3256
8154
10622
6531
4397
3779
170
7018
11370
11200
5889
9778
9174
11144
11453
9892
6732
9492
7194
10389
9561
4917
165
5436
8308
4506
6121
2501
3935
1092
1921
3269
3312
2884
5429
763
7341
9616
6559
4622
5761
4798
3334
10520
2520
8155
11084
1657
7868
3376
8666
2678
8577
9437
4406
4576
3984
8677
5282
10369
1072
6052
3331
9041
11013
7396
4599
1841
4881
2219
7944
2504
4650
6047
5905
7816
2899
1681
4971
8770
10954
8840
6466
10614
9257
6155
2199
3310
3664
3863
5174
10129
4293
5857
11742
5310
2020
2434
7314
9927
3204
7045
7405
2097
10090
11652
1165
6240
3155
8520
3136
11611
9518
1936
11054
672
3404
1198
19
4468
6138
3348
3041
4527
5120
3243
525
10890
4769
3318
10023
6083
6479
5350
7182
1628
3169
5746
8717
8132
7442
8605
7036
4673
49
6697
11096
3576
7038
2301
1194
11627
8440
8263
5688
9776
3147
5209
2621
8127
8081
11305
1335
11061
3253
4015
8499
10314
11655
3828
1298
1920
7026
3247
4604
9789
2647
7419
10568
1843
678
4458
8984
8643
775
65
10726
3203
3359
7150
8054
9848
4818
4548
8303
6120
6056
11152
9512
1053
2835
424
10206
1598
2359
10265
3341
3073
10256
5089
11111
8468
2918
4250
4215
6523
8422
3040
4750
3629
3625
8337
2748
3217
2979
1137
6110
4148
9856
8703
9635
11157
2786
1073
9785
4076
10966
8839
9634
2747
989
8083
7229
7770
8346
4485
9002
274
10892
11526
6609
6246
5835
10383
7611
745
1719
7936
1880
4761
5129
127
752
4942
3648
9794
3947
5328
9889
8365
4132
2085
10821
6357
9862
2593
10485
7096
498
2399
2889
3905
10168
8237
7020
2437
10978
2268
10323
4312
7741
8040
9305
8376
3988
3066
1679
11709
5433
11480
3646
11312
8808
9075
3462
7693
9627
4570
3416
10996
7646
567
6792
10450
1026
4318
2212
1575
5996
2775
9475
5030
9413
5498
11780
4621
4059
9752
7345
2869
1683
4451
4583
7852
1270
1428
9007
6263
2032
2042
9322
1481
1313
1510
5543
11874
5356
1366
8411
104
9980
6931
5034
5639
5052
11295
9409
10289
1220
1627
11329
4563
9166
10859
7993
7068
6504
11303
5212
3401
5055
2770
3692
5274
7401
1686
3977
10923
1326
3138
8230
130
4253
3411
2037
8753
2169
11552
8129
7363
5791
4202
464
2803
7538
11510
4789
2541
4247
2943
2449
5634
4909
5061
7524
10115
804
4643
3161
3150
7111
3907
5607
4194
10469
2387
11103
9079
4804
1471
6414
4423
722
11373
9173
7406
2108
10217
4784
6353
2721
4822
8241
10740
1637
1877
1230
8321
4932
2865
116
9226
7445
345
5729
1896
2057
6519
11347
6575
10172
9633
11016
2774
6970
9057
3991
11189
3200
3551
6327
2315
9428
3163
10136
7975
4646
10563
4172
478
140
3192
10682
7938
9039
11239
1141
838
6387
2373
6864
8932
8681
11817
2920
4133
6318
4461
10766
10071
285
3615
8144
10356
11388
11607
5277
5173
11604
7614
5103
10616
8049
8531
5989
2503
3354
9162
3570
10610
854
1005
1835
6836
8894
2506
9526
6988
3377
184
2941
10660
11756
11558
2966
11775
10805
10755
6422
8046
9105
9202
7966
6323
3117
9469
4869
11179
5531
2430
11297
2092
7446
7460
10056
7495
494
1725
6513
2626
1400
1630
965
6943
949
9509
8190
8885
3244
2942
4747
7590
880
9823
426
4455
4785
7695
967
1714
1946
10059
9686
1209
10156
1164
2880
3728
7864
7263
8797
6127
8022
121
10047
1854
611
4497
1927
10713
6914
10769
10720
10494
2078
2206
1224
2531
2778
2366
3999
6379
2250
9058
3369
9937
5652
178
10375
10232
3906
565
7236
1911
5752
1777
3336
6936
2113
6693
7746
7879
9283
11412
4368
4422
2571
9112
417
1701
4081
7221
6751
7858
8880
270
2378
3960
9840
9312
7227
3820
2017
2718
10351
489
11404
7856
4045
1571
1929
10488
3378
10319
11081
2309
2980
10187
1168
1208
7475
11181
960
10394
8174
4097
8067
898
6468
10030
10856
9017
7784
3051
9439
7350
3324
6054
3107
11933
11499
6893
4873
4839
6253
11517
9485
7159
828
3092
7717
3928
5938
7087
1475
3548
2051
923
10462
7217
6132
6972
10464
7330
6921
6040
8696
10275
6232
9381
2664
6214
8524
10674
1442
10771
8867
5640
9044
7116
11645
4842
1964
2010
9487
9523
2323
8317
5740
5849
2403
4703
653
2180
1801
10691
7990
901
11319
11417
4615
11603
899
5550
10418
2481
8877
10867
11749
4568
8474
6113
248
1466
8448
8798
10725
705
5757
1398
7965
7718
5728
986
4974
2186
644
575
5457
1972
10382
8348
2381
2346
922
731
8261
1766
4569
4853
7034
7716
11818
988
5527
70
2123
2438
11695
720
9161
5705
8565
7648
4304
4289
11861
9106
10884
1382
1796
6615
6005
2386
10043
3358
8786
448
9266
7174
1279
8831
655
6031
1014
1435
8415
1795
1186
8662
11640
5259
4487
1232
5191
9108
5336
3686
2395
11136
10262
4394
6015
421
10511
10362
10435
703
8497
8470
10597
4567
11765
5666
3563
10001
342
2391
3685
1933
6125
8414
7805
6008
2703
11169
11232
5086
31
6401
1819
4731
11444
9993
10104
1430
11338
10371
7136
3389
432
8145
279
4718
9992
1779
8160
10468
8653
792
11219
8487
8651
5831
11145
1769
4877
2639
10288
2362
7197
3606
6807
6568
7190
9797
9
3320
7523
11047
5321
846
7290
1773
10988
852
11022
3000
4984
10146
1358
2494
2420
10851
8979
1992
3230
2261
4630
5947
1037
2901
9380
875
347
9244
10079
9557
5091
10423
9636
10941
1828
11888
3953
9158
5387
5426
11245
786
3209
2046
3850
2955
9931
990
620
9442
8879
9435
2475
10368
4309
1147
11406
8134
11381
1021
9131
4279
1206
2101
11673
3272
9628
9908
7371
11194
4430
7637
8738
5112
462
3852
5476
6406
5817
4
9438
3056
6051
7606
4501
4741
143
8923
10283
2607
7262
11255
10554
3481
2683
4322
3930
3419
2767
2977
528
11915
11271
6337
8821
6077
9751
10318
8119
10965
5783
2796
6042
3954
9917
10431
9313
144
5231
3323
10623
2699
10325
3191
10946
7537
9654
2027
10169
5698
4550
8904
806
5803
11850
16
4946
590
2732
2642
10443
2661
204
9060
5788
9821
5431
5992
3367
5738
6111
1033
546
5082
9397
2867
8386
2228
10889
8128
6334
8139
11493
4556
4444
2127
7948
11428
2714
6718
2825
8485
10952
2198
1172
2263
6812
6631
6161
10470
3408
2758
9030
2293
897
9790
2073
7008
6283
8707
2833
6905
9128
8629
11190
8878
1182
7732
6685
3427
6850
8559
10499
507
468
8745
11296
1759
11692
1924
8695
8459
10658
6347
9302
11031
11717
488
4844
1231
2418
3730
3403
6269
5236
4933
77
7267
1565
7667
3662
5679
1800
8436
8319
3726
8715
8302
340
9396
4841
8135
383
5614
2226
8883
2295
1261
2845
571
141
6086
4725
7338
4665
397
4793
1848
8453
4918
7709
2055
1762
527
8234
7744
4384
4652
2297
6329
5445
6727
6489
10506
733
1300
4559
4765
10888
7654
7394
10761
8790
5562
524
6811
9791
7527
3941
2508
4812
1463
4706
3398
9653
9228
10596
11337
9308
883
86
6981
8591
6335
7509
1140
2313
1341
10331
2154
6555
11483
9984
5148
6857
3704
793
8167
9796
11228
7186
1022
1284
993
5747
3046
2909
7625
3717
3265
2926
3012
8871
7531
6440
6065
8694
7490
2794
10633
4483
8053
7039
8572
8803
4850
4973
8857
2335
10240
5811
10561
4999
9549
3946
4896
239
3268
7165
8262
11093
9043
10972
7686
5280
37
905
9670
7315
8481
4600
773
4875
8740
2625
6424
203
1291
4960
4863
11131
10149
1082
10342
6498
5568
9989
9071
595
4887
8858
10216
9550
11824
6361
3912
3332
4840
10984
10659
9860
3112
1158
10193
9462
8259
7616
337
7327
11729
8608
245
978
2045
1633
7698
892
11726
578
5502
6150
7044
10167
4099
8109
1837
601
6497
813
5657
11048
6346
9324
7299
6028
3553
11629
691
6765
3225
6710
8705
11918
3101
7609
7496
10812
9846
5401
8799
10939
11511
10535
9138
3372
9141
4939
8530
7844
10993
4879
231
8621
6053
11812
3189
6012
8845
9272
9806
9405
6833
9592
10324
4977
4512
4967
8912
8724
10454
5820
5858
8087
998
3278
11461
10646
11819
8462
9127
1605
3656
11365
8304
4846
3467
3552
5017
10257
3893
522
11913
3879
2455
6173
11859
11591
9029
11587
8892
11789
5563
5417
1431
5301
10002
9256
1991
11638
6480
537
4692
4815
3218
11318
5115
1640
3074
11187
2680
3519
10529
6168
2588
8701
8974
3126
195
501
188
10780
6044
536
9012
11903
9152
11649
2328
10076
303
8287
8475
7485
6115
11413
9464
2633
10224
11021
5412
6460
4635
2451
4301
7488
7489
11049
11574
1639
9317
2646
5557
1183
4093
7802
2255
821
4376
7313
11870
4048
8728
9011
11686
10484
10143
4838
8607
1485
8338
1352
6373
7577
1970
9728
10739
6902
7073
2104
2191
3210
634
1096
11739
5391
3143
4470
8181
6190
2877
8015
2488
744
11452
6589
9015
2540
8239
5901
4303
9879
7452
4551
2780
2163
11276
1693
5294
2130
9695
8257
4992
818
10162
10689
9434
3091
1301
10045
5295
1846
8733
5269
3627
10192
9183
7492
11344
1771
8652
2824
69
5201
3438
10175
2864
1278
11532
2586
10263
10833
341
477
5442
2407
6286
5014
3716
11188
548
7225
716
1718
7793
11773
9932
7465
7112
1379
7082
9061
1373
3497
8030
5488
9355
7843
3028
8751
4788
8960
11402
4628
9884
2839
9104
5273
5507
5564
7922
6252
1916
4737
1388
3806
11105
4778
1805
8284
5025
8917
402
9947
1034
7305
6932
9521
5255
2809
6020
6191
5151
8063
7761
10813
676
5937
7712
10882
11764
5197
4055
4343
597
8058
4235
6928
11067
9262
5194
3157
4983
5493
9868
4950
5841
10649
9278
4139
2937
9367
7084
1839
3512
10385
8549
11926
9928
1540
10814
4357
2016
9713
2684
11133
4720
8120
5480
8106
3505
7603
687
4347
11336
4791
11223
2843
7520
1908
10753
7822
856
8502
4988
6578
937
7589
933
9045
2695
1464
2963
3752
4426
5143
11108
4564
5306
4513
10730
10593
1049
4228
4276
10242
11277
11185
7025
1012
11282
9888
3575
1469
1648
11321
11601
9222
4306
8158
4274
3304
7180
6933
5909
6621
951
4639
10145
9852
583
6649
10376
1397
6382
6550
5402
6184
4681
9169
9184
10898
3902
57
9691
7565
9019
6553
4044
6130
739
96
9164
11216
5305
8722
9853
8444
5556
8401
3760
11610
7161
11462
7228
7393
4452
1204
8245
3141
1857
3541
1856
3280
10251
4445
6500
4103
860
9298
7557
9875
6990
11040
3496
11721
9787
2445
7847
11115
1751
4931
1596
1845
1268
6245
9511
1051
6843
11586
6656
814
6605
11929
2371
10058
7139
564
2662
6997
1167
9086
6526
8746
7497
9763
3429
1747
1238
1118
11630
6798
8985
8887
5641
2612
2904
10516
8561
4224
2398
5140
7031
7615
11596
2400
11680
5010
5381
5154
2862
9540
8673
9502
8126
7719
7328
6892
7916
647
1178
3231
2484
4575
6063
160
6658
221
9911
4207
5198
74
1524
6092
6739
5459
2601
363
5851
471
11352
3790
11579
8423
592
734
9705
6376
1334
4758
4101
663
5227
10135
11862
3654
150
11327
1772
938
2234
7694
7006
6446
99
10786
3361
3380
314
4050
2243
3137
7464
3445
429
9068
7455
8910
7441
2645
5256
1783
8173
6222
7021
8616
11252
6867
10899
8077
3804
6104
9369
5671
11106
6141
3634
5976
7300
3578
1544
7365
423
2557
6108
6510
6400
3538
2939
7219
11593
3687
226
2208
5207
10052
2236
10846
7308
11287
4147
1984
3432
6514
1998
102
8410
2946
5871
2072
2738
4531
311
3132
3001
235
2129
3140
6041
6528
4294
11011
9669
4532
4577
6885
4367
3221
2886
5763
1054
10853
10273
5567
5686
8934
5842
7183
3262
2517
9959
8188
3635
4654
5087
2286
757
2068
941
10341
1967
8336
6950
8539
2337
4520
1281
1776
11126
6259
4906
3449
8833
331
3275
9515
229
11391
1223
11220
4837
9610
632
1512
9210
3965
6917
2631
555
5456
2622
6602
4660
780
11826
2811
8635
7934
3971
8493
5116
2156
4114
9178
7546
7349
2512
7559
1123
3825
4499
5504
6301
2252
2507
7635
10662
1745
869
826
4118
3599
9493
2025
187
809
1692
3517
6898
2392
2609
6061
9153
3153
11774
7191
5700
10827
3184
4052
7091
2231
5353
4534
5653
4515
1549
238
11805
1393
2138
1662
11917
10027
11372
7201
8266
3436
8136
4314
5770
2464
8333
5559
5394
1355
4175
2553
4610
10742
11786
4225
10545
11646
8906
8542
10244
4364
3131
10
411
588
11803
10579
7235
7510
10910
4743
10302
3494
8692
4166
3610
5560
7459
781
11625
2687
10087
10016
7391
6832
3025
2280
5572
4390
7608
4956
11018
6089
985
1080
1910
3305
7551
2174
6822
5023
11712
2292
2150
2911
7939
4404
8801
3833
11004
2153
8218
11205
1985
1159
5113
291
11095
9316
5454
10482
4561
8072
1669
11515
124
6010
5462
6939
8869
5524
10562
3869
2088
3434
6341
1266
4976
5869
2757
6944
1671
8540
3705
4965
7137
11704
1523
2273
11208
2230
11501
1690
576
10551
2307
7564
11484
8198
5830
1263
10803
9719
5127
8314
5536
11314
6783
10927
9880
7125
8464
11139
2587
6145
7474
9517
1867
840
5292
8433
879
2497
623
9872
9346
5448
4537
1190
11107
6404
5816
11051
2538
5765
5943
11531
5981
10752
6496
5019
1994
1712
11010
2881
10608
3536
10384
7207
5393
10507
10170
4325
4767
2958
8388
10528
5582
5993
10050
10575
10011
6592
7597
1847
8650
7861
1995
11777
3667
3093
5006
5342
6721
10784
7160
10745
6101
9710
2988
10765
677
808
8425
5920
5721
5238
9242
11424
11225
2162
4218
10378
1103
10080
1173
10007
1061
3355
3932
3197
5380
7258
8737
4754
7566
1015
7586
1815
11257
2316
3936
3856
5600
6654
11895
40
3765
5852
6627
7046
6785
11403
3882
1978
3518
10300
9744
715
1585
3812
4040
372
2489
2468
8995
3335
758
7976
7381
9496
5471
11384
1077
4533
1923
1973
4043
5468
2994
919
9529
3679
4632
9666
6057
1130
764
9535
10931
3641
9185
10337
4019
10229
6487
11005
4377
1996
3201
2176
21
5569
3720
5229
11618
8734
6160
3245
11728
10048
5318
10850
5895
8720
712
534
7932
8385
7473
10530
8533
1089
4683
11624
3554
10955
2333
3242
9249
9690
6198
2915
2617
10274
5767
10353
11307
6687
4176
2533
917
8157
9737
136
640
7958
1000
863
1963
3466
2965
7771
6982
3831
8427
10072
4915
5861
5802
7284
11285
6201
4177
7995
8277
6951
3745
7184
3957
3024
2247
11902
1758
11750
6055
11474
7075
1567
6278
183
4075
1404
8663
6438
5910
7131
995
3443
7373
9586
8615
4280
2427
8953
5892
3313
7931
11760
5692
870
5278
6776
41
6272
4690
8332
360
1561
9618
794
446
438
7967
9328
3516
11070
10591
4916
6375
9398
8758
8428
10225
11841
10403
4856
5873
10759
4667
3461
11068
8324
11015
8512
7556
5574
11478
8029
5699
11176
10391
6212
6606
2702
8222
6509
7179
1155
3880
6411
11401
11923
1233
1954
208
3567
10584
10444
5117
3412
906
1359
8632
2171
8875
1156
10237
7700
6813
9941
2195
1729
7998
3228
6876
964
7638
11636
10397
1437
4386
660
8884
6484
5784
6900
5514
8016
8812
1732
10891
6459
5919
7610
2283
8055
10879
5626
10211
2184
1244
3357
4213
6022
10352
8418
5214
1058
318
6976
9314
11584
5125
11753
5637
1023
3173
664
6666
1507
2668
6512
4246
8088
1249
8184
9358
6846
1203
2401
9866
11350
3431
4362
1038
7777
3019
10483
2038
10844
8048
3890
7037
8592
6908
1363
8142
6276
759
4644
5606
10746
5345
8253
10013
2731
7153
2244
9811
5617
212
2552
11241
7424
5263
59
1478
4998
2496
9207
6983
1654
532
1057
11438
6623
876
5022
10881
2081
9503
11043
329
7486
1122
3652
10286
11560
2001
2960
298
6472
4781
10083
66
8326
10194
9232
8815
227
5725
8611
10823
10392
2412
1337
6447
11504
10635
11466
10390
4380
10439
148
11026
7062
3913
5608
3288
9953
7321
7337
8569
1832
6380
8353
10982
4819
975
8435
3835
7426
7929
7512
9344
7820
7001
6078
10137
1897
1791
6881
4087
2453
6562
3693
7080
8856
11460
7484
8330
7177
7776
9209
3547
6860
5396
6415
6421
8649
7640
3118
10959
8868
9234
4779
373
6209
11534
4587
3059
3129
4245
1680
8047
4770
11427
3267
2618
7127
7661
6349
502
5690
7704
9740
1943
9211
11275
11206
2785
10315
518
6987
1650
8526
196
5026
2789
1874
1765
10806
10388
11521
4589
868
1418
258
4263
8659
7420
8250
1546
9912
7187
7960
4944
7572
3053
10160
2976
4584
10785
1423
7809
6043
79
6817
443
1497
6657
3177
6566
308
10437
6384
1329
10434
182
612
3135
7971
4638
6675
10537
4227
5787
694
4310
8817
3894
4744
10873
5940
1756
4474
9457
207
6760
177
6828
1
6308
8171
3433
11738
10463
3322
9574
6136
7124
6992
3919
7730
2348
6189
10527
6689
5674
2405
9197
9248
9284
6506
10234
166
2919
11853
5748
5366
4465
7942
10734
4369
7019
268
6237
6758
4866
8079
4360
7983
7293
8026
5592
11217
6968
516
5326
8538
351
8235
10176
2419
4098
1844
4623
7519
8251
8795
2788
5041
7692
4571
5076
3333
4057
1432
3966
2726
8870
2246
7279
8011
2810
8610
6922
7253
9730
9605
566
5285
9568
6319
910
10717
3086
10808
7803
7233
3729
7947
1884
4062
6180
2782
6977
9034
4696
11658
11486
6636
2441
10779
10914
1056
1476
3340
11779
1133
11308
3956
7705
6724
8575
8515
1566
1006
2428
7665
11713
6344
1004
2241
2059
4411
9990
8554
8236
2667
2578
6359
4510
5815
11471
10166
1813
2076
3296
10452
5223
5764
9331
5357
9827
1484
5109
4100
8000
9384
3240
5283
3739
9708
6852
4329
11450
5354
2635
3659
1780
10585
3579
10350
1283
63
7964
6829
5792
9607
8258
6451
9572
7220
9301
2956
8196
5744
10057
9678
10656
2823
5827
7629
10100
1424
3448
2992
11440
10215
4011
6267
3793
9218
4443
8895
10451
4333
2936
1045
4446
8777
3684
10062
6700
5020
6035
8973
9445
5925
2776
11378
10546
3678
10460
10900
541
9081
10333
1947
8169
10587
10089
4354
6399
1483
10395
11075
8357
9747
5001
865
2200
1185
6823
2289
3836
11731
4679
1399
10922
8541
10519
8231
9494
8813
11722
9885
6915
1957
7237
11300
393
11875
11801
5676
2554
244
7438
2460
10293
5142
4070
4699
5101
1449
10852
10205
7836
4105
9597
8460
1394
5452
593
4270
3198
10576
9167
6289
5805
1804
3560
1346
4033
10866
10380
9294
5407
8204
6684
4505
7908
1786
6763
9698
4713
9360
242
4829
9777
7128
11540
2671
1516
4188
2969
1195
8200
1422
8110
3300
3502
6098
5922
6715
2458
5062
8723
10911
11714
6128
5266
5157
11590
2610
6316
3741
3617
2500
451
6070
3424
1458
6059
4184
7399
253
2997
668
6426
3847
1708
3371
10465
7319
9739
11117
9537
10723
7348
11134
2922
3077
5469
8881
1999
10355
186
9831
6875
2003
912
9596
7569
902
4178
2110
1527
11328
1975
1673
6660
7210
4317
7760
10514
11283
1557
4036
10328
1655
4022
6918
2368
191
11356
1870
10594
5609
1658
557
1904
2100
11009
8161
3832
1193
7395
538
4069
3133
7040
4800
11605
1664
4616
11609
6764
7604
11253
8516
4607
4154
9812
10396
3926
404
530
3746
2310
10918
4400
7752
5048
9558
5027
9722
472
232
8243
2061
7563
7550
3748
6367
8636
1703
1746
3722
760
11724
1254
10101
5663
5714
6171
1586
10105
1591
3109
6919
6801
2450
11487
5275
3291
10712
8214
8802
5769
7890
4794
2028
6123
9371
6912
2900
8519
7702
3995
5311
3600
4425
9693
1697
1822
6998
8393
6699
6383
7895
10153
7514
5185
4803
648
10651
6585
5054
5333
10523
9295
9362
7644
9022
8062
4502
1439
9562
7472
9064
10358
6704
6682
6588
10835
9530
2539
8484
8041
22
4530
6863
10950
453
2846
3279
5420
1604
11863
5511
9895
2715
5651
95
2478
9507
126
7238
9148
8814
10163
9701
6436
9909
480
7336
5392
3062
4229
7739
2592
5566
6557
3899
8219
2456
1425
10627
9726
10416
3889
3004
7499
10453
9307
2062
8625
4648
7642
11571
3263
3871
1176
152
2177
6215
7658
7697
9087
3594
8071
10865
9357
1132
2565
10441
983
991
465
5486
11615
4921
9024
5547
9783
10699
10606
6131
5957
6929
11681
2670
6248
643
6021
6903
7562
7602
3479
3703
533
6741
7195
3366
8260
11901
6576
5872
2878
9583
8347
10476
2832
9359
7674
834
2611
10197
2006
10517
8528
5739
11238
10051
5575
11513
48
10122
1152
2779
4457
132
881
6894
4221
10770
9584
1576
10615
10840
8955
1351
1371
1189
11080
4606
966
5268
10709
5645
5837
7544
11265
6163
18
1949
4872
2666
6639
9541
272
3859
3915
6392
3802
1443
1218
5754
8903
8908
3220
8712
4880
5932
8604
5866
5528
3612
7211
6192
11631
8820
2962
1427
2978
7846
1460
5819
7389
835
9611
4935
6270
5596
9223
5988
9097
6254
9721
7158
4073
2866
3647
8278
10701
11832
1581
626
3718
9293
4273
4491
1163
3797
4409
3780
8403
5404
10041
1062
2467
2892
5346
10379
7098
3740
8492
6821
9556
2921
1360
6085
6570
7356
9116
6869
5218
3375
11662
9762
5719
4058
11456
795
761
2805
11034
8789
8679
1240
9882
7940
3605
7162
6518
7750
9008
3035
932
10142
10555
4865
3707
297
10738
1958
820
4396
11597
11911
11213
7108
1871
1188
7015
8834
4068
7708
10790
5899
11408
2549
8392
11550
4006
9327
8824
497
606
1269
4541
3770
732
7138
3587
5808
7481
9056
8838
2737
10387
6152
2917
273
10757
4242
8061
10915
5587
6620
8827
2591
1688
7397
9452
9899
6938
2119
8005
419
7782
4729
9663
4352
1356
11470
1040
7222
200
871
444
10049
11262
6965
487
6193
7421
197
11477
4716
133
5535
9186
10565
4130
11667
7425
1563
2716
3522
1253
3795
1513
9901
7677
6538
6539
10370
8846
2041
4641
4278
10645
2650
8220
8668
8963
5299
1895
6473
10014
11198
7825
2558
9891
3782
8209
5252
7547
7027
8965
7982
5573
5956
10556
4979
10475
1436
4759
8446
5210
7580
4372
2854
10953
11191
3229
4657
9020
10977
1191
5084
9235
11459
5773
7835
11078
2935
8356
4271
4393
5708
7683
5893
6815
10860
2567
280
10285
10338
8626
11745
11664
5388
8295
10147
9934
8552
559
8617
6179
6897
11432
8147
469
7806
10515
10421
11042
8796
3775
6752
4358
134
6017
243
1477
11492
1547
4463
7533
4123
7380
9393
7013
4156
3257
5918
4961
3925
1891
11151
234
382
8185
7140
1332
4197
10267
4072
5422
5703
4160
5470
10078
7058
10366
4003
11830
3478
3865
4670
771
399
6410
1649
149
3307
7005
973
4993
9290
6048
7196
435
5525
5585
2658
1785
5370
6366
8773
9353
5522
3542
10497
11600
1227
10220
8101
5315
4407
5187
11791
10681
5361
926
2111
7981
10934
6956
2416
11869
1774
4790
3723
11776
10365
6030
1069
9546
7977
1369
5203
11829
10782
8193
4026
5755
4297
10748
7453
4669
5064
7083
7919
5735
10411
4709
6034
11121
11679
7364
7443
3757
4305
3472
6856
4859
2546
9275
9997
11309
10705
5371
9504
8426
6742
3385
9910
6049
8013
6236
9948
11410
6454
8602
3742
3944
817
3771
706
10354
247
10278
5253
7541
4930
11700
8371
2589
1914
8089
1925
7295
8551
2722
9770
2505
4439
1636
146
3922
7877
5624
6563
5481
2351
3290
5400
8316
4466
552
9519
10006
10195
1528
11055
11706
4852
5759
6029
7959
2765
5961
8898
3731
3593
8320
176
11797
4651
711
3937
9760
1246
3067
594
9259
11920
9247
8882
7733
2970
8645
11675
704
3180
10477
1052
4448
3352
4797
9581
8999
11553
577
7795
9003
7224
3008
5449
7617
10747
6464
2923
10983
5296
8556
10974
1462
2347
2074
265
10796
10854
4634
6277
8579
5287
9027
3969
10091
6854
10298
4203
5144
827
1960
851
3381
7923
10657
6716
6475
425
599
10630
2819
7814
6686
2474
1368
7515
2179
4590
7252
3347
8842
9217
5953
11146
1584
2389
1962
1950
5777
8213
3896
2285
8370
4115
800
1687
10798
10381
10828
788
6533
7369
7444
11747
7987
9304
10702
8580
517
7115
1350
3670
6896
8537
11674
9289
4387
8408
3011
4581
3277
8714
9477
3182
5395
5712
5781
8288
4051
1166
4959
8112
8191
5622
3440
1229
3388
1926
5669
11120
9356
5220
1216
3950
9168
7696
6228
8450
9650
7266
5153
8647
4924
608
8729
8439
6211
6934
11684
7738
2248
9491
9924
1919
791
9918
1461
5378
5189
3655
1990
2147
9035
11258
2665
4300
1900
7333
7354
10919
7553
6304
10858
412
8407
1503
10944
11792
2015
6618
651
6957
9800
10668
8991
4427
6884
6450
999
877
8149
11177
10930
7335
210
4162
9391
3374
6650
1568
741
1043
8630
8721
10962
10291
10121
10132
1533
3417
8331
2898
11694
11007
4617
4340
6435
5876
10249
7775
1739
8443
4783
220
5513
602
9845
3087
8
105
3285
1740
7871
7742
4371
7454
11278
6482
8835
4262
10287
8183
5241
10708
394
7476
2761
11506
2777
1303
6527
6551
5590
7561
8148
7791
1181
10536
4882
9351
2360
4730
5497
5771
2614
10082
6604
8309
4436
8698
6787
9871
9864
7049
189
6257
1491
380
9795
9103
4307
3081
1340
11045
6186
6633
637
4671
2551
11333
9711
3786
6565
8841
6651
3387
10268
10849
7029
10758
3430
8853
5053
6669
11735
7051
10804
8943
500
4986
9612
8633
9569
2971
3409
4353
3345
5500
11705
9499
6694
8394
4518
3767
609
10818
5258
2985
940
11663
837
11149
3537
2579
2859
2532
11369
2698
7463
6455
8972
11847
2790
5369
11559
1674
1306
10688
1213
4830
3458
6469
5630
2534
9818
7009
607
2868
9955
10736
3206
2600
7941
2172
4981
4456
7917
2008
11390
9704
11421
3532
10732
403
11409
10642
847
8399
5894
1488
11147
9203
5814
6591
1016
7014
3962
8483
8255
6746
8855
10209
4763
4717
3370
8597
10222
1467
11557
936
325
6025
4682
10876
4413
11366
2927
8919
4472
10663
6371
3805
10573
674
11787
10570
4721
169
8785
3317
3613
10493
1711
10495
9389
42
9473
4895
7584
11536
3618
11518
8506
7302
10949
4704
6485
2158
5722
505
10749
11422
9665
8197
9117
5279
9224
1542
9595
2663
2030
8594
6644
1864
6769
2524
9486
1248
3738
11183
405
11112
8627
6784
6825
10161
9554
2436
7690
4370
1694
1127
3384
6378
1275
9877
6963
7500
6599
7498
7105
10481
6993
4892
5736
6766
1265
7583
5352
5170
961
4893
1295
9613
6291
11848
3632
3484
10680
5233
5003
5647
2902
1452
9361
11154
6372
11567
7066
6075
1070
3018
5049
614
5927
5230
5881
11614
10496
2856
2012
6762
4799
5510
5239
6197
11351
11746
5847
9753
2060
7943
8697
8578
895
4345
7366
7722
5534
4331
5888
7275
9245
8743
5844
1453
7886
4656
8086
6888
4000
6614
7855
9560
6471
4361
9113
3817
3875
3755
8935
2058
683
225
11628
10377
11581
10363
8170
9816
10398
2082
8247
9441
9387
3521
1616
6945
11451
6456
3810
5673
10028
581
11802
9593
5362
450
8354
1074
972
1720
3108
6549
4535
10261
4414
10304
256
7379
7156
1019
10024
5709
6140
8270
3719
10053
6544
4182
8672
2264
8764
7493
1860
11033
3524
3316
11286
4257
1076
11092
10086
2193
4129
5786
1406
1071
8491
4219
11281
10727
7783
3543
10986
8994
798
11242
2851
11171
8792
688
11141
10624
8381
5977
2847
7840
10272
7735
4757
4539
10026
2409
4553
11463
1357
8986
1078
5167
5110
7471
10432
4620
11173
1727
9460
1827
7579
11613
6515
11807
2720
1277
7024
5999
996
6129
8529
2817
3898
84
6837
2674
8380
10114
9497
10929
7866
348
3142
159
1750
9468
9615
8759
9204
7950
5959
7901
5923
8864
3885
172
682
10751
8283
8455
8084
3791
4375
9451
4231
8265
324
7532
7085
9403
9978
10963
5435
11535
6420
10781
7619
2742
1537
7076
2693
10501
5845
7930
3499
4449
10133
11233
3444
11508
1339
9268
2548
10526
11090
4181
8576
9144
8108
5065
3460
10667
9408
5044
10112
7361
3934
5517
11397
11166
1389
2514
1384
2470
9016
5602
5987
7292
7830
154
11766
10343
2319
11795
6071
139
7408
4113
5939
6116
2827
9538
8290
11289
7283
4834
11313
5100
994
10068
8876
604
9878
11172
10415
4381
3909
11099
6103
3010
9638
5990
7845
11251
8760
8781
4739
7070
8816
8006
784
8151
2063
3958
5440
4675
6256
1210
2069
7388
582
862
6954
2336
1348
27
1032
5928
147
9914
1861
10124
4230
3961
5864
8111
11762
6652
10320
1514
2724
230
3199
2116
3075
8507
9098
3586
8451
4686
10609
10522
8413
1682
5661
11066
8375
5079
1807
10066
10716
5656
7622
707
3911
2251
6520
5443
855
658
10639
10518
4756
8634
7860
10032
5916
9520
2510
10673
6300
3972
8918
3819
3397
418
9407
5403
10123
1753
934
2704
1934
3500
8429
8564
6827
8246
445
6971
7831
542
11446
4047
6391
8981
8490
1235
10678
491
8818
3938
8713
2560
6208
1321
7756
796
5603
2751
10425
2284
6543
1609
5635
9986
8557
1569
700
6202
5882
7241
9933
1304
11006
9588
2341
1421
5405
6342
3920
7699
10202
10971
1472
1079
4284
10473
5886
5695
7504
2308
6225
1965
1951
1151
6229
2812
10728
10885
1003
2929
6901
330
9522
6302
2224
6076
8228
2983
1802
10795
6105
8941
1342
749
7601
7762
3924
2640
9729
9656
7276
1170
10935
11250
9786
1906
354
10412
5521
9601
6050
5855
7117
14
7857
9838
5782
6858
10183
5265
3149
2568
5385
5595
1328
7307
6579
2327
9944
3511
10144
8581
5793
7383
11002
2905
3706
4164
659
4351
7540
11209
11752
4808
8165
6800
4035
1631
4199
10774
1515
928
9326
3640
11306
2005
5260
9243
4951
4179
9070
4579
1931
3903
2267
11573
4149
1479
11083
1377
3631
9198
3870
702
10327
2544
680
6306
7612
3736
3076
62
3761
11436
2896
5036
5753
3266
5880
2651
9579
2566
7081
10487
1197
4766
9623
6007
64
7578
4001
8911
3753
3006
157
218
10809
6398
5124
3571
6853
7192
11184
7710
2372
511
7672
11708
3989
5364
11873
11921
11771
10566
5494
11693
11284
11512
9677
11883
10557
11320
8122
2657
8850
9026
5936
9904
299
7800
9037
9881
3183
2369
3274
10829
3951
1448
1375
9261
11266
5032
4519
1642
6216
10033
8959
6133
4901
4144
2258
9641
7594
5542
8373
4135
3061
11528
8800
7573
7985
2487
9915
11129
3442
10489
1104
8051
1851
5856
6986
9766
9255
11541
7462
10679
7570
6315
11448
7274
2131
1412
2675
1124
3060
4046
7535
10413
219
5288
9036
7913
11650
3039
6177
7689
7317
6847
1731
2229
10254
431
3803
10067
9476
3115
9378
5520
3759
6872
3904
10433
2648
1035
1441
6084
1202
5526
10957
5599
3967
2270
9983
4668
4226
3982
392
6541
10653
6080
3187
3811
11811
292
3527
725
7910
6037
3295
6743
4302
2279
11599
6920
2320
3545
519
9339
5605
3609
2762
6385
7331
7440
2159
101
9028
6534
1778
293
7647
4969
11485
11727
9761
2164
11082
2989
4214
9750
4684
4890
2471
427
7979
4934
9527
7516
5244
7956
6736
10847
7430
4014
5355
5973
5812
8859
6492
2574
11671
2157
4243
9622
11293
4071
2223
6167
8587
5330
11761
9513
10458
2473
9053
11703
5308
4234
7961
2183
916
5487
5479
11641
7630
6530
9673
5826
2719
4820
2326
106
9977
4167
4027
3959
10456
1280
10539
7582
5204
11178
4949
7980
3128
11128
2708
7390
111
8756
2793
6265
5776
3963
3643
5179
4131
467
458
5912
430
5859
7543
6883
4138
4573
11334
9040
5546
8318
4994
11845
3776
6731
1618
7130
11357
11248
1930
11199
8718
714
8060
7545
3861
10564
1447
10870
11549
8362
3299
6365
5731
5914
1292
10925
6747
8619
1548
7152
8452
11435
3016
4888
10200
7208
2515
4187
11279
222
7226
1545
6358
11538
9735
1535
7620
11311
1622
9585
2439
5337
6307
10095
2053
656
3674
4849
1611
885
5415
11340
5565
3574
3089
9850
4752
8928
4904
11259
6844
7859
9072
9589
7432
3781
6529
2049
8141
7554
11160
11852
9759
2149
9820
1139
7358
9370
9844
2185
11570
7163
11012
9306
8159
6702
7874
7436
6449
11561
11472
8596
3176
7870
4517
4374
4134
3993
7999
10643
695
11622
3224
1770
9967
7353
11364
7332
10921
3809
8113
6749
5478
11339
1659
10474
9233
5998
5555
8482
9643
5221
598
10018
9649
10330
3814
2354
4562
4020
909
2741
7501
8121
4189
5704
7912
8693
970
5796
474
8292
6154
420
7918
7093
3364
7567
3534
5409
11529
8383
1552
8187
9412
4180
2519
629
1789
4210
3891
8244
6608
3294
11833
8956
11699
9757
470
4155
7491
1764
8929
11677
2021
7175
4854
11110
5649
11325
2857
7386
8948
618
2300
2249
1830
5589
5199
1138
8424
5865
3121
710
9621
11393
6930
7821
2871
3383
673
3152
409
2768
816
3943
7428
5293
8176
5484
2134
4963
11269
8090
401
1338
52
1522
3464
28
11657
7639
164
6362
7141
713
5982
4140
5702
3048
9571
5756
8586
4438
4029
9032
9976
10446
1509
11008
11382
5300
2107
3213
4547
5081
1691
3013
7457
375
5806
11211
1048
750
9212
1116
6395
6369
6593
558
6490
8397
9775
1365
5152
9548
9046
619
5685
6809
9655
9420
4574
10512
3695
6230
8962
7880
2029
4899
10191
6320
787
9545
5309
4112
10210
1635
53
2160
3573
326
2461
9069
4902
9349
10017
10772
10177
10405
6066
10841
8571
4816
10282
10801
7974
4447
2981
2317
1842
11839
8957
10165
9014
6925
9706
8766
4728
6218
9733
11195
5165
701
1429
3970
8573
10620
1853
822
6004
10951
10631
5628
3428
4609
1997
2314
3396
6481
5272
7215
8767
1733
2197
2681
6407
8478
11003
11127
6284
6733
3917
708
6839
10826
7786
11608
4378
8248
7088
2953
9463
3212
11023
8075
8099
2469
3306
2007
3054
913
696
7309
2321
7247
4117
7375
10505
4870
2237
3952
9277
3673
6313
11919
10567
3148
7587
100
6671
10128
9810
10637
572
6663
5005
10842
332
9829
9587
9213
2562
11490
2691
9680
8624
6427
654
10118
4110
7994
1579
11174
9544
7850
4268
7304
6074
4625
5359
3297
2338
358
1555
3680
11481
3550
10778
2377
3326
1809
11741
499
11165
2547
2883
1059
3526
1979
11302
9873
266
7915
10037
5164
5059
5312
11635
7711
369
7600
1716
8233
442
4330
7905
4640
8893
6904
2573
8340
7012
9134
463
4198
11423
9957
4928
9270
5758
11916
11335
7052
2192
9159
11132
8595
2132
7054
3422
4111
6476
5780
6866
8039
8725
2641
2260
2783
11439
10652
8779
11661
2727
9855
544
4663
10694
3839
9958
2402
8449
9470
10201
11556
10140
3185
3824
3303
4836
2218
9804
8286
8098
29
8975
981
3596
4269
728
5598
10998
2690
2161
7209
4346
11821
3973
3373
1918
1088
9942
7748
11698
7849
8874
1838
7104
4832
1744
8327
11804
5810
6137
5384
5012
948
4323
6073
437
8793
6235
3017
1583
8749
5980
3083
9664
1440
6324
5319
483
1531
4127
3694
5794
11024
7205
80
7357
1603
6561
8194
5423
11168
10308
9943
75
4980
6835
4283
4964
1580
4774
3350
9591
2820
7751
2340
7627
9078
1594
7151
6879
9109
8843
6465
8517
5093
7467
2145
5132
11589
2332
9754
8342
11156
7329
1196
5945
5083
11354
3987
8351
1299
10480
7723
12
7928
1457
666
11017
11751
2799
7260
4629
8140
6659
1426
6967
6196
6841
10003
199
336
4450
7134
115
11788
8525
6859
5668
11810
4021
8267
3921
10347
7285
10280
11360
97
6271
6405
3236
5723
3103
6351
3815
10348
366
2999
4702
10436
5518
11341
1741
2838
11612
7297
10498
1757
11027
4431
944
7555
9049
11564
161
6151
9925
3881
1824
320
4237
1372
1125
4525
1826
2710
508
2982
5768
7529
261
1115
9251
7230
3665
1699
8614
4937
2580
5682
9768
6778
9110
8203
5200
10236
1814
3513
3860
3020
4674
5879
11161
3710
3603
5374
3246
1879
7114
5372
9067
7549
2499
3058
9694
6174
4603
10599
3569
8674
3454
8212
3762
10188
5169
10787
3111
8179
10008
4884
5379
7106
1876
10550
11323
920
2304
3477
10152
2933
6303
8363
11414
5182
11678
