9708
8015
3580
5901
1393
8712
6454
9264
6957
10584
4229
8691
3635
9804
9276
6879
11430
3169
10443
8443
3692
7473
564
9215
4540
11914
7176
1564
10825
11365
382
2619
4354
5054
11245
532
5182
714
3672
5365
704
10444
1668
1368
3792
5203
2094
9242
1099
10083
626
6332
8634
7007
4147
313
10141
10287
480
3669
651
444
5665
6633
11877
1648
9548
6860
10643
6412
9631
7307
167
1109
8084
8210
11243
1084
2062
9551
9427
10370
8030
9924
5271
6519
1521
2081
4206
8174
2442
5954
7355
6926
9456
8866
6826
9151
6604
10033
843
1134
8412
9022
5243
1064
1541
5673
4954
10570
10949
7456
7309
8753
4232
9273
1075
8049
4127
9162
9367
7772
5041
9361
3008
1004
7870
5307
9490
1992
8275
2428
2634
7229
11861
7748
2089
939
2194
3189
3588
8572
1966
6925
2045
11036
2130
6959
5148
10497
3140
9602
6429
6626
2260
7490
7235
2887
11512
7416
4223
4281
7051
1603
5870
9867
921
8920
5470
6688
8863
2248
7125
3849
5177
5957
3683
3361
5313
6584
7879
9732
3812
7862
10139
7588
6289
4494
4765
3395
3159
4905
1519
2112
2164
1639
7792
10585
11314
76
11167
1193
11706
3923
10632
9269
3803
11198
11028
318
5838
9947
9262
5346
6616
8278
3226
7749
5312
1274
9696
897
4899
5197
7634
779
3194
5977
7524
4988
7465
1012
7443
7388
4619
2267
5576
5248
5161
3445
903
8653
5577
2180
769
8527
1136
1390
6518
7930
2834
1945
2280
10393
6053
5292
5345
5449
9385
3486
9838
9950
1586
8199
231
10964
4814
7259
1170
3684
4998
9907
3435
5112
1119
10426
4042
10023
7137
158
1567
4973
7712
1505
7683
5493
133
10622
3248
6061
10404
11210
3877
7255
9297
39
6883
5872
9445
2758
5350
10284
270
2050
11310
1162
3150
3377
10977
11301
3232
11642
3776
8590
9621
4676
2676
992
10062
1829
56
7581
3868
8295
9341
4383
9881
11536
6848
6158
1847
10769
1554
9315
9728
3258
7038
46
8355
11405
2874
4730
1121
11255
5257
7730
9518
11295
4465
10051
5297
5194
2366
7545
4877
171
6424
10916
11878
6203
11014
43
4153
10037
4779
2143
10132
7710
10133
9281
8799
8504
7650
3528
5198
2771
6221
3242
6294
553
1453
7000
1235
2832
11223
3741
6936
10405
4509
9375
5218
2780
10250
7711
7534
10100
720
584
9161
7225
6130
2599
4885
1065
3846
11011
11638
3514
5646
147
4879
1277
2134
8303
11507
6134
10427
11303
2481
890
6045
2522
11046
2731
11090
2761
2701
11192
7815
8227
3834
3051
1416
4849
1732
1074
8951
2475
2968
9155
5708
3555
3299
4036
2453
6709
9143
3745
5437
1821
11518
6296
6839
3594
4496
1283
5607
875
7093
5910
6350
6590
2816
5890
756
4092
4743
781
1938
2760
2632
11333
1499
7899
11816
1789
1537
3922
5775
2469
10709
1056
4585
9976
10900
8426
4822
6552
5634
1820
10589
8058
1783
7610
4768
2741
4340
7387
11663
1039
4802
1338
3839
3995
4095
6699
9211
5861
5721
9608
420
6239
6361
5528
3665
5475
8424
4576
3480
5253
8429
3498
2307
5906
7843
2836
5447
11774
7550
5488
2864
5793
11402
10204
5260
2880
10275
11498
1575
6383
6303
6451
4313
5337
7058
7425
1980
10065
2471
9270
4968
6206
2653
1617
8023
1825
4638
10702
9878
6446
2040
1577
6287
3384
2195
1095
11717
1711
8342
1247
646
8524
5209
7757
1246
2536
11540
2449
10138
4132
4971
11558
7078
1948
9379
4995
8676
7287
7922
7167
7049
1837
10876
7876
8025
3344
10640
11747
11073
479
7251
10849
6408
6238
1105
5118
844
11679
8130
10310
7812
7250
10355
11079
92
8420
3767
1006
9017
6034
969
11762
3699
1498
9680
801
1912
954
4848
4160
6787
3916
7796
6407
31
8545
3993
7036
2479
5220
1474
976
9724
6326
831
8279
8289
10324
2683
8733
2929
1007
6008
1003
2620
5800
3207
7453
10392
1562
4197
5192
11298
8503
10041
2812
2488
11105
7827
9336
2825
4677
6680
9794
2484
11691
10488
6609
6340
7838
3096
8059
8474
1270
10341
10460
3261
7623
1892
1975
5189
1394
3372
10122
8321
6973
4219
6905
6343
132
6535
9714
750
6500
1366
9014
997
1929
10583
1355
11195
9358
9436
569
8243
2586
5504
9783
6572
11130
7242
11763
7809
8229
11879
460
4240
838
6972
11384
328
1464
11089
2609
3597
2958
11390
10684
4557
744
1319
1886
10746
625
8028
8253
5689
10090
4357
9549
2121
988
10948
9567
11730
682
3761
1221
6463
7896
8438
11102
10050
4083
3809
10671
3237
4798
4828
9098
1330
2249
4675
8301
786
9407
10084
11740
1613
10929
11137
2512
9594
3978
11664
6698
6767
9882
314
2897
718
1875
6353
7762
8646
4817
9914
11630
8119
5406
5402
11117
9141
1907
8673
7120
2784
2862
151
9051
10008
9966
3062
3296
6126
2244
10385
10888
9565
2801
3240
3827
3014
2956
1507
9248
6981
10373
8087
5391
2400
9004
5809
3674
11813
6464
1692
7348
10540
6646
11315
64
7648
7406
6681
9667
7617
3841
10740
10686
2951
10818
6435
9158
208
11070
1803
3001
10991
11431
4919
9709
7861
8987
421
904
4043
7769
2652
10536
10877
9750
2033
2519
2462
9421
11332
5103
8192
4567
7605
4142
7606
5204
4297
4890
8236
2108
561
4829
11275
6668
7572
7946
5637
1638
9380
2535
7944
693
1211
6456
6154
4867
5030
11926
8466
8360
6516
11766
407
11528
5682
5411
5511
11544
8158
3960
9511
9974
4800
1657
5584
5567
5155
8581
4301
10776
743
7181
5854
6030
2672
615
10371
4298
2927
11610
5684
1021
11573
9927
5211
5022
10365
9179
11216
10107
8407
11632
538
5781
5124
7104
630
10700
2882
4323
6307
2948
9193
9969
6563
2903
2241
229
7403
9387
4088
9625
5354
411
2048
6391
9528
431
10787
1331
8329
7569
10972
8589
6772
10095
5263
10301
4852
10899
11538
11376
7205
2804
11611
6974
5057
5833
9590
10986
5988
1345
9936
2483
5713
2447
3769
3948
3875
11359
2603
932
8919
7249
1115
6755
1447
4717
7590
6829
6912
774
5622
701
5286
3218
10701
6558
1687
6135
2689
6004
14
10857
1280
3219
7703
4689
10946
901
7755
68
8884
3563
11343
10400
10690
4384
11065
7708
5246
7391
9649
8190
11444
5105
5953
9719
10623
11016
2814
5818
4931
8996
23
7513
3253
9261
9620
4475
11187
10096
6711
6909
1122
3327
10461
11251
8859
4261
8113
5558
11120
7409
3427
3385
6003
8664
5717
4907
7311
11830
4071
11388
8008
2049
5580
6603
8704
8110
10817
3098
11932
10188
926
11190
409
7933
4865
8348
4723
11379
8102
8721
5662
3444
5729
5282
3822
6766
7068
10184
7928
950
5146
1043
10406
1293
7628
8038
4280
2251
609
9442
9384
9013
11440
11037
7112
1881
6347
837
8800
298
8570
10761
11177
807
6229
379
2710
7159
5927
7552
3806
4019
2201
11458
9487
5701
3764
2494
1540
2284
5018
4265
5609
9365
3894
4983
5968
5290
7743
4317
9391
3747
1987
4051
10303
5805
4623
8745
7751
10450
11131
7492
9872
1209
223
6400
10244
9212
8208
10148
8669
7998
607
1801
9554
9113
9171
6292
11403
2959
3121
196
4722
4290
10323
8567
8815
6710
6009
9067
9842
6305
2621
11164
11806
4007
4713
3867
2426
10766
1242
1479
11609
11114
2342
4471
7892
9955
6336
9973
10464
681
6677
7557
600
7072
369
8376
9777
7314
3746
8731
11863
2128
5418
2372
6111
2646
9308
9091
1826
2846
10509
10066
6488
2622
10154
2900
10615
27
5987
4561
1785
4674
9998
11823
9818
11023
38
8713
6426
6870
4599
10879
6671
9891
1205
10433
1196
9678
7914
10311
499
8633
4978
6395
6054
6998
5702
5950
11541
6744
1813
898
6706
7383
8319
10529
7601
4595
9827
4650
11631
9601
5315
2565
1717
5852
1545
11687
7522
9592
364
11570
11805
7754
4466
11100
7024
10458
1337
8183
1901
4516
6032
8946
2416
8510
7084
3231
1972
6782
9929
10933
2879
9512
6495
4539
4441
176
1779
975
1315
3497
10942
22
1077
3591
5147
3094
9506
9802
2727
11704
10677
5596
3872
1964
9048
6685
7787
7065
1767
5225
10784
9090
8143
1823
832
8063
11092
6151
317
54
8797
905
3039
2398
5423
11005
3582
6665
9030
2239
5663
11017
2773
9114
11633
8795
8521
4159
9223
3454
1005
1811
7029
1412
9706
6520
6271
8601
405
5234
10048
4078
2541
8654
7966
6651
5130
4091
4210
6285
864
690
9539
11719
2064
1908
656
4853
5644
4959
4110
11447
9860
2099
1777
6092
2061
700
7840
3771
7199
4154
3042
6820
990
5869
780
5368
6746
11900
1462
7937
7371
8655
8533
8509
2415
2693
67
722
3016
4077
2146
3882
8686
2497
1195
1552
7196
2283
7158
10755
11535
4507
612
10503
1150
6691
3943
6254
3022
9815
9224
11758
9054
99
7
9229
9180
6365
1013
308
5120
4057
442
2117
3670
7904
11690
10191
5630
7168
9865
4333
850
6567
8508
6301
2641
1721
4834
4320
9304
8551
2373
5746
3410
11339
7585
7746
1166
2367
8960
8560
1891
2270
10668
2753
4295
1822
3487
6060
2431
7130
2906
6670
10135
10071
7655
4640
1961
4480
7806
10682
10374
10146
3733
11289
5476
4684
10569
2596
3168
7230
817
3356
1422
6924
712
3241
10281
5249
9290
10661
10713
10384
8943
2849
10044
2325
6415
6258
5223
2566
7918
9721
7589
116
7381
143
4501
4481
11485
9019
5497
7984
11173
4416
11149
9228
9369
3345
6269
11623
870
10223
4167
3570
8492
10182
2085
1381
2961
1795
6792
8213
1202
1784
638
11779
1298
10925
3675
10455
1951
10580
10036
4032
11701
4943
11648
11674
7811
11291
3365
11875
11672
9582
7321
7880
9977
6473
8416
8313
8336
5293
554
10528
5363
5543
8263
11895
2975
2898
10261
3724
9564
574
3099
8905
5163
8179
8092
2585
7652
341
9895
3154
2233
10731
9557
1128
9182
814
4097
6522
1341
8173
8341
5839
5236
4535
3925
1087
233
6207
7506
11606
6467
11867
11069
3452
11222
2489
2414
1299
6085
4315
9366
1035
1061
1882
4312
1450
6498
6565
3587
4693
7839
7086
6822
1421
4982
5535
6978
9344
11726
1543
18
9153
11220
9808
5923
9029
3089
523
11551
4783
4948
5899
3181
1401
5942
6613
4267
4719
7864
199
11745
2253
8489
2656
11524
2390
1062
10068
11024
4503
5468
1250
3647
3539
332
6118
10717
2516
8214
9614
302
4141
8282
7936
8557
2670
1910
5276
10907
10906
7101
3214
8903
1890
2346
6754
11165
6077
3690
5539
5955
4789
4105
3203
6468
10445
11169
4819
6526
2554
11909
5660
7556
6669
3171
11004
9472
6058
3979
9968
8661
4839
1072
8104
7542
659
4711
3244
2734
6366
6599
10178
7994
6240
7934
7144
11898
6278
1934
840
287
11572
4916
1096
1309
11500
6147
4400
3127
2015
3983
1673
10459
5412
6101
3413
9074
8332
2350
3998
7629
2401
6377
4424
3393
8750
4862
1611
5740
9150
1227
1262
4355
11423
3206
2452
6928
10053
6109
5473
2579
11487
8927
4273
10663
1535
8471
9514
11780
10208
11078
4113
9152
8494
9056
3228
6129
9972
10883
5582
642
6091
10669
1157
2792
5648
11321
791
6922
7114
6367
8707
3713
3657
800
8404
649
7794
10382
3097
3133
522
5334
2928
4491
1218
4964
7331
9553
1350
8594
10343
9581
748
3363
1419
7810
10363
11180
7685
5465
4460
9525
429
6968
7884
3671
3660
3628
1651
5439
7482
8237
4180
9754
7028
120
5217
9632
6394
6267
2977
1904
7742
4518
87
7238
9088
6405
1406
2954
8830
679
11582
6313
10432
11718
378
6656
228
11539
5025
7367
3986
6017
726
4452
5620
4365
6661
11323
5156
11084
1546
10180
3965
8218
6378
933
2167
413
8194
9595
11433
11211
10469
8933
4145
2981
11736
183
5811
7675
6242
4033
2217
9116
11302
1409
4621
8070
7433
9883
9101
6583
7118
7684
5344
3990
7965
4458
11899
7373
10515
11787
10330
10064
7077
8890
3607
235
11246
425
10995
2073
1093
10922
11111
8287
8186
526
4600
6187
7056
10484
2301
3448
533
2388
9747
10316
11162
658
572
11461
4457
6855
11168
8292
8936
1842
3021
4133
4758
9772
4813
3829
9572
7907
2162
5457
10646
4430
8814
11560
4939
8862
5214
5445
10550
3426
8883
4433
8101
7760
8395
4188
2232
5477
7040
8401
11912
2370
2075
3522
9981
11366
11927
11160
4937
7404
8352
6475
1736
9411
1032
1001
7663
5190
2077
5737
3321
2576
4645
5863
9404
4302
8111
1141
401
6779
1831
11203
8597
6878
9050
2664
10691
4349
1248
2185
761
2303
11859
10630
4125
7518
10553
10974
1189
2572
3598
6372
4739
3600
4202
2017
11066
4488
8604
1662
5541
10032
3537
7002
3768
3
3947
408
1839
2549
7262
1430
5897
3734
1018
8467
8630
1676
10383
8693
8849
306
2181
7871
7471
10159
3500
1614
8103
10474
2681
3490
7579
4504
5912
10255
2797
4827
4780
11657
3071
11702
3887
321
8650
4429
4326
7338
2046
5981
5188
1396
1724
11628
11720
439
6472
11108
11694
9830
7503
9864
1790
1259
6078
10752
5900
5380
174
10439
3783
8683
9894
11872
1292
8752
8387
5408
5731
2986
527
6635
3681
9612
1414
2138
1017
7296
2821
6967
10448
7782
2175
8422
8565
1853
1302
9418
11319
7523
9403
5284
11644
1316
2716
6256
4560
8491
3814
2886
3052
10674
8989
9957
395
10990
5031
1376
5037
7511
8479
9693
2042
4972
0
9538
7647
4908
6666
59
7905
2069
4342
7001
9887
9231
6624
4869
821
6162
5072
6089
6995
11564
7502
10413
6636
7446
254
4292
11176
4270
6096
2885
2214
2936
105
7947
8465
9106
258
11252
6155
3545
9346
8018
11398
5837
1269
458
5780
8786
4678
8073
4148
4318
9854
3289
10867
10170
1679
11565
7529
4594
2348
11713
4616
11835
467
10174
961
7537
10812
10618
767
3119
4288
6080
1433
544
7619
8481
9753
4880
6431
4151
5226
477
1715
10089
8741
1547
24
2318
7666
4652
9828
7477
3027
3779
10409
2844
6854
10468
5151
3643
5868
4980
8908
7462
567
741
5698
1560
5817
9295
35
7680
7434
6790
5979
8522
7337
4835
1336
9574
11612
2691
6637
9989
4187
5735
122
1352
10042
4630
10507
5553
5003
1976
3996
5915
5455
9386
6506
107
5524
8066
11857
2026
6299
6943
1397
486
6434
2888
8411
5590
6582
8270
11708
5134
1536
336
10617
1658
9164
7397
3381
4435
1206
5941
8249
871
5618
1317
10959
1619
9983
1919
11136
5830
694
3331
11808
2016
5446
10753
5081
5235
7442
4305
10075
7124
1598
5819
4073
1665
5782
6320
5688
9103
4772
10156
2043
5743
8792
5267
4200
2988
10007
7258
1749
9320
6152
9049
9743
2155
6116
9201
8011
7532
869
10694
4420
8484
6508
11660
5428
6964
9483
10874
5503
10735
3456
10579
2170
5048
7164
7323
5631
859
11781
11636
475
2743
9188
8864
10150
4068
3596
7927
182
9160
5109
2813
11335
11865
2238
2058
9932
9326
10087
6208
125
11810
4484
4906
5440
1520
9931
5096
5887
10592
3630
5142
418
5776
4837
8029
4859
11497
2912
10359
8297
9761
11475
7722
5583
5741
8439
4336
9573
5206
10912
2659
8657
220
6810
9776
8878
5578
2630
7868
4832
1217
9473
11264
8076
3620
7008
6768
6806
5821
3083
1615
1149
8166
5442
5015
4917
5597
11744
4028
7604
5641
11355
7097
4725
4952
11557
8410
4738
2230
73
2902
11737
11212
6745
2591
6538
4168
10419
3057
7501
7520
4825
6801
1771
6859
3937
309
2755
10994
5339
906
6758
10499
6027
1234
7329
4704
10973
329
3274
8105
1719
9499
1766
2159
293
1088
1787
2763
5985
10836
8949
8316
9587
4934
2344
7814
10069
6103
1956
948
3900
1928
2304
8543
1407
4489
2833
5145
4500
1002
10490
6595
11509
2829
7061
1107
1522
9283
5178
1204
11803
9292
3279
2013
4497
2019
7233
11591
3682
10230
2933
1695
7653
4984
5859
10361
10581
7136
6979
7976
1245
4201
1863
4069
6250
2435
9816
2278
11340
8004
3966
1460
4090
9249
9220
3470
6777
3941
1236
6796
5448
11775
10486
7138
7048
3496
11357
10892
3108
5181
9918
9790
4570
8959
6259
5431
8035
5090
11529
4572
11045
5946
1607
2321
3389
9699
9805
2531
3453
5294
10953
4796
5126
8374
44
4611
10612
7163
1165
11724
5888
6035
10978
2378
4751
6641
577
641
842
9672
5952
8506
2768
3230
11104
7973
2137
10328
3246
2712
10274
10685
4687
11815
4321
4284
2530
2937
11233
7687
10968
2255
1265
6987
1630
11052
3196
1327
7630
7263
9970
8149
3759
11594
1102
789
2752
9312
149
6380
7399
11448
7582
599
2439
5739
1363
7037
7885
721
8402
4769
7278
6549
3019
5683
6349
3512
5450
3807
1902
8359
1325
4975
8760
7734
7967
1753
6219
8182
6885
5140
9501
846
11697
6124
11654
3375
9749
4230
10757
7863
11287
354
3516
6125
289
1130
8564
3732
7261
5921
10209
5801
2655
7646
3740
9060
4634
2640
3658
6914
7725
4896
11434
3885
2871
7152
1091
10653
6690
7354
2132
5928
11683
6999
8458
3915
3612
10264
4286
11201
617
2529
10937
7612
7607
5042
7128
7850
3804
8886
11416
6352
3961
4220
1321
5179
5736
2334
3648
6528
3821
1015
4352
7497
3881
264
7096
10020
6556
9684
10774
9038
6736
9806
11741
3945
5657
8735
6930
4548
5106
11568
2223
4519
10843
5029
8006
6354
10998
8318
3709
8608
1913
10645
9765
2782
11400
6573
504
8464
4035
3864
377
1314
3182
9230
10226
7281
9371
10240
3488
6811
11834
4740
8542
11851
11846
6300
6977
4228
3373
8540
7312
7240
9105
3394
4692
9889
7731
357
1517
11725
6708
11454
5086
6830
6041
1463
8062
42
5481
11743
9897
8398
9425
146
8047
4455
1488
8207
792
9246
2190
8616
11599
6700
5502
189
4766
9026
4697
481
10428
11581
8061
1861
11051
4858
6168
29
868
451
9210
9535
9111
6606
5525
9773
5043
856
9734
958
2150
11285
6818
7237
10790
6693
6457
1915
4102
6696
1444
2221
10081
4253
3213
6577
7867
10290
3714
8762
6953
10782
10252
8531
2067
5494
3664
5370
8520
8409
8216
11141
7565
9122
7458
8369
9508
2298
5338
5099
1374
6938
6983
11819
5681
9133
186
7637
1733
10272
6414
10010
3897
8322
2715
7389
4311
7294
8449
3722
4149
7986
8911
3517
307
3926
3367
4842
1878
11144
5940
1900
6455
2169
2455
3758
5330
5104
8469
2757
8926
7917
5424
2532
5647
5033
93
2441
796
5610
6803
7761
8202
10473
11260
6050
5020
1322
5919
9028
10593
2000
1791
6945
8184
650
7429
2786
1735
1572
2116
10111
7244
1047
4054
2690
7910
10231
8082
9545
2511
11426
7106
6197
6996
10271
5094
3572
11731
525
2828
3927
10639
10125
4252
2574
10905
4861
322
3201
2819
1960
1071
8900
10300
4656
6039
10163
9633
8195
4785
708
2156
9135
10398
3475
1699
6433
1848
2852
101
3186
4215
6587
1591
5062
661
8363
2021
10841
5918
11681
5143
6619
4753
11116
3640
7510
3845
10714
5434
2375
8779
2339
7508
7526
3328
4266
4986
1232
4776
2740
9585
3282
11421
8901
782
11504
3436
5100
622
787
2313
7580
10248
9396
2445
3606
9797
5410
9687
9087
5398
2222
8151
3336
8296
3227
3247
10681
8324
6166
5
3992
10744
3701
2628
4156
5867
2005
8215
11556
6753
2877
2606
11494
11229
4053
3775
11338
7016
540
6295
3593
10628
2793
3086
6727
10214
7893
4285
10910
2125
11305
4587
6344
7576
806
3785
6501
2259
330
5399
11031
1947
3513
9389
8124
10710
7195
3790
3077
4251
7304
8798
11218
858
11904
11326
4895
1120
11499
5010
10573
8490
4965
5812
10563
8307
1428
4759
4698
6527
4510
1633
3482
8095
9044
8582
9274
6752
7289
1578
560
154
3103
7603
2136
5036
5537
4963
6809
5116
2088
751
2552
2514
11684
7543
8549
2875
5239
7327
8648
511
6513
10956
9331
6704
9717
7081
10175
7149
6428
10619
3753
9471
6376
5855
3458
11665
3748
5435
1296
2547
8433
7803
3890
7394
4157
7019
1854
647
3109
9946
193
9243
7566
340
4269
5451
2831
6097
5933
5053
3479
9682
2343
784
10676
11666
9298
7421
1288
4926
4065
10152
1747
9723
5905
6276
6647
10471
7306
2776
4663
4870
11652
10902
11789
2805
4947
7674
940
757
6799
9763
10060
8706
6817
5891
1264
2393
2464
10846
886
2359
9039
811
2322
9271
10109
7979
10423
2686
3147
10543
8418
2911
4146
3578
5972
10666
2247
728
295
7402
3725
1459
11466
1124
1883
6652
2729
10764
385
5831
10658
6955
11739
10227
4096
8036
11647
269
8972
217
4268
9540
1768
10437
2237
4136
2208
11272
11143
1118
7119
1068
7218
4138
6410
2294
8016
6574
11462
2101
142
1723
6701
3429
6853
4233
5069
11860
10848
7401
11256
5846
4680
10372
10094
3131
5640
8639
9930
3521
3310
6575
10347
1698
7547
4659
263
2236
9339
11854
8115
1640
9124
8003
10729
3081
5174
8998
10728
11915
724
2899
1364
7135
4953
4596
6541
7908
8968
8203
692
8821
8511
1937
4437
6072
7349
7187
2273
2149
9646
505
119
7292
160
8019
5325
1470
3408
2192
6236
8992
6762
10886
9547
3332
8829
3185
6404
3493
1210
10243
209
5279
153
3190
8450
3823
6835
5794
11821
10679
1888
6282
1593
5719
6048
5655
7043
11318
11555
8566
4525
2141
8425
2084
11202
623
11383
9866
4227
3401
2521
6073
9104
9741
191
5170
168
4472
8088
11324
6100
3294
2997
8314
6703
10026
2487
6515
4467
7851
9443
1354
7729
1137
9513
10773
3756
4930
6062
8805
1180
8235
4542
5964
11399
4144
4411
986
11268
3556
653
11057
509
7376
5491
9097
11480
2429
5228
11765
11115
705
4246
7468
9477
2660
3477
2072
8430
9279
4556
10279
11183
10127
1057
11347
6593
1155
2316
7157
11002
8392
4612
1372
5934
6379
3047
5034
8990
7219
5159
11095
4031
1020
7202
11840
6910
9825
2187
7467
3963
7483
10860
5141
8854
10561
3079
2692
456
9214
8837
4583
9063
6715
885
2063
11695
10606
8904
103
9965
581
10273
4366
9980
2315
10113
4277
5274
2938
4417
9844
3078
10871
2206
10157
9318
8764
9500
1452
4932
10762
512
80
8133
2594
8379
9219
11086
1029
6226
1865
7010
2091
10637
461
8224
4171
1161
9203
11559
7060
606
8269
6014
10462
7860
7384
2992
6989
7921
5680
11928
9550
11750
7766
8796
6735
1556
6555
2285
4477
3777
2966
3425
7364
6401
5797
11886
465
2848
236
2580
2383
3460
10809
347
11602
834
3655
8675
7624
4485
11716
8714
10664
11826
3036
8502
11483
8852
2720
2432
9451
5352
9291
5245
5075
6540
4478
4307
11128
10024
77
8463
10598
9939
6562
2485
11699
5222
6929
9258
10463
2824
616
3271
1750
10259
109
9859
8605
10574
10760
3547
8373
252
8925
1707
2480
9870
7082
919
3161
5068
1849
11583
9057
1362
11477
6895
6776
7324
4872
6916
7777
11548
1332
1760
4527
11472
9532
3892
1467
639
5332
2791
11801
703
4401
3711
5678
9807
1386
6022
2395
1176
5750
2357
248
7380
8259
6270
9256
3634
2006
1225
8595
1701
4673
1518
6462
3404
2570
9928
5676
3541
1817
5277
5715
11786
930
4492
5080
10192
11175
5542
9784
9563
9327
6578
10908
7825
588
3871
1669
2281
2643
4099
3944
575
10810
1092
4775
6257
11157
9178
8726
2105
8907
9195
6171
5724
8624
6493
3280
4363
7070
8451
9381
2338
4546
3510
11283
11279
5324
8441
11232
11072
8976
1472
8872
8918
4537
4649
648
11219
10386
9654
4962
7087
9841
10672
1408
697
7454
5001
10210
4871
1197
9066
3205
1871
10603
1624
9645
6720
312
11675
6958
294
6437
8678
7405
11910
4915
740
319
1466
4216
11496
9032
3101
3772
4764
8505
491
1808
1763
11154
10901
2810
4750
6503
5699
1957
11924
11200
2865
5400
1417
4440
5983
366
1573
2915
3511
563
6459
4891
3478
4551
91
5792
8157
3055
6683
680
11839
8388
10424
628
5834
5202
11033
3949
7279
7758
3704
483
3276
5774
862
9132
10861
7346
4175
1241
8358
3275
7960
5599
5023
9207
9524
1229
3531
11671
8413
10377
135
4348
6136
1818
8258
3148
1909
6438
4117
3752
10562
8999
6505
5125
8180
5113
2637
9956
3357
1720
10495
8966
7162
2517
9764
7877
2920
7895
10555
9795
4425
11537
2631
1457
3694
129
10299
3573
7257
7449
7035
9799
2869
8839
4714
7941
6334
7894
4310
11
4262
9121
1645
3473
3952
5427
7131
2756
7213
5438
5024
11047
6413
9995
3040
2841
1014
219
4335
4505
11814
8626
1525
6441
5241
8628
37
2018
2459
2333
10895
6821
2618
6387
11263
3423
10796
11820
9833
10599
10732
6337
137
8123
1216
4421
3589
4376
11463
3044
1981
7357
7194
1876
8804
2718
9949
11267
2892
2133
1139
7980
3032
7660
9176
8824
4322
4010
10335
6357
11531
10153
2364
392
10531
6947
6642
8548
7525
7728
9503
1985
2698
10117
3615
8461
10027
74
5208
10337
2461
63
7841
10233
9903
11658
11085
5007
11653
3624
10379
7450
9002
2433
7599
9744
3553
1979
8840
7996
6427
3123
9692
620
1212
5997
10767
11171
1086
2719
4868
363
6576
4341
1629
11677
7090
10678
4913
8575
11870
3560
2311
10467
6142
3428
7770
496
4399
10667
9335
3072
10454
9222
5547
3499
3405
2989
7848
2811
11519
942
8598
5333
2504
4074
10442
2639
10541
8050
7379
4933
5372
3818
2679
9439
2254
9880
7618
7578
11688
9159
6006
3866
3554
1626
7888
1475
1933
3557
10009
1678
11228
11342
3797
8642
11062
10781
9960
5016
4579
7417
9306
6621
1051
1898
11890
3919
3335
3782
6865
4388
10770
4060
9301
8580
7332
6196
1279
11313
9845
102
8064
9713
2355
9077
2
1557
6038
2921
2331
9890
4283
7788
1097
742
9322
9578
65
7620
8717
5359
2053
10074
6047
9822
4524
11593
4408
4448
9820
2229
9008
10099
79
11087
10329
2336
2905
4274
5971
3689
5815
3114
9251
9937
3003
3438
1371
10283
10475
10804
5169
3088
7408
11883
7089
6228
9798
5247
2413
8532
58
9617
550
5454
1685
2589
11443
94
11812
11438
4037
8585
5230
955
6044
4410
1182
10801
2306
2131
8375
1373
8118
3618
1670
10657
7747
5250
7549
5272
9942
3124
6234
2600
7073
11227
6037
5574
5071
10594
1866
5738
11370
11554
3371
7004
2055
3914
10951
6948
2420
9392
7574
7691
2140
10520
1688
3778
3110
10721
11818
9413
7800
402
7052
3889
6386
1793
7593
1590
5591
2457
8770
2007
1959
3102
396
4316
2211
6266
2446
9045
9408
11088
2926
2183
1423
9898
2147
5670
5044
3583
10847
10345
7865
9257
2527
2584
8083
8436
863
1718
3009
4770
3898
1391
11456
16
10198
3693
9669
10575
2842
3932
11077
2684
11790
3904
4444
4721
4249
11842
9836
776
4403
6545
2647
8096
10119
11777
5341
882
1194
8515
11526
4409
326
8671
6345
11093
10298
6355
11469
7411
2851
11125
5871
7553
6388
4754
6339
2901
8970
8106
7560
5201
3798
7133
85
6328
772
9941
6241
9787
6262
6985
4194
4245
4863
4380
9718
126
3574
4339
9454
5613
4026
9465
7107
1045
11455
3830
636
6585
1041
9126
5093
9244
3876
6931
5122
3151
1788
7231
10029
10962
3523
995
7726
3808
900
9733
4375
5573
9958
3292
5779
4015
5227
5980
9759
6322
1940
178
1756
2964
3869
7763
3179
4565
6785
9888
8727
5728
11622
5835
6179
719
11532
10651
3721
9464
8613
4876
2173
5004
7243
9470
7600
6102
2996
9558
6115
5605
11831
61
2189
404
1691
2158
5101
7392
9431
7959
4468
4093
888
3449
4911
11508
2396
3224
8432
11919
485
7837
7991
10633
2119
8647
4555
9583
3383
5690
7956
10823
4445
4011
10221
10228
9556
1999
1815
6923
755
6491
5471
1757
10703
6143
5687
4038
9282
9191
557
8607
5720
10582
7122
6747
8611
7658
11039
10322
2962
9781
8137
9061
6192
10754
10123
2651
9021
2419
4005
9873
4545
3025
6108
10988
3626
11829
6871
5894
3178
11391
7802
4213
4020
1108
11751
8233
967
5191
1944
5059
7808
3301
8081
11407
2199
8620
6306
10356
9123
11506
2212
7374
9173
9065
3506
4605
3135
899
10129
7681
10894
6858
1880
7799
8971
1231
7441
221
4707
8428
691
1576
7768
3167
1490
2748
8041
11585
10788
11330
6128
5998
1496
2850
11566
8606
179
1228
3826
9108
8921
3380
3697
9245
4512
453
11595
8260
11428
11608
9170
10366
10896
9198
100
9138
6986
10833
3251
5858
1527
5706
3981
1601
9005
8725
11913
8845
2213
9495
10568
6969
9372
1869
6090
5649
2533
2881
1060
1832
6837
348
10642
9434
8603
11293
6902
2470
6867
11603
2382
9417
1358
3463
11375
9216
8078
5538
3342
5076
5501
3529
8225
7859
8122
8459
813
8877
9800
9016
5722
1303
11058
528
805
10151
11035
9702
10616
10315
6759
10055
7151
11294
2340
11553
11824
5961
10294
10247
90
6594
4593
4368
9912
8694
973
1755
5261
11019
8855
1415
2705
5958
4797
10326
8037
7469
1840
5269
201
747
5392
2945
9390
7813
10476
7308
145
7657
104
1284
108
1515
4300
2161
10435
6946
1027
5692
2855
2597
6939
2861
3068
11645
4327
10756
7018
5229
2427
11419
928
11488
9832
2010
1884
3860
7410
1722
5129
9809
6644
6845
8300
1497
3369
3082
2501
10302
8942
7906
4177
1049
8364
1595
3817
4443
4356
10670
6485
9400
11689
3006
11411
9657
3266
5820
6862
3157
4499
5996
8964
7836
5850
11709
7241
2923
11341
7709
795
878
11614
297
6863
9168
8994
5984
6146
2638
2468
3686
9200
5389
730
7328
2876
3706
5123
4511
8304
9523
6771
7427
180
5937
9240
11081
3561
2582
11373
2038
3222
8132
1563
5172
8690
3567
8793
2744
1762
4379
7208
2745
2803
10654
1524
855
8499
4276
6702
8390
981
3387
11637
8569
4293
9167
6888
8476
3893
4791
4359
9748
6586
2113
1809
5936
6186
6010
2317
11325
11759
983
7789
11788
346
929
10093
6721
1484
255
10963
7317
11676
4030
2934
3639
1437
8783
161
10006
4338
2783
6900
3762
8232
130
10425
8743
766
3653
5700
8160
9350
1183
6719
1877
2525
8944
8457
10602
7872
4571
1739
8448
4103
5417
655
8666
5132
3816
11705
11417
6308
11123
8826
5127
2685
734
2796
9075
8212
10696
5757
11634
131
9485
9789
7562
4025
447
5049
5060
6016
2587
10485
8828
4626
10805
6662
5014
2022
10477
10346
7698
5786
7985
5517
8631
8091
7046
1378
10292
9324
7654
4047
6159
10282
8331
6480
3491
7764
2612
6499
8193
6726
3840
2210
4294
10340
2736
8773
9296
7447
497
4397
5604
9232
2025
5727
4639
7271
4735
7034
5484
8529
454
11795
1952
9486
7212
5879
9739
5908
2540
4846
5841
6324
11193
8067
11262
2739
1404
9689
2209
1286
10967
3111
7571
4259
11757
7111
11364
436
7856
9978
7656
8553
4291
4843
2070
753
8272
4749
3045
11146
10225
10693
175
10539
909
7891
6571
1738
6470
1418
7041
1899
2725
11478
2817
2207
775
11274
10506
4324
9157
6086
7033
10590
9053
8754
5195
1758
8339
6420
6012
7846
10245
204
2627
7351
7334
3210
5829
3562
6524
8621
11060
3685
6019
7422
2747
200
2035
1365
9760
6317
1311
7887
3471
3191
10389
7177
1656
3802
4878
9340
8894
7015
2815
8447
8573
4248
7745
5265
8361
4811
6713
5633
10430
6673
1897
10631
5058
8808
738
9727
1179
7407
11134
10295
5387
6748
267
3457
8177
3284
9526
5382
8749
9194
1048
7326
9058
7555
383
5467
9370
473
4566
4528
3815
11562
520
8298
11161
9959
5458
3288
253
202
643
2569
10306
9559
9268
1226
4860
11372
75
2225
6330
6214
2463
124
4350
1285
5824
9169
1123
7339
4702
3659
4762
6081
3550
508
3873
9580
6195
3680
8656
7829
3192
7774
3038
8818
4629
4513
8536
10239
7154
11511
2564
4082
8967
8024
9711
3165
9715
956
3844
1069
7832
8071
115
4994
11110
5674
8767
11655
5696
9018
4940
8140
10992
8262
11300
17
2495
4490
3250
5579
8453
10866
10181
949
960
3468
1349
9432
11894
6757
278
7316
6805
9376
244
2289
4173
2645
2853
6440
8556
5527
2246
10436
4000
1955
7807
5361
6417
5469
7935
8668
9285
6852
11362
8632
4012
7819
11811
2271
7234
10418
2174
10534
5544
10897
6941
5658
2361
8978
3260
8810
10289
10890
1249
11712
3146
9788
4563
470
2071
5152
1011
6714
9593
4854
337
790
4558
9226
3679
8709
3129
6382
7170
8932
10076
9810
5144
9908
797
6833
8592
1357
8356
11248
11328
8170
3735
4289
3370
40
1492
8662
6121
1932
166
10145
6173
3443
5136
1156
8832
5909
3619
4520
9624
760
8217
5395
2240
4886
4242
1872
11142
8635
7414
8222
9952
10802
8414
541
469
4250
4055
9900
3946
9328
10334
1860
8897
9910
592
876
11876
3080
9423
3320
2607
1451
8584
6374
10185
3434
4394
2502
7412
5353
2036
9570
5725
7322
6825
9504
2787
2197
7109
2095
6486
205
10179
1523
10451
4642
9094
8757
9609
10596
5376
10941
11348
5000
3303
5472
11412
9695
6325
10814
2925
2034
9435
9886
3592
7919
8819
9353
11385
4217
11392
8758
11358
6477
11139
11309
11470
7779
3824
11075
10121
8615
5745
10110
3378
9377
2152
3749
3233
4873
3340
1114
2296
2537
614
10807
6025
7783
660
6942
9136
1347
9447
11021
8131
4447
8940
6898
7217
6819
3590
10820
833
1207
7801
4610
7854
10155
1494
9131
11286
3820
10855
5006
8284
1741
8056
7527
2790
1441
9877
11817
938
261
6180
3346
1775
5798
5419
3610
8013
10059
4381
9522
9416
716
3355
8221
4174
1936
8652
8074
10780
10552
9099
9287
7127
8703
8811
6891
1587
3987
6167
1748
3262
10862
5462
8710
5661
5606
5221
3502
3209
3575
6222
9675
6896
10914
1300
7528
804
11367
11098
5166
9410
5723
3533
6075
7335
2394
11661
1728
3542
6461
10338
8577
10538
8895
2932
4679
11071
10720
8947
979
7252
7368
4428
11239
11182
7445
2265
2578
390
8172
10547
10960
9605
33
999
4049
735
9467
4614
9156
2261
7474
2946
7076
7721
4580
8368
6174
8196
1632
5200
7713
10881
2598
3252
11054
2919
10164
10680
3048
11732
6393
9
559
7325
9756
9007
11103
5283
5876
2650
227
7204
1608
7198
1589
8916
713
6775
8644
1509
3632
9769
10924
1392
6323
1052
3850
9628
6015
2957
384
3939
3172
2551
10267
1078
6904
441
3390
2102
1925
9001
6789
1774
3298
4703
9000
9690
5694
7669
10481
2671
10016
3418
9305
1693
9668
11589
7440
9607
1282
11620
11097
7270
1294
8271
6847
11044
279
11214
594
9080
7826
3977
11850
8444
11010
286
3396
2583
471
311
6496
222
5507
3286
7488
8984
4017
8247
9651
4929
8168
1159
4752
8367
3312
3311
5675
3786
5920
10140
6153
2942
8427
917
2723
10465
4705
4993
5441
9561
7085
9703
3728
2275
8488
4644
10803
3249
1923
7415
2205
3702
2290
9253
4671
9374
11869
2678
11096
6082
3535
8009
3106
1856
1734
5865
4643
6314
10514
6827
957
8389
893
7548
9920
8835
1830
2870
3187
6794
8181
1769
11605
5098
3144
2508
6211
9803
6076
8857
6534
11007
9768
7649
4547
4050
8526
7228
9619
7977
3524
765
7881
10408
2922
944
4946
2543
7602
7828
9774
3526
9154
7875
11604
4840
4185
8917
11317
6523
7461
4235
9921
8027
6133
2581
677
8568
5367
5436
3307
11930
256
6982
7248
4960
9571
10103
3199
9310
11901
214
7430
2974
8769
4667
6253
1066
3323
2840
7437
1544
1435
8514
4665
8838
9722
9397
11259
10201
10557
9349
7874
8114
6416
2363
4048
6970
4085
353
1063
1458
7023
7516
5982
9199
6465
9629
8848
5285
1776
5117
2694
2499
10102
4308
5790
6988
5742
1438
7362
7350
3755
7798
3330
7992
5545
1360
9478
2539
3412
9146
10961
10106
1553
994
4820
9234
10727
7961
4606
11156
2778
8774
2467
6144
361
2171
5321
7232
6329
5108
7778
3819
2014
3982
6547
6607
1977
10887
9172
7784
2769
5621
10873
48
9938
6802
5803
11579
7069
284
7423
8953
7105
4803
226
6191
5348
9145
8310
11205
8079
9187
10624
2971
10482
10124
10376
3465
10969
10675
2939
874
5153
5966
11796
3723
9707
10047
2423
394
11473
10743
9933
861
5767
8299
6280
11257
604
1289
4950
10565
69
3793
9659
4314
7223
7005
5575
2287
4319
7957
8446
10918
2490
417
4517
8164
10719
2402
591
5827
6283
6399
2410
10108
548
3631
6227
9871
4726
8437
9997
494
2056
7500
3160
4183
8480
165
10082
6189
6105
10161
7849
6002
3956
3886
3794
1224
4337
1953
3326
8075
5532
8827
11236
1879
8266
2610
7110
3602
8931
8934
4104
10339
1125
3419
4575
6816
9460
8234
2625
10605
11452
5697
11771
1340
5822
10046
6763
1000
5066
6385
11715
8146
3442
5314
8898
3896
8021
9275
8888
9239
7297
9186
11884
4089
4521
1055
4040
5944
802
10358
10872
1596
4924
10898
2093
2878
11409
10913
4264
7226
1324
8255
6872
4087
8618
9652
1616
7418
11596
10527
7173
1133
3085
62
2800
6667
1273
10203
830
4744
5931
3333
2326
1024
9078
6389
11761
8822
6533
8719
3368
6494
368
8052
489
2611
5808
7148
5877
4199
4131
7057
5632
3202
9147
1851
9402
4777
6808
8677
4454
11773
5021
11188
1667
3999
3462
11159
7969
6150
6213
4668
7999
3139
11908
5883
6449
7564
246
98
1714
4818
10237
3874
6791
4581
211
1696
4198
1558
6024
10965
2629
5251
965
11696
8873
4782
9729
8268
853
5842
3268
7890
9597
6093
9835
10577
8742
7080
1694
10789
7929
4568
5366
11746
4670
3281
9492
8740
8121
1834
2111
7901
1684
2403
3322
8493
5875
2256
10921
2854
1705
3238
8311
7621
6201
839
1824
5495
10021
3951
9576
6200
170
3046
5187
5205
6029
10768
739
10938
11353
6554
11493
9618
7424
11923
498
7390
621
4181
11650
4345
7554
9663
2037
2601
9507
2327
6850
7039
10401
8291
6291
8629
5845
10983
2908
448
5656
10012
689
45
6079
6740
8498
8350
10196
4064
6444
7295
3188
4996
3376
114
6965
7276
9267
519
3918
9811
8841
7369
9762
7717
11864
4164
1033
8939
7432
7478
9420
2184
9868
3579
6252
7776
11791
8244
3379
194
7672
7475
9343
5807
11459
8478
10909
2269
3041
86
10072
11244
6831
3737
7818
7993
2674
3962
1752
6610
506
6046
8912
391
6274
9916
9591
6359
8956
6723
4966
1516
8256
1533
3878
1031
1905
10931
5679
8477
1682
6157
11550
4761
5213
4162
6230
5287
11476
7690
2389
10919
1301
8040
3599
3407
4063
6304
3957
10173
7207
2295
2661
7172
1810
11050
2767
732
10544
10265
4189
7079
6442
3348
3825
10091
3033
9509
1531
918
5135
8667
7283
8896
924
10856
7221
7793
10621
10070
9419
6088
1254
5849
9119
1153
5930
3920
696
6497
4034
9869
6687
3789
6119
2931
10859
134
6059
8228
11446
11845
2473
6319
7117
10975
5705
9424
6469
6712
495
4184
5012
3988
1631
9166
4116
2216
6697
7639
10212
398
6430
6288
1147
1942
10054
8386
6724
8519
11754
3791
539
5693
296
2096
11306
2032
4636
3763
6483
2965
2978
4710
7688
110
2703
5651
4018
5309
8751
9611
5572
2454
4884
2845
1201
428
11199
11290
8238
5974
8922
4672
6705
3859
2498
545
10864
10362
11048
6509
3212
3760
12
1468
3204
768
9875
8134
10595
8914
2142
6190
10489
5533
2066
4120
9577
6432
5778
339
10759
4920
5551
162
1689
2733
2115
11873
6123
4923
3193
9905
5516
11118
5288
10130
8167
7981
266
1059
707
5563
2328
11415
6940
1145
8274
272
4256
11474
9330
8868
10950
1983
6421
9109
6070
8555
11897
7246
96
1333
10251
688
915
8007
9641
3688
11225
10134
1655
11312
6411
9824
11517
3424
6544
1456
4101
5017
951
7385
11516
8042
11401
4106
8020
4901
11351
11322
4732
6517
8100
1090
4888
5881
5664
5210
188
6284
7333
8619
608
9081
8419
7013
2750
11439
10080
1887
9255
112
4807
3609
2068
4944
5318
11099
2258
11026
687
9817
10524
11802
10996
7671
10734
6049
1642
11577
128
2507
2947
1323
10980
8286
7431
9259
771
8264
8470
3002
3400
5443
4893
10420
6512
6913
865
5840
4211
3278
3341
3034
10650
6589
285
8732
8171
10415
9796
3437
9196
6235
4450
1549
4928
987
2717
8144
9676
3317
437
11091
8290
573
5787
852
815
3636
7006
1022
5652
3552
6445
3836
7883
10697
3198
2699
10143
9112
11238
3757
7095
7299
10660
5216
11224
9266
8098
8685
8945
10206
4123
6251
2407
11797
3644
9474
9562
7245
3107
2417
2799
4422
8787
2548
11668
1098
7236
6384
1969
5569
9913
11254
2231
11742
2168
3813
3980
11345
10144
5642
10763
2714
1894
11843
3309
7878
2277
6333
5601
4066
7614
5857
4231
2054
6627
8885
8561
6994
8537
8197
9634
3532
11917
9347
3433
10597
8756
3217
7845
1582
466
6733
1958
5564
11030
1816
6293
4812
4582
4059
11148
8
4997
8325
6908
1646
3770
5453
1413
8928
8475
10880
6132
10333
6588
7701
1185
3796
1663
9163
4296
6657
6793
11352
10318
7942
3030
11299
5065
10470
946
7659
847
2220
3314
2857
3911
5617
10955
7298
10519
2998
11502
11269
6889
2028
3880
10480
5460
10353
3902
9040
7705
9398
10852
759
1759
4482
8188
9317
4961
1780
1070
963
10308
1208
5764
6559
3538
1142
6961
11158
7147
6172
4531
2377
7866
2299
11662
618
10005
9221
3017
9033
5925
5962
5302
10627
989
5521
487
8893
3608
10821
1652
11626
5615
9484
6112
9923
6739
10019
8614
11798
6095
1511
11800
8554
8851
3695
4260
952
10254
8823
11723
7640
1841
5409
7805
5323
198
6198
537
5091
2178
10045
1858
10526
10576
9455
1962
10453
8576
9481
2353
7889
4124
3070
4212
8651
5055
3481
1367
3116
422
6327
11465
1038
10447
11871
3162
1424
2286
8681
10798
4222
2995
3989
8701
4897
4841
1661
118
7463
1988
1081
352
916
2202
9829
7174
4701
2867
676
4682
11020
10542
7821
342
4755
8791
414
2264
3651
3700
5994
1019
1914
6033
6117
10893
3440
7540
8431
6689
2465
4804
9705
11197
6954
2553
4150
1359
3142
9569
8242
11825
6694
7098
343
7499
5556
10001
4771
2798
6620
4067
10504
7400
4883
11076
1584
8117
11887
11061
6887
7932
4927
9542
8734
6843
5045
2245
3064
7964
3302
8357
5754
2560
6991
3132
665
4574
19
3037
605
8383
3293
3754
2982
2118
2341
6579
3115
11728
3090
10452
10698
8205
1709
9359
10936
66
2337
3004
2097
7853
9023
3398
4003
3504
2491
5536
6654
8399
7939
3616
9831
7727
5552
8046
7765
3446
2894
10136
4696
1465
4027
5397
7752
2680
9823
1751
1686
7340
1726
8962
2577
3568
11320
6246
2104
6890
11266
7678
8842
4569
8053
9433
6728
1233
7485
5695
598
10610
71
953
5752
11467
11231
251
984
9183
6217
11420
2781
2172
8417
7970
4922
11209
2779
1805
9252
8241
2031
9785
5379
2145
11784
11906
3857
2654
2276
5233
5128
5810
5355
5301
5084
9990
2177
8326
7733
912
3613
8583
3257
1427
3906
8813
9546
488
6140
5009
10128
4635
10611
503
10733
9863
10830
3049
10785
10035
1135
8069
7222
2347
9630
1439
11080
11107
1278
11307
6769
7495
6581
11437
7153
4427
8516
3903
11804
9491
26
11282
9737
2268
1641
5938
5959
10229
1244
10704
3352
6743
1276
8165
11545
482
3604
1151
213
6392
515
10572
3712
1112
808
5164
7143
5425
387
6729
3708
9626
1569
9691
6342
5788
737
323
3870
7100
3183
3540
9288
2126
964
6804
1885
7507
6605
3638
1426
6043
3362
3571
5686
10808
1449
9307
6722
1178
10097
884
187
8145
579
11584
3781
5378
5924
10327
6800
10939
654
8150
8957
3308
8979
5588
4423
9265
5976
2272
2724
1172
10786
10800
2440
3447
11576
972
3010
2546
7987
7931
10705
3883
11074
2633
10927
6261
11121
8991
9603
8625
5013
11356
9448
10120
1042
2482
9383
4985
10943
4205
1600
8085
1836
4615
5586
9286
7121
7744
9994
7750
7113
3687
11451
6458
3031
631
5433
5052
8116
11442
723
9517
4647
4002
9072
2059
2186
1192
8700
6866
3729
1737
530
3930
4378
11395
9849
619
5635
5238
11207
5581
10687
8973
9175
6210
10291
7633
10609
7997
4163
9213
1079
5761
9489
2074
10167
675
8955
1304
1168
8285
5416
10799
10944
8109
11735
10280
4784
8983
5989
9847
3176
4855
7206
9735
11284
3091
8816
6814
5726
2047
10236
11408
4334
3000
1054
2127
4694
6185
11615
5993
8142
1160
5777
3727
7971
7949
8372
1256
6397
1911
6063
11380
555
6360
4121
88
9461
11124
25
5256
6742
5032
1471
2198
7254
6156
9012
7189
7067
10348
1046
6927
4918
10783
6783
10234
2754
9639
3899
1489
5175
6436
11534
410
10098
7695
1893
7215
8935
518
2092
6145
1101
10199
6756
9775
5404
4792
9079
4720
11297
8977
3928
860
8766
10571
9024
663
9020
2772
2076
9979
7169
10662
5929
9197
6561
3255
1100
3720
2682
6403
1565
7596
6369
9333
514
9334
4866
1480
2668
1846
5364
3569
1986
9985
4021
1219
1950
3304
10601
2406
6628
2302
315
10004
5047
5559
6161
2079
729
4589
4459
3483
6560
4390
1073
3801
7632
8831
7530
1943
9861
920
11241
2738
9272
8512
5969
7697
7546
1016
2166
7662
8273
11922
10077
350
7990
5231
10218
4393
5795
5951
4013
10613
6068
7272
10319
11063
9348
3666
9303
6272
8697
5561
8780
652
8495
7718
10832
10491
2590
2563
10381
15
6474
4152
5999
4844
3492
1203
8833
9437
4999
10722
7395
4343
5089
8501
9638
2726
11296
11261
9217
1146
10793
6231
4712
7682
2730
10412
3577
8874
10772
3254
10397
4203
8393
11349
10142
2721
5070
7020
2910
627
1998
10025
7696
1594
2924
11213
11043
1974
3392
822
2060
6188
9884
9130
9579
1712
11501
1085
3118
2749
3719
3012
5149
11848
9961
6087
11625
6277
9345
1807
10296
2310
2362
5498
6786
11772
11490
937
2669
9627
9149
2665
10502
8623
3917
8892
3023
6364
4786
3319
1609
4795
2450
8641
6448
500
2635
239
11460
10952
5885
2785
11707
2391
10441
8245
11389
3391
5922
9102
8345
1703
3994
10350
8014
6233
11880
6601
28
7209
9671
1252
5426
2151
8640
397
6598
5011
7491
8435
6798
4981
7302
1754
7396
1083
4094
9241
3347
6886
6011
9055
4641
9635
1287
6298
5415
10258
6425
2667
9906
1623
9527
11575
7902
2434
10513
11250
11150
2182
11001
2895
613
3736
1588
464
3229
9388
9083
970
238
9068
6568
3145
11600
5336
2506
10792
4816
9901
9409
971
4263
3501
7129
6956
6734
9139
2371
1864
7952
10101
400
4404
586
10211
4351
9046
5381
41
947
3974
2002
5275
11179
10
1802
4453
2884
6645
3629
5889
10737
6717
8423
8482
11429
9686
3676
2604
1761
2770
1621
10858
8400
4941
4098
8054
7180
3353
7193
11852
8587
5856
6511
5429
5509
4130
2916
8057
8226
7444
11410
5935
305
9588
9134
4609
4008
7099
9537
1794
9449
4588
1542
4760
1939
8344
5456
4523
3985
7452
184
1281
8775
4374
8777
11012
8044
4628
10411
10085
4279
10369
2955
5422
2291
4729
877
1089
4734
106
3924
169
717
11889
203
3605
1610
9812
3863
8206
8789
3273
1772
216
2332
21
8112
2020
6370
207
2219
8525
11711
8538
2188
5362
1559
872
4014
8836
624
1318
3627
4431
6398
4637
5035
6774
11710
5295
3337
6114
4179
7438
8715
50
3942
6139
6247
11221
4826
3316
1106
2940
854
9325
3855
4793
10777
8528
10532
11273
6660
10718
4398
666
10304
11748
1978
10407
9598
1532
670
7982
10738
11646
925
7247
6149
3130
1799
9752
6165
4155
2993
3065
11931
6286
2384
3810
3673
5667
1154
8981
4076
9892
10394
8039
5760
809
234
4657
10015
7268
4287
10797
4195
6279
11752
4234
3954
6611
5669
1375
3717
4166
6868
1030
9543
887
9314
7310
8850
11513
4479
8127
6732
9640
1223
9422
241
9323
6163
5278
4608
4864
6138
2568
580
10716
4945
5703
9575
6098
6718
2891
9181
3489
10835
9771
8578
2051
6543
1335
2873
3461
7277
10034
2065
9405
5133
11450
8239
7595
10749
1261
2642
2843
1111
11404
3058
10013
299
1949
2319
2808
10559
6021
7963
3382
9515
5303
6894
8201
3503
2012
8672
1782
1997
8602
9858
10325
9742
10806
1690
2917
10342
4387
271
7436
6659
2409
7123
10472
1778
7220
9476
7591
7480
6302
6052
10049
7315
6920
8801
11721
9468
3087
9260
5358
10011
5326
10870
6952
507
6566
11425
891
2329
745
3601
11782
551
8588
5268
3715
6846
11616
7822
416
9648
2896
10165
218
7536
8559
9357
6795
5589
2107
4622
5963
2120
6036
2351
225
7759
8455
4385
10219
10828
10395
8724
2624
5714
10930
6551
5709
2369
3784
5316
1491
1628
6761
6797
571
206
5595
10889
9100
5026
7484
8462
610
3546
11329
4330
1382
5614
1442
7514
301
9819
7398
10116
10456
7083
6679
585
4062
5744
3738
10364
4538
5832
3805
9660
2889
668
316
10545
2687
7668
6632
6664
1144
2658
78
5373
9596
3466
11206
1082
9943
5168
10758
2707
9071
10478
4757
5733
5880
5300
9085
1067
9637
4451
7504
7693
2368
11172
249
5848
5626
8546
927
10162
6507
9584
644
8599
8563
8454
5917
6788
8891
449
2250
7476
9446
4900
3832
8185
7968
8687
11127
11418
3334
11194
8108
3305
4925
148
7466
7735
4892
9438
4733
493
6309
11729
827
773
881
10840
11413
10556
542
9736
10947
10431
10984
10979
5343
9093
7282
1973
47
4957
9665
4651
3117
4158
11588
2788
9694
7715
3043
1868
9368
4533
9613
7707
5390
1636
11226
9082
4976
6064
4695
10187
9755
9165
2759
2914
3774
5562
2008
7509
1191
2224
3245
3744
9992
11678
9917
5799
7512
8381
8899
7062
7017
1982
2858
5978
6951
9117
9655
7535
602
10131
5973
1334
3324
7631
5401
565
2935
6828
5046
7053
4706
5945
2695
11181
7044
11129
11387
1446
4669
10022
8328
1267
9206
6001
8763
1469
6960
763
7855
8198
3485
2766
11618
2866
10546
1570
7704
562
10647
3155
11523
3730
8128
4328
10215
8882
6592
2500
3833
1238
941
1744
6869
1312
731
8002
4728
10238
3848
8335
5896
2477
8022
3509
10266
230
4648
7638
8219
2057
5645
5530
5671
4172
3338
1110
11853
5180
9254
3884
7915
2312
6990
3515
4910
1916
1361
5802
9653
393
10375
11868
9120
785
3113
7948
998
8870
1132
4655
2789
10357
2696
4824
5749
4646
7775
11174
1512
7185
6663
8755
9745
2918
9893
3120
3272
6169
6917
1481
5064
140
7361
5903
7419
1579
4627
2124
9644
9059
11414
5911
6623
4470
10114
5138
172
2697
11525
3093
6962
11155
5514
1746
4790
5992
1152
4122
359
5844
2157
2528
698
1843
7642
8720
11685
11163
502
5522
10715
8176
7950
5716
7108
2602
7723
5907
9362
11292
11510
10920
8698
9238
7676
463
8689
841
4006
2649
7451
5986
11113
866
867
11727
3972
11140
556
5167
3175
6489
4193
4218
1873
117
11277
684
8496
4128
1742
7275
8744
6838
2623
8497
5329
1461
8327
3374
11656
3726
10521
9110
10217
4449
4731
7945
2826
8107
5659
5853
7592
825
10711
3075
596
1906
6479
1806
7126
1431
3200
8267
783
9604
6812
6297
11386
4632
590
6569
3787
6963
7030
283
11489
5948
9137
8889
10030
3835
11424
9363
5255
10564
2476
8809
11682
6447
8674
11371
3623
6631
8609
5843
8403
11281
1295
3153
10073
9475
3236
10354
5616
5510
4405
20
5280
1429
10636
6363
4808
273
7320
362
7702
6618
9962
4414
8406
3076
7498
10396
7211
11441
10056
3656
3931
1044
70
11377
4169
711
1339
1271
6194
4833
3534
8472
11204
5394
10600
2408
1127
5311
6373
8347
5490
1618
5864
1129
10903
7575
1792
380
9610
3739
2949
6160
6884
9129
7372
8600
7353
2561
11041
4530
1643
3879
1028
4486
7054
5643
4617
1328
11893
5386
11756
7496
7541
4554
2381
9278
1625
6148
6918
5492
9412
6638
4592
372
1597
966
1835
8665
879
3549
1819
3654
4607
7953
181
1171
8739
2967
4664
4857
9505
7224
11882
8938
6655
9319
3854
3662
6614
6976
5990
7284
4239
8861
2349
6750
6738
10256
9658
3170
388
4508
9904
257
4086
6778
778
8452
4370
11505
6737
5005
5131
3128
7781
5512
10195
6674
2345
11778
9987
2215
7025
8649
1113
6120
2044
3909
1138
4831
5040
11629
9321
4325
4748
6550
3934
7055
10712
10067
4236
8785
2706
5566
6141
11862
10815
4493
10305
4686
282
10751
6525
8060
4119
11643
3223
3997
1927
8163
7269
3484
438
9144
11276
260
9874
4396
1140
8337
3968
1833
144
5154
10791
7568
11308
376
6510
11522
1702
138
2728
5196
2700
2953
3459
9826
7912
7679
1870
1251
446
8169
8485
10391
6897
4367
7741
10235
7790
4847
5088
9006
7842
10126
7531
1859
6629
10649
11533
1708
7071
4597
55
11153
4977
10031
10591
1627
5814
8065
1023
4756
3895
4412
3625
11881
9382
6780
9911
7203
1477
6634
1926
10928
699
2399
823
7413
5975
7773
292
5240
406
4226
4258
11891
11215
9096
7665
5461
11686
8434
1672
11639
3143
3216
5405
8338
11369
6875
1606
6244
7737
4407
5587
419
4186
9237
11029
7852
706
7161
11495
1313
6514
7026
1237
8384
6639
9555
10351
6580
6537
6971
7989
595
1664
10171
6844
2503
8680
889
3011
7898
5884
968
3430
2330
6911
9975
11838
8688
11902
8033
8941
11152
150
237
7909
3975
1482
2196
5317
9311
5383
2510
9740
4332
6877
11151
2868
8711
5266
5107
164
6381
5960
10039
1258
4140
1306
7988
9885
11237
1184
4658
277
7551
7191
4681
3865
1954
450
4620
11288
3788
9316
4969
10869
265
10826
746
7470
2086
1344
468
3861
6531
6255
4506
7343
2704
3225
11344
7342
4741
8937
8958
8988
7280
10086
3450
3661
820
10286
2545
10205
49
11836
11569
7115
8320
11793
1263
7823
4244
524
9940
2838
4894
3173
11649
3291
9902
5546
4838
4070
11911
3409
10726
4419
3259
5306
1528
5420
6020
7913
7014
1260
5097
3290
11693
10018
9299
11651
5242
501
8161
5085
549
6371
10604
3691
695
10993
1348
6881
3851
1036
7386
5305
8240
10002
9233
9227
1310
10487
4584
4716
3566
358
11549
9615
1008
2990
7139
10723
7256
5322
245
4851
163
7003
3751
531
10169
5636
1385
5593
3180
6099
291
11147
478
8869
6478
5518
7786
2534
1504
9988
4369
3063
3166
7074
7954
10548
433
1420
6106
4344
1534
210
8333
7739
4139
8643
11040
11624
4498
10118
5056
2106
3710
10149
3184
7791
1215
10868
303
7479
3397
9953
5762
455
4514
8012
6997
10838
1388
5356
2702
2907
10057
1971
5430
4254
2397
8026
3842
1855
8612
9462
4442
11768
2082
10317
7924
3852
6591
9840
412
6504
2191
11670
6315
1743
6110
8980
8353
1745
8048
5619
2513
4536
11828
8910
10505
558
7983
11767
7869
434
1654
476
2979
8460
9062
11235
8781
4389
9662
1230
10498
2179
8539
9202
5755
7974
7313
3277
11903
8820
10656
10816
8251
2242
11015
386
5902
5224
6237
4386
914
9915
8765
1399
11892
3136
1369
8077
5002
3667
4495
3811
6992
371
3054
8534
9606
5571
2722
11304
3020
777
8923
156
490
895
10707
10741
10648
10222
8716
7804
4056
3843
9616
1308
6176
2524
4304
3283
10635
5298
212
9767
4573
9623
1568
2274
8523
1307
1058
7771
5183
11032
1674
2203
9092
6935
3958
1681
4362
10926
11471
9926
849
10748
8682
3234
2732
11587
2154
11543
440
7563
9954
3595
2243
7577
2663
4439
1173
8637
536
7305
3633
5654
4809
4382
5215
4898
3300
9786
9469
3035
6764
84
2526
7882
2573
1440
10742
5519
8500
1583
1725
3663
6
11000
4662
8535
9948
8902
1506
3158
6749
2305
10976
4598
3649
2991
11933
3053
7785
1076
11571
8729
10177
9896
3263
1213
11578
4182
6851
8162
11034
4004
457
95
5327
5913
9679
1190
3134
2818
7464
935
8051
5289
4794
7134
10336
10058
7455
11753
1963
11396
10725
9531
8175
11514
10510
9801
60
10736
10665
1272
10309
11669
4746
3141
83
513
7943
6057
6199
7301
5171
5677
1275
1164
794
8223
8032
5299
6243
1993
6066
7448
4553
4633
11905
34
6170
1713
10213
10360
8323
6832
4255
3018
381
11918
9140
36
262
6181
6901
7022
10417
1635
2746
3959
4992
6975
1984
2708
4958
8571
5608
6023
9089
5320
1650
8530
3750
8982
7740
7911
9414
1243
1550
9086
8191
3464
10891
4079
2806
845
6351
7155
5162
9479
6018
736
9986
5711
1255
2626
6784
111
8153
5598
6212
11022
733
8486
9457
7064
6622
11613
6348
5611
10078
10088
10829
8382
669
8879
3287
2011
5019
1222
2392
4190
10422
5270
8913
9855
4778
8120
7847
9394
10750
908
5668
10644
6937
2592
2109
5176
1175
9247
300
1
9444
7027
6861
11122
6335
3067
1389
3617
10659
6338
1040
4377
9520
6346
7780
7011
11888
11445
9757
215
9925
671
4631
7300
3646
1729
4052
6466
7920
9452
3343
8317
1053
5732
3703
9302
7103
1551
1804
8782
5823
9034
6396
6028
5335
11703
5291
9076
1326
10935
5914
9666
11346
6980
6773
4874
3964
7533
3386
9681
3295
6521
11435
6362
4559
3195
2711
1200
2985
8825
810
2616
7584
5666
3766
10166
10688
5150
8867
10689
10558
2802
11769
9600
640
5452
11479
4072
1400
10501
3359
7088
2421
534
11849
3494
672
5565
11561
259
435
8696
5847
4473
8371
4700
6220
10844
7626
10673
9541
6815
4709
3707
11082
2567
3650
7344
1500
1659
9399
6608
8456
7694
5783
484
2644
6318
10537
7940
7587
367
4474
5765
3581
8276
8915
3402
9677
2474
11042
7651
11178
2973
8394
5385
3125
4081
3264
685
7594
9466
177
1995
11764
1604
10535
3518
11360
192
11563
10699
3611
8660
2087
9834
10614
6880
5092
5008
10516
5506
2999
5186
2809
824
5073
991
5650
8638
8366
1862
3066
9205
10000
4111
4938
6013
5766
4372
7009
6074
8351
7645
5758
4774
3505
9309
6122
8761
1526
2356
8288
7720
4661
7141
8246
6707
5061
11112
9084
5550
5898
11635
4134
4061
7457
9967
82
11714
2822
6443
1387
10884
10241
335
9857
11783
8806
4956
10434
8952
6741
9710
9758
3984
5585
2666
6944
10739
2144
10982
9428
2358
53
11733
1198
943
10168
9697
883
8135
3905
6564
5748
11601
5474
8784
3913
7428
8377
6260
8055
1538
8283
8154
1320
7291
3235
2443
6268
8136
727
3929
8097
11673
1941
8930
6224
6476
8788
8718
4243
5039
8834
5612
11552
2737
10549
7358
4391
9289
7171
7664
9009
11468
5396
8596
10040
5526
8541
5403
3908
5772
4781
5967
11145
10932
4974
11491
1257
4562
5360
6907
7267
8950
8961
8768
1903
8876
4402
7493
2090
9813
6331
6716
1917
7644
9185
9700
1731
3415
8550
9177
5074
2613
11064
1037
7459
2023
10607
977
123
6675
2003
7515
5789
4534
6630
1666
11186
851
3551
8858
829
5340
9814
2872
1410
1103
2418
8093
1443
11059
5273
10017
8909
6751
10588
8807
6692
5560
11659
2608
6502
8738
9025
5639
1566
9125
907
1473
10479
8000
5916
770
2518
8748
3351
4805
10608
7460
2794
4821
7689
4487
9698
5892
2969
2984
8139
5083
11166
819
6178
10197
6966
7661
1199
10745
6056
11436
4275
6770
6682
10578
6209
2987
6695
3973
2009
10824
3742
7260
3548
10853
7706
4353
4887
3847
11094
9934
3907
9839
8156
4044
2288
4601
4806
327
5763
6223
4936
2557
8759
2835
4209
4767
9670
1485
5513
10043
11749
10216
4418
7201
4204
6273
959
7382
5570
2027
10416
686
10202
7830
9712
11374
1924
5158
11106
3558
10885
7356
6542
8794
11394
6281
9793
9846
529
2335
6849
1994
4724
1402
5753
10940
11003
5374
6553
2963
6055
8010
3543
7274
4970
5199
2292
11132
7166
10882
8574
3056
1561
9496
1920
459
11354
1513
2425
9351
5549
1798
2165
7146
3441
3991
818
9378
3950
10224
8812
11755
6205
8204
11336
576
2444
4029
2320
1867
7472
1889
5939
8187
7293
6104
10262
4436
6216
5413
4903
9204
9190
3270
2266
5414
848
11874
5956
4544
1828
11530
10190
4282
288
3495
9552
4434
4022
30
2677
6546
7063
517
9720
9643
1580
10232
443
10934
9127
7439
8005
4221
10186
4224
9530
764
1946
6193
962
873
11234
6071
3967
3164
5995
6183
11109
5828
6760
7184
1174
10390
6040
8250
1502
2571
1773
11027
6873
9568
4426
8702
11621
8518
6684
3731
6051
9352
8094
6840
4515
8617
6921
8086
9035
1931
1163
1850
4552
2385
3469
6836
7958
8252
4618
11484
5459
945
10850
10494
6263
3349
7345
9497
5685
4303
11280
4578
11833
4736
9401
4708
6184
9360
11832
2735
6164
6596
11271
3152
3439
2860
7012
6653
9440
3935
11393
399
2550
7857
5165
7641
6730
7583
7951
4904
10207
6083
5862
4137
9852
4660
10523
1434
6065
5115
10875
1683
10193
7570
4272
11422
6265
9189
4001
5653
9280
11427
2262
6686
1637
10257
8513
3831
6127
793
11590
6422
9148
5771
5600
9426
3431
11278
3013
1634
6232
11068
8887
3677
3472
2890
7816
2460
6539
9843
3856
10842
8277
1930
11464
8090
2823
9982
6067
3243
5806
7627
5534
2098
4586
5377
10819
1935
11515
331
10517
5371
4046
6648
4830
835
8544
10493
4237
3853
7699
5904
10349
1291
275
1268
9516
11008
6248
11925
7179
6864
3411
9235
3417
8031
2466
4836
7286
9337
462
2614
10586
6949
5878
10137
281
5219
9354
7075
4009
11792
3576
7558
1483
127
6915
6368
10092
11486
11189
7521
5185
8034
7886
3828
6312
535
5851
7519
5254
11334
1874
5734
10587
334
5769
113
32
2556
4602
5759
8593
1398
3969
8679
7615
10014
3622
634
374
9782
5625
1329
4247
415
9070
11230
5486
4690
11185
9498
2293
9971
3970
9406
1177
4100
5466
7352
5548
7042
7378
4446
10331
2575
8586
2204
11449
10194
11627
3061
2972
3208
673
360
9791
2774
7608
11847
611
10446
3901
4850
9704
370
6264
552
4347
8391
4191
10421
587
4541
6094
10795
10626
9041
11053
426
11855
2830
5624
7370
8309
4208
978
1529
9919
3354
4271
4135
3584
10314
5594
9015
472
7150
10863
1503
136
224
896
3024
11546
5866
6175
10641
6893
683
5523
516
980
7670
2515
5407
9128
4727
11258
9031
3564
5965
674
5531
10747
3074
996
8043
10297
11056
6419
4196
8658
11009
7732
1599
8875
5262
3285
10533
8802
5310
11844
81
7824
1377
2742
7724
4483
5244
8487
10414
11807
10708
3508
1448
276
2200
2775
6402
1343
159
10683
10985
8354
9364
9429
7622
1700
11698
11785
1346
10312
2944
8636
1080
2379
4522
7643
749
2438
11641
10878
10954
7975
4799
9996
11311
10147
3005
2448
423
911
4109
8415
2856
7673
7598
11138
7795
2472
8405
8728
8778
11337
5796
5568
923
10200
243
11837
2227
6000
9984
9064
11240
11135
6725
11921
9779
3414
10429
4823
11592
2673
7210
349
9332
7140
6418
1383
9095
5554
5825
4
9441
10492
1812
9373
993
8622
5114
6042
9716
4058
7145
1187
10158
8906
11856
5137
5342
304
582
4882
7165
4278
3921
427
1796
10263
5139
6841
7481
72
9502
5480
8305
3795
10112
8089
4763
9664
97
2662
1970
7831
7183
2422
5886
8155
5499
4990
8340
10854
4787
2970
10971
10966
10466
9853
4991
4603
4942
5603
11607
5095
11453
8099
3838
4564
11858
11896
8969
3156
4331
710
5357
1026
6640
2883
10915
7341
432
4075
5252
762
375
7142
9851
8954
5232
5111
11196
5602
10183
10063
2103
7586
10911
8924
7116
8138
3422
6137
4346
4192
6617
4810
10811
6026
7925
3028
5629
2980
2405
7393
11253
10313
9909
5478
6460
3614
492
11119
10378
8293
836
8445
6600
9250
11101
6390
9329
10388
645
2080
7833
9027
10554
8017
7094
9544
7330
7365
3773
2456
8699
11760
9218
7559
9415
7377
5970
6834
11619
1436
7489
10620
4214
10652
6548
11503
3858
3267
3637
1478
10813
