2960
531
438
4804
671
9134
2810
9731
7679
9696
6539
10277
10035
1140
6747
718
9173
8513
3217
2669
8082
11041
5120
10921
6733
8589
6260
3944
8293
11736
7308
8514
2001
9684
8151
2296
11254
2174
6240
4278
6866
10123
1099
2230
9680
7296
11236
1411
4607
11533
7164
6892
11544
4449
9221
9127
5965
919
10266
7933
4843
1451
4371
3744
412
4297
4071
7716
5882
6779
6352
10502
9636
5493
10879
3690
147
7112
4076
5076
9283
4620
3970
3369
5355
7218
3616
5363
1252
8528
2776
849
2884
10638
1664
1615
2471
289
5325
318
2568
32
3544
4772
10450
4610
6488
9174
6400
2147
11075
9224
10032
7563
7281
6939
317
6738
10238
9141
2247
8806
5734
4012
1346
4741
1694
6252
9586
5761
11468
176
7205
26
10066
5905
2523
3656
8385
3822
890
4412
6086
7155
11647
11419
4873
186
3302
1385
975
10235
4503
27
4182
6847
4791
11122
428
9827
2786
2329
10773
8242
9979
8456
8212
1401
8148
10996
11666
3829
7122
11454
3565
8130
979
8668
2482
6305
7124
7642
10749
4623
4097
11795
10893
2679
4824
10864
10259
4258
942
657
11546
6290
10468
11317
4819
4886
9629
603
7096
2957
11816
6333
2226
4063
3290
11528
9611
1714
7525
6034
1379
7031
9090
11556
9390
7558
9845
3165
3107
3106
5083
6700
766
4474
11048
9432
10666
4709
1429
974
583
7017
1872
5886
7068
513
446
2246
3512
4938
7616
10117
8254
2942
8667
2951
62
4991
10103
5934
181
9291
9796
10009
1846
4661
11878
8127
8618
2409
8583
7287
8165
11532
2936
9812
5520
6213
6651
9278
5308
7668
678
4268
3325
3819
2696
7848
10592
2973
273
3532
10763
11018
4775
2576
6882
4846
10419
7251
8814
9788
6196
1567
8535
9868
2385
7093
3814
1167
5377
3937
5841
7116
8080
3412
11389
8532
464
2278
3849
5370
11154
4960
1129
11777
7949
10548
1629
1425
6375
7241
228
11920
4056
8435
9863
2745
6653
719
2767
1763
9631
2214
2004
8714
2877
4542
8498
9437
11193
7812
11392
10248
7000
8310
6920
10882
10756
9456
4648
6057
841
9619
6842
8106
7566
2898
3448
11740
5362
1364
11486
5720
11129
4624
2434
10345
8641
10789
3545
3278
2622
7130
6222
3678
203
6948
10132
2548
7397
6500
920
7690
4172
7928
3132
2827
3994
5646
3000
1208
5792
3307
89
97
3281
9571
6328
9763
11848
5333
1998
8938
8054
11358
2181
11739
727
8481
34
10047
3079
8988
5080
7891
10654
4104
6987
8793
9442
8934
1027
3889
7736
8750
9744
10423
7654
5403
16
11764
10711
5441
1836
514
7162
5656
4957
10223
3309
9912
7801
5020
8006
9143
10492
10816
9092
3531
8676
10540
7873
8012
7256
6091
6720
1205
4919
1487
9772
4965
5352
2349
7904
3077
10430
5100
1610
4142
1318
8652
5125
7091
7428
1275
3504
2033
6128
7683
3534
10229
1795
2406
10153
925
10038
4471
1696
1969
768
11217
9733
6522
4235
9100
11548
3734
6384
11435
7099
11873
8556
6630
10240
9354
6878
1838
8651
11281
2835
2914
10367
10968
1362
9002
11272
9027
2705
1028
5698
7678
4976
8588
1345
10308
3943
3787
1971
6479
8136
8286
11515
6595
99
1040
2646
4081
8737
1246
467
11693
9050
4656
8975
10766
1370
1192
9114
7782
725
2199
8496
2678
9699
9544
10982
11366
9639
4086
6504
3062
4705
2699
10371
2413
4351
5292
11680
10916
11913
1983
2788
11309
1592
5652
1010
895
9357
11630
4996
6014
1456
4724
11674
9366
555
253
11466
6378
230
9032
8098
11930
5523
10953
11801
8842
9431
1253
685
9471
1966
11563
8559
9323
394
8873
6374
4514
11596
416
9972
1245
4523
2741
4970
10029
11499
9171
6730
11835
7762
10055
9989
9779
6571
3843
5189
1867
1808
2192
4147
11012
9468
3168
9154
4153
7455
3918
1369
871
7447
5296
11225
2733
6346
4156
905
6772
5579
6046
6024
2713
7273
6068
4008
2416
4057
8990
6001
9247
1849
7032
7590
6922
594
4785
8771
1520
9984
290
2837
8749
5152
5743
1765
1470
9881
7710
10878
3439
3908
2689
8285
10131
7693
2481
5732
2691
7086
3310
6150
6021
6527
3984
2797
10362
1601
8602
1007
1893
6299
4715
7636
6707
9588
5995
7147
1716
2540
4046
9272
1111
9056
10549
6744
10954
3291
5762
2391
6443
3312
3558
8697
4848
5192
11085
10364
6070
5434
3593
83
5078
197
8921
6369
5871
7088
9464
5644
2025
5031
9364
6271
2633
9919
6735
11564
7832
463
10296
10894
8640
4909
11462
663
7627
10858
10437
9203
2035
138
6073
5374
3417
3245
1569
5850
6650
623
9861
2303
9074
2027
4058
2631
6030
6554
8892
1570
4226
8759
6287
9178
8033
4832
7747
3219
5885
9620
7996
2291
682
8085
7403
8664
8524
1194
9580
5943
4016
697
220
1197
11534
5272
6934
258
3115
1826
8351
393
39
10817
10198
7474
3711
3074
2151
2104
1148
11780
4358
8050
7421
9901
1734
2096
6933
2850
1138
8156
4928
2382
2175
8675
3320
6284
3571
5616
8334
4778
6254
8658
10673
4751
10925
7201
8985
6902
6835
3852
449
6970
8587
5429
3510
11915
1481
3244
6173
9524
2634
4955
2038
11908
5294
9961
10550
8216
7507
9293
9506
500
8195
4446
5622
1459
7952
8669
285
3743
5512
10111
6205
10960
11049
10021
4220
1974
5771
7398
5536
1213
11319
2085
11291
9983
1534
4926
2208
4359
680
7553
10820
1837
11716
9034
179
11701
3099
7676
4252
998
1731
2400
8542
9094
3179
7621
11429
5265
11004
2524
5509
7148
7815
3370
2392
2480
6801
10603
1798
9653
5139
72
10332
3313
8016
9641
3909
10532
9569
1171
11746
2794
5286
2346
6879
4866
9715
8064
8284
11403
10543
5307
11333
3343
11297
3815
4564
4143
7971
5987
2327
10003
10301
6334
5030
8323
10944
5955
10414
8995
823
7417
2142
194
2966
2885
8884
2219
7562
2785
4749
2870
7660
5216
4546
8505
11786
2857
8548
7223
3450
9798
11204
8573
6370
11522
5843
7329
10140
9260
10856
2240
10946
3427
4335
8100
7596
8318
5007
1108
9308
4134
10829
9275
1641
9466
5799
613
1046
9707
402
3199
7942
11202
11256
1806
5816
2927
1794
10126
5468
6783
6718
10963
366
4213
9116
5813
2932
6945
5089
2774
9730
5866
690
5477
4387
51
5389
7656
904
2926
5526
9605
3420
6112
2621
6545
392
10551
9594
2454
9184
5005
3862
8628
5535
5989
9958
5557
9859
9647
2879
7580
2755
4197
9028
345
8396
2515
1310
10014
54
1135
6731
6473
233
1015
916
9459
3612
8405
3207
1440
1316
2514
6803
9123
6107
4263
3069
1513
5221
8794
1521
6191
6925
10275
3490
3367
7631
1473
6831
2706
448
221
3452
9378
8961
2939
5103
4665
159
8230
5510
9370
4362
8726
266
9243
10556
63
3287
2014
7852
8666
5692
7613
4805
10312
7193
936
11906
7780
655
11394
8386
4763
9312
6389
11305
8135
6911
6161
7043
6717
4861
7756
8182
1304
1030
67
1617
6518
2702
1342
9686
4184
7643
3574
1079
2573
10706
10075
5397
1301
7471
10220
11400
10650
4303
7151
1273
7564
9020
2668
2351
11753
5629
11205
5801
1121
3409
7379
8694
9988
1816
1523
1449
1887
10494
8486
8518
9683
10903
6743
1089
4539
7061
7245
503
8719
11342
850
5072
397
10352
1071
8397
11516
6550
7378
11026
9240
11748
8390
1674
3177
2608
8994
7167
3206
542
6127
1366
2069
853
7459
10177
11326
2369
3877
1128
8966
1022
11214
3356
4719
6901
10495
3883
1773
10720
982
1070
1229
9330
8769
1005
2005
5162
9140
1290
8724
10949
9403
10268
2425
553
8991
9920
741
2149
923
10221
2293
11111
1968
8979
9321
3483
8179
3078
9289
10822
2998
4161
7174
4598
1324
6502
10433
11790
8485
1087
9792
8997
4007
548
7794
11101
7081
9119
1546
2426
1143
1584
5210
10671
6198
8621
4405
11105
5045
1809
5549
9422
172
3813
4099
8865
7515
2937
7033
1550
9036
6877
11360
501
1713
3516
8747
7520
10180
4545
8479
9880
6159
8642
8463
11646
7294
9350
8343
1995
1949
11191
2311
1895
2284
1499
2020
2542
7090
563
3598
6583
7816
2518
6338
8811
9223
1515
7543
173
1561
845
1172
4187
826
2110
3751
6465
2000
3198
11549
7611
10937
6269
81
426
5837
3896
10203
105
8319
5452
7045
10271
11768
9559
479
3489
133
1266
5222
11099
10801
11897
2924
8280
3679
8834
5022
10379
8549
6688
2944
7986
2533
5415
1700
8786
9771
8002
9764
11248
5511
3688
187
4636
2578
11675
11879
6530
882
4525
10631
6149
6984
2045
821
6225
1296
6266
6726
2457
4217
2463
11130
5863
9613
7346
7888
4183
5696
6645
2703
9923
11452
4425
6578
10912
9959
9873
2613
10435
8283
11356
10261
891
11651
6012
4357
447
4740
2918
6403
11428
8779
53
3629
2807
3879
3848
3701
7354
1877
9019
8393
2344
58
1442
9582
11578
2553
5085
10279
3340
3167
8164
5599
10486
2163
11911
2050
693
1175
5013
288
4699
6893
2606
5181
3858
2432
185
10127
2599
3847
2162
2049
11885
6297
9047
11387
6335
6841
6962
7105
3220
9581
11808
4680
9550
7990
1988
3752
6572
4786
33
9669
4975
10684
8346
9273
7432
9352
8756
2506
6618
11007
11645
4244
893
31
3587
5731
7374
5617
1701
9205
11752
10846
4181
2341
8464
1307
8052
8755
11284
1282
370
11655
5099
3300
6264
11503
274
5814
963
11177
5092
10168
2012
1573
11195
861
2996
2452
8451
7226
9219
645
9298
2739
85
10811
3449
5917
5584
8586
562
4418
1230
9906
5237
50
10431
7758
8746
10572
2512
378
5611
1422
9695
10831
10401
3548
3124
3201
7537
1395
5275
5228
10212
4758
2977
6915
209
3374
9077
4548
8200
5412
11206
6622
1680
11747
2479
10185
10818
649
8520
10823
2852
8017
4283
8029
4079
10316
3835
2656
4603
7629
10875
7330
7473
286
5021
3840
11729
6534
9987
5752
3
1842
5525
2237
4087
6844
530
1875
6914
18
9606
11779
535
4513
983
1661
914
2851
3231
7177
3376
6540
3269
7213
11927
4860
4287
9941
5359
11893
10188
8359
3046
9711
388
4930
9374
945
11561
7599
2277
4981
5409
9712
9661
2612
7050
5713
8566
7244
10755
9842
4613
11854
4895
5626
1545
7584
11465
11263
9341
4713
839
3227
7129
2204
1997
11683
11141
3825
1555
10656
9667
2601
1417
3102
8221
8662
3525
3180
4754
3456
8270
1648
4967
3193
7835
9855
5146
10510
10101
7746
24
7101
5528
11390
1191
8761
6823
2539
3173
7900
763
301
3898
11260
11323
10612
7082
8902
1646
9689
5784
3719
1903
6016
8579
4992
870
9076
935
6576
10795
8964
11052
77
3524
3615
6462
10189
433
7499
3023
10704
7771
630
8500
6168
7718
5168
7963
6991
9521
2492
8999
5218
4168
11084
6371
10964
6288
2875
8336
2002
2526
10280
1597
3667
4136
7336
8181
4355
2775
9795
11108
1609
1073
8184
9310
7843
7051
371
5243
4072
8837
3993
3559
2672
9418
934
4811
4368
8091
1807
6275
11887
7878
2821
883
8203
2892
4822
7618
6935
4486
1614
9180
6158
10586
1697
7180
5328
10311
1823
5786
7349
5835
11819
5340
2769
7948
6654
5408
6351
4829
10765
6227
9892
11520
8365
9522
4162
5466
6586
3371
9045
5284
4534
9700
4737
4044
10062
134
2952
5382
2970
5495
9202
788
7682
6357
3158
3468
1158
5082
2667
4166
11209
10427
2486
3507
6097
4997
6995
4290
4537
1199
6151
1879
3303
2395
4174
779
6959
4931
9181
8458
6302
11230
11553
9888
459
5464
9334
119
6329
7713
9051
1214
5945
1354
4465
10197
534
6160
1263
2054
1238
911
3364
10668
1239
7005
3982
540
1420
6857
7663
1056
10098
11787
9963
10940
700
4825
4638
8114
3687
1565
6274
6818
5710
5961
10081
7737
7289
7880
6813
4202
10955
8070
6413
7786
648
6896
6119
8053
7935
11803
457
5657
8637
10372
7644
9971
10137
11896
88
5695
10001
2792
10924
10716
6214
10297
3638
4529
5825
8204
450
11695
11019
8157
6874
2026
4640
2313
1207
3413
3135
52
7572
2064
7085
2692
2348
7449
7334
4920
6069
248
8903
5848
6828
10234
11572
10165
6388
11916
11069
3075
9787
5624
7286
1814
8375
7717
1017
9030
995
749
11625
807
3708
9165
9507
1606
6062
5073
8003
5230
1932
4304
11657
9075
8687
11125
10535
5041
10337
6565
346
8468
2836
4289
10799
10120
2218
5931
901
10096
6235
3171
7711
3342
11636
10888
6516
1404
6364
1117
6226
2842
2759
3891
4571
3519
125
1281
1750
7831
3111
9033
10041
9737
11793
9064
10195
11512
8678
363
7924
5502
1723
9910
2700
7436
9210
495
9237
9656
5436
7841
7254
1695
9088
8045
3694
6064
4964
4863
4987
4562
11023
3477
5647
8139
5419
5849
4332
1957
9853
5524
6256
581
10920
726
865
7950
6164
9741
3432
11458
10906
3263
9745
6166
4430
8062
7302
7037
8252
4801
7561
1444
6890
5203
4864
3890
8154
5432
4255
9814
8379
8649
6447
4643
5903
6837
2724
2466
8495
6415
5339
4482
5811
10848
11196
2320
1790
8686
3130
9960
11097
7365
3583
8263
2266
4247
3299
1133
11791
4248
7285
6972
11543
2986
8067
9340
7231
8445
11245
5519
9386
10745
323
6482
1675
5956
6693
5820
8635
7582
9860
5128
11155
7511
9740
11850
7322
7219
4219
3103
4821
3627
7528
6490
6993
6156
10709
11071
6380
1359
472
2279
297
11539
4827
11792
5808
6538
6054
1374
8630
8117
1077
8996
11015
4394
2036
1274
3253
9833
2153
11735
7394
10265
11918
3683
3737
8350
9994
1958
4789
10958
5585
3633
4988
8733
11884
1857
5690
7150
8287
1853
1711
11569
7934
3092
6715
2753
5427
616
1407
558
8526
3054
780
1740
293
11727
10760
5058
10871
11274
6517
3959
6999
5166
965
10804
4916
4666
9445
7976
8869
11861
1788
981
2589
8716
5922
5588
8730
8474
7541
992
5551
6978
3414
9527
8432
5951
6451
567
6177
3330
6321
7240
1985
1391
8410
9610
4512
4246
6223
9286
193
5694
601
3689
328
11022
11924
10983
5140
892
7925
6468
5455
10976
2262
4178
4484
4755
10064
10735
2569
2795
7343
5737
7412
11490
3586
5532
10211
6332
8101
1718
6167
6312
11420
6553
3818
6032
6078
8776
10883
2272
11820
9794
6103
3673
2308
223
1210
906
6753
7452
10786
1613
9975
4237
5219
8226
1474
3695
3088
3793
1548
1549
251
2685
4139
8767
5116
578
11107
5141
957
7204
11351
9447
3809
42
11347
4771
10287
9169
6802
11511
3669
1841
10974
8455
7266
3190
4124
1892
7593
4211
3569
802
10646
8508
4711
4119
1901
3260
7906
2076
10537
8951
2734
2888
2756
11247
8225
242
9957
122
11246
3202
5430
7229
6582
761
3764
4568
7274
3377
1467
8202
2083
7704
2925
3080
6561
5244
6343
9239
4223
9253
2433
5463
10509
6116
7814
8899
3530
739
10320
4285
1011
4823
11702
1068
2971
10130
4735
4697
8555
2687
4764
1433
10478
10815
7800
4802
11070
5094
11054
11072
6056
1095
4650
560
4765
3830
8599
7712
2312
3981
6268
7097
9909
5346
3305
8251
9893
9828
8051
6524
8986
10313
7595
7238
6362
11910
4618
8414
6382
8590
10148
10741
1439
8644
2337
7648
9752
6356
10092
1980
4157
8866
10018
3712
10674
3094
8569
775
3228
2297
4395
8947
6483
7309
6139
9747
10605
2638
4485
6598
1596
6430
2619
5212
9525
5791
9476
11673
1886
7152
4883
2234
9421
11000
922
9377
1820
8124
11678
5507
10383
9250
4385
9206
6342
2834
3653
3573
10412
10409
8580
5650
10866
11261
7288
2250
11470
7425
3293
1891
11648
2010
11567
6936
6317
2921
2594
2318
8291
10678
7007
7551
7750
8803
4388
9947
9750
9469
782
4033
11016
5789
1923
25
9477
11037
5877
1743
5421
9952
11167
5418
11134
6924
5718
9829
2844
11176
1956
410
6461
9227
1462
4034
9285
11175
2052
1396
11667
8413
7331
6215
1512
4133
6965
4701
5096
9942
5117
2522
5665
10253
7592
8851
6278
2715
6757
9254
7689
8577
8656
4024
10695
5259
3913
661
11197
9048
6746
5949
721
8612
1835
722
5844
5790
8423
4160
5084
3773
1657
9655
8935
8613
1856
2598
9332
9344
10071
8600
6133
3030
3985
6917
10325
10655
2299
4602
2909
1800
4627
3579
11442
8262
11416
4167
921
4307
5159
4176
7212
150
3408
3480
4253
9425
3972
6605
5209
6029
3406
2882
8833
1987
2478
8339
6908
6186
8536
5406
650
2845
7753
6285
372
7509
11232
4261
10247
969
5280
10008
9523
6270
2864
4925
5645
1752
1035
6676
8636
7272
11376
5253
9602
6360
11348
962
8238
7701
78
4836
6041
3261
9762
6889
1114
7328
2694
9858
3869
6694
4723
3296
946
3978
2593
1234
9519
4106
11765
6190
4689
7821
3853
4406
10902
373
4820
11377
10557
5581
6454
1989
6422
10828
9761
5504
4552
2969
10263
4259
9946
3192
10480
5679
1102
11021
4216
3142
8955
4714
708
11036
8712
9347
10448
6446
7681
8791
11713
2648
10676
5909
8597
8885
11620
3424
1272
3802
2484
9690
3240
4459
6510
4752
10255
11233
2839
6729
7837
11891
9436
4495
6455
2841
5765
2067
5304
5451
3894
4322
4036
6927
7422
11112
8430
4146
2636
2806
4896
4870
7892
2490
812
1976
8707
1029
356
1656
8670
9937
1574
3520
7514
1709
11877
952
854
7318
4911
47
5600
10381
1418
7300
3361
2654
5281
11508
9886
3677
7894
1450
10503
5714
10154
872
5908
1292
10972
2028
6767
8557
4022
2789
10754
7607
8937
800
10861
7715
8483
764
152
2791
1767
4518
5828
10455
10070
10538
1144
8540
3351
6574
7210
4696
5453
10225
8174
8364
4195
8292
9106
4452
6439
10278
6089
5775
6005
7375
2255
10909
1086
5118
868
10969
8607
7991
4945
3966
8275
11784
3820
10057
5997
9866
4025
7194
2642
11785
7608
5953
9097
3526
10107
10813
361
3049
2778
1330
9592
10193
330
765
4590
10661
1251
6052
4510
3053
874
1393
2176
939
9808
3347
3127
9505
8008
1937
6393
1870
4698
1990
10521
11919
5236
6705
60
5818
3481
8363
4475
9026
6592
4150
8183
2342
1792
10397
9426
1582
3451
7351
9756
8907
6025
8780
7125
470
1954
3365
2446
3067
8163
11144
880
5738
11311
2731
4641
6316
9085
7916
7549
2387
10190
9405
3344
9269
1490
7863
9676
424
1231
2086
11469
2765
1834
6267
6558
5158
2169
2062
9938
1357
1209
3059
6811
3967
7111
5384
6318
9144
8510
808
6496
6082
2155
11502
10689
7785
1483
1446
7386
5661
10990
2905
7261
9591
8732
7674
6074
11300
8933
1410
5778
11029
1501
4466
970
1509
4334
4853
2570
2941
5803
4378
7071
11192
755
9073
10306
5668
11150
2575
8295
8213
6022
1643
8177
5506
2150
252
7506
4316
9232
3549
4557
5503
6808
4932
6047
6147
7733
1277
8850
3277
3327
4054
11290
3112
9632
7345
1848
5553
3651
3788
7182
2138
5895
8290
10398
8905
9420
3681
4431
557
522
6820
8655
1707
3594
7181
10424
3398
10862
6467
9648
4675
1164
2403
1262
427
4541
11381
11698
889
7732
9102
8870
1437
7391
8691
4420
9175
1801
1986
5123
1384
10328
6286
3635
6038
4269
11187
9662
8004
5693
9823
3915
3517
300
7923
7252
1981
855
1247
5112
5450
2220
4677
11613
12
9265
10068
8679
4707
5638
4291
11917
8575
4480
6503
8180
8932
249
7700
11043
5310
5809
3200
604
8639
5062
10714
1652
10630
976
4710
7763
5592
2764
9121
10679
7757
3924
7524
3482
4456
11687
2121
5204
1556
1423
4435
10428
3910
2304
6152
4726
6326
10380
3589
1880
8906
7905
5726
2031
9249
846
11137
1604
7487
2437
5016
10355
8249
11817
10962
8594
6853
5473
2209
3363
8585
8218
6238
10660
4109
6760
10086
9831
7237
1454
8742
9083
6118
10967
6817
10764
11402
5641
9549
10084
10680
3588
6873
3184
512
10613
7853
6682
3639
10114
571
10994
2916
1109
225
9646
6851
2644
7462
10359
988
4951
8013
10011
11368
4390
7703
8119
3337
2950
10186
2058
7493
11116
2282
2319
10849
6678
5833
8
11514
1392
3461
9643
11699
1336
1626
2868
4423
11417
6601
262
4422
8044
224
7011
3715
7955
1994
4138
10048
4
351
5277
2499
9969
11627
5229
2251
8785
2439
662
1288
9391
6780
4812
8027
4934
5983
2253
5976
11661
1368
5904
6742
3899
8161
6793
11590
1904
4473
11858
7606
8288
8839
11525
199
6232
2140
3133
1161
6379
7491
2264
4748
4555
4961
167
2363
5191
9342
10718
2124
45
5959
2528
6973
2545
6498
6749
1566
3384
11447
4491
4177
6387
10942
4983
9396
10523
8133
10289
9392
8879
5235
7299
7798
3698
10390
3755
1902
3159
638
7484
9900
10591
6320
3659
940
5295
6444
625
1898
9628
2343
11619
8956
8874
7138
6427
11210
3011
6044
9560
4727
1992
7705
9363
11537
4460
5868
2130
7418
5739
8699
8372
8305
6466
8349
1468
2744
8720
6660
3294
10421
6201
10356
2444
2408
2903
6862
160
1850
6997
10155
11383
5554
327
11513
2592
4245
6759
1528
2461
11088
3868
7304
2719
2992
11757
11379
8020
11131
3149
5594
10102
10918
9072
6809
9401
10929
9728
2166
3353
11229
7826
8681
5890
1602
9159
3644
1190
7759
4415
6253
8069
8646
4051
5768
5417
11401
8702
6368
574
5874
11239
1174
2367
2790
1839
9353
353
8852
858
291
8708
259
3495
10285
10300
710
5728
10408
7547
5537
8211
6923
6011
2737
1744
4639
2285
11496
1321
11733
2249
7395
1540
9807
3541
11888
5488
7601
9441
2089
10181
4396
5150
7246
9782
2094
1146
2257
2228
10850
8407
7777
5981
8282
8650
11772
4901
5751
10175
9933
4116
9871
9454
1991
3020
7356
4865
7044
2750
8172
8820
2283
9099
9627
8327
10045
207
3723
11809
7749
4373
740
7773
6768
4574
8030
8473
2855
3790
7325
5035
6792
3664
7774
10885
7508
2979
4066
3956
10715
352
2735
3949
6567
1054
7688
269
2350
4560
2552
4790
10812
8066
3163
4193
6344
7672
2770
11609
3443
10416
3957
7059
2185
9248
2635
2505
10865
9322
4392
6699
6080
1397
3965
3685
4596
4929
3472
10601
1488
781
4113
8954
11650
3161
11109
4006
2922
9008
10369
4118
8388
11259
11618
3178
3019
3726
8638
10952
15
5891
79
1628
4733
4070
8342
401
9990
9839
3839
2609
6981
11545
4004
8622
1896
1663
7929
6784
3317
11640
1749
7589
1112
5049
5914
151
2003
4530
9706
11728
3911
9658
6647
8398
5852
704
7173
7298
5869
11882
5750
9585
5154
1906
1039
5497
6641
11802
8792
9153
1100
8843
577
9089
2402
10832
618
8753
4441
3083
9657
7972
8412
5582
7448
8041
9333
8315
10079
11912
1065
9424
3766
9199
3750
10988
6408
7708
6480
4589
1796
8197
7932
5354
4082
2773
7416
8748
9365
10050
10536
4939
6941
10897
3411
9870
10723
3445
10
3570
7833
1415
2580
11626
10957
4356
7423
1738
746
8173
8576
1343
3508
4317
5249
5544
8700
7377
8296
11142
4067
2072
6706
7220
10283
1984
6028
7521
3611
86
11841
1928
7041
1847
3073
11767
9011
8376
11892
8109
7292
5234
5691
8235
6785
1335
4121
8989
10981
7195
9899
2968
8967
11638
5716
2538
4254
11011
9406
7353
8506
348
5580
10267
10933
7840
6111
6633
1706
8162
10179
3071
1294
2328
10939
4363
5289
267
2079
9547
8075
5137
6272
478
7622
6311
3096
3630
7089
6610
6405
5950
11842
340
55
2314
5977
11872
11723
3631
506
3601
2933
7438
2222
3218
2602
10570
2043
10152
9192
6019
8222
466
1448
4700
3738
6839
7170
8929
7198
8149
11928
5394
819
5271
5812
5614
7799
3977
509
7295
6148
6179
5496
169
6528
511
4742
11926
8965
1755
3811
8861
5619
11268
3888
9616
10099
4236
2451
7027
7937
3729
3332
6442
7426
7369
3980
2141
10869
11030
11308
4654
11635
3536
6306
7669
10245
2565
2658
3560
5321
3686
332
1672
6976
10956
5337
11121
3397
2813
6085
8399
7793
10122
8593
7184
4421
5472
8308
597
5938
2849
2449
10333
11530
1761
7263
8533
4831
2730
4956
364
6597
10129
11828
7344
3619
7652
1759
7405
6396
6620
6667
3129
10291
7819
10315
1999
6600
3400
7362
3821
9534
2530
2238
2352
7896
6652
11189
5055
4887
7120
6210
9122
2584
517
4528
2829
5329
476
947
3935
8845
1254
6903
984
7239
7042
188
7761
11880
9362
5017
9130
11826
1457
6141
1185
8942
2233
7360
8191
299
1760
5651
9326
3335
8121
6262
10989
8778
10647
2567
6211
4218
1905
7760
6002
9346
11498
10171
5674
1562
8450
900
3275
11804
5420
1000
10914
6431
3658
10094
516
11898
4739
978
6349
7407
10753
6120
355
2042
4918
8193
11715
3194
5925
10436
11079
5729
1585
7802
11681
2964
3987
2483
3434
2787
8115
6456
4954
10218
1890
10276
9084
3162
4580
9841
5246
5270
10251
3038
5971
11855
5449
1812
6072
9511
2068
2729
7684
8189
5701
5834
4851
2065
762
6507
7886
6921
11568
11871
3647
11292
2375
11547
493
1639
6888
1080
182
11046
9698
11484
5980
9930
5612
5851
10911
3776
11475
8822
3668
1350
7008
4952
8246
2610
9200
8552
3375
10611
7451
2256
11692
10124
9554
2336
11056
4464
11852
1771
8086
1299
9573
7074
2023
5530
4750
5927
11600
2107
5160
7114
5142
6905
7262
8233
9887
6898
565
4841
7610
11794
533
3331
5019
824
10750
10609
6587
3827
5356
5746
1413
9526
10213
5442
8138
4380
3954
5407
6506
5846
6315
5875
3497
4084
7870
7404
624
5366
2113
6007
9251
11218
1802
5342
9023
7104
7985
7313
4272
8627
7108
3864
5067
8610
3056
2474
6353
5217
2997
9776
2949
3912
11241
570
471
1320
6489
9719
6475
1240
9638
1471
11328
8522
7427
9759
10282
6603
9584
1965
1591
243
1293
6942
698
7215
8169
2953
3182
8187
3941
10202
11536
6361
6985
5327
10784
847
7214
9660
11576
1913
1692
2529
6992
10787
2804
10642
6324
4520
4828
6098
7890
7067
10791
8982
1036
9186
8047
1638
56
5673
2948
1458
10405
743
4350
4257
1600
4477
2057
1527
7571
3108
3777
11874
9565
4655
11338
44
9003
10061
9599
4644
5517
8881
4276
5670
5240
69
3837
2376
11010
8367
4221
9168
8696
4862
8259
264
2899
11374
2084
8237
3831
4364
11361
4032
8268
2165
7797
7278
659
462
9977
7641
4544
6505
1409
109
10752
1406
2894
7208
5485
11093
4271
11002
7478
10762
2211
5974
376
4043
6153
5552
163
7048
3833
4808
3740
2938
6865
9198
7175
9570
8623
9000
10214
5669
6930
3081
7653
5672
10578
11224
692
5924
10767
10530
7445
606
5349
5757
7847
1382
1539
2527
776
10242
4165
8595
5026
2423
4027
9146
11925
7501
554
6756
4553
7945
4135
10196
2374
11587
10563
1506
8103
1103
6876
2281
2225
11264
3295
2859
7310
2243
7602
10751
2236
11676
536
329
713
11265
8015
9553
3453
1612
7692
7169
8511
1975
4672
4299
8170
3463
10340
7311
11903
6637
10632
1666
3301
1461
1607
4145
1445
7936
6273
5643
11363
445
4762
1526
860
2891
9497
7095
753
2189
1020
4890
90
9621
10481
11412
7804
2563
1510
5274
1153
8267
5207
1722
626
9257
9575
6402
11350
1244
8531
5469
11742
10118
7982
5680
5513
833
7269
3780
3235
8890
4080
9252
3576
10565
11560
10633
1365
7271
8415
11418
6656
665
1465
4817
7765
5867
10215
1654
11170
11058
11322
2317
2874
3437
37
10808
8764
8515
5261
3257
8382
1852
612
94
6523
1868
1377
7764
5881
10366
1951
2032
9410
8976
1097
5634
2801
9182
8547
6805
9597
5138
3285
10724
4595
9985
11542
11262
11280
6248
7953
305
7719
760
6566
7230
3072
6033
717
9885
3642
7973
4844
709
5991
696
5245
2468
2559
5706
11359
11255
2872
3336
609
11441
3945
5703
3671
6115
7781
1532
3213
9328
3037
6514
10461
8582
585
8760
1581
8568
4703
6776
3057
6709
549
2557
11372
9785
771
8131
9080
8025
1871
8731
11881
3007
3216
3378
3187
10555
8227
10241
5232
10459
2513
7615
2693
391
4777
9678
7808
1936
3172
1124
1062
7776
4342
2838
5404
990
6840
857
7546
2590
8344
1383
8324
375
3680
3567
3479
5190
5689
2574
9902
11472
11633
9928
7342
11181
7979
2087
933
5201
10463
5889
7545
11340
11081
9462
7390
8303
3844
1631
9297
643
74
3626
10602
4414
8620
2963
1166
8680
1475
3870
9508
2424
7196
6372
8817
7314
9258
9035
5047
10128
953
7010
2934
10623
6655
1733
2302
1295
7255
3473
8403
6310
4377
2746
11603
529
8914
3805
1599
7865
4023
9383
3539
10063
3625
4814
6748
4728
6331
10658
11756
6778
712
11806
5250
2024
11711
6289
5008
10965
688
5006
1919
5662
11799
9757
2554
7612
4314
10477
3455
10747
11188
9557
3543
3919
10106
8362
10036
7666
593
1862
5425
2893
2131
5316
11574
6897
5315
280
8355
7619
11198
836
9805
5861
9830
5935
1751
736
10855
5215
11869
43
1632
11433
9675
9705
7510
10687
6627
5438
10774
7920
175
10518
5470
2386
2431
10793
4792
1702
7699
10233
7442
6900
5248
4413
7646
6864
9397
5416
1876
5719
9677
168
2954
8917
7306
3758
2241
11883
10577
9389
10073
4990
651
3691
806
7964
11223
7956
1799
2881
4969
4734
10997
1012
4978
6593
1113
9587
9529
3241
9046
8663
5776
10900
8074
7921
544
8805
8001
3721
1720
8657
11159
10887
986
2988
8631
7460
3232
6249
5161
9371
1180
11830
489
4626
10293
5482
11586
10490
10519
3855
241
10074
783
1305
10121
11634
9053
6308
4729
9949
2458
11156
2160
7056
3960
10170
5426
7914
4329
8918
9596
941
11684
263
8198
143
10420
7327
774
4884
1050
8574
2824
11303
10474
11009
10993
1076
9430
10776
9135
8144
3322
6725
117
11482
9440
5760
8521
7670
3268
842
7981
3953
10498
9087
1399
7855
8713
11179
4676
9369
1460
9993
9925
11505
3640
2
5948
2370
3799
3349
2771
8633
5986
3511
8094
4296
8838
2120
9255
11067
8143
2172
6259
3791
11005
6170
10581
8519
6425
10608
8695
8517
10500
9367
4061
8684
3925
5937
4050
76
9163
6026
5590
2333
4664
10357
528
1006
4091
5884
6220
507
7790
2549
3208
4502
7919
7583
8428
6178
3465
6241
3258
7046
8301
232
3974
1922
3936
11705
6698
10281
6825
10135
7483
10484
8860
35
1590
1394
4110
2816
1414
676
9801
9208
9103
8043
11424
7435
9207
6613
6197
11552
8690
9490
9797
4444
799
11312
11894
11250
653
4439
10525
11024
281
3297
11473
2984
1889
3350
4492
10156
2873
10157
5386
2412
6542
2920
4319
6441
10531
7419
255
485
210
10346
146
9980
8217
5856
4398
7600
7889
9817
816
1452
7661
7939
7898
6515
7264
9566
4164
6433
1858
1280
1558
9727
1793
6672
2154
7768
7320
7106
384
1884
4327
5838
7035
1196
11677
1373
3254
2183
2650
10270
8754
3052
672
9164
7171
1315
9500
11526
4776
5107
4381
1421
1964
5176
4305
7024
4241
6982
2459
573
7536
7634
8968
9825
8244
2828
6075
11146
5288
11822
5876
9110
8910
3063
6319
8358
1894
5855
11061
4454
3048
1088
3146
6122
10809
10913
4467
11051
10713
619
1154
3995
706
4507
1405
11370
5381
8035
11807
5220
3256
4914
6807
11136
5388
8014
1668
7585
5806
10696
10159
10740
4942
10686
403
11540
10844
9769
3134
5911
10141
4581
3026
9161
3155
6569
11128
7691
276
7685
3143
3942
3491
711
5700
9768
2946
1972
2747
6919
8911
11327
2985
141
5515
337
5303
9246
11160
5595
4893
7179
9849
9668
9218
10919
1125
7319
851
9120
4424
1934
538
8037
9220
2206
3357
1344
5840
9309
3185
4795
4986
9316
2270
6212
728
6797
5571
6095
6734
9810
5334
10415
8478
4550
1233
6130
9548
9857
552
810
2707
11234
3435
2201
8501
8378
1659
11426
1642
10758
9576
3986
9499
19
5267
6958
4859
4199
3005
848
75
7767
10002
5817
8446
1380
6662
8353
2353
5032
9642
6066
6974
11864
4315
7961
7472
4835
8946
4190
4370
6909
11778
11659
442
11599
8185
1831
211
11467
7446
1712
11682
3113
11289
4646
3225
4722
1484
4606
4127
4151
8512
10672
2055
2440
8993
6638
615
3189
3763
10425
7199
9414
4744
1547
2665
796
8502
5740
10635
5756
10639
7470
7806
5331
10017
191
4685
1431
9644
3276
7004
10382
3939
11219
7339
6009
452
1779
178
6182
1860
130
929
608
2502
1482
3938
1878
5830
2503
2295
7337
5675
3093
10930
9042
652
8063
1434
11104
5562
9302
10161
8897
3753
8034
4888
9017
5257
10302
2748
9345
3778
9704
10618
9966
7103
10269
8453
1864
5208
11221
5769
3676
4115
2798
7866
8661
6067
5918
4922
6008
3045
4144
7879
9301
10626
8710
11783
10166
10358
7650
5479
4250
5077
8848
7235
674
10708
991
5923
11637
8503
10917
10507
3781
6822
1338
1215
4738
238
1662
11457
6979
1693
4921
7657
9305
2525
2428
9551
4251
4365
997
7467
137
2464
9967
11766
10616
3058
1557
3922
9380
10890
859
6445
2377
9294
6459
3426
987
10977
183
7581
11708
1326
3215
2070
1116
1322
3502
8299
8688
3794
11769
11258
5317
240
9637
2562
8504
1303
3282
10082
9778
7326
29
9536
9822
9921
11127
11211
505
11172
4189
11743
6359
8864
2366
7999
4760
11242
10015
3478
2959
3675
11485
5458
6727
5183
1235
6509
2060
5527
8279
6165
5932
3921
3035
5608
8523
3012
9603
7567
6169
2508
1024
6928
6938
10898
5607
7538
10998
1511
7291
7009
7540
11425
660
11406
1588
6294
10663
8867
1945
3518
5311
11440
7548
10116
3724
3920
1142
2191
4064
5883
4882
1256
6977
518
2880
3352
3597
8804
3850
6916
8768
6782
9781
4521
2543
10558
3274
5122
2978
6640
811
4611
8578
11557
5887
7770
1151
3951
8243
5684
10174
9562
1579
10845
10024
7569
11876
7080
10814
8462
11859
10707
6040
5079
4476
8980
5048
1900
7293
11078
4089
7172
6410
9694
5196
8847
1688
9568
9044
9009
9142
9013
1594
7498
11493
4799
1463
3996
3964
3823
4108
3004
9739
1081
8969
7038
772
595
7142
8766
6521
8036
8356
5153
1328
10943
681
10999
8880
6243
4695
5753
2357
3801
801
4494
5336
2254
622
28
11782
2379
10237
6944
1381
3433
7868
9349
4073
1004
8494
3605
6988
11714
2414
9170
4889
8592
7823
6114
8264
11279
8005
7938
2869
7279
6702
2736
937
6106
3666
1466
1014
142
7897
3422
1276
8476
10698
3360
5705
10526
10483
10615
11053
803
4122
9041
4608
6438
8209
4321
11057
11100
7197
7307
3661
2435
1389
6886
6773
5247
3250
4614
11846
8273
1525
4594
8877
4348
3878
4397
3648
5015
1002
2009
6547
2407
419
3467
9086
1162
7202
3697
8516
11611
8059
10736
6834
7052
2818
4977
1865
411
3345
1519
4773
5324
6607
1941
551
3247
7726
8977
3298
11923
3098
10712
6432
4077
550
3572
10497
11164
8317
9618
3916
3084
7811
6790
7722
8959
1026
8728
884
10078
8858
11866
7918
1689
11035
3976
8418
11585
1603
5368
1353
320
3705
877
5061
3485
5722
11865
9351
5928
8093
11558
11818
11774
7522
4212
2288
7465
6639
7917
9453
8391
6664
5836
6495
7385
10330
691
5447
9489
483
9650
5411
10702
164
679
8108
6602
11329
8241
7857
7655
1298
742
2200
455
2436
2117
6217
1611
1043
8437
867
3991
10825
778
1204
8685
832
8332
107
235
6163
381
1019
1159
3025
7186
8460
4266
8616
9753
5702
10272
8018
5631
2273
6136
10573
3703
1376
9608
2239
1486
5454
928
3523
1309
4558
7623
6192
1821
7321
335
11577
2624
2265
11535
7849
1169
4404
7415
343
7456
7410
4959
9343
592
8389
8492
8444
9071
7779
9956
9197
3028
2390
6245
5613
5147
7133
492
4068
9372
5145
1822
5184
396
9025
9039
5735
9926
6307
731
9760
10683
11823
9485
4770
3153
9268
11598
6437
2498
11555
5439
2994
6986
4671
3602
564
3613
6980
3137
6713
6629
7115
10244
8433
2244
1278
9376
6322
4085
3581
1388
5343
11529
8438
843
3988
5639
2227
9394
4717
7940
7941
908
7335
11200
1542
11094
4517
4478
3754
2139
2832
10652
10682
1358
4779
2410
11933
3632
1069
6960
3505
6796
7633
5051
3561
7290
5547
6719
9758
8333
7454
7884
4060
4095
10936
8208
1306
3156
5059
1774
49
10462
7723
2447
7860
1179
9836
4306
3493
2579
6250
2092
2831
331
316
7559
5027
9166
7617
3741
5350
5226
9735
10465
6761
4647
6140
4628
2516
9501
8774
11334
10207
5028
7702
5462
10803
2187
9848
9995
2156
10522
10979
458
4112
4225
5373
8998
3110
5494
4649
6237
10027
7431
7557
2643
8704
1427
5897
8083
4013
10700
10125
8611
3348
5410
1453
10418
9230
254
10206
7911
7049
10410
2623
3416
5933
9487
7363
8554
11476
5596
10338
7706
6745
7577
9187
5780
2275
8790
497
910
9799
2826
11895
9241
9530
11321
1586
4794
3368
1840
10205
6907
6486
9502
1784
9238
1402
5970
10830
2833
3604
7960
10089
6581
11090
5200
668
8219
11517
1044
11025
10060
1091
11755
1589
5967
9067
9673
6624
6679
9375
7053
5570
6110
6020
8784
1271
3006
8796
7486
435
8738
3457
7503
10739
4194
8701
1933
2178
9228
4958
2876
4847
6758
7620
8984
4489
4017
6739
8919
6619
4874
1699
2659
1072
1224
7123
5947
3905
11451
2098
5121
6313
3584
5540
3123
2652
11741
10670
4757
10033
5052
9324
11456
9820
4993
2300
3266
6242
11310
2987
1419
5779
11500
6585
5164
9574
2820
229
5165
2448
4433
852
1854
7497
9777
8584
8178
8421
7163
11431
7145
6696
10142
1517
5379
600
9862
270
9304
2564
10568
1182
1212
272
5040
10975
5314
10422
2883
2757
8097
1920
2929
9837
8915
8228
611
4576
7270
5102
5518
2019
2653
4260
8739
634
8693
903
3893
6137
4855
6880
4768
6155
5353
4125
9014
9968
3047
4907
10840
10620
3308
4042
3582
4704
7637
4731
4730
7413
9935
737
2666
11038
1993
3904
7795
2491
7624
5283
2901
10959
1899
4798
2560
8740
9834
7301
9533
8800
7158
499
4239
7137
2143
5093
2640
2860
6628
8527
7016
1018
8128
118
10491
5842
10093
5772
6814
3756
5358
9356
7476
8447
2890
4457
10585
4281
3087
11905
9457
1930
11148
7513
1918
2531
1181
365
1264
4913
2077
7625
7686
11336
968
951
4511
10209
3372
677
6659
8674
2128
3832
9461
9282
7560
5663
10781
432
9194
1066
7744
8071
2197
2493
6560
6081
6373
2100
9738
993
5115
9284
1327
1491
9054
2133
1479
10737
1914
3785
7312
7143
10023
2843
2215
10730
4982
6644
2152
7687
7605
2048
546
9217
11800
3807
5126
8107
1083
6871
9693
7430
790
9495
123
10396
5774
6704
10516
11685
4501
5854
10400
8698
5642
7117
3873
8596
10905
6691
11407
2404
3998
8570
3407
5896
9982
4637
5827
10230
4971
5227
10907
7023
2365
2421
7400
989
6348
9703
10985
9472
3622
1223
6806
5056
4500
2383
1183
2274
2216
9185
3403
6765
9545
5360
8886
759
2727
8571
7598
9438
5291
3702
10562
7861
1363
9626
3556
11697
3033
6304
2906
9355
7259
66
10790
3745
10100
8408
11812
1705
10183
4092
7858
8491
4101
196
7376
2878
6206
1635
4894
6819
3145
4137
8441
10722
6588
5290
3761
11039
8240
6816
3595
5968
6255
3401
6724
10031
9195
9951
7102
10020
1530
1319
8743
5878
5648
9546
10323
5899
5666
2315
5025
3032
2202
888
155
6045
4686
4531
5900
568
4284
6563
11763
3428
3662
827
11691
11143
8970
9583
2651
2485
10327
3169
10439
5293
8048
7575
519
8023
1518
3557
2358
10780
11074
838
7978
6701
10310
486
9716
2690
6918
2566
7134
1747
5241
1003
2438
3101
627
4152
2235
5686
1514
6142
2781
6088
9201
8176
9015
5522
2248
6763
3824
3013
7883
8529
9601
2961
4915
590
8493
6175
7444
6397
8258
6229
11580
1134
6996
8562
5185
3262
4509
10733
8406
4837
4337
5039
686
11810
9563
9767
5529
2039
8253
3410
9267
9600
8105
8329
3928
9139
6042
5873
9449
8383
5800
2751
5717
2232
3389
9783
10028
4761
5213
9211
9955
10091
3447
3431
5677
7755
5070
10452
2655
9724
1478
950
587
7047
6657
3971
10628
9095
10493
3271
8567
8420
6325
9060
7998
579
9622
4673
8799
8277
7265
9491
11033
8395
6050
7242
5378
3592
5633
2164
10264
6555
2910
7694
6848
3522
4049
2196
6894
9625
10725
4280
6859
2417
8659
10470
6124
2455
10641
9877
10697
2074
5037
11062
4973
10744
1931
5546
10228
8152
5018
11073
11086
5807
9630
7
658
11353
4015
9225
5074
6546
4375
2347
11184
9024
2603
3373
11453
8692
6202
9939
9183
7070
10236
9368
3575
6184
3195
7609
11369
9478
2585
10479
3209
11438
6059
5347
294
1297
9145
3649
5500
6964
1507
523
7512
10947
6513
918
1477
11776
2088
6904
2460
8089
8205
9826
423
2811
73
2167
3385
7504
7441
2384
4642
8081
6751
5269
10534
11355
8466
809
7401
8709
11118
4331
3390
878
9897
8448
2487
2521
3462
3394
10403
7119
9339
9874
3040
6327
966
7967
8021
10284
10386
36
3834
10043
2418
5338
656
8797
6716
5514
2368
4800
1436
11509
7146
2935
2415
7019
4573
7573
2056
9270
8868
9480
5658
8898
6787
9802
4948
4575
11288
4100
10351
9927
2207
3090
4877
9929
3500
11749
3425
7709
9835
8469
1195
3160
9128
6838
3665
11459
5351
10138
569
1725
9561
9791
10796
11082
6180
6105
3315
9723
6969
7359
8011
8400
11014
2016
669
7995
2581
3969
7364
2378
1943
7766
11704
6208
1775
1147
4028
6966
11914
6143
11759
8717
3555
2205
8802
6339
6579
8300
1104
9950
9911
1927
3150
1341
10303
8544
200
6895
10216
5344
11686
5305
2544
8278
1051
5075
7992
3246
11781
7092
1703
11299
7372
758
2422
3992
8118
3003
468
2928
804
5630
4880
1308
9579
8626
1
5174
9800
8948
7249
9742
3917
3212
6440
6827
9313
7440
11151
8077
1683
1013
350
5003
11703
3643
4900
10970
30
11110
3140
9233
4481
8913
6703
10144
1476
2697
1915
303
11931
11531
7544
1955
9819
1529
5829
6722
11385
9214
9809
3221
10589
4985
400
2495
3421
10544
11477
11483
7784
11622
170
10499
11921
11213
5916
322
3259
111
5901
3050
10901
2066
4803
11020
3596
3249
5279
8158
9
2535
4093
4683
8763
5913
3742
6675
8194
8741
4230
11345
9652
543
1730
8660
9412
9358
5391
8357
985
10319
7018
7358
1092
11899
1789
5172
6573
3314
9765
2389
4039
4651
11758
10464
3851
9151
2103
11827
9931
465
1739
2011
11313
7132
684
4339
10191
9385
11357
9882
430
11870
5110
4615
11671
7533
10896
617
3306
11237
3674
4009
3782
7909
2983
11027
4796
3963
572
2287
6967
11602
6337
8411
2260
7675
8116
9434
8046
4519
3164
582
705
8422
4807
11194
8229
11443
8538
1855
9539
10892
8604
268
9558
8565
4725
815
4343
10012
4318
4505
2662
9617
2044
9176
960
7734
4437
8725
1149
2940
10580
5589
7910
4645
4493
9838
7628
6298
9821
8072
6497
4499
180
4660
2015
1219
3550
1897
2711
5831
3475
4658
9091
3670
3138
7845
11115
4625
11565
9069
8673
7348
3999
7013
2372
5741
8302
8643
6188
10004
5942
2476
11096
4597
5364
460
2902
11283
8876
4588
9736
4543
8380
10219
9541
9379
5134
2148
637
7647
6591
3396
1669
610
5538
6552
5320
1665
8475
206
9470
3264
3747
5302
8973
798
156
7316
3940
2194
306
10147
9150
7350
7015
10554
6037
7183
5796
5539
10108
6609
425
9193
10007
566
8058
9021
9147
9775
5804
8459
8123
10321
5371
3760
8808
8887
8810
8010
4402
2267
11632
3346
10149
5623
7185
10387
2145
4999
9538
9433
7065
6039
3748
5777
3089
11220
341
4816
9167
8190
10833
6358
9943
955
1426
11089
3720
5944
4815
3226
8945
3828
11158
3947
1329
11579
4228
237
1232
3657
3237
9976
2334
278
11422
11922
9510
4694
2596
8168
6395
4586
5105
3906
4003
7107
5516
6611
2061
11654
6711
5628
307
1126
6031
10669
9408
2572
8925
246
7830
7384
646
5155
4871
4442
347
8598
2112
11295
5930
406
7066
7324
2981
6404
4123
6666
7931
342
1810
11621
7250
10515
8872
9846
1261
4652
2742
2179
521
6053
3236
7389
11718
6549
7604
5136
5198
10528
8276
3039
6529
8830
10945
3070
9682
10719
9854
2782
10208
10705
6463
11745
3722
5745
5260
3599
1704
6869
10607
8129
11847
2276
4231
5979
8092
7188
5601
279
8068
4974
1165
4018
4088
7113
5422
5499
4524
7809
6187
4379
4196
6937
7371
6836
1184
189
8256
9532
7984
10891
6300
10199
11003
9415
8936
9318
3577
1084
3118
8882
9890
6949
1785
6867
4428
5014
695
1786
3010
10097
283
1681
7392
792
3838
1067
7877
4275
8789
11589
5004
6632
863
6596
4538
4014
3328
7817
9234
6961
7211
9261
7649
1959
11663
7735
1637
9564
6390
9481
9850
2335
6434
4621
6712
7825
4869
6135
2708
231
4813
9847
4516
2063
6932
9055
6189
5845
6899
3621
1686
6129
4294
541
7586
10305
869
10317
8401
10274
9066
5733
4753
716
1737
9751
2462
10385
4443
10349
11139
11285
3739
11813
6913
6392
6826
642
6635
5822
7457
3379
1160
11658
7234
4450
7277
5223
2106
1522
4910
11643
7893
6102
2081
11065
5558
3798
9671
11222
2221
8857
9037
2945
4838
8078
8387
7915
3015
1168
148
1622
440
1833
2289
4140
11679
10547
11709
2846
6875
10821
3692
4300
10309
3466
6230
9196
4617
11616
3779
4204
4966
8963
10662
8269
8801
6752
3415
4129
10504
3628
4383
11186
2325
11656
5385
1325
1757
9337
9865
3230
2555
153
1625
8787
885
11411
4984
2547
5282
8028
9915
6953
2111
8392
8298
7881
2749
3210
8978
2802
11754
4328
10703
7323
4214
4075
7969
2182
3509
9093
8250
9314
5309
8509
7772
9913
3968
4417
8539
2895
2768
777
5572
7224
7282
1378
11562
11478
1258
9634
11615
8751
10598
2616
3800
3710
1926
4238
8122
7409
9413
1924
10143
4688
9708
5361
3036
4569
8762
9633
315
5898
4556
7414
8711
110
2114
2784
2962
68
10931
7156
11244
3804
2682
5169
8625
6856
10402
7805
4634
5224
8900
795
1909
10717
2173
6417
3391
2915
3786
1650
8923
6764
1493
7975
10176
11113
48
9904
11228
3136
2889
5335
2053
4096
5567
256
2388
2381
1645
6481
4200
8773
6568
2242
5490
3203
9156
9998
938
2398
6957
1314
8231
11161
4030
9484
4215
9964
4229
3704
5636
6347
11341
11597
2995
5508
7253
4692
917
11173
3196
9780
4833
9416
2583
4148
3341
5086
1267
6407
7458
10370
1963
1270
1754
527
8155
9061
4868
7131
6354
2188
6541
7434
9040
115
11491
10025
3857
9844
11889
4279
9407
1447
2911
7165
9916
6812
4852
6010
7355
10506
10938
5742
4203
1130
2847
8672
11271
8816
2212
11592
11690
10778
4349
10566
2040
2261
10040
5880
4461
10527
1861
2681
8360
8487
490
10095
9299
414
2223
6236
441
7614
4609
2630
9320
11593
732
11737
924
720
5678
3817
5973
8330
11669
3769
9306
6293
10406
11273
7496
4566
4784
2754
7191
8171
6394
1313
1485
3618
7552
6952
8206
6281
3446
11504
840
10046
2168
7232
794
9104
5063
1136
4384
9452
7813
6292
4277
4879
9962
4716
7126
5620
8798
1967
1736
5939
6218
6391
5560
2339
6055
1634
1925
5127
8957
10334
5962
9382
11612
8090
9057
201
10748
6207
715
11092
10564
3280
3645
8530
5252
7632
5322
10596
4026
7662
6027
7207
145
2639
6994
1101
2887
5721
6460
3718
3757
2974
8424
2330
10158
1717
1647
219
6258
2732
3486
4577
10802
8348
5606
6093
9417
3808
9012
3147
4712
11446
7947
7236
1312
5239
11474
898
2496
9400
9540
11316
10727
6493
202
8261
2073
2501
10331
1845
4946
6616
11413
3867
6781
6162
4286
9595
6511
4766
5688
3021
628
216
10559
9531
10728
6849
5615
5357
11126
1302
6363
621
3861
11
6872
6385
7076
3948
1497
10178
11199
10593
7983
6224
4273
745
7149
11031
7578
10442
7697
10690
2677
8928
7568
439
7406
1630
10553
2647
11277
9978
10542
5972
6492
9503
1226
6815
3255
3973
8079
3590
5399
2605
10231
2419
8624
3091
2116
10800
10951
9665
9681
4169
10868
314
9818
10935
10010
8920
10077
13
789
422
10054
11042
1953
2615
7399
8846
5755
3892
6491
9709
6963
3252
5133
2298
632
296
6533
6755
7977
359
1390
1200
9133
9578
3770
5461
1827
3224
11707
6954
5285
11103
10643
5024
5797
11371
41
9770
11388
9439
2641
6386
6843
1811
11251
3423
6728
4409
4554
5902
4818
4881
5312
9235
11332
11382
10342
1735
8326
9112
250
6117
93
830
11180
2497
9311
9132
10407
9635
1572
1729
1560
7443
11488
8419
2588
6906
6858
5978
2823
2853
1979
10699
4201
5715
2051
6536
10513
8904
10797
9113
8234
5278
4674
9516
8654
8891
9131
11185
4826
1658
377
10006
5907
4522
2799
9222
7026
4690
5992
1424
9722
820
10904
9615
6532
8434
6303
4173
11235
10030
8145
9804
2090
10150
3646
9991
1782
6646
7227
5975
1764
3749
11405
11672
4154
964
9448
64
1830
7556
7745
7022
11471
8274
4155
7439
4561
4040
5541
2614
7970
835
4366
6263
7248
4875
11519
580
11450
10341
11080
4149
8328
4570
7994
3546
9063
5298
520
6219
157
8772
4264
6608
2195
7965
3095
7079
8369
480
5266
8370
9331
4198
6450
6096
9295
3139
1660
11298
6246
10742
10539
7854
598
2762
1249
3362
10880
6216
5457
11163
2740
1236
5132
6350
2123
7696
10451
5143
3789
2364
9245
8632
205
5704
1828
7055
6051
8543
9555
5489
11890
8266
10798
9329
9125
9129
9411
971
10200
7751
9517
10354
8120
3537
2488
2442
1009
9651
7382
5098
5683
10732
10792
6144
773
3663
10834
6594
10384
61
1049
5556
9624
5179
8606
999
10657
2118
7077
896
208
11731
6121
6636
2170
5682
4682
3001
1492
7500
3279
7463
2714
3603
11040
5151
6798
3551
4389
415
10363
1535
11226
8484
7396
10867
1141
8927
2803
9007
9790
9136
6501
10444
11527
4320
9108
11844
8449
5637
4793
10133
586
11017
11178
8821
1640
948
2688
11460
10923
9840
1950
2900
2896
101
694
2943
2777
1227
215
10374
9743
4019
1670
7531
9029
3962
5424
7944
7305
3381
2865
4497
2866
6421
8783
324
4632
1300
1973
1386
7707
4937
2704
7901
7742
10457
10835
7630
6017
1866
1787
6458
3242
4809
1817
2670
4540
10619
8352
2355
8727
5759
7856
8088
6301
2725
1715
4171
8245
6771
5069
9493
3326
8617
7192
8147
9789
11644
11909
2475
11432
5034
190
8703
3065
11448
6367
3514
9932
11688
7974
9940
277
265
4592
5038
65
1843
3907
1269
8335
3034
487
3338
5012
7550
8634
11726
1279
3175
6832
10980
7485
3234
11550
5988
10353
3730
1776
7388
9666
5000
7303
3660
3506
4842
1096
2229
5559
5787
9319
10473
11060
11506
10743
3469
11444
10487
11524
5872
226
3014
9280
2271
1829
10072
11257
1220
7466
7792
11738
6471
3459
5964
8022
954
8404
897
3733
7807
11559
5676
326
5583
1804
8758
5708
10169
11770
5129
2108
436
9427
3125
11653
5011
6852
1237
1221
4453
6341
9373
7695
7222
7869
8338
7387
8272
5194
8384
7876
6411
1400
8831
3529
5604
8159
1222
6855
6950
2695
1045
1883
11001
9082
6134
10453
588
7034
4243
10307
5747
11605
1552
11829
7367
10721
8311
5113
2863
9944
9399
3842
4426
2975
5994
96
1618
4408
1762
3884
4681
2217
3610
6257
4906
4857
11710
10360
9111
11044
11362
9115
367
605
733
158
714
5180
687
5597
7730
3927
6789
4720
1047
4591
1882
9934
591
8648
3018
4411
4120
5387
5990
1691
11606
11373
744
10688
4721
6049
6940
9965
5090
6750
8940
6401
6314
1559
7787
1543
8201
8744
6472
8871
2144
7519
703
3016
6821
2772
4338
5057
5297
7072
10145
11721
3885
4141
11324
311
683
4455
3876
8038
5788
5109
6881
5984
4547
3542
7754
6477
11243
9107
10194
3955
11301
11140
7822
2380
6535
9806
113
9005
6929
7002
5565
7429
2980
7494
4376
3812
5046
787
6854
6195
7361
3498
11570
8186
9296
7383
6469
3333
10019
9515
8361
261
5593
9052
10561
8207
8949
7962
10339
1074
11720
11404
7769
4549
8110
1741
1624
10746
1655
6868
10665
5824
3191
961
7332
1048
108
5919
10648
2210
3501
3392
9922
1053
7482
4062
5912
10853
6280
1679
6172
2758
10819
3419
3380
10991
3538
1863
9894
5010
2675
1676
556
6512
8608
640
5758
4429
9266
7824
9520
10872
6126
9423
10475
1653
3515
5748
2013
3887
9813
3736
9755
7260
11706
5301
7526
9001
3933
4687
1495
5785
3211
2125
9981
2445
3496
673
11083
633
4102
4657
7030
21
5859
907
6449
4265
11588
7025
6861
5101
1859
5144
5435
5478
8718
2338
3043
11642
5214
11238
10232
9542
2101
4702
139
6770
10034
9803
11853
11133
5088
6398
7160
10604
7966
9754
3881
9567
3716
6769
6951
3746
6604
10292
1778
8813
11521
2519
1766
6584
11008
6912
8499
8309
5401
2286
9973
10044
8974
10224
4462
9879
5815
9070
4438
8832
10772
112
5823
526
2504
4325
6891
1619
6181
1571
2231
7505
8909
3989
9098
2628
1942
10915
1333
4490
11337
6239
10595
7987
4232
2224
2078
8849
10294
5254
2356
4472
3727
3607
5533
3436
304
10529
7063
11147
8534
3476
319
7838
1500
1708
1098
4159
10058
7284
7338
10941
6154
4059
4393
11582
7791
6562
417
2534
7221
5465
5459
5569
6231
3441
11760
1085
3795
9498
6476
10986
3470
5723
6577
437
4037
9281
6520
8888
2676
1408
4035
9188
3950
4107
4341
4270
6754
10574
2008
9649
6671
10252
2135
11091
9917
2071
3061
4756
7469
1777
1122
707
11929
2571
9824
1131
456
11907
4468
6291
214
9872
11306
10582
7020
3826
4399
3617
2467
102
1783
1265
2405
358
9593
9058
1580
1403
8381
1416
2671
1608
8032
1225
3272
131
5573
6634
3438
8239
10192
2931
2394
399
5306
3732
11276
8950
10622
5044
3759
374
5095
338
2046
2664
11415
4935
5563
5555
9137
4336
5002
1203
1082
6157
3882
1818
943
4403
7875
6176
257
10112
10910
4622
116
7206
10783
6663
7366
8409
5225
10842
431
6079
589
1055
2649
2080
1255
1156
10454
1189
11595
4367
4210
2465
6233
4769
4105
5707
11717
10049
6420
4313
494
6228
154
10042
1677
7820
11286
6884
1037
5263
4038
3624
1127
7943
8878
8896
8924
6695
6423
3499
881
11932
8983
2912
1349
8416
10807
7673
8841
3488
8715
11724
10182
7748
11696
80
4191
7420
1441
8057
6419
10104
11231
3958
3064
6276
6145
1443
11797
11430
8232
7728
10524
7203
1578
6556
10056
2661
4208
10908
212
11013
3707
6200
6860
6247
5318
10971
7729
6345
4309
10769
8689
10824
11901
5749
11183
2507
6123
6132
8192
10085
10090
5326
11132
0
4631
1152
9811
7118
10590
4170
4132
10392
5763
6006
1241
4578
7481
382
11734
9670
10290
11227
9766
4295
4206
3405
844
11722
5864
5998
10805
11095
6599
11629
7842
6199
10250
10854
4950
4780
6926
4487
9177
10827
2119
9126
7576
1537
2541
4416
11761
8941
5819
4055
2322
11624
7057
7247
6185
2958
7789
831
1929
6721
7216
10583
10404
6035
9216
10948
9190
3503
7810
10391
8076
7477
4002
8645
3783
2780
6036
6800
4262
6674
8545
7060
9409
11831
2158
4065
5744
4619
5627
9556
7280
9101
8944
5767
4902
9612
7850
3608
1564
5936
3854
10533
8809
11811
10378
4242
9004
7489
730
2956
6548
3122
4312
3990
5106
9467
11436
349
8457
3265
10836
3131
4897
5906
5481
4924
10432
8297
8099
2976
4256
2550
227
5671
1719
6589
10488
9936
7381
11365
3620
9518
7402
2180
2489
8289
298
1781
10393
4708
9864
6058
10139
4407
6296
1727
87
6174
5996
57
1228
754
5299
484
3806
8394
5157
5476
321
9876
8930
4684
5104
6777
9774
3214
3151
10729
4745
10172
11617
10318
10870
2203
162
10246
8325
2597
10026
4083
8354
451
5456
2059
9492
5264
8723
7001
10876
308
3901
325
8581
6131
10288
977
5685
369
5178
10447
5
127
5206
6998
8461
1667
11487
10163
3292
3856
10039
234
3181
5330
2316
10659
6649
2923
10476
11843
1412
10417
5050
1286
1825
2473
11725
2607
4440
7829
4587
8312
6870
161
7862
8153
10239
8856
2252
6282
5826
9948
3383
3775
7380
2517
5491
22
4448
7626
1508
3562
4323
862
2263
4572
5023
5858
10599
10649
198
3564
7040
284
537
2618
10624
9256
9259
7209
10187
6412
5654
174
635
5323
10329
9687
734
11604
5960
11240
1938
5958
11501
7532
1193
5262
10059
3886
11652
6774
103
5348
7926
2551
1960
4324
9381
4691
8304
584
8987
20
10005
8615
11275
3205
8729
9623
11102
4972
2456
7778
5839
3157
3552
11839
9138
3339
5655
4010
3650
3382
6209
312
10928
6499
1334
106
10594
7529
11398
10569
5390
1649
2856
5982
5375
10966
9395
10978
11267
1217
7539
5091
9336
8859
5068
738
8248
532
7517
475
3017
5393
3233
1813
2373
3540
6648
5578
1595
11119
11584
10992
4045
7495
5952
6736
699
6687
333
5135
5862
1885
11331
596
3386
9402
10694
2698
7190
1025
9109
10273
1673
2800
1317
11751
2722
7959
9725
171
9435
10667
3148
6104
10496
10768
7189
11294
4810
2626
8132
6910
5783
2500
7859
10164
6323
9856
4391
6741
2825
10210
4301
10597
1815
4998
3222
4806
9360
434
5879
8825
8084
3027
1721
5805
3932
5545
7368
8507
11168
5730
7574
3655
7671
4111
17
9016
5781
3533
3961
3929
3251
1819
620
23
2332
3324
11399
8146
9552
8807
6295
9096
3085
2709
11032
11393
6424
2453
1311
8647
8150
10456
6670
6883
4994
245
4526
1732
1593
3116
4020
1057
10961
6061
959
5193
10710
689
9149
1206
1173
5521
723
8605
7535
11665
11287
4001
729
6665
4923
4898
4979
7176
2907
11860
11815
7638
6795
1132
915
5186
3086
7922
8795
9215
10863
4180
2093
6732
1480
10184
4706
4878
9105
11171
4345
3874
805
5591
5766
8953
10298
3713
8705
8812
5202
3866
6570
5505
1940
11335
5171
5471
7988
3614
2190
11445
11395
7341
4904
5821
1058
2726
4872
7370
236
5130
2509
8895
7128
10588
8417
10637
2510
3355
1340
1489
7347
10606
6043
10785
3354
1021
4233
2292
3897
828
10443
287
4354
2469
9474
4633
629
4288
1008
6204
11851
7818
10472
2991
3934
504
9398
3119
9065
10826
7954
2393
4094
8454
2030
11837
1797
3197
7159
1428
9274
4483
10877
8752
3641
2862
2294
1553
8775
124
11608
769
7276
7087
7168
5892
3388
9338
2146
508
7036
10067
7958
3105
1107
10517
5423
4781
302
1137
675
3239
1996
5894
10614
1372
11849
10889
786
11551
8665
6830
1367
4582
9079
9734
166
6194
6244
8572
8824
2099
2972
11296
10934
8102
11066
8840
4783
11375
8431
9290
9279
8558
11364
213
11282
3859
502
1285
5431
9732
2258
3975
2520
3044
4052
1698
9974
5182
5396
9494
9458
7233
5081
389
980
70
644
4326
239
10987
4787
2600
8863
1041
7058
6478
2766
5148
11601
4670
2993
11318
8470
8603
930
5697
9685
7094
6494
8912
5029
7014
607
11649
515
7872
5893
1216
9688
11059
7827
4330
4347
10324
4605
9213
11123
3700
7075
11421
11423
2137
1435
5108
3283
7895
7161
7731
387
4630
6309
11863
3553
7084
2184
1651
7258
4867
5649
9535
10440
6791
10344
5188
6788
5042
3765
5795
6943
10399
2310
9444
599
3871
5782
2587
5605
2537
7154
11566
11330
1516
114
11391
10771
9059
9645
11047
11628
10000
9361
2830
453
3492
4980
8347
1063
9908
4361
11541
956
10692
11689
8883
5043
7651
11208
5256
6968
5566
4400
5568
9189
3931
3460
7803
10460
10843
9384
2134
313
4849
10458
10445
271
126
10394
2095
8368
818
10314
11464
3846
5376
1337
10874
10685
3709
5534
5542
5610
413
1119
3359
1352
837
1243
11384
8901
636
10520
379
902
9118
3329
9242
11840
545
1935
7743
1291
10146
11641
9679
10584
7570
3289
11805
10810
2783
3120
9512
4496
1496
10489
4746
10377
11386
1881
4340
1687
6013
10693
2701
6355
814
3126
1684
40
9388
2904
2326
6376
1678
4103
1198
3772
11836
7479
1139
6383
11409
6381
9335
6251
7357
7153
9327
7913
3923
3600
5794
973
6661
10361
4535
829
2331
10788
756
8561
4451
751
2193
6621
4830
2430
6365
2674
6519
3267
9162
10587
9590
10376
8788
2354
5487
1177
10691
195
3395
1498
6435
10575
9953
5156
641
461
7408
3270
2472
6740
2157
3714
10088
5764
11814
10201
6090
1090
5727
10644
8653
6094
8489
11349
4559
9697
3563
3429
7243
357
5736
5287
1348
1541
3009
9022
3152
1157
5543
3366
4445
498
4432
8971
135
5832
10434
2034
10469
5251
8160
4678
38
10806
8855
8952
5211
5847
10438
10950
4891
8525
8371
3979
2126
701
2779
4282
10348
5053
11494
3076
3109
1832
6418
1623
4635
9907
1633
3304
4463
10343
3693
7588
11006
3623
10560
5170
11064
1187
7352
1948
7579
3872
7927
949
4663
3097
10262
972
2591
4600
2122
11114
11427
2871
4743
10482
1259
4292
10243
4353
1375
9078
8366
8214
9691
11149
10466
4767
547
4662
9451
8321
6084
8429
2420
443
121
11169
10136
8087
10731
6723
9889
7727
1770
10051
8931
10322
10508
10037
9654
1016
395
2007
2198
10411
4963
100
6083
9317
2582
2082
1671
9589
9748
5687
6138
120
10701
8550
1061
3487
8224
2309
8844
10110
10113
4527
6171
6336
6786
1031
6544
5664
5770
2006
11207
339
4612
11867
2558
6804
2632
9404
8024
8614
3238
10847
11437
2897
6668
10759
84
524
1758
5163
10629
2041
3068
5258
4788
2620
9479
10873
10083
11900
11346
6689
7903
11719
9852
10761
7527
1916
4567
647
8823
11554
6829
825
899
1577
5941
385
10254
1944
6203
10260
10368
409
3183
6406
2990
92
8893
6414
3316
4401
5231
1356
1120
3454
1150
4905
3223
7140
491
5369
136
9179
3055
873
6004
2760
6684
9117
4653
7468
8374
9475
6426
9307
1947
8220
444
9152
2361
2268
2796
6946
2450
4506
3731
11315
2396
1242
724
11700
3860
5587
11670
4943
1034
9158
11838
1917
6508
9999
9598
909
932
2097
9271
9659
9891
1921
3104
944
6100
2848
3114
1583
864
11523
4298
4629
11410
11182
4005
4579
5712
1576
10119
1769
3706
10726
8564
1201
5395
6279
6615
6810
5131
9325
6673
8314
9815
6537
10770
9513
10426
8199
3566
3002
9496
7006
8137
1627
247
5773
11479
2728
10375
7393
3243
9393
8055
4774
11510
6048
6531
7480
11138
5033
2809
6692
1284
7275
4927
2683
11378
7144
1202
4565
7912
8331
10775
5920
5313
3784
1690
6261
418
420
5810
8040
5870
7603
4308
6484
5445
10151
8443
4989
4601
856
894
1844
6060
11495
2429
9721
4892
8452
5603
7871
11902
5857
10757
5860
2345
8294
785
1554
1398
8313
10295
813
4850
8943
390
1551
10249
8471
4885
5444
9288
2561
2673
5175
10926
664
11215
3684
4504
7899
8745
8175
11055
9262
11397
6931
10299
10446
2556
5985
5428
3875
4469
6625
9446
912
1616
4192
9148
8815
11304
3323
9062
7775
1038
1052
2546
5440
6824
11098
4310
10860
5114
8777
5273
9303
6683
1772
7021
9663
7297
9793
3273
8894
4593
10173
5177
3591
4858
11463
2159
2611
10782
8734
3535
8402
3387
6887
4175
11203
4583
10922
7957
10162
11293
407
1115
6101
7062
8829
2340
8889
11174
7680
408
3696
6710
3636
71
4274
5625
5446
5345
7069
344
6685
5957
2886
10304
5475
8439
5574
9992
6677
7930
8060
8142
7028
4207
3547
2129
4078
11266
2686
2323
454
4488
3606
4053
1323
2815
7839
1908
2723
2817
9387
1001
8337
6015
2477
2136
7591
3066
1360
11796
6845
9726
3609
1110
4386
7488
8619
10217
6975
4599
8490
3440
7340
309
10204
4249
3725
2171
8563
1387
3654
6737
6990
1503
11825
7968
10226
2743
