9617
7805
1796
11399
9368
8654
4843
4749
5258
6078
6920
1076
1720
4376
3804
537
5460
10726
3279
2074
11890
10838
6662
4991
1728
9591
3210
3743
3676
9883
2882
8843
9286
9299
5567
8215
11090
4710
10272
3024
10749
4262
3122
6674
177
8308
5937
248
2713
4974
8390
3757
167
5114
4947
1515
2777
4984
1365
3811
10413
9851
4329
9343
7360
835
8453
1777
5547
927
7269
8535
4339
8553
3421
10287
76
7333
3159
1889
2204
3639
9417
5957
5414
5164
7397
3976
4090
481
9956
2700
10605
4386
9758
4543
4098
7782
2411
1250
5947
4010
7396
8999
6557
11626
2349
3909
5218
5835
5079
92
11249
5329
7591
9361
3616
596
10607
2908
443
3298
2631
9223
9355
504
5787
1461
1804
7245
2975
4972
1261
2621
11465
7341
2534
4736
3777
11359
2937
7067
8190
2313
10052
8846
11727
8432
6979
4770
432
8321
4796
5959
4406
1493
8280
5651
6015
680
9352
946
5266
1989
11104
11679
3391
4402
6151
8965
6707
3719
6843
5725
1122
5281
110
11538
3440
10714
2955
2464
2967
11294
11365
6466
6237
5952
9628
1933
11245
5171
1963
11742
9988
5088
1613
4990
5783
6989
10610
1536
7619
9320
4853
282
6101
1837
4960
5415
8763
2942
1630
2978
60
9192
9876
8611
6642
610
6514
1783
3213
2321
11840
5839
725
1830
11778
9832
1741
3829
11063
7740
305
7897
11853
9555
8262
9292
8117
6849
8840
9612
8380
2298
2811
2567
11217
872
9057
6281
9616
6655
11014
6241
8745
5680
7676
8315
5887
9580
459
5237
4303
9316
11226
7817
5479
11426
5793
7622
8399
1323
10791
10660
6438
3989
554
9553
2112
11458
4721
8710
3870
10215
183
6812
3817
2596
5653
2042
6516
9957
3057
10030
6871
10399
9590
10589
9183
3966
543
7609
4604
1516
11029
4389
4830
6185
9879
8346
974
1294
4290
5284
1772
6081
7045
2441
9281
666
1366
1143
5395
8922
11540
3291
2590
1664
10837
6212
6483
7688
9741
5527
10359
2753
8461
8647
8682
7310
4615
796
7081
10206
9772
9765
3113
8409
2072
11815
5944
5368
7896
5476
9072
1224
10395
9578
10508
5195
3648
2780
446
8872
1298
1544
6377
3383
9151
8248
9202
7674
9624
3134
6509
8302
4895
10644
1822
3843
700
11125
6720
1792
4079
11087
296
1101
11257
3874
10795
11602
3750
9589
10799
8312
765
3995
11527
2689
2299
5781
2875
8025
7687
2565
3488
5556
3438
3924
11280
450
10892
8944
7044
10013
3225
11031
11556
491
9559
1116
39
5687
10734
457
9418
11760
10633
5450
5032
43
5884
3669
1988
8531
8189
11176
6617
10027
10474
9157
11793
1141
5190
7472
4899
1014
7594
11077
8972
9928
4257
10485
8087
5722
10762
1812
10983
1410
977
6604
4533
10416
10190
7158
8573
5996
5462
2562
11820
9236
8916
11598
1400
174
982
6603
7843
1357
5487
5120
7902
2452
2604
4340
3861
4849
3765
10935
5666
10017
6235
11261
10435
6864
4384
2923
7509
7170
2337
4449
4880
5143
1183
1287
5050
9382
6781
3273
6947
7286
10788
9706
4132
6571
3622
412
5038
7585
11775
1599
5332
3716
8702
2974
124
9609
53
11627
9927
6124
6263
9402
8993
9130
11676
2985
5786
283
8768
4104
3239
5849
7898
5296
8039
6130
9394
61
8906
1499
5754
7283
8761
4237
2264
6621
11566
7570
3780
5553
10275
6611
11231
8597
3123
9574
5422
1272
10124
244
6740
6645
8887
1633
3944
11057
3725
11514
5421
10679
4258
6073
574
5002
5227
6562
8565
2764
7816
10867
8478
2796
120
9177
3453
8309
1097
2260
3084
10648
1654
9958
10684
4557
1455
4153
32
2944
4309
5616
8369
6951
10279
1973
4961
11274
10337
3145
9172
8194
9600
3692
4250
10461
6659
6885
217
8800
11803
942
7985
6679
4100
30
3728
2088
5584
1655
7374
5494
5211
6071
4002
10034
8334
9546
4321
8249
571
1371
279
10557
1635
4926
6121
9764
11612
1282
413
11172
3753
404
8437
7672
1959
10846
4574
9203
6095
9467
5253
10614
4038
6295
11373
8404
3042
11481
4776
10922
10547
3458
8286
8336
1736
2847
4068
6068
5255
10841
231
7615
11304
6598
9087
10899
4504
2664
1010
3590
5141
6258
4398
6172
6469
636
4589
4142
7083
7475
4937
2637
5386
10609
1360
6092
11855
11732
2861
325
10391
197
5489
3026
8251
929
6686
4705
4508
8731
10390
1280
6971
3246
6701
9279
5347
1776
3197
10338
3836
3076
11415
9748
10259
6312
6957
137
3070
5030
5686
4122
4642
8973
3407
5710
11690
5790
3848
2369
3282
5883
10554
11288
11661
7134
3396
7484
1181
4471
8726
3235
727
11861
1764
9047
4374
2130
2809
1240
6629
9193
11073
6928
418
6022
5011
7024
10549
6332
2947
2054
319
3724
10774
1771
6219
3658
6671
462
10920
10743
8256
754
7844
2538
9944
9471
5853
7271
8774
9788
6411
2317
6982
3526
10274
11048
3004
7926
3429
10141
11270
10582
4560
9949
698
5597
4844
4496
1342
3127
8152
2461
4561
11298
4355
9476
3854
7440
6548
1057
11647
5080
6268
9107
7013
4267
1927
5936
2261
2787
961
5314
326
2415
4803
6117
1888
7436
11107
11443
1934
10704
3928
9835
3341
10551
1096
3731
5931
3965
8777
4205
8467
6802
4120
4131
2469
9731
11451
8762
11516
1913
11748
10176
4019
9948
4891
10019
10716
4070
2027
271
3629
5305
11184
11684
6880
2916
6131
3513
5129
5517
3028
11453
7804
5640
6140
6016
7813
8778
1629
1903
11596
22
3727
5418
7776
3177
643
9138
8784
8694
7455
7797
6996
1596
9836
819
3394
4911
9144
3813
783
1662
2776
2898
6638
6613
297
4184
3336
10994
7224
7494
5135
4727
2820
4487
2688
11475
1492
3375
8444
9477
2352
12
2183
9727
3860
3963
3202
5062
6584
6072
6691
10751
4596
10392
8052
8468
2266
4686
5844
674
6243
9627
5205
4369
6992
1829
3237
2808
3002
1956
4513
9897
264
7748
2405
6292
4261
4121
3229
542
10276
9654
2979
1994
5456
1053
7361
1426
371
7627
8513
8316
11417
10985
5552
1995
6949
4009
7007
3046
8917
1132
3164
7766
4956
4877
6925
10801
1418
631
10542
4582
4323
6931
11105
11796
6240
618
8259
7754
7481
128
4275
1843
8639
7458
4810
5275
1874
564
6250
8608
9786
4465
1652
1925
10162
7066
153
8156
6105
9692
7970
1556
6566
7187
11835
8219
6760
9542
6266
9564
6217
7030
10882
9200
8989
1081
8882
2253
6991
4141
409
4992
748
11155
4966
6772
10630
10853
11116
7145
8438
1521
3307
1417
3825
6406
3891
16
11238
10046
4730
4900
5344
2922
5855
8351
9170
8624
7268
6369
9375
4720
8247
2965
11635
2696
10744
10672
1722
7637
1150
6347
11153
6658
232
9520
11573
1505
11119
7327
7527
10958
2137
7767
8670
5988
3868
9953
2900
8691
2207
2354
6460
4928
1757
5324
422
11510
3557
2830
7364
10290
8831
6858
6549
4181
7866
4595
7000
11919
11112
6729
11785
3170
2824
8065
7217
7521
691
2850
152
8005
2099
10445
7186
8870
329
6887
11421
6224
3788
10004
6339
882
3660
9483
3339
201
6039
1520
2152
7312
6142
7800
4494
4802
25
8860
5532
3175
5882
5235
6894
5175
9215
4474
8659
7664
8769
10169
752
1659
9252
4734
5535
2217
5762
701
9313
3485
6824
3664
74
5583
2507
11878
8107
6785
7932
9875
1351
6074
9872
3233
4110
531
3405
6357
10409
3601
5737
9444
1027
490
9782
1478
11260
8411
2120
7734
11581
8094
10559
5977
8191
963
11734
365
6980
10945
2326
8187
2839
4052
661
7446
10343
11388
9730
5052
5124
10696
7855
3980
879
1244
5703
1435
7881
9626
3320
6865
2355
4333
5488
3335
5909
2848
2515
8711
7657
7219
4879
6681
5493
9023
3179
9840
3772
10593
10202
969
2294
7461
9077
7709
997
11818
2610
6064
5225
5367
3141
5827
4995
2378
1149
4035
11570
5755
1085
764
6769
8497
6316
10612
3858
5701
5490
8590
11120
4654
3776
8
10991
6825
7571
3882
3428
10482
6432
3353
11903
10312
2752
7845
8155
1517
6976
6391
5522
8320
10750
11008
8666
7880
2964
10412
4162
3984
10344
7173
5289
7714
9323
6950
2366
9079
3165
10713
3402
8386
7700
10089
10363
8239
8875
3857
7753
681
2760
1966
1346
8974
8144
3031
11824
8795
1319
6209
5625
2676
6177
4521
8806
360
10844
5144
118
9666
6563
6341
9938
3148
4697
2168
8783
3556
1580
3566
9145
5757
3364
11883
7287
9461
6607
347
3524
641
11236
11343
2849
10305
2606
6229
3469
8111
7477
1694
5466
6017
9853
3064
7119
4916
6712
4044
5119
6178
8649
1074
5942
2646
696
9470
8352
3974
5113
428
2186
9244
7999
753
10092
315
11530
4101
2432
4706
1433
4299
11830
11619
158
9667
8204
7226
5279
2853
11575
3274
3537
8292
8465
3683
11412
7247
8303
5122
5387
9255
6137
10877
3184
5771
8950
11177
7265
9378
2085
2766
9070
4759
9718
345
8512
8674
5274
8407
5816
9406
778
2845
6855
4855
8383
3668
4699
8957
894
11324
5306
3670
3582
8822
10970
2569
8310
5046
10454
9952
5437
7135
4517
6519
597
1260
8758
2457
5819
7211
1204
3929
6143
887
6666
5579
2963
810
7309
1447
10172
3095
8865
2919
3517
5842
2983
11452
5273
9330
6061
921
2106
9354
5697
539
2249
2968
9429
3531
410
3066
627
759
8457
8837
9998
7248
4958
8085
10180
7384
10281
800
8857
7036
2607
3527
8104
7885
2300
5784
3217
6527
2653
812
955
838
8233
2009
6405
5417
3489
7143
8095
11689
7961
11287
8216
11643
9747
5269
5954
55
470
4279
4170
6653
4188
8954
8474
11214
8078
7367
4846
11649
1591
218
11806
10590
11479
4773
9533
143
3125
265
474
2327
9569
6673
478
10036
8337
7582
6859
7390
4838
8620
11773
5562
8689
8832
6587
2746
10562
1466
3866
10311
9993
6783
7634
378
1026
10179
7109
4815
3956
9581
1559
6806
1106
4274
10540
8154
10576
49
3930
4491
11178
1500
8151
1815
11779
5280
6857
8373
3589
3260
8455
9857
1948
10546
9823
3739
8416
7935
2896
6884
6404
3015
8205
7546
831
1997
4103
7468
7212
556
7568
9409
10429
9401
5717
4283
546
1339
11844
2022
2516
1732
4363
6005
5694
1304
818
8319
8374
7490
1131
1475
5742
9106
5256
8896
2792
10460
561
3619
11123
4218
11609
6685
10111
6322
7575
10059
8296
2093
2005
4388
4755
5658
1852
7433
8270
9937
5700
2478
1773
2138
8020
6877
11650
11132
5814
3689
6583
7274
8181
291
8490
7827
11409
9954
1795
864
2825
5627
7689
7306
2661
11867
9458
5655
3370
5750
10483
1768
11292
3564
4136
6154
8929
4434
4845
2175
4607
6070
4428
2422
6296
3685
4305
959
2586
7511
7595
482
2462
1328
1960
7238
6532
11306
2951
3946
7941
7133
8109
816
11688
4448
11789
823
10378
6232
8680
2084
9896
10938
113
560
10410
5971
3990
7555
625
1921
3317
1222
5473
1172
3344
10327
2660
9464
10998
7738
3950
3144
306
5639
8110
8489
9017
7944
11678
9505
3915
11130
11295
4375
6823
1698
5777
5216
4493
3812
10818
10051
10730
590
9781
1117
5670
10529
343
3003
7050
10782
7850
187
2377
4397
832
7123
3972
5039
4468
867
1243
9212
7541
7031
10709
4463
6275
1288
5352
4014
1431
7021
5442
8063
717
4378
3294
2211
9199
2353
6239
402
5749
10450
10108
1558
5726
11871
42
6960
5917
8919
3153
4602
442
1258
7795
3025
6133
5405
7266
8592
7343
10909
9729
11930
1109
2585
5101
207
4214
7410
2442
1064
8782
8526
3846
2959
11670
5778
9787
10664
5230
2902
8260
11235
4304
1094
8855
3549
3847
1144
3257
4072
5864
1239
7053
2926
1883
8619
3709
9843
2941
2524
1297
9030
11692
146
9625
3476
9
8093
11693
11265
3400
7249
3126
5330
1928
569
7987
2907
9496
3107
9848
7035
11752
685
9056
6903
2936
5938
6299
10421
2795
3289
8213
934
9838
9994
3543
8160
653
9924
10948
2498
7335
6725
2272
3447
5429
5365
2707
10264
11837
8231
3657
4281
3771
3514
1644
6765
7955
4277
9920
8002
6737
6505
3911
2517
3714
2158
4510
9936
6574
8884
5112
2488
10163
4587
1567
3862
11474
4637
6537
10424
8299
8528
4204
4308
6915
5343
5662
1134
591
5420
5673
2235
10533
11531
2243
7300
2856
5182
889
2176
11456
2675
9933
5529
10069
3949
4029
9679
4331
1212
8423
2885
7949
10164
2218
3474
4445
6434
182
5943
8732
11657
786
1533
9293
2589
2162
157
9165
6335
6773
2927
7903
5756
7400
6415
4572
10123
8439
11179
10318
3762
11093
4185
8858
7429
7965
2997
3975
188
9623
5704
6746
527
9197
5785
2877
1716
3049
3802
6502
5447
4123
10099
9191
1908
10486
1422
11027
9852
7704
6344
9173
8910
1690
9874
8580
4327
9570
1302
10116
311
3086
6573
6301
8621
3576
7432
104
4460
1620
368
10265
2389
1199
3759
7756
3770
8630
1002
1546
7977
11163
3705
8278
2563
8245
9524
1180
3091
9752
10156
2203
50
7794
11135
2961
8388
1801
3272
3717
10289
5719
663
881
8596
10459
5789
6818
6047
586
4260
7467
1211
1765
528
6680
2668
4069
5978
1044
2711
2141
4314
35
5807
4745
10152
1524
6066
2897
4967
928
2000
350
1718
6134
1958
1486
6314
6667
4854
901
11078
5317
10578
5608
10912
809
5557
5624
9565
1604
3904
11349
117
6944
911
6511
4959
1519
9435
2090
3532
10368
9807
1597
492
8382
5082
2671
10128
2113
4559
9641
9670
1229
3943
7909
2312
3367
6054
6059
483
11234
2531
9815
9658
2202
1428
10701
1932
7347
4747
1939
1554
10514
2238
5063
1363
2290
11807
9067
1009
7057
11746
9403
1506
5078
11490
1798
147
10876
4988
3935
8123
11449
1758
9230
5206
3959
8139
2823
10735
7870
8403
18
7435
2073
2400
8695
3954
792
6730
6870
3450
8446
2170
1114
9224
4399
10262
705
5935
5217
2139
10446
8613
2401
3143
908
8953
2134
802
3362
2466
611
5271
938
646
2010
672
740
2568
2004
4996
7251
11617
6270
6021
8675
10237
1907
7466
11703
8787
10139
7573
112
10670
2234
5137
3793
17
9149
3733
7620
11929
8410
1020
1752
3871
5894
5353
10522
11737
10516
5188
9437
3522
10376
8072
8747
7215
4295
448
6796
9373
10174
6552
9614
6921
9472
2062
5776
10228
8214
4234
9922
3511
7324
1695
2335
1379
6714
5791
9397
3470
9426
2256
10380
5441
1453
8010
1610
1543
258
11427
3198
10680
1174
3570
8861
2375
4435
4004
8627
5823
4627
1110
10257
7990
7833
7652
9466
8200
8773
6329
7829
3305
6193
5815
671
589
164
10415
8908
1855
3519
3104
11814
8084
438
11817
2656
5950
2844
1679
5106
1314
5898
8358
4790
249
862
8022
2221
8217
7525
8923
2003
8617
11345
10283
5004
8306
10037
6661
702
11450
11083
7948
5174
6477
1564
918
1255
139
7262
3506
5731
1198
8781
8425
3023
4370
6186
1265
5234
11149
5866
4644
7476
8130
9703
8281
7917
9552
609
11704
5214
4606
5379
5644
8507
5893
4630
427
1531
4767
9968
3584
11879
4222
9725
11445
2371
4940
726
5683
7116
11933
4535
751
1369
8229
11927
763
2770
4976
6540
9319
10452
7884
1075
8486
9261
4965
4046
2459
7163
8090
1269
6429
11925
10617
3498
11741
4439
3277
5569
10112
10544
3266
2506
6504
351
1759
6735
10651
5759
1052
1469
9710
4998
6175
518
2035
3591
5316
7055
1168
3245
6630
2102
4269
9989
3432
3264
10008
4656
9671
11537
8494
7379
9753
4806
851
2289
10756
5146
4286
1189
10591
11268
4008
6183
2140
8244
11174
2804
9351
9538
7120
3698
10489
6536
11328
2744
11461
4904
10438
4661
3823
880
4047
7167
6463
9367
1089
9360
1155
11102
8546
7339
8037
11012
10433
133
11391
6188
4041
8868
6643
1929
441
4903
11476
11329
4093
3196
11030
9802
6866
7018
7701
7821
3349
8452
1816
9448
7221
1789
637
10748
3227
6157
7838
7931
9075
9431
9272
1033
8572
4061
5410
1434
11232
4821
1723
3643
8567
11165
3578
587
7349
6479
10201
4999
10270
3764
29
658
10244
5953
10515
10471
6836
9058
5467
987
6184
8221
4536
4939
7645
8004
3583
10232
4825
6907
3157
7465
7040
8322
7354
5619
5321
10835
9384
3192
5192
8430
6080
9009
2413
10153
11723
9076
6578
2704
2485
3399
2737
9572
184
4819
7666
9969
5436
876
3586
10656
3093
5125
11564
10917
2370
1338
6969
11414
2962
6553
4037
9763
3016
8242
4025
1972
253
5223
11242
8677
4707
1377
129
9685
11444
3361
8599
3255
8704
10093
8943
7488
9438
4082
5183
1614
8751
10241
6319
6816
4711
5645
9514
7745
11682
9537
3501
11334
5695
8667
8594
3292
645
11646
11711
8939
10645
8166
3726
2638
2127
86
7649
3484
11058
6141
11869
9139
6363
9711
5826
9613
1744
5761
750
2350
9587
11133
6462
7910
10342
7820
3678
5997
6182
7194
2029
2754
572
9606
10147
10754
6538
4638
9657
6682
9498
10184
11382
919
11271
6373
10341
9829
9864
6416
75
8743
5035
11034
6565
10109
7091
9527
4737
4769
346
3462
8864
11620
2030
8894
11868
8045
761
3987
8495
8602
8924
4935
6167
5158
2387
3296
10418
4247
2952
5600
11326
1473
11011
10705
8503
7552
3901
4817
7239
373
5507
268
2016
9267
6797
8651
2840
8724
11613
10655
9348
3504
10792
6453
9700
10784
7712
2909
3195
468
88
629
4058
5130
768
4977
7576
9691
4840
2026
11859
11146
3574
4754
7834
891
7240
10971
2196
1011
9206
2925
1998
5708
8491
926
3194
6234
4763
83
1078
1425
5478
3932
151
5669
8793
11028
10495
6307
1902
1230
4150
4512
11383
8344
1542
7227
342
6194
6917
2219
4040
6832
10394
5318
4135
598
9242
9878
9092
10301
8827
7370
6605
1158
7012
4645
10996
11816
3173
3573
7329
5730
2946
11082
1980
8807
4701
5677
8658
4294
550
10130
8715
11276
2144
6791
6007
5906
10632
6221
1710
791
7355
8767
4429
4200
3555
3988
3794
5949
9918
8834
7608
4973
3986
1583
7237
4725
3749
9652
10931
6543
3548
5406
3826
9442
4780
10154
2548
8968
533
7405
6795
8172
8218
9766
11046
6465
2854
2914
7294
7698
602
11764
1910
7618
2629
3310
1811
8082
4566
3955
2330
8825
6722
1206
5239
10073
11047
5508
4757
6727
4022
9632
3463
914
57
6821
5745
9551
259
10724
6129
7550
9528
11846
241
10159
2467
4565
155
8874
8285
2831
2037
8047
2417
1352
8274
2873
8482
11680
1680
10282
7369
8033
1592
906
9530
66
7487
11025
1685
10847
1018
3384
2765
5457
6412
9577
11397
8866
11836
2860
6965
3414
1637
6342
11251
1416
9509
7887
4077
9846
2878
2994
5431
7482
5155
1992
7431
4634
8448
4696
2620
10183
1133
943
4978
11767
3427
6139
8332
9576
9732
8069
924
6881
1575
8729
6995
4558
5537
8842
11219
970
358
10103
2372
5922
5246
4826
11534
2155
3065
1409
1555
7832
7443
4889
389
3505
2047
7074
1774
10055
8789
6018
310
8521
1751
11467
6508
8291
11436
5142
8193
10688
275
4349
1024
2821
7942
9263
7280
3978
9856
3832
1595
5000
760
10555
10897
9013
5354
5946
8648
1735
429
1562
11662
11424
11637
8224
4426
10986
3303
7889
1578
7492
10100
4820
8835
9501
8661
11902
9121
4781
5057
2886
2205
2173
5821
10571
2763
8854
9915
9682
11636
850
10541
7353
273
9018
7270
4771
9634
7408
1087
839
3656
10765
7501
9380
5622
4203
3853
10458
5585
6551
10715
7357
9881
9985
8942
7693
8744
7191
10067
6924
4514
4182
2971
163
10712
10689
10091
4152
7504
9134
2041
3088
9608
952
21
8839
4322
5072
896
6273
1349
7203
3539
2319
5136
1502
4691
9040
2231
3482
9225
1897
883
6853
10895
584
1689
2678
6719
1866
7250
11658
11931
5612
11103
9032
7127
6500
4048
10836
8886
5
7122
8746
3756
1938
5042
7524
8140
8980
8640
7658
1050
10711
6946
10372
6309
562
2846
3211
5021
1530
11016
4051
6003
7710
10349
190
9870
7732
623
7290
5337
10950
6808
9126
4591
2133
5772
4240
8643
136
6303
11457
1624
11348
5424
6958
1164
8977
689
101
4273
2888
267
257
10741
2105
7207
1449
10550
8655
11327
4598
3108
3152
1065
3169
3888
5197
6831
5270
3844
2058
10470
6484
5521
9728
2628
3214
3828
805
9326
8018
2618
2063
7366
2509
3886
10362
234
1285
6618
4922
5191
7721
8394
1446
2250
9300
5486
4779
11060
8353
1042
11347
1749
6414
9662
11439
9744
11694
3443
10623
6606
11250
19
9196
3575
9981
4908
1124
7275
10411
6050
5919
5963
4060
10675
1254
8665
9371
3200
2147
5180
9935
4518
2447
6987
8001
4832
4172
333
6569
3964
931
11768
5302
8517
5900
4927
947
11193
1119
3186
8083
436
4527
5058
6207
8293
6490
6547
5678
1697
6626
5550
4492
2495
3253
5163
1974
8041
141
3970
5984
4411
1412
9443
8684
7601
10417
922
7282
2310
8817
3154
7157
11143
3103
5033
6274
4447
7114
8092
8985
7295
281
4590
9385
6822
6056
861
2208
11369
9754
8673
10502
6480
3607
10325
7865
239
4765
9932
7584
5928
10076
7371
4610
6579
4943
4724
10371
6631
8722
9195
3807
8016
8581
3516
7703
7646
3945
11691
10148
1092
1967
4829
5587
1537
4074
7904
3763
4382
392
9990
4405
3547
1341
2740
1278
4569
10676
10178
4006
10246
3411
7612
1467
8170
11893
1917
6501
3129
5495
2181
423
1242
11708
4646
3228
8099
3785
11206
6114
3792
11159
10968
3459
937
7831
8900
10761
5220
1756
10953
581
544
11275
11319
845
3465
3101
7042
9111
3073
8129
269
6361
10326
3419
4858
1857
6619
1628
52
11267
1054
6489
1780
8379
11118
1060
9861
9268
5804
6763
614
131
8681
11094
5941
545
6660
6854
5351
5020
11296
10654
11712
11622
453
9459
6810
10510
10790
4836
6155
284
2945
11599
1305
8891
1376
4839
7181
2731
11695
9908
8199
3112
3461
5939
1504
2726
11002
4997
8586
3360
7911
4012
1601
2028
5301
11323
8518
8756
4343
11665
5748
11005
10254
2080
5868
8264
1362
11771
4490
5916
1600
3323
10011
9693
1996
9653
1251
8282
5970
6205
7104
2581
1268
5292
381
5880
431
11279
7957
10849
8174
1154
10286
8933
11069
2223
4883
8372
6850
904
7112
10620
6542
2712
10235
9116
784
5202
9675
573
11053
7718
1120
1386
6709
6125
11162
10657
10014
1200
11215
7547
11583
9757
8699
10572
11884
1091
8737
10307
8809
3357
2616
11847
1647
2116
2314
607
2492
5565
9745
7743
7630
5879
6201
2236
5728
366
8267
1642
2265
3372
9740
9089
8821
3967
1464
7792
8730
9601
7633
9637
4265
5792
5308
1066
11158
1102
4005
5326
4231
8615
1309
10807
7644
11766
7933
2212
9905
2184
1926
895
989
644
10138
4867
4391
1115
1247
806
9687
3873
7590
11207
5123
1452
9066
320
1262
9254
4001
11841
10072
2450
7029
866
5458
9266
509
1636
8305
5541
4616
10860
3790
380
3120
10242
669
65
2154
3010
7686
7912
10397
7876
775
682
10598
6868
3114
743
3351
11578
1901
4669
9898
5116
2368
6352
11422
3054
1380
10537
5434
4628
5181
1676
2365
8810
6094
4789
1448
1048
976
6556
9716
9008
884
11772
10185
2420
3957
980
10133
7763
3718
6284
4694
11366
1986
9707
8340
5249
5397
4255
11686
3562
7177
3147
1163
2709
1156
4062
11308
6091
2605
3948
7867
2465
8672
5516
766
633
4993
3382
8456
7318
10640
1359
8932
4354
2341
11454
7974
5362
9463
3350
7028
5176
11673
5463
3401
1055
11331
7323
1782
8043
7543
7696
6470
9585
5901
9386
7862
1650
6110
11035
11074
10813
807
2499
3795
1890
4390
3712
772
2832
10828
2662
11666
5236
154
11378
3252
9423
3655
7529
4756
116
9668
8330
6596
11579
6041
4709
5108
7523
6525
8401
11660
3270
95
9906
2827
1325
2933
9064
9805
7485
62
4962
4380
3434
7416
7027
6264
3314
9882
2089
11590
2013
5897
5019
5156
6485
11501
535
7956
3842
6437
8493
5739
7382
7054
8801
5423
372
736
3624
6649
3642
4423
5979
3732
5484
9468
4210
3445
5635
8719
11628
2436
1006
11169
11187
11696
11139
2617
7757
4003
4893
6109
2095
4775
4059
9607
3610
875
747
7430
719
3789
5426
445
7252
3767
5628
173
1831
8064
7110
7297
9015
2866
3822
5688
7108
9497
9082
8057
1080
9594
3247
1003
208
1884
746
8269
4441
1497
5599
2743
1881
7731
10833
4458
8300
5972
5999
5152
706
6568
9548
1719
7464
5006
9462
10951
9307
5049
8812
11205
8339
3188
11081
2309
9120
568
1444
8036
10402
7419
8975
2719
3136
7090
1528
73
978
11791
3647
114
10810
935
5734
3805
3313
712
995
81
11364
10225
9962
5611
397
11026
1952
3580
7014
4337
6648
1
5264
2833
992
1177
5854
5261
8527
4873
2799
10122
8201
4087
9248
63
1509
5817
9961
3118
3518
8951
2813
7991
8108
4625
2051
435
6558
2161
6467
6300
11114
9181
11469
9540
10422
5874
7493
794
2200
9405
2750
2924
1609
2381
9664
11493
6990
4648
6778
4522
3098
9563
7980
6665
10330
4955
1329
5203
10888
193
1612
4584
9964
5053
8426
194
2938
3038
9226
7945
3520
7513
5924
626
3219
11303
7389
5825
10005
7914
2863
1638
3737
2999
6705
11489
11006
10308
3534
4942
1611
7921
250
10781
5973
461
8903
3036
7702
5121
8685
225
10585
9257
1218
5580
4318
10780
6952
4088
1007
2887
6914
424
9976
1295
11825
7762
1445
1987
4145
6595
8984
6668
5860
7174
5948
1355
10736
1737
7558
3285
10980
7325
211
3559
10407
5614
6918
5744
2066
1949
6833
5872
9158
860
3278
735
2991
6164
828
9859
3077
7725
5374
1688
2328
4913
6634
6916
7780
10625
5643
5623
10982
10814
9834
10984
3605
11269
8313
10207
1340
10511
9847
986
11468
6856
11255
635
6788
829
9970
10858
3495
8549
10768
4650
2593
3856
2055
9643
84
8514
9163
3545
9100
8505
10431
907
4751
8927
5029
419
2379
1046
9314
670
9016
8987
8692
972
3041
7307
6847
7607
855
9769
5207
8435
10885
9141
11621
3208
3119
2928
8625
3688
713
10229
11821
3251
2046
1964
5287
8361
9398
1674
8618
9187
9179
1602
7751
6088
4461
9063
4063
4102
7730
8609
7791
9972
5297
4031
7796
1923
4298
2694
6636
604
6930
10840
1127
6251
2399
1317
8718
3630
8071
4207
6242
5309
3603
3422
1793
11557
7172
9069
1640
5512
5538
1259
1088
11567
4568
11560
11794
5837
7065
6002
4365
4096
5870
10619
6819
7460
7340
2242
4147
5173
3644
8947
5531
6023
2851
9103
4444
10504
954
352
7272
9742
7514
1639
6820
8701
7178
2460
4503
1942
3696
10506
2556
328
11709
355
11004
10884
8516
6427
13
1263
5554
11894
5459
813
210
4271
6127
10568
6350
9249
4361
9767
4505
7577
4408
4678
675
5092
11813
3340
4206
3106
11259
697
6530
6581
1201
4804
3837
9694
811
4548
10105
8126
7963
8028
9338
11408
5045
1432
10125
3089
4164
6083
7562
2172
3969
5036
11141
4609
4525
8959
106
11197
7313
5504
7764
7518
5920
723
4165
9507
9304
7761
5041
1799
2011
7750
10960
2194
5157
5930
599
9982
5525
10090
8550
1859
6753
4918
3078
9474
7809
1231
5896
9061
2544
2424
6333
5962
3121
5578
260
2602
8362
583
857
11183
7874
2540
10016
10759
5873
5408
3398
8427
9892
2892
2402
6203
2017
11913
150
24
6694
8631
2769
5895
11875
8544
6635
5967
4948
11466
11370
8333
2986
4118
11145
4714
6498
8029
6860
11376
8161
11121
11302
7166
6392
7846
5736
9053
10082
4306
8031
5568
7542
1125
2571
5857
9416
821
5945
7130
9269
6970
683
9381
10048
10830
1483
7316
11350
1836
8902
4586
10556
9334
9512
1968
10694
1208
9858
3838
1022
7117
10690
4526
2883
8355
1645
767
10766
7560
11213
6745
4545
11850
6049
11071
11471
7253
3560
7777
8881
2730
2793
1693
354
11669
10577
51
1984
10296
10224
4890
5856
8418
6985
10491
6862
7263
5127
8690
7596
8883
5201
1423
4197
7020
9315
7350
4971
2576
7315
1482
8876
5409
4662
440
7004
9400
576
8360
10932
5763
8034
5689
8502
3027
6097
4601
7025
7557
4739
1001
1748
3634
7434
3741
9365
9659
5376
11393
9280
8979
6555
196
770
6077
1063
5571
7010
2361
11811
8757
4455
6700
7232
1248
2761
2486
10854
8555
8158
8343
3374
2151
4195
11435
2182
10954
293
1899
11229
5932
2552
8105
2293
7285
11377
4881
7087
9162
10088
5359
4655
7086
7873
11361
4876
309
11431
1205
6981
10642
6986
9349
1419
10677
7632
10086
5907
1281
7640
9353
10432
2520
5244
690
11642
3373
7205
11342
1838
9344
6348
10650
2103
11558
10095
6106
10132
10856
2706
10457
140
673
2453
8349
2440
3835
11144
6792
8543
8524
11354
2160
10700
2308
9987
8030
20
2287
7017
1162
237
7819
11151
11208
4599
4190
9633
5610
9759
11254
8476
6897
3478
3808
8443
5709
11297
3425
3137
4043
7775
9484
1429
7532
9795
11277
5838
385
8958
11404
4746
1310
10584
2124
10367
11067
4807
9648
7288
3048
8646
3684
11535
330
5773
8134
7964
9717
405
10587
9350
10543
2285
10464
1641
11610
5389
2579
3722
8237
5243
3171
11309
6051
6433
4317
2622
67
6683
9176
4841
3062
6
3587
11870
8118
9605
6173
6959
10597
6892
6304
7915
8969
5630
6285
8059
9270
2416
6899
1957
7034
2686
2682
7386
3701
9755
5723
4929
4901
9645
1527
9510
5800
1071
3768
826
6520
5222
10745
3050
2701
9259
10353
10639
11763
6425
9973
2591
1147
8878
1618
1019
6208
4313
1814
8276
11802
11416
7928
5637
6560
958
5803
4244
10977
2258
608
1970
4057
2632
1274
5339
3738
5691
4086
4712
7140
4433
512
8171
4500
9951
10538
8032
8638
8612
1982
8765
10064
9673
4885
9894
6211
7994
9629
6278
3894
5960
10519
3166
10673
2340
3410
8318
11777
7169
8797
11733
2033
3615
9260
6163
3611
7195
4289
11353
11503
7220
11339
7314
5403
3132
3493
1665
6276
2001
8188
6149
11740
5451
1000
6118
7414
6841
299
10685
2358
4015
4023
7989
6716
8754
9374
7719
1069
11790
3081
10863
11211
11652
10961
8561
6378
4898
4762
9273
3699
6265
10026
3706
1755
1439
82
6473
617
2583
8836
5105
11918
11921
11685
8552
8788
10035
1402
10239
1028
8676
4127
6343
220
3831
1029
3810
7599
9473
4715
9604
5727
8802
9914
6179
8462
10000
7449
8081
1587
7322
262
9388
6794
11258
8500
11744
10352
5544
991
2201
7924
5208
6744
10497
11905
9318
5590
4216
3431
8122
6033
6107
6090
10588
10896
4253
847
6262
4030
11344
2386
5325
11542
7976
9164
7840
11156
9828
3636
9453
5219
4835
7739
168
9264
11524
8424
369
6160
4324
9303
7450
11266
11033
9610
3097
5523
5987
2419
3014
6220
1666
837
9152
497
11201
7359
11706
4174
10253
9649
464
341
5779
2643
4576
8848
9154
11891
4567
11472
3404
11908
4660
1139
9287
5899
2884
1863
11782
9213
11117
11140
3796
11052
6670
5104
4113
8454
1833
3321
3203
8398
8173
3013
9414
2185
1082
7636
8142
6037
9332
7505
944
10817
984
3839
7372
5560
1176
4385
9160
7403
6353
897
9992
8557
4540
3827
11039
1334
1481
7076
10821
11100
10358
9588
9109
4099
10094
722
5657
11781
2024
5969
8849
6706
5065
7629
7801
10315
525
3072
8209
10314
11175
4452
4814
532
1194
11128
4600
9598
3787
3234
7888
4752
3481
11784
6439
1398
5846
1878
1571
6457
6420
6210
940
4985
2570
7877
7171
11010
5841
6436
3998
2575
933
393
5260
10560
6397
11805
10531
8992
5607
1904
10883
2023
5455
10819
2408
5862
9060
7486
6704
7208
10973
7758
2224
33
10809
9506
1678
7192
11070
10725
11640
2749
477
4171
4689
1767
5465
4124
11360
3834
10580
5648
10599
5615
2669
10999
6895
2444
10028
4316
9088
2032
6417
1165
5133
1867
11922
3627
11517
1707
2872
11335
5976
8804
8061
10455
6144
10742
2496
9941
3110
9240
6934
1663
10811
2759
11045
677
4850
11007
1845
9335
4486
10473
11387
4534
3674
1656
3654
8357
9237
1931
6966
804
4042
3082
1321
7296
2741
2912
6733
11697
1714
1577
2119
1279
9029
7373
2477
2456
11705
3890
3540
10194
3238
8697
3746
10891
9494
1220
1169
7604
1221
10249
6948
2508
8741
5313
4764
9284
1219
4436
10815
3941
3418
11142
5546
3006
6708
10467
8532
9428
2031
416
5482
2171
9322
8930
7188
2627
5713
229
2899
4674
11667
5285
9504
11044
5820
6174
6222
846
7210
7841
6878
5179
6742
6255
100
10226
7852
3494
9340
2550
4665
739
11446
5775
6814
10868
458
6325
2718
3893
2929
2716
4133
11286
11759
10561
6784
1701
11761
4798
4415
5933
7736
9185
2703
11877
5115
9690
8960
5764
3467
6564
11340
212
400
6261
9253
2677
854
8780
7769
1462
3185
4292
2156
3032
1290
1568
5027
334
7605
9136
797
8650
755
11285
4902
11810
3800
9799
2277
2649
2537
1145
3039
8060
6669
9050
10861
7185
331
10797
9631
3190
4680
10144
5440
8889
1460
2490
1576
7628
8485
7940
8775
8578
11614
10331
9854
7100
2304
7670
11898
1569
9110
9661
1876
11624
7196
3059
11185
11315
11753
3851
6875
4968
1160
8116
6413
11889
4735
4371
6354
10530
28
5676
8040
5250
11926
433
684
6764
5903
4144
38
6031
3074
2439
9347
11330
7717
6911
779
1390
2772
1557
8508
10652
950
395
2801
8236
4542
242
6364
6936
7289
1879
1886
9211
9074
9337
7019
156
566
6036
10636
2932
567
10365
4232
5551
6351
7500
2956
8679
2307
11148
1790
5577
10898
1225
1518
7320
11563
4211
6657
5720
6721
2163
1541
1539
1545
5231
7812
8496
10763
9901
9798
2128
7234
9241
5955
7519
10921
3774
9356
8463
5388
4075
8786
4495
9289
1037
5743
3297
619
3466
1820
9233
7783
1739
10894
10691
344
2725
9028
2463
4252
1875
11224
9271
11507
10155
1175
7279
3221
1072
3430
7890
7344
5601
3487
420
8913
2751
1885
4907
10842
1573
11928
1440
10126
10805
5474
2533
3435
3413
9575
9895
1051
6452
10910
2836
4681
9721
4766
10456
7284
8364
10323
10890
7342
2512
9735
985
4134
865
9469
5370
10221
6582
4106
6614
475
6382
4936
5847
1501
9669
11736
10601
58
2270
11758
9639
11320
8853
7059
1721
10404
6839
4280
9996
7043
2647
11630
7498
5018
3243
2673
10832
2376
10606
11247
6933
7502
715
8230
5905
9714
1846
6600
4571
2195
9562
6228
3779
8153
9216
11593
5667
6366
6145
10234
1598
9043
8826
11674
6359
9904
1430
6310
6754
11321
11223
1870
9232
10369
9771
9480
8641
4672
11190
10119
9238
8146
7071
10911
2582
8112
5990
2815
8472
9027
1463
2543
2014
8431
2577
4175
7642
3206
11910
4852
8255
11346
990
11072
10937
9011
6180
3801
4083
4360
634
6122
7825
1824
6028
11273
5282
3940
2455
11629
2802
10662
2812
10024
5638
4208
1683
8563
10300
6199
2757
10526
2190
10165
6158
4614
695
3324
10747
10523
4690
3936
6401
10866
11604
9038
5170
1724
7241
6736
962
9078
6079
3160
64
10238
11780
3898
5617
4801
11483
11848
2449
6639
11429
7098
3280
1709
4679
6119
11852
1912
11500
6249
8852
7368
7356
5588
7848
6803
9862
9739
9004
9825
10023
6521
6181
5349
9871
7385
503
7182
3067
6904
332
2987
2333
5660
3707
4717
7409
2020
5161
2259
2806
10066
5228
10786
5194
10113
3730
2412
4897
6652
6624
295
1965
6206
2359
4310
6161
979
484
11106
3475
4501
5335
6113
8964
3403
10981
3840
2810
2065
4379
8901
11099
1470
6777
7995
8275
11166
2002
1660
1490
10816
2672
3912
3781
8396
224
9907
3508
5875
11095
709
2484
7665
7593
11301
8976
8792
7479
11209
5377
11379
4180
10074
5369
5809
5890
11616
8325
10596
7929
7229
9125
6176
9422
1565
2913
1746
4400
616
5843
6355
4358
3426
4221
4979
11021
5940
10440
9006
4422
6062
3040
5558
8814
1056
6057
9850
6830
941
313
5877
1547
11372
8132
6259
6294
3007
3618
803
5043
2940
4632
3993
3168
9044
8921
7388
1734
11188
5213
6993
4311
4617
8048
10373
1415
1832
5117
8867
6302
10161
1245
11199
466
7537
7141
2683
4719
7671
4580
5555
10887
7155
9536
1507
5780
2501
8464
730
10419
5618
10729
4168
530
9085
4980
10778
549
7200
1775
6385
8135
4348
5283
5477
10592
1826
2
1743
399
9054
3286
6380
4225
11003
788
10110
1311
11491
873
7393
5540
9124
6782
5443
9099
4554
7079
9305
8471
3715
8635
10879
6260
6999
6148
1522
2727
9720
2251
2296
848
10277
11631
11804
11776
3633
8479
11572
3962
8067
5189
7070
4344
7150
4622
5311
5396
10683
2695
4300
10212
5986
2767
10695
1130
1407
6116
9800
47
4352
3703
6711
7533
9845
1203
2657
8371
9479
2220
11645
1008
7085
7673
5149
4080
5186
8075
2601
3996
316
8796
6572
4812
2674
971
2262
472
868
965
2775
3933
10129
361
7254
11687
8772
4592
1140
7246
7407
4450
7299
6084
612
7161
3327
11228
10333
10020
8162
9457
11831
1210
11899
7202
5168
4537
8195
7606
2149
1277
7039
276
11122
5698
7153
10865
7695
93
8484
4986
7951
5469
2835
923
1361
2663
536
10641
7180
1892
10498
6358
3343
1705
6513
7566
6955
6226
5263
10667
10205
916
6908
6247
10472
4259
6787
1553
10299
3721
4201
7538
3659
5048
5715
11300
2843
8268
195
4383
4726
5333
8688
9208
11499
2346
10216
8143
8918
5056
8558
2527
10143
877
9201
2115
8644
4451
15
1214
3417
7772
9519
5064
3819
10806
9779
213
6688
7830
2876
9586
10302
10247
6953
1871
7787
9123
2791
6724
3301
11672
5650
4467
7129
5915
7545
10621
6883
10430
10243
9065
449
11916
5974
4530
4312
10384
5732
1179
10324
2431
8460
10322
1070
7950
6374
4740
11419
7998
2434
10629
3536
1474
2599
7863
8616
3588
639
6152
1378
2367
9762
3592
10098
3146
5589
10915
1192
11477
9246
4470
4027
11675
6191
1850
3977
8733
3207
11528
4949
11702
1747
10873
4783
11194
5693
6132
1691
8530
1779
11577
9942
6923
1803
314
9516
7474
10079
200
8225
6365
9155
5435
11731
5863
11911
7273
7096
8055
1108
11390
7913
4381
204
5536
3546
10914
5520
10638
8026
936
10628
5066
7078
2805
638
7041
11433
9014
3596
7706
2166
1711
5992
11356
3849
1036
4588
6046
6522
2373
774
11589
9526
10942
4392
8501
7317
8911
603
8101
9545
11559
3379
4871
5832
10370
10827
1914
10769
3441
11552
5461
2742
7073
2910
3163
9153
11607
5240
5961
4564
1623
11351
11368
3679
9456
488
9275
5795
4743
3342
8905
4753
10969
6254
11111
10354
4556
10824
1299
7549
8623
1861
1785
3299
1696
3069
6025
10665
9499
5514
1726
8051
11659
11597
1847
7470
5564
252
8240
519
1401
2655
8961
2594
7072
9441
8483
11482
7168
7883
6458
10106
4623
11851
3744
247
10329
6804
1954
2421
5363
5134
2167
10102
3702
7986
5989
9860
11317
7565
5576
6402
613
8571
1161
6476
8050
9508
4353
4816
9619
1335
7060
11220
4797
7077
2729
9770
5918
2532
3953
5746
6214
2755
1800
3512
4613
9844
6927
10039
11532
4481
2409
9867
3852
10209
9547
5355
620
11281
4013
10379
6757
10798
7946
2019
2228
10777
3037
2874
8013
5322
3151
3599
3503
10760
6321
7376
8579
9638
5060
10829
8995
417
246
3017
5711
11644
9558
8628
7578
4438
630
10448
3334
6654
4618
6060
1396
4931
2935
4851
1919
9611
3542
10080
3019
7437
11809
10975
649
4791
3409
363
9665
5446
10493
2745
4288
11423
6198
7448
2523
4860
2560
2778
4424
4000
10303
8164
1671
5109
5845
6317
4296
10527
1627
11430
6435
4785
10604
10490
6394
4608
11783
6672
5103
973
2891
8113
8738
506
396
4981
899
11455
2587
10722
1381
10871
9298
7447
10186
10145
3682
4169
7544
10579
7084
444
10475
8712
8397
6204
5797
2357
7062
10783
10009
8196
5276
5373
4575
538
6577
11715
11888
10291
1511
9097
4045
4367
11284
6245
4155
7022
11895
7456
3408
718
11371
8955
8509
8177
577
1649
2142
11886
10462
1414
3824
7131
11405
4728
2429
6326
10199
7586
4531
6334
4620
1699
6454
2122
8664
10070
1389
6089
8721
5402
5361
1797
1891
4827
7600
9515
105
10131
10168
8272
176
2471
3021
3149
9535
9940
10635
8133
6852
2829
2407
3595
11592
8523
3288
956
6048
628
9214
1700
3130
3035
10250
1935
10258
4828
4084
3708
5241
6801
451
9436
10974
4179
1485
263
9761
4666
553
7799
2269
7406
2917
11386
9517
781
9156
7899
7895
6758
11496
10627
4933
2114
1167
10196
6075
3937
10056
507
8311
5382
8828
7459
1443
8365
11750
3156
1023
1382
5147
3491
1579
2410
2343
2651
11160
4194
9596
9630
3900
11168
473
8785
2012
2157
4111
4213
9689
1880
10753
7778
1186
1327
7886
11698
5268
7747
2197
1523
4346
2652
11585
10233
3083
115
8892
5392
9724
8287
10794
917
227
1670
5506
10520
192
2240
5802
2451
7015
8576
11584
3902
2282
5198
10875
10501
4364
59
4026
7064
11580
10933
8595
10173
5586
6444
4056
2391
10340
1738
9582
771
10476
5985
318
2510
7259
9218
8294
7102
10374
902
1962
6874
3782
11240
930
8981
1215
4394
4233
1148
1307
4085
3903
2100
235
3677
8091
5886
8317
885
9672
11407
10157
7984
4824
2957
686
2227
4677
9045
11263
10047
6246
6012
744
5808
10666
1526
8066
3869
5542
3099
6889
5277
10463
9900
1673
983
8534
11290
2862
2685
2425
10947
4192
4067
2546
9893
870
2123
6693
11717
6713
8419
2503
3212
10941
9809
10203
127
2274
8449
4403
7967
7857
10220
10375
8888
4963
11020
8345
11043
1733
11755
7901
3457
10869
1675
3480
3645
2040
5044
4772
3541
175
4414
11221
9837
11384
6963
5665
5014
10831
2904
3697
9790
10252
7063
5539
8015
2226
4270
11138
5278
1978
4909
6440
4884
1438
5871
11907
1951
2681
1291
4611
9583
6717
10862
8392
7348
5806
6546
10702
10721
6942
430
10387
2178
8941
1981
10335
4693
6063
9947
11914
5336
2641
9776
10746
4484
4081
7779
7661
2504
6065
10414
7003
3456
7952
2996
11256
8378
463
8808
10389
11311
374
308
4515
7209
2325
456
6896
6280
2903
9529
11832
3111
517
5167
2044
9984
4886
3259
4456
8402
2684
5381
10382
7925
9465
9886
825
89
2295
1337
3
10478
10771
6009
10068
8058
9768
1111
7697
2934
11874
5876
7771
6972
5598
5696
4089
1152
5089
5371
5498
582
8011
10581
7222
7422
11862
4643
874
2852
10083
3236
2530
3899
10703
11594
6386
4811
7093
1333
3919
6710
8451
11754
4105
7733
185
3052
6330
10466
1572
3269
9743
7308
8803
4888
8186
1488
6747
10096
10134
2817
298
4786
7868
3063
2083
8600
2542
9071
4440
5751
7992
10339
5659
7923
10444
5026
3281
23
3193
10707
3913
662
10979
5331
10990
8574
278
8235
4636
1727
10346
10626
5378
8203
11462
4809
1388
3665
3224
10772
10198
11487
8062
729
3845
2278
10965
7983
2150
7879
1979
2210
8536
9803
4418
7937
1616
9778
4635
5760
8668
10880
4356
1232
2230
4291
9560
11721
6376
4254
251
1819
10015
5632
592
3380
4842
4007
3509
5581
6328
2079
7375
8991
1043
3369
9806
4782
9035
10967
6336
8178
9135
8211
2642
3783
6851
10943
9544
7907
9966
5366
8182
8366
3887
4538
4224
11842
10436
687
7463
4066
2164
356
8994
10643
9621
6400
1454
11595
8749
910
2626
5975
3345
9276
3502
10295
10925
9003
3947
5047
11896
3916
11204
9366
7631
11428
4328
7026
1778
5204
1873
11253
3085
7579
3625
7781
10320
7047
10192
7882
8019
2500
3385
414
1367
11173
3329
7277
9899
9810
8120
11108
2514
11498
8766
9007
3798
10167
1166
11747
9205
11615
5888
2034
5139
6590
4676
529
8727
2905
1234
8556
10428
9010
148
4792
6937
3388
9500
4563
10284
1344
11055
3248
3752
10298
11561
6337
5221
7869
6882
5491
9166
9911
8966
3218
3617
9503
11413
2489
8389
1253
4263
2108
170
7125
8128
10441
469
383
256
10739
7639
292
7729
9866
659
9432
70
4723
3322
5185
3284
9921
138
391
8000
9889
8470
7561
7201
11634
2993
6395
11218
8054
10913
1146
6449
1615
1977
5126
10084
6593
7966
41
4219
2430
830
5224
858
9532
8728
8794
2609
10649
3287
3060
6919
6559
2728
710
9062
8515
4016
2708
2988
1532
9917
8350
5193
2077
8540
11051
3773
9783
5641
9903
10104
8208
10439
6287
3262
5357
160
3056
948
2021
11606
3723
4658
2237
11442
2511
8012
6512
8165
1702
6421
1353
5162
9025
1030
10385
5994
2248
2807
1646
8433
9396
7515
4528
8642
8936
5654
6446
9811
3598
7420
9488
5040
1708
11049
6805
10569
10622
8869
10292
888
7759
8192
7643
11486
3061
5912
2522
1936
4116
2188
10101
7216
785
411
2857
594
2384
593
4326
11904
165
9620
10564
522
9329
3471
601
4919
4549
4718
6349
6100
10469
657
9450
9869
7218
9793
1983
8847
9001
640
3033
9978
4969
5413
660
2433
2584
9593
11582
7540
10719
7336
6305
11887
2187
8445
5023
900
6011
180
1953
56
8588
11182
8068
3043
2736
949
5621
2790
3090
2273
9399
68
2494
9926
5497
7517
6464
8417
4094
10049
7378
8049
10924
10038
4760
11865
7352
6153
1487
3068
11833
5356
2995
8610
8271
10959
1178
1817
11897
6945
3740
5481
7184
8940
5453
1213
11845
10248
3538
8652
5964
9309
9427
1766
6069
2263
3348
9486
8450
4506
9677
11917
6396
667
11568
815
8520
4055
8645
8413
7559
5054
6168
3661
9295
1761
5110
6450
8436
1216
10319
10949
2949
2535
2998
1345
5702
7394
7669
5132
6749
1157
1331
8541
5342
11438
3885
9997
2159
2611
1510
2789
6533
1548
8935
4952
9930
3925
1993
9451
1408
5672
7441
1249
1223
6826
11795
1193
10058
7802
1827
4639
4944
5067
8207
10886
2189
226
2070
2525
87
7512
348
1849
7810
2976
10381
2771
9377
8331
6290
45
2578
7497
11136
1971
1099
3667
8851
11237
10963
5810
7679
8669
5407
9421
11823
9331
2918
9171
5076
3863
10426
2747
11546
6053
654
6019
8297
10223
2094
2143
6664
10193
4251
10823
7789
5548
7175
3934
3008
2837
9841
4114
8983
4220
9699
11088
40
3315
11037
5878
5530
7724
2435
11186
1017
4115
1004
4368
7786
10479
9746
3908
94
8127
10907
1395
6020
6723
8498
4475
7337
2474
1090
3786
824
1047
6526
780
5272
10918
4034
9021
3736
337
5300
7735
36
11485
6430
5229
9336
7614
9042
3300
1391
11529
5024
77
8163
8771
8841
2625
2623
8477
1350
9868
10240
8246
103
2473
8585
8014
6320
9695
96
5350
8904
4729
11036
3393
3215
5934
6195
11137
272
7563
5682
10317
46
1657
7113
1589
7233
7981
6790
2229
6608
7597
9518
485
426
852
5294
6035
4420
10699
1322
8962
7402
4957
10698
171
4982
6898
7051
9723
3204
7625
4651
2519
4732
7292
8301
5340
79
967
7121
1330
8791
11762
853
5338
6576
1126
4024
5799
9034
3621
4874
1459
7663
99
6827
10681
7968
5118
4302
4875
6045
5472
2798
8370
9885
8970
6200
6233
8798
7683
2404
4647
5561
2950
7684
6115
11096
10904
4552
869
6561
7654
10845
8829
5304
3128
10045
6468
317
9262
6779
10848
7959
4499
4946
624
11262
5591
10285
1658
6431
5812
8949
1851
9209
6399
11241
8279
2834
2710
6811
5634
5570
540
202
757
6728
2614
2980
11203
6136
4507
1404
2292
3914
2382
11243
10939
6044
7836
5718
1476
2303
6531
494
8559
8705
3395
10321
437
1118
605
6602
4419
10905
7973
9712
6943
8499
8519
732
11022
1869
1672
5545
5438
11076
1441
7457
1005
3308
7426
8632
8862
10804
3356
6029
6756
7742
4641
4519
1123
5596
10992
9033
8568
7334
9784
5320
10175
1195
11200
7445
7589
8811
5904
5059
5085
4076
2126
650
3302
8928
222
856
588
11829
10465
10574
4483
5077
5636
4921
7291
10764
8290
2398
7626
11915
11834
511
2768
8202
6597
9041
6879
7480
10692
5881
6383
10031
8492
4523
8912
2724
3865
9143
6625
7860
7635
6731
9090
10060
9194
6244
8636
7489
1399
5805
5380
9031
10328
7439
3080
5051
2735
98
3178
9816
71
7146
6848
2633
8820
600
10033
6800
2491
4235
10767
1228
6761
7807
9048
3220
1320
439
11167
186
3390
10025
1742
2693
8660
11654
7506
2458
822
4117
11192
8226
8671
2930
11770
6637
1976
11651
9684
4633
10787
5196
3906
7837
4454
2785
2842
8412
7690
4553
2943
11812
8662
4970
7651
10613
7580
4541
7685
6656
11313
1068
3766
4989
10451
11799
5758
1731
9159
2879
10151
10481
7553
9525
3999
4953
1296
7264
8263
1586
10955
10336
8176
1021
8442
1427
7814
2018
3337
6646
11710
11909
6108
7520
10995
8601
516
10916
2697
9929
5921
8879
655
6759
3691
10117
6698
7418
7304
8522
4562
2271
8180
388
1712
5086
5981
11728
5811
1170
8748
8124
8687
3020
9584
2406
8428
3687
9986
6799
1985
1786
6793
4396
842
9395
3497
5028
3312
3859
7503
11337
11932
11410
8657
5334
4685
580
4774
6150
3366
5075
2076
5528
7752
3973
2252
11497
11548
2225
125
11170
11154
10377
7715
3816
10717
7960
1300
3306
3094
2972
9715
7276
1015
8348
9913
9597
5738
2865
5500
1392
6766
3087
7056
1512
10923
1267
7656
4722
8504
1844
8725
3821
10403
243
2634
452
11310
240
7092
9020
7387
3142
4887
4054
9037
9513
4416
5642
3347
2109
10127
8056
493
3150
5187
7338
1084
8952
9960
9217
3565
7383
1858
2890
8686
3460
8845
4107
2518
9511
3079
10624
6236
8735
9549
3181
11401
9833
10534
7811
3585
5360
1406
9963
3968
11017
1955
8629
11730
4882
3162
4800
11189
8740
8723
9288
2871
10600
2117
1217
3751
4166
10558
2816
4266
5358
10114
8799
3646
8945
1920
3500
6166
3662
4268
8197
10908
4624
9603
8696
5390
4335
7920
287
5012
7934
9345
10499
7581
8562
7401
9945
1590
5416
688
6138
7908
8241
4125
8986
2819
8096
7972
10900
11866
1012
8583
10260
8925
1237
5733
3117
11019
2487
514
9701
11085
1468
10496
11808
11109
5169
2781
9243
6956
7728
4793
10674
9093
9534
11291
236
2497
2107
1770
11508
4573
8440
7380
9387
9113
5242
9950
945
7773
6975
2990
6027
2233
3244
4264
1769
4028
8206
5633
3671
1661
6786
708
6340
9363
893
6835
6368
7049
11131
3109
7822
4864
11858
8167
5575
10003
4784
5995
4539
3563
10210
2006
7128
762
10171
7097
11707
2344
6384
1403
1791
9445
6286
10042
7198
6517
5096
1420
26
1271
6493
6692
7111
6774
5070
1607
5603
2482
5671
2598
699
7260
321
10723
9452
102
4605
10936
9736
8606
5364
10078
11126
2426
1745
3092
840
367
7144
1142
8335
3290
7213
11032
3359
2800
8405
6190
9370
6481
515
6876
6702
3100
5097
6901
5690
1999
7244
913
6471
3444
2393
5626
8824
6098
407
7303
8488
9646
6994
10427
9827
7165
8459
988
10182
905
6189
8819
286
1472
1283
10488
7154
5747
5074
9210
6589
1828
2558
10563
7001
294
964
6935
1834
6684
339
4708
1252
10616
1016
10825
920
1058
4330
3833
7006
1535
7526
9991
9865
4202
8393
11420
6968
4395
3711
11547
10398
7002
6663
4692
10608
11024
6082
8560
11565
9068
3529
8569
5069
2493
1667
1479
11460
8593
11495
2630
3666
7225
2059
2893
9147
3985
3876
9733
9910
9909
6067
4241
277
10115
5926
495
4189
9012
10453
9148
11079
401
6298
2691
1226
3558
10477
6861
7204
6227
4581
11901
6370
1969
4178
4071
10658
10843
7094
2232
9647
10351
1909
4477
2297
5411
7107
3256
3923
5385
10928
5956
7176
2067
11603
2206
2284
5770
8088
6492
960
9198
6456
5620
10972
4139
6024
5559
534
6591
1324
6840
10878
782
8946
2970
11653
4338
9175
2347
11293
6612
8538
11225
7082
5327
3406
11129
1835
8926
5215
8716
1035
1840
6165
11001
11525
10682
8566
3102
8147
2588
6689
2553
9321
5098
5303
2670
9161
2153
8838
10518
3960
2048
2320
4130
4994
5513
1753
4226
4905
1289
10956
5245
2061
4315
7856
7906
9738
2316
10137
10018
3554
6297
3680
8021
4272
11264
11381
2889
11769
4119
5966
3613
6455
11522
9296
6253
254
10919
3889
4186
8653
5393
3884
11470
10388
338
7849
3675
7539
2580
4432
4861
322
5401
11518
6620
2339
2483
8307
9955
467
4748
6026
5470
1209
2043
4078
2966
8006
4151
9697
5851
7939
2722
651
10140
205
3231
8007
5428
2859
6169
480
5448
9674
2129
6120
3748
7197
8998
2096
9114
11633
1498
11473
4053
384
8329
9105
4158
2427
3376
9777
4738
2953
3386
3138
2148
11872
2180
5798
11358
11336
2561
3449
5572
8148
10332
4799
2445
6807
678
9522
6977
3920
11191
7138
6768
6771
1494
5518
10906
2329
6599
2783
4246
1384
11289
10687
8074
4236
8487
5824
9702
6257
5348
5145
3931
7005
4778
9774
8183
1842
11587
8473
6495
4319
8663
3167
10738
5251
8381
11478
10012
9567
4713
10611
9084
261
2659
5375
749
4476
11722
2145
11
8475
8700
5248
10447
9102
1135
10294
6570
975
1715
9974
6510
390
3222
9785
6279
11549
8978
10565
2732
5093
6534
7760
4808
7398
11202
1617
10962
8909
9229
6962
4673
1275
5307
3593
3034
2244
5767
3199
10575
6426
664
9640
10200
2169
552
1895
9358
10032
1041
1025
4894
10646
4091
11406
9204
8776
6324
1864
7331
3012
6997
1911
7052
1040
11198
951
199
4163
3579
1862
2680
1138
6356
6487
8289
7871
5286
2396
10211
7311
2086
7892
1534
10775
9174
1626
6459
7395
8377
5958
7826
7569
8376
8253
903
11920
5692
6752
6267
5015
9119
4865
6567
3635
2794
6393
1491
6104
126
9722
11504
10310
2782
9492
9311
3358
7103
1394
5505
1856
1129
4284
4039
6503
7723
4032
9393
11222
520
11885
11788
10927
4594
6867
1570
6941
8626
2597
8157
11677
8816
6272
4550
8570
6093
1315
4934
9101
280
3105
11786
1807
6042
8755
6715
10494
711
734
6331
8179
3652
11009
2131
7842
2739
6961
9137
5914
5684
11492
2960
6588
2513
7358
2895
9228
11745
10219
11061
169
10989
8125
6678
6441
11180
7075
4570
3638
9734
4036
1083
7381
2687
10668
4217
8138
215
4359
731
3392
10988
10355
7453
2541
5154
11839
9104
11305
11325
307
3880
5741
5055
3232
5384
6447
3830
9719
9814
4698
10268
11239
10532
7818
304
647
505
1893
4193
3455
7011
9046
2679
2692
3897
5663
9756
1313
78
3333
9098
9880
3663
3387
10659
340
9818
3981
4073
3552
4870
2528
11623
7132
10758
10595
6422
2786
8938
6381
5412
5433
7587
4307
10120
2969
10686
2870
541
4464
11398
2318
10062
1496
3961
3001
3209
179
9133
1872
2818
3365
2060
2948
4230
1631
1677
7828
9167
3276
808
1945
1809
5649
8385
3917
10468
1648
9919
5991
10539
7061
10227
5310
3623
6085
6726
4199
7088
4457
10536
11513
9579
8295
11526
3769
2666
7412
5646
1306
4818
8634
3604
5210
9977
10256
2654
9188
4704
4410
203
7471
6813
379
5140
3958
6837
4191
4154
1316
4551
2247
733
2397
245
3606
7975
8997
6938
10720
11544
1802
9274
8915
9247
9379
3992
11164
11787
6926
523
1924
1336
6159
6601
7415
11362
7893
7305
521
7068
10822
4161
4498
7189
6248
8937
8863
4033
10586
5013
559
9873
9051
6103
6628
5299
4453
3686
10583
4149
8070
11283
8137
4097
1059
10820
5609
7847
8266
5328
8420
2394
925
7033
3499
6687
228
7784
11502
11318
10857
4932
4794
5774
6913
833
1424
4664
716
2880
5022
4649
9265
5965
10500
6515
5929
9207
9482
221
4742
4917
7235
1477
11367
3784
7858
3267
6718
5452
4741
4652
4631
10204
10566
7851
3775
4167
5605
10789
8542
3415
1113
8971
9412
7678
11533
11494
704
11699
5485
10449
2480
1606
7691
9328
10383
5254
3713
5468
8622
11683
4347
7105
8713
2098
668
8914
5707
6271
3355
10697
2981
6215
31
9557
4863
9132
2723
5721
302
6988
11716
233
9849
11059
11550
10420
3319
5858
11050
11506
6743
10513
377
7454
11551
6739
8228
5153
999
270
6418
9419
8890
10271
9923
1634
1668
8967
5346
4249
324
7930
2192
6767
9656
898
6738
998
11792
4238
4479
10313
9708
8447
4427
10293
122
1495
10802
10053
3510
11509
11743
5830
3030
403
10653
7530
9390
7741
7469
3879
9554
6202
8934
10149
6967
9169
5131
4223
4095
5016
2758
7774
11562
1128
2179
5068
5430
1794
3951
2390
6371
2982
6409
756
5982
11536
1276
2111
9651
7793
1257
1887
10800
4920
1405
11681
7179
3187
9219
6013
7136
10150
4585
9737
795
6539
9599
4245
4578
10503
4975
10316
4020
2448
172
3325
5496
5083
7106
5184
6269
8707
790
3451
9073
10870
2136
1385
10396
2645
9026
1729
11434
9049
3378
132
3881
5788
5247
10158
10957
8706
4529
398
8584
7362
10855
9108
9839
9568
2276
8604
4612
4017
9140
10347
1437
499
6451
4148
8750
1915
3205
11403
1625
312
191
9635
9750
8539
11065
11307
5685
6734
2222
6973
2624
4176
7613
5232
966
10405
863
912
11798
5848
10191
5910
6750
5007
3734
3326
6890
6308
2241
7982
1100
4239
6545
4459
6230
7864
8480
11873
3047
6627
6403
4126
9052
11800
8529
2362
6983
460
8545
4064
1045
4667
9341
3442
1525
3864
10097
11484
3182
7954
3479
5150
7069
9359
570
4341
8458
7692
10280
1784
11015
11432
10230
130
8243
6162
1582
1270
6135
1387
5464
9493
707
3745
5768
5850
7399
11195
7971
11655
6616
4511
8223
1730
4198
1896
4547
3044
10663
72
4872
2521
3799
11600
1823
14
9726
2868
4177
5549
2057
121
7491
5177
6277
5859
1067
6507
9342
3328
5399
9325
37
8415
4387
9995
11756
4297
7236
1682
2081
8008
2549
11749
9820
2199
563
301
2301
349
11394
9115
8141
8703
6410
9302
7298
11738
11720
5681
1643
7151
11018
2547
7958
9095
11822
3855
3729
4833
8252
6408
8895
7510
7009
4688
5502
7137
6192
7962
4593
4425
6052
10006
9644
7301
5813
8683
4683
2658
6695
6697
4196
11441
5951
11332
5661
2476
8548
2214
5480
9182
5923
524
11244
9863
8511
2209
9190
4906
3230
7993
2715
11374
7411
8614
6535
10208
5200
9636
2423
3183
8736
6906
10901
2738
6644
555
7428
4892
3371
6650
9091
665
2215
11041
4716
8956
10401
557
7190
10708
364
9794
4446
5394
10930
1421
6528
144
10934
2053
9713
7936
5566
1848
859
6506
7662
6592
7677
7969
10160
10567
7905
7230
10187
7330
1233
3309
10976
6863
4473
370
3124
3055
11601
4923
6789
4187
1787
5613
8150
5315
0
2505
2380
5735
6762
1806
7919
5178
2822
9888
10570
8391
3892
8323
510
9231
5100
2639
7839
2446
5262
8734
2323
10647
7711
2311
7528
5061
5449
362
1095
7978
9083
3841
3131
1750
9391
11227
6755
285
7008
9440
7611
9297
44
2071
5475
1653
10946
5005
2443
487
2559
5094
1818
2374
357
3809
1358
3354
10118
4112
3496
3318
615
496
2193
2470
1013
7147
7997
10944
1860
10997
5594
6032
4684
1121
11252
2468
9333
8948
915
11545
2619
508
3009
10634
4488
8368
85
2064
4146
2045
11880
4287
8098
1894
11512
5501
11040
4443
4577
4156
4941
720
3942
4671
4293
7413
5911
6594
6978
3424
8131
8982
3454
6448
8027
10345
4242
7038
1593
6554
6905
10492
6909
1137
6216
7508
4173
10839
8717
10288
1692
4516
10041
465
10188
2779
6256
2281
3614
1153
9129
10755
8605
4336
5391
9495
10603
2191
7365
2650
10348
3158
9277
6580
7425
1436
9221
2702
7922
3216
11611
1450
11520
7572
6099
1865
5312
6478
9235
10135
8637
7770
11505
3075
4482
5454
9543
166
9485
10077
2345
209
11395
8893
2867
6010
6461
11196
1950
135
773
7046
5592
5519
4924
9112
7675
9005
8086
11062
2039
11054
1763
3242
10776
4914
6360
7900
11639
1188
5892
238
5852
8044
1877
834
11091
6640
10021
1227
54
9407
7872
10507
5563
3029
4925
7257
7720
6362
4761
1308
11605
1256
6197
1930
5265
6641
8121
679
3525
3553
11656
11541
9189
7346
9751
10357
843
7746
6387
3473
8238
1326
2291
11554
7452
9660
3381
6954
11363
1442
3258
1944
4248
230
3672
6632
11152
8996
5008
3240
5404
7699
6741
97
2573
5908
3139
6014
9086
7737
4489
1107
5752
9080
11900
2714
2395
7256
8257
6615
4703
2526
4603
1098
10521
10442
290
7421
1266
2322
6102
2403
3572
9118
7377
9709
4834
4695
4910
2280
382
9420
3991
7156
10010
7392
3490
3755
10512
742
9760
714
11089
9916
3815
8284
1684
1853
1456
526
2814
2288
3939
5867
5833
7214
5095
27
4597
7159
1581
9686
1900
6524
3600
3791
7228
7462
107
8764
6703
9039
10952
9775
7727
3096
8880
3710
3201
8506
9022
8577
4401
2052
3632
8897
10929
4021
2383
10728
6544
2699
1032
4431
5031
4951
7531
2332
6043
1943
3544
10075
9449
9618
447
8003
2989
9855
134
6486
10480
4950
9804
7624
1451
7823
2132
4866
2101
1286
8859
7574
3877
10054
789
3681
11299
2475
3507
7548
10812
6798
4621
7705
2267
6770
4092
161
11013
11553
3814
2479
9696
8466
6423
2600
3523
1190
4469
109
6998
3983
498
1975
1788
9680
502
11272
6872
4822
303
996
2302
3626
1560
9931
9539
2216
1961
8017
11725
10669
5238
1552
454
6842
10061
11375
9389
2414
8103
11338
6225
6315
11038
8212
214
11511
3700
642
10022
9424
11056
4847
11181
10552
10535
7326
6732
5319
2268
8598
11463
578
558
1549
8818
4108
9698
2536
5533
5652
6338
2733
6293
11357
3905
1882
10166
11411
9122
5679
10334
798
1937
8220
8833
8770
10107
9650
6156
5383
7875
7423
7583
11632
8250
8035
10710
10618
4795
489
4229
9301
2973
9891
4768
10727
10081
2901
6541
1301
9460
721
10121
9404
3311
1622
9822
5769
9036
11724
8813
9324
8988
9447
9824
1187
5675
2257
5425
7242
9490
7516
2774
9830
455
7417
11826
2331
7095
1704
3053
3161
5291
9312
9556
1940
3695
10356
11586
1273
8547
11400
4987
8441
5471
4859
8114
3803
10408
1529
5543
8931
5925
11314
7617
5983
6170
10602
10057
5166
11849
10245
10796
994
11396
11212
3581
415
4657
11110
6313
3533
10406
648
2146
11923
11671
1185
9808
1368
6474
3577
9059
2748
6289
10002
10545
4212
6443
3528
9383
5573
3022
7231
9290
11648
7638
1503
8759
7160
7610
2762
10007
6318
6375
266
11113
353
9002
6893
6040
11892
10733
1632
7806
4868
6231
5003
1489
11385
7183
9282
11714
2087
1841
4462
198
10834
6891
1706
2008
2529
1284
2007
123
2125
3597
11147
7048
7391
4278
10400
11718
3875
7152
2481
3116
119
8304
5427
1103
8023
1918
5511
7115
3000
3571
1561
5288
9831
7768
2334
9446
9310
6828
10142
5257
8885
2279
4524
793
9502
5968
3872
5172
8469
4404
8587
1480
10214
7293
9789
3416
10195
909
5765
6282
1540
7648
10222
4823
7943
10425
10001
11863
7267
6775
9227
5084
10044
7139
4629
11440
1397
8752
10213
11101
2239
6647
2773
10573
11023
9676
4915
4373
5091
9975
1922
3468
5526
1990
3191
8149
145
5025
4366
289
7996
10065
1039
10903
10964
1687
2306
2388
2667
8873
4731
11854
1374
4480
547
622
1171
5233
1946
10364
9842
10484
3368
5782
6622
6001
2075
9283
6518
8805
2574
4896
8168
6372
4579
327
2454
6086
2954
5345
5509
11355
2254
11447
9357
1686
10360
3352
9749
6609
8089
5927
1754
3377
1821
9455
4138
2920
4478
9704
1077
5499
11124
9168
5740
178
4912
10718
2906
2502
2545
9884
11064
7694
219
7785
3922
10217
1184
4143
9117
3628
4869
10785
9364
434
7442
406
11418
5400
7556
4945
11519
844
11333
394
2698
5444
5829
6809
8175
11248
5794
7162
1457
2351
5001
8760
