7027
10587
918
3664
1219
2473
1624
8114
8946
8759
4960
3429
10682
8856
10821
2505
2380
1971
2004
11180
2835
1686
5487
1924
3579
5176
5817
9262
6081
1388
5812
7350
1809
7640
3615
11240
11610
149
11651
4693
1702
3936
11741
2927
1097
2301
3358
116
3440
9470
9375
2216
4253
5178
9685
9684
7479
5377
7821
6205
5489
6318
3393
7020
2115
5519
7338
9972
4105
1842
8500
3506
2894
3791
5494
68
3682
8379
10117
2042
8766
3315
5352
8966
10736
4686
3284
7255
3314
3571
4329
1318
5092
2356
1334
383
1102
8554
6389
3322
8768
6013
11910
11367
7404
3683
9806
11187
10498
4547
7568
2756
6141
11915
9995
954
9047
3578
339
2121
8245
3204
7341
7234
7039
8814
8771
5044
5928
11892
2265
2718
2421
10887
7278
10013
6237
4859
6625
8617
1993
4704
10415
8765
3151
2817
1443
7241
4747
9571
4384
11879
7498
10859
11025
2878
3009
11887
11311
114
1910
4855
5002
1715
11512
9911
2774
3027
1493
3060
117
9425
10057
6058
187
5598
4725
5998
10516
4273
1275
6376
184
319
3710
555
4657
6231
11060
3121
433
760
8420
6411
1333
1628
1512
10202
10446
9793
8171
10635
3370
3799
2568
6800
10565
7510
4353
3035
303
3
2347
9434
4616
10219
7440
11159
1068
10090
10606
910
8926
10125
11547
8326
10291
8208
1607
10478
7610
1244
4136
8390
718
6573
1525
2010
7054
8350
7959
6170
8936
11145
4718
5034
10893
2184
5310
7620
1182
612
4492
5349
10751
2792
11032
3379
6915
8850
11622
4578
8246
10190
2930
7387
10398
9482
11703
2663
4664
3210
9082
1537
11909
9494
5665
1759
9243
4001
3967
11222
2924
8810
8853
357
10507
3624
47
2685
4455
9396
203
7015
5207
105
1243
4879
4798
618
10036
8318
328
5807
6317
11140
9029
2233
6572
7240
6962
3495
11022
536
3011
6155
11203
8100
5612
982
10008
1892
3970
9094
3786
8697
7886
1237
4726
9381
10555
4752
1030
2941
2518
4908
9528
4341
3085
11779
3998
7335
9654
961
2975
9467
11076
9234
5196
3789
5157
7666
11218
11085
6133
3300
2133
175
1919
261
1369
8717
9884
7203
4361
7775
8256
11096
7782
8025
6454
317
9735
6201
1015
2299
736
1384
9620
24
11564
11346
1427
1566
7800
2250
18
11139
3946
4254
10448
6428
7567
4707
7024
4944
9316
11399
8153
1747
11620
1916
1452
7928
6554
1726
315
11795
8573
2224
5218
8181
8081
2520
10692
1795
5146
531
9989
6995
6896
1938
1563
9573
8762
3842
2018
3134
6570
2939
4762
2577
5871
9801
7546
4408
1376
10031
9728
5191
2989
2449
4607
4958
3088
10953
9350
10882
11509
9246
4188
10288
8968
8988
6603
31
1077
8066
2876
3169
8505
915
3861
4920
1861
3389
10776
6028
11598
3943
976
3044
4978
5667
6041
2207
3668
8782
2249
3070
3548
9948
8919
2579
2858
5617
6938
96
10829
1263
11182
1963
11815
4799
213
4679
8867
10847
1418
6759
2142
8339
759
664
10432
53
8194
477
7073
1719
2865
8155
191
2986
177
8250
8837
8163
1792
9429
4753
9040
2372
1382
7330
3226
9334
6079
2812
11720
1131
3237
2778
7540
211
1205
8005
6748
4134
11255
9378
4150
9162
3695
10740
631
8417
11137
8704
8561
2155
7258
7261
6569
8395
4743
9118
575
6136
4572
11686
4078
5295
4647
2101
3219
1480
3064
7978
10774
10282
4365
1459
6092
9565
1035
7363
8944
1038
8299
10801
9756
2705
6632
4571
4410
5572
5691
10764
2936
2310
7684
2118
9392
1547
2235
1476
4794
11722
8564
3645
5917
5810
8322
439
11458
4419
7437
1603
8967
7151
9079
2461
7104
9702
2660
5362
6604
9535
6710
3371
8758
10749
8777
6731
2260
11103
6374
6048
5700
9353
5317
3490
11325
11344
9783
1922
2897
229
8196
10569
7601
5549
10209
144
2236
3425
7799
4382
5027
5831
3993
9767
3691
10384
4807
10341
4336
9146
2651
6560
5179
11739
9912
69
11694
1127
8062
9965
3576
6955
1942
4317
5864
10375
4465
5811
4865
7896
1233
4827
10896
10631
10248
2458
234
6717
1171
7634
4084
272
1902
8964
4264
7489
8307
4096
9009
9414
9556
9617
5045
5527
8485
3330
4438
8189
3058
4968
11765
11927
7117
3631
6647
9850
3436
1770
6760
6267
10216
8756
9924
6839
9264
4658
7206
5901
2432
645
9721
3855
1531
991
923
10068
4229
11329
594
405
5308
2019
5456
2441
9797
2759
8504
7665
10158
4347
7383
1650
6106
4966
2051
9320
4372
7785
4539
11918
3140
7745
3552
4019
5297
384
972
7488
8694
2554
8828
1160
5846
6235
7986
4737
7517
5828
805
572
4204
10547
5373
3629
8552
7309
6795
7197
4259
7400
5031
11881
8611
9327
3515
10308
6921
4315
5492
11079
9832
1168
9555
8319
3477
22
7110
8593
2383
10475
11190
11916
5438
619
34
3868
1201
2736
7449
10011
11590
5485
9614
5248
9841
1484
9932
1060
6404
2836
2128
6217
6151
10722
9553
10831
11490
11237
237
8138
7962
8970
8808
11024
3078
10870
6346
9152
2329
286
9873
11021
2366
4420
6431
5851
11335
9060
6406
5857
646
6319
5714
9270
710
320
5988
7417
7590
4562
6263
9679
11456
4577
4722
6734
109
2342
3397
2500
7100
10271
1936
6278
4745
377
4504
6004
4593
2246
311
3622
11011
9326
4123
5791
2537
3092
37
1917
1996
9541
359
1840
3496
11251
4219
1365
173
8823
1662
156
318
9550
10435
2003
10474
5057
10482
7943
9473
9920
5326
4921
10997
5991
2494
7650
4321
3133
9568
9134
5015
6197
7121
6973
5478
7200
484
5936
4860
8105
9024
10344
1526
5676
6799
1366
5243
1213
7473
1402
8483
9200
3744
9135
6128
10905
9600
2496
2801
8328
2389
9759
4760
10685
1261
9892
8527
6548
5776
9453
1478
632
6557
783
256
9919
1956
617
3595
9114
2569
9707
2151
2757
840
7663
7523
7552
8802
11672
7333
8173
5298
11546
919
1999
9640
10159
9909
2972
4742
6894
1987
11361
8986
5412
5304
3220
8671
2988
5423
11862
4274
1254
11788
7160
1364
323
10616
3123
5156
1180
11321
8939
2403
11389
2255
3840
10054
7980
5561
11067
8497
8897
4040
5503
7421
2149
957
6498
1007
2001
10034
4133
10560
8748
1123
906
11764
9386
10486
3161
6665
60
8027
4559
9506
2516
1858
2535
1325
1728
6852
5241
691
5911
6180
2417
10800
889
8179
8331
3611
7051
10690
3901
4271
3617
1103
1605
2097
11588
2378
6553
4060
9561
4614
2563
1503
3484
11483
10663
1229
10184
5200
5386
4075
1001
3941
8932
1198
2985
8156
8699
11336
5468
1288
5604
7448
196
2643
296
9890
5100
271
5685
11390
2803
7791
2410
5798
1013
5754
1071
8879
4474
2145
1565
11450
9358
10788
4431
74
8918
4169
7094
11020
7116
7346
8193
1250
7885
4956
9779
9022
8644
797
2036
2701
5939
10636
4176
7894
3619
875
3054
1611
10059
220
5311
2641
7704
3898
10517
1610
5588
8301
2843
1672
6925
4560
3259
8750
5061
3572
3335
6490
6482
11682
11473
10621
3715
9740
5626
10915
8861
5440
3692
11296
7726
5396
3426
3939
4352
260
554
445
1591
8571
4552
6166
1117
1472
3494
171
881
7078
8287
3026
10715
1439
8304
8742
7081
1836
7817
4893
11648
11560
842
10350
10646
8093
5710
11446
10491
9156
11154
7003
5660
1648
8083
9798
10581
7815
7076
4358
7977
485
4770
10324
9962
9158
4627
1644
1718
3809
7504
9488
7225
5488
3762
8003
11322
11223
11899
9777
838
7589
10250
9359
1984
2852
8421
9855
3118
5584
6015
11829
9419
9935
2601
10264
7010
4445
5804
3066
10917
10996
3586
9630
10844
9188
11791
7002
4282
2331
11634
6331
10737
206
10170
9624
7079
1167
4081
975
1646
1675
1434
5246
6867
2081
9611
5071
7587
10562
6344
8898
5155
4373
2686
3914
9644
1265
8522
8602
3021
2888
2783
205
7935
4494
7432
4092
6078
3639
8975
9579
9778
7183
4869
8531
1895
2519
6095
3336
6848
11832
4564
7443
4203
1599
8962
10203
4641
1359
4222
834
3365
10777
7623
2325
333
5105
6979
6924
4683
8047
8285
11343
4241
6791
10536
897
2453
3921
6240
2169
11737
7023
10739
6991
9031
2963
11742
4212
7866
1006
5673
6225
2422
7468
6273
8067
1789
6637
6326
10026
7600
3240
5748
3002
4774
412
1708
5792
2913
89
11328
8219
3985
8686
2452
10603
4527
5886
10784
9527
10217
8401
587
5704
5
1345
2914
7874
3511
2675
2200
10790
6608
6061
7577
8865
6582
2130
11761
11810
7356
3155
8780
113
5585
7242
6190
7765
270
1946
1864
4216
1545
1533
501
3667
3271
8412
7787
6618
4037
414
10107
4126
5802
2463
3771
7761
3685
10064
3516
10499
9829
8298
11689
2305
11150
11848
1352
10330
7778
8510
2678
1849
332
6157
1998
5342
11357
2670
5083
7005
4524
949
11476
3905
5568
1194
2979
4226
10151
5141
692
1697
2291
6636
3717
1291
9980
8443
5627
492
10947
9761
1385
7518
3331
5646
5219
1637
3997
1231
7681
10266
8930
1666
5944
5509
7232
767
10192
10272
9271
9766
10665
5799
902
7653
6864
7132
9500
6701
2814
2813
2640
7470
8752
4313
8980
737
8140
10973
7618
2178
4059
795
6156
2522
11571
8786
3984
4005
4194
7365
10485
9129
11378
9059
7141
9471
4636
2278
1253
6588
1755
4612
2240
7001
2994
8929
11160
4221
10884
9071
2528
1761
9880
8549
6814
4602
10632
7838
3925
7292
5350
6045
11865
985
548
4735
3473
463
1815
1
7848
11202
73
3884
7480
136
4354
8985
9214
11602
193
1821
7564
1791
5890
8271
10980
11112
6853
9504
2245
841
4098
8493
7972
1368
2044
648
8680
11069
2834
4795
4684
1546
6963
5124
1165
8475
966
6656
4295
7625
2771
2798
3951
8035
2212
4319
4310
3166
1321
2566
8159
131
5454
7911
273
8523
11809
9878
7388
8655
7175
6943
7077
8151
8373
5976
3881
9700
8534
8166
6393
9645
10205
5332
5880
4687
6681
5012
7243
2703
6828
10986
3543
8565
11445
11821
1190
2538
7738
2893
10712
4930
437
7030
9328
11133
8413
3247
4293
427
1468
10805
5933
6808
10837
9562
9067
3411
7025
11477
10919
7770
8894
3053
3479
1911
10115
9650
7729
5854
4154
87
1367
5371
6798
10679
5592
8242
1485
6592
4644
10084
10987
7839
980
1246
677
10100
503
5620
3137
137
10936
3768
3441
8955
10600
11102
1590
6194
11261
1134
3276
5545
2173
7643
9385
10444
3174
9616
5694
880
4289
6817
4995
10941
1772
5680
5957
667
8491
8969
4141
3614
7537
3851
1019
10642
11639
11753
1903
1894
10226
823
7703
7563
8233
10080
8425
5237
7597
11478
2960
3807
11000
9686
3443
10065
7491
5315
7059
6243
11629
4018
10894
9902
487
3181
8054
11565
7055
5758
9399
8358
792
9786
3498
4117
6018
10929
5392
10358
3676
6127
1490
3919
8317
2950
9889
656
7190
4334
10879
11657
7685
5369
9211
1625
361
1017
2615
3079
3969
11193
1470
7774
7063
7544
2710
3350
1157
11368
4823
658
2094
11614
6188
993
10477
959
5160
9173
5099
2477
2317
1420
1865
10649
8956
9869
11432
4943
6124
2609
8347
7109
2727
988
8464
7012
5839
2837
9269
845
1043
3334
1010
3406
7221
2883
1494
6107
1640
4748
2841
3310
9309
6053
9221
9621
6384
10327
6206
9954
6083
11801
3007
4565
8469
3081
7616
4746
8077
2375
8623
1780
3261
9225
2431
9172
8261
10695
10938
3908
1950
3193
6223
10957
4588
8026
8362
1269
6042
1303
9925
8382
4006
6736
10702
11156
2011
2804
5644
11807
9102
10732
1412
9083
3493
2838
8666
7045
11151
1829
8122
10004
2163
5803
5744
6277
9005
3392
4674
5984
6549
11038
7990
4887
6784
10274
5929
2222
7293
973
9642
6229
4430
9368
2104
7312
6321
2300
9933
1552
709
1972
9275
5201
2982
6020
10841
2559
6103
9608
11653
9339
3952
9851
7392
4782
6076
1587
1202
11831
8833
4026
9460
3903
7446
5637
6110
3671
8471
6210
11553
10306
670
1751
11414
1268
8234
51
10000
10300
911
3153
11226
5465
9027
4166
6953
11288
8569
8127
6003
6266
9529
6595
7111
6463
6328
4996
541
10806
757
2556
3628
10912
1651
5742
3369
11579
4394
9209
7386
418
6581
10608
10325
5199
4434
7695
11045
10787
2074
9302
9456
11305
11046
6987
2038
7529
1317
9279
490
11148
9495
698
9946
7395
9049
1853
4468
4292
6310
3125
2144
2122
5401
11596
11173
11654
10820
4529
4281
11630
11056
4507
793
8305
7368
6469
2730
10162
119
5982
8849
8315
9212
8484
10122
9487
6334
4868
472
11880
852
11364
4764
914
6258
7323
10212
1112
11113
2984
2808
8994
11359
10622
9726
1346
7932
5873
9281
3102
8712
9732
1216
652
6186
7912
4433
1298
1232
11277
3577
1066
11248
3902
4549
3295
6238
7068
2085
4167
11650
4033
4379
4283
11511
7854
2000
1392
6713
8286
10147
10676
5089
10193
3020
11442
2503
7428
313
1222
558
11627
8476
3743
10492
456
4077
639
7152
6132
4039
10463
2517
8553
7236
3475
10675
238
10241
10302
686
10221
3995
929
11929
10909
7758
3944
10460
6429
9098
9886
8278
11631
10785
8014
4119
2880
5136
8664
11326
10883
10992
457
9978
5788
890
4621
4436
1018
1676
10215
10624
4663
3916
8943
1411
734
1912
4668
3547
11174
481
8789
747
10041
7401
6591
2454
622
10502
7890
10939
8323
508
5763
197
3022
2046
7847
11497
10052
10320
4225
4502
9153
4568
10236
4738
8419
8365
5087
3719
2060
7895
6616
6257
722
3452
5171
11646
334
6396
396
515
1033
7533
9510
7340
1826
3961
77
4848
9121
7747
5705
5265
833
5573
5033
5893
4654
5319
624
7864
9087
5117
5520
3929
3034
768
10111
2959
7810
3757
6039
5387
5446
7298
7047
8472
7170
6606
6313
6471
2498
7349
7124
4397
3904
10789
3774
5544
11019
101
6664
11905
10191
464
3607
4095
1749
11778
3546
5749
9407
4779
3812
4509
1336
4697
3455
5116
7138
2530
7211
1948
1571
10965
6631
5949
527
8148
6288
2382
5741
7324
9819
6793
11081
9981
3913
6401
9757
356
10427
7314
10851
8386
5421
4715
8901
8249
5102
10473
10459
11227
5580
1582
9109
8175
6423
3152
6727
1609
9917
1845
5070
11578
1226
9678
23
4797
123
7963
1135
6923
347
1119
2962
7930
11118
9804
11233
8834
11481
1410
6481
1614
3229
5960
9057
1161
8538
6509
8675
7635
9799
3381
4097
11573
7796
9701
7450
8150
11124
5771
5275
2935
9329
6360
7603
8682
6623
8085
5417
8942
9388
2303
8378
473
10867
3241
5835
3218
3111
11010
11664
5563
2911
10331
708
11463
11451
6940
8462
7724
6739
9545
8749
802
402
241
11253
4074
6783
7463
6295
2159
1711
5073
3001
11676
11729
4130
1109
7957
5793
9848
6189
5158
8922
2646
7983
6622
2028
3542
2103
9940
7654
10287
1144
5595
4238
9808
2680
7099
7762
4179
1039
8982
6900
7776
11721
2976
11055
7452
4470
6686
7435
8676
4099
8201
3509
10019
2388
935
1570
9577
7408
9004
7591
6858
9575
4867
6528
1348
7181
1925
4719
11785
1687
3012
11292
7315
11912
3250
11249
1215
4878
855
7129
10364
716
10691
7244
11314
353
3313
7992
3417
3620
10735
1025
1915
11
2069
6629
1196
1615
4155
11875
9259
608
1586
8595
11475
411
416
3675
10952
11851
5300
1550
5820
3923
8578
6456
7647
1451
1820
7713
6832
663
7224
2872
4205
2869
1022
5267
10438
44
9680
8947
10487
6683
5039
9402
7348
9738
702
2358
2229
655
6419
9104
8320
9080
4650
10976
3736
510
11286
8585
3332
2396
6620
3453
6916
8311
9737
4592
1964
4236
10321
5522
11673
7357
9533
5257
5172
9337
5999
3573
660
4115
1706
4301
3224
6489
7736
10802
8239
5416
3372
3328
1449
2677
7734
4383
10756
11082
3690
2242
11548
2126
10830
10984
832
369
1731
883
1788
7134
3127
5948
1684
11811
3660
2630
11893
6988
2920
2652
695
8728
10458
9580
8692
11926
8645
178
9513
7596
2921
10977
9901
4982
7893
4776
1057
11922
6264
7409
6671
746
9791
10085
475
8147
1623
9973
8240
5889
7310
6886
7370
4998
6810
10738
10493
5498
2476
2614
3623
6909
3711
2110
7648
5245
9493
10113
9839
2746
10027
3424
8465
3159
10673
11827
6691
8709
7486
11210
9771
2657
3977
1247
1797
10488
11674
6387
7811
1413
11397
6609
7195
11757
9961
11259
8435
7631
10906
10289
5109
6480
6775
9459
6284
8835
4500
2037
8774
4898
6994
11783
9338
8785
7191
4440
4233
3958
8355
11900
6483
10602
9240
4464
4810
2140
2466
9305
8275
8470
2634
4132
9540
10183
7113
133
10285
6792
8182
1118
5896
10062
6831
1471
2571
2682
7144
3243
2722
10591
10651
1251
6551
4603
11576
2168
2580
8705
5163
10650
17
2934
8091
7184
5145
10904
7403
10042
4835
470
7536
10279
8008
8809
3383
4858
10795
3681
9265
4874
3972
1014
9130
7737
10538
6233
539
7675
9462
6688
1577
5833
11734
5285
7307
2599
2769
8546
4754
5755
585
8885
6254
912
886
2874
11333
3482
7826
1866
1164
4038
9076
6408
6863
3752
3911
9479
4830
812
11132
6565
7742
11123
3254
3177
8506
10164
8071
1095
1310
9526
9335
6860
8844
382
1995
4184
6187
8508
11433
1522
10546
10196
1760
4508
2992
7271
4478
1617
6213
2891
8797
10688
8862
1391
5730
4415
5299
6785
7889
1444
452
5641
1294
9489
6917
7831
1694
7807
1474
6865
6012
8041
5668
6704
351
9825
11366
9457
4481
3093
413
9236
7043
11099
11125
4949
1909
8831
181
644
5707
1305
2135
7502
2189
3760
1457
2465
3635
7424
1508
7996
8137
1693
2855
2223
3351
3525
7819
10967
6716
10530
11643
7905
8826
6495
3755
6594
5441
10564
11825
6749
6643
335
9977
135
5107
10160
6703
1558
1551
7836
6280
7142
8608
10618
2527
6992
4143
11550
7107
7493
7201
11687
1499
5054
11001
1732
9749
657
5345
1209
10522
2712
8911
10218
5093
11868
6066
10316
10611
794
2583
3900
7936
9934
9532
262
6019
8870
10069
10748
8683
7215
543
4916
6767
8695
7755
3421
8070
9437
9787
5643
814
5338
2398
190
7052
2742
3138
7436
9409
6336
546
4812
5372
5935
8303
4730
3892
4296
5600
3312
4488
2744
751
8978
8167
1065
6954
10694
2485
6598
83
1461
11272
5187
10705
3032
4918
3038
7749
11792
6635
4452
5119
8426
2815
1174
5642
5370
7900
9016
496
4758
764
6447
2741
7247
11911
3376
6752
11883
5041
5619
9928
11615
4997
10577
5760
257
5223
621
7495
8190
2075
5844
7485
2953
7657
2039
10335
11392
6453
10127
7750
1700
8838
142
5574
1871
4846
3529
2907
7693
4640
11205
9233
5850
4243
1351
4656
128
389
11039
907
1456
6050
10877
3464
726
818
2124
6535
4955
6960
5570
448
4856
9010
3819
7358
2258
11804
11904
9906
11493
9776
5881
5414
5205
7720
2024
7036
10570
5862
6027
1241
7313
8034
10179
3263
2237
11656
4665
11814
6191
449
2147
5528
11661
294
9151
8403
2338
9899
6069
8678
10535
1838
11485
2840
1258
5994
2990
10395
6308
10828
7418
2116
8021
1923
7934
7155
7696
6054
7560
1597
1781
11668
11748
1647
8730
2492
2194
5752
3847
151
10171
6939
11776
10053
7548
1567
6390
223
989
9111
11839
2922
11782
4993
11338
352
1991
10257
5513
9661
9393
3124
4079
7223
6668
4072
5662
4463
1313
10496
1606
2195
2309
5577
10687
5946
6550
8568
9108
4775
4054
502
2283
8763
2555
5388
4864
9858
2394
3940
7971
11730
963
8116
7879
1507
3116
9190
2967
11886
2839
1069
4690
5420
2214
7760
291
486
9062
5610
813
11354
10518
6470
2696
3222
978
5390
2807
3203
6458
6400
10371
10286
10225
8118
5397
10654
5126
6809
1467
9974
7396
6026
2578
4625
11355
7875
2806
10149
9132
11679
6359
669
10083
8220
6856
1100
10549
8204
6951
4845
1028
5356
3459
11353
4220
8241
2154
208
11575
6438
2406
6426
194
5781
9509
2014
9957
1143
8710
8377
733
11448
9610
5202
12
5770
8422
2172
7995
11063
3709
4299
66
5943
2400
3594
263
3416
4265
7481
3460
1851
8388
8574
5993
10865
1193
4897
2890
2965
3605
1211
1879
7835
10161
9484
7667
11169
9772
1289
3097
11587
5586
7964
4940
8297
11727
3442
634
4380
9033
10142
3724
4512
3893
2312
4938
6840
7345
5725
3278
8444
6552
7547
10137
3776
3918
5882
11710
5210
8019
7433
668
2298
8332
8146
1724
3729
3074
2109
1260
295
8042
11844
7840
11532
7553
6077
3184
8783
7602
4048
7467
6530
11339
5734
5521
8545
10292
9458
368
4168
8433
5161
9260
2887
1327
1074
11348
304
11510
2672
10166
11794
6085
8875
8958
5904
7824
2170
3168
2558
2753
4677
577
3463
10890
5965
11872
4959
7092
9203
3420
4466
5968
7185
3924
7630
6733
218
8108
11867
3403
5996
4439
9656
138
5651
6464
9034
11452
11637
11506
5312
9417
9896
11772
6918
960
3907
6038
2199
2419
5131
3521
11522
6412
4881
11395
3318
2964
9349
7000
3039
10582
3422
4756
3994
10842
3067
331
2590
1295
7593
4615
9372
7865
8051
5247
3702
7321
2694
5359
6338
2
6327
7198
2738
9191
9496
11790
1816
6501
626
5539
2892
8268
11057
10039
10596
3434
2138
10680
6983
11018
778
10453
3570
9362
7084
8541
6597
1985
6439
8979
633
2350
3257
4933
9413
8689
3886
5032
3723
10240
4963
4349
8887
4814
6661
11040
11153
10717
8330
6912
11195
5122
8854
7035
10550
9843
4031
11580
10223
7735
2158
8391
3979
8432
1754
5011
4541
2904
5383
8177
5955
9143
7519
6356
8361
11754
8048
4266
505
7670
525
3932
741
2162
9929
2390
5052
3396
4357
7114
2139
10374
1491
10402
4597
4183
8892
209
2787
11282
10095
8610
745
4914
6082
4016
7588
5153
10709
11740
10033
428
6607
6936
1403
3588
6914
9675
85
6789
5019
2617
11603
7929
6580
104
8670
11029
5715
8739
166
836
8222
30
10557
11884
5007
35
8636
9631
4542
6723
1445
7320
8832
5142
11196
9751
2226
2631
6876
2105
9623
6253
3792
10269
1932
2999
10926
1560
6113
4992
5980
4716
1221
10455
226
6747
6673
11401
2182
3602
1252
2515
7056
6746
8389
11449
1042
3992
9344
6183
2733
4307
9790
292
8043
6685
9805
5303
4323
9015
2758
1668
5444
6507
11252
8335
2567
6674
9376
7556
7101
3408
3555
11641
2198
597
10484
7690
11822
10617
3696
3339
10252
3616
9249
7040
11770
8212
853
494
11570
2639
4378
3801
467
1557
6932
11695
11533
4351
5507
8454
1877
10932
1777
2311
7009
8030
10369
4520
2020
9324
10510
11396
1048
4343
7238
10267
3779
11250
4749
7803
7820
4381
9872
785
2131
3352
11207
7143
8779
6883
500
4589
7731
9019
2886
10208
8881
9699
10698
3388
102
305
6521
10430
3798
3818
3014
5551
8582
8931
3956
8217
3438
2937
4009
5314
9627
10911
8135
9521
1534
2248
8633
9697
1200
1227
10060
846
5148
1475
8226
8296
3266
7955
11454
1271
6468
10464
6851
1120
9187
5909
8101
8455
5867
7090
11891
10958
5918
8437
11767
11469
10639
10370
8741
6559
8613
8431
4915
8478
6627
7878
9725
9826
1488
8920
1396
8016
4157
2499
2645
831
10948
7767
6654
6931
3581
10660
1696
877
8293
9347
2333
1794
6796
5912
2381
5834
9554
3488
10657
6676
10254
5254
4161
1049
1688
2148
7136
2544
4984
4318
2047
8769
4521
2713
6531
826
7156
8015
2302
611
8673
1356
2512
11567
11849
3935
6125
2998
6959
2397
5778
11431
10437
10333
9036
6249
5321
4101
3854
8460
2425
8638
1477
11149
403
11423
9754
9657
11094
576
8164
2719
3175
10543
10824
10533
8186
4611
4258
9649
1589
1629
5253
6172
4178
6322
7354
1093
8858
10334
2860
3251
5009
707
3447
2464
8228
5269
221
3069
11738
4111
3377
6971
748
8276
8282
6827
9317
1699
3698
447
3041
780
8363
11104
5385
9581
1158
8889
9032
4385
3189
3641
7250
5530
5878
3015
11006
6407
11824
5978
10772
3474
5271
249
4027
10875
6300
10946
9603
11823
2332
882
5925
5355
2545
1896
3187
7576
8128
5069
5378
4316
4979
228
10985
9646
801
10408
11675
9345
5733
7974
6649
10981
5594
9077
4442
673
8927
7057
8701
3373
4086
8473
2842
8149
1825
7096
10416
1081
282
860
9452
9073
2565
10173
2532
8345
6268
11732
7892
2564
9115
3533
7222
3540
7499
11061
11172
8579
5076
2434
6657
9927
11696
11612
5679
8183
6906
9412
2585
6352
11459
3148
4816
7296
4491
6320
7355
8260
7088
8447
3538
8830
10563
1054
997
7723
1745
580
6251
1163
8521
11216
2050
1089
8133
5091
11232
2531
1559
10834
962
11479
11434
6275
10234
1355
10139
2292
10963
5258
2409
3838
964
1539
2708
7253
7947
8731
7171
10968
5625
7407
1316
2137
3863
4857
8354
2776
5425
4064
2747
10913
5226
925
5956
977
5841
2693
9044
5430
1278
11903
1740
5974
1804
9833
1543
8180
8556
2418
5114
5992
460
2560
4892
9296
1811
6460
5143
3706
6578
10073
7870
1562
7772
11789
1544
7246
2221
6898
11315
4573
6813
2871
4680
6486
7336
9731
1397
1933
11797
2818
11592
2673
41
9635
6347
10629
3465
2983
5085
6802
6972
4476
21
10876
10559
3107
6667
4082
4596
9750
9615
11337
1498
3165
2608
6017
2391
7768
11480
10658
70
3037
158
11106
7572
8734
10414
8516
152
4138
10494
4300
11874
98
453
623
2768
10903
11494
11023
48
139
8525
4793
7205
6820
11181
7214
5723
5632
4519
4423
11853
2254
2361
4262
1613
10558
10661
1764
7438
5606
4805
1729
5256
987
2811
2704
10044
1763
424
2829
9695
6234
10434
1044
7390
469
10138
5894
2209
2387
5184
6771
8216
10024
9341
11461
3633
11705
4247
11319
758
4903
7818
2647
5121
4598
10262
6215
5930
9936
5480
9438
10086
1029
11092
5230
6351
5152
10143
11074
5222
6682
25
8599
399
3025
9712
2861
11100
5845
6375
1023
10627
1405
1381
9284
6678
5638
6977
9546
2231
9138
4015
11684
1085
2379
2167
8647
72
2034
1703
7431
11667
6650
2012
11098
6354
11559
9803
5762
7474
1145
11281
2826
7941
6198
8999
7482
253
10007
10140
7678
538
6126
11114
147
6937
775
4209
8848
10719
7087
1773
4510
2593
9037
8165
2479
3147
8628
2330
3414
4535
9204
6216
99
4634
4252
10505
6032
3347
10270
11383
5535
6302
8591
9817
7270
10390
5829
5630
7339
1689
2978
5181
5281
5582
5458
8575
3308
3136
7275
7451
4710
11843
9638
1091
290
5150
9937
7332
1873
5689
9602
5379
837
11736
5471
6602
7673
9597
4777
2327
7751
5658
5394
5529
4957
5029
195
2114
4497
5727
9030
7888
8871
1957
11466
1901
11138
120
0
616
1324
10104
6137
11236
6617
4286
6514
8445
10388
2898
8878
7582
8953
761
2364
2416
3245
9835
2954
3877
8057
6744
2316
8842
8172
1386
409
10729
10451
5278
8068
9418
3122
3051
11097
4734
1906
8018
5713
5687
4727
4007
2597
8577
5599
1435
7719
11885
6844
3461
11860
1652
7917
2247
1300
1578
5192
7624
4374
9703
9964
227
5194
3270
10071
8754
3186
1197
3156
8291
10551
11412
10797
9589
7376
7316
552
6285
8022
7642
1448
4297
2191
10120
5684
7248
5133
4165
8668
5220
2875
8343
9140
10970
6269
10154
3303
10360
10037
11502
7916
148
4175
6517
3433
4049
4917
8852
7531
4412
7993
5842
10681
9340
10153
1307
1150
10529
1192
5674
11127
422
471
7031
5266
11624
9150
1635
4196
3938
4985
7574
3821
11577
10461
10921
4888
9319
3216
4022
2395
8687
434
8037
6496
6368
5623
7937
10950
7131
6980
10361
5537
3076
2795
3277
2086
11816
11534
2164
5601
1098
6986
6697
11088
647
9373
4523
7302
9405
2186
6494
2699
9781
9428
3430
11731
3562
4211
10075
4482
4929
9046
6815
2676
5973
4935
9746
4833
10323
2371
7264
4729
6772
6764
550
3964
10420
5915
4036
5837
2355
2764
1768
6754
4780
8921
1086
3402
1206
2469
2785
5722
5531
1455
4875
9524
7641
1257
1141
8537
9734
7513
4153
8352
11422
3478
8726
11462
8718
4744
10728
5938
5926
9290
917
8356
3192
5461
11521
6524
765
6304
956
5729
9643
5784
1495
9613
3072
373
9464
8880
10476
11405
2304
3750
2296
8600
7987
9951
544
4108
2780
287
8857
6929
11162
705
3730
2484
11295
4263
2437
7252
7447
3674
9088
11242
10411
10849
4751
5358
4109
4817
1807
6698
7280
4534
6777
7430
1422
2822
11826
8933
112
1393
7939
8342
3183
1296
3059
592
3056
9247
7733
3960
3947
1989
8873
2430
92
11425
1394
827
6101
7669
9147
3910
6601
6167
4954
1375
9958
9189
8976
9007
10318
8449
4350
9570
7453
6956
3444
3928
7534
8310
5686
1009
11142
10336
10966
11746
3815
1510
998
5669
4676
7256
3505
426
9824
8896
2664
10259
9423
1663
8937
10141
2862
5486
11051
67
6981
7682
10754
8040
2830
6144
10006
4662
8400
1835
8811
4413
5822
3560
2508
8592
10914
9306
2667
4635
9078
687
39
7235
3822
9592
9971
10527
8629
10470
7105
2013
9398
10394
7528
6830
5902
2844
2321
6709
3848
8084
3194
1786
3480
2030
2562
5703
8995
6605
4785
2490
8079
2367
7945
5961
3897
8519
6630
6696
9465
5035
8341
3468
2970
8082
6648
9567
6877
7187
6291
57
10540
435
10353
9374
11907
11771
676
8743
7753
4951
2915
6090
3036
3294
5546
5419
8061
3909
10568
8813
3621
1501
3524
3891
2244
480
3959
10604
5090
5149
9765
6325
5863
499
11583
3949
7016
8864
8498
2440
9637
3569
2910
9258
9519
10746
4076
7125
5056
8984
6381
8635
2297
3233
8974
8486
11718
6224
2270
4971
3290
2728
3320
659
2870
5025
8078
9503
4822
2987
10619
5147
1536
9596
666
10135
4152
6355
7189
1101
10900
9263
5906
992
1952
11652
14
6510
150
6472
11331
9207
3305
3095
1340
3256
7300
545
4392
1824
9525
1473
6566
2777
476
5490
4712
6881
1592
8669
11752
7465
11842
4832
8502
11247
3603
372
5410
8080
8134
3260
2339
6872
2588
7168
11264
1031
5195
4477
3759
685
43
10954
8124
6071
3989
2413
3291
7525
1377
4249
10945
8213
5921
11381
8410
9310
10988
7797
10088
11828
4268
423
1940
4675
5510
11244
11256
6174
903
6075
6904
4669
5611
281
5180
769
5843
5292
3613
5174
1790
6884
9354
2315
64
8656
8690
1869
4711
607
11260
11516
3662
9587
5954
5001
11677
13
7674
419
11192
10309
9992
9401
3206
6415
9461
3047
11733
9681
5170
1090
7629
3346
2438
8481
9544
11681
561
4398
4950
11608
808
1725
770
3653
3716
4871
183
11895
7461
4613
2197
11044
4800
10284
5607
9123
879
4569
9254
10750
2669
2362
11209
9823
1509
9286
8023
10935
4583
6164
4890
8935
6030
6055
4702
8380
2731
1398
10792
11042
2141
6290
606
6397
10920
5737
6029
1339
5004
11898
9647
5331
10322
3502
1208
5242
1362
1983
7614
10907
9323
342
9035
869
4883
1292
7004
174
1314
2017
7165
9180
7496
8461
11375
6203
8637
4012
4345
4137
11496
5801
11341
2411
1111
9856
5134
529
1428
820
1955
1137
4872
1833
6335
6158
7017
4981
2474
10731
1992
2802
7781
8109
9169
4062
11889
3850
8753
849
5905
9551
5354
8992
8371
6825
9303
5677
3004
7608
3559
1661
8258
2649
11033
7393
7303
9311
1378
11116
1941
10263
2504
8456
5422
7958
2481
6690
7714
3269
7374
10032
11796
3756
10626
2502
5403
2447
614
11263
1326
3031
11744
285
7926
6833
9182
3439
1907
724
9404
8515
9784
896
11743
438
231
9451
4042
4479
598
9963
3544
8744
1645
1133
5659
9343
9106
5814
5455
9502
42
986
2156
7041
2684
10778
4706
4713
6687
11428
3221
4818
9636
8941
6769
6417
5808
4763
8143
5470
1358
4891
11562
1052
3530
6787
8467
1003
9882
9239
11890
5931
7542
1249
10392
9662
5987
9716
11402
650
9578
8737
2279
3634
11224
6036
2928
8338
79
10245
11201
7128
3384
10506
5186
10979
4051
4339
4990
5335
9052
5789
5552
6478
1497
6790
5125
6056
7561
2426
6484
11544
5605
7975
11327
7239
7550
7949
11015
10991
3747
6762
8587
3596
3926
712
5848
1082
11206
3587
7511
4425
10593
6534
7710
11197
11078
2016
522
1945
3062
9446
1569
6139
10123
856
11002
348
10697
2700
5859
11279
5408
9729
824
10015
7193
10544
1601
662
6252
8800
10187
1633
8791
535
4330
6432
5135
3772
8254
941
870
10955
7853
10730
10339
4515
2889
6002
1285
6446
2971
9693
2261
11369
9863
8910
10703
11440
5879
8292
11225
10766
1136
2849
10089
9813
11438
9844
9982
1374
11719
6034
2276
2847
11659
1969
1801
4008
4913
7806
11394
11035
8428
8284
1528
2698
5367
4261
4948
6293
9028
5590
10891
9520
1343
11850
6699
1847
665
3541
8891
366
2602
7159
3234
7176
2627
10944
2443
5883
4279
3142
922
6154
8174
8099
4230
1974
11439
3491
8178
2414
4456
5941
7571
2062
8860
5434
9984
3225
3872
1959
11876
1722
1416
8136
4432
1070
1757
2781
5106
864
2743
88
11835
10310
7122
690
10689
7147
7805
2032
141
3963
5165
10412
7317
2049
7779
9232
5238
11415
2165
7662
4767
9068
884
2427
3231
395
9626
462
2157
9342
10146
3721
5214
5287
2552
5872
9710
2796
7842
8723
3965
821
7497
888
3564
10949
11635
8503
9357
225
160
928
7752
7420
2188
5477
4106
7989
10239
2213
1888
344
8784
9325
4332
9481
4270
3652
458
7306
4877
8231
2088
10741
8876
2308
4973
5910
4629
11342
5502
2446
6504
4068
5615
6766
7887
4786
2048
7328
10495
5260
10599
850
5132
2637
9065
5657
4506
2488
11897
466
578
8119
4325
3382
9838
8846
9097
583
9432
11408
1511
4791
386
9715
4575
8566
8300
786
6098
2180
8685
2092
8509
7464
7551
10552
5173
3990
5916
1406
10567
8914
8818
2457
7153
7327
10260
390
4825
11507
10231
2595
2043
3103
4065
7530
7739
8529
306
9093
2136
11120
9469
8729
947
2341
10747
6568
10317
3566
11925
8333
9283
1309
192
10628
7062
5701
1178
3131
9782
7545
3344
5288
3113
9238
3101
8383
5276
7883
2351
2266
9170
8874
6122
11711
2995
8482
9990
10519
1331
10810
9975
2689
2755
10194
11373
2057
8761
5138
5861
8069
6822
9351
7764
1297
5065
5895
1982
5402
9174
5376
5942
6998
10613
429
920
7369
11688
7845
10163
7904
450
4369
9956
1016
7604
3132
6982
2065
5724
3957
10839
2974
8650
7378
8199
2205
7780
2857
11403
110
5887
11287
3917
243
2721
2405
8436
2912
3557
11089
1041
4624
3797
1738
512
4841
10545
10951
10351
2029
7137
11393
4490
11117
5234
4952
3410
979
3593
9300
5021
579
1594
9538
2546
8790
5990
6282
10671
6421
5077
7901
11340
7352
7607
4
10601
5053
682
84
7909
3584
322
811
9861
1631
7014
10038
9365
874
1548
5006
2272
1441
5363
1973
9736
10490
6870
483
1930
7638
3536
8693
11289
7487
11108
2153
1162
5640
8624
4003
8052
704
6574
5235
9698
9061
1274
11404
4359
10114
2598
7535
9193
10119
1887
4448
8773
946
8950
8106
4809
4073
8176
10759
6610
11640
9866
8198
967
5302
8805
8104
4356
10923
6893
3448
3906
8185
7074
9157
6114
10716
6279
640
8631
8684
2202
6862
6009
3973
4757
10578
11861
5251
8290
5557
7459
7311
8452
8273
3522
1430
4768
7960
11465
1793
4441
10585
2402
936
4886
7570
1978
806
5017
6256
7699
9910
3466
5427
11520
3513
6227
11043
4850
9652
10376
7046
329
2506
10672
9670
5787
350
6525
913
3309
7707
1817
630
926
7301
3539
9480
129
11302
8893
4267
2183
7512
8247
2187
5306
1634
4284
10648
3400
1067
11671
1342
5981
5075
11813
8050
7483
6585
8816
1255
1012
9931
9220
8096
4303
5068
990
4931
3931
1220
7423
1905
11766
1785
10537
5078
588
9181
2111
2794
11048
6562
1636
2638
689
7922
5717
678
5683
4551
615
5003
8423
3213
4540
2576
557
9760
4503
10832
11323
3590
7441
7204
2848
11854
8882
9463
3432
2322
1841
11185
2529
3394
6461
2475
732
2268
3246
6990
10794
4011
10017
5920
7106
7013
584
11050
392
10858
6599
9834
5168
3920
9105
1805
9885
2611
1282
6135
3301
5086
6343
1395
11455
8265
2293
10467
11041
4934
8820
2923
8049
10126
3583
8184
6023
2456
4518
4784
1970
11071
5913
7228
2737
11080
10421
4088
310
1519
683
819
2951
6363
9299
4517
10803
9008
468
7245
1059
10861
11503
11527
4399
514
5327
9084
10313
4648
6416
3980
6287
2799
9421
482
5204
9474
843
8997
1929
1053
337
3889
10523
6861
9165
6547
2779
3558
10500
4195
5783
9074
11005
1574
1128
5030
8836
4245
2573
6829
4724
8325
5865
9960
1710
635
4208
10108
5532
2805
2439
5891
3882
4083
5756
10048
839
8232
8499
866
10280
3242
6001
6250
1056
10583
4402
11623
1649
7946
983
4337
10700
5028
1860
1988
11457
7402
11177
8359
784
8917
7585
1156
5934
6424
1769
3846
10762
848
5542
5405
3244
9795
965
8618
11372
3823
6296
3680
6492
11047
4055
6184
3749
6600
6910
408
1239
4703
2980
6887
5399
11358
4435
2548
3188
1880
3874
11768
6211
8097
4811
10439
3598
5296
11110
2306
9410
1055
10210
7626
1248
3827
2320
519
10296
4574
7021
2592
6485
5185
474
6043
10961
11324
2845
8385
943
3096
7180
11595
1886
11647
5884
3492
5139
3982
7794
8902
5309
7718
10157
10340
661
6774
3894
11068
1837
2879
9792
10368
3115
7169
4483
10930
9020
11312
5959
5079
10885
1576
8812
7503
8063
11130
4896
717
3666
245
2760
10066
7123
1409
2083
6324
1389
7789
8755
1720
5720
1583
6212
6173
9807
9566
52
6025
1408
11877
10943
3934
1373
7505
10237
8746
8053
3788
10407
8863
4386
3597
3528
1855
8559
8539
94
810
6072
10268
2846
2917
5231
8915
6782
11572
2127
6208
8459
11489
4277
11183
7179
7913
11365
6119
2072
451
2002
10387
7952
6758
8840
2323
3154
591
7769
2541
6558
3720
2656
2307
11806
7412
2587
11429
165
6342
6892
5473
4368
4462
2534
1349
564
201
9201
2594
45
280
4248
3618
5688
1642
1523
1329
2856
5182
2613
4214
4363
4052
3211
5809
10504
7022
9291
2009
10016
8869
2828
3028
5571
8236
5375
5115
5540
3782
5718
3317
176
2359
269
5827
6388
844
11535
5523
8630
5517
9219
6099
9308
4189
6046
9144
11599
10469
6753
4487
4044
5813
3272
11621
2068
1810
2940
4406
11003
6593
8570
9868
817
10481
10242
4158
6891
4870
11093
9117
5907
11220
8855
3268
4731
9266
8588
10925
1320
10816
5821
1259
776
11586
9486
1354
3485
5504
4034
4526
5252
1690
4484
4689
5548
3185
574
8912
7575
9764
4414
1612
8719
3837
5475
2653
3794
1280
5169
7501
6948
3609
2859
1270
3112
3784
711
10466
1608
4246
2386
6316
8788
6232
5524
3298
5229
8557
5217
8224
5903
7167
3677
3065
10846
2968
1890
5062
11837
4210
5631
3285
3280
10468
10860
4532
321
10367
10742
752
11075
5495
11914
11566
11561
3733
7308
3296
8044
6445
6059
4681
1641
4630
4941
1541
7006
97
5849
7514
2166
4145
3866
2275
8267
8872
10413
9295
122
4666
6544
939
1083
8316
9085
8257
8702
8253
1564
1774
7216
9051
2632
9918
7367
2981
5365
5103
3637
5111
4197
11168
9655
1515
10290
93
11200
4563
5785
4645
4544
10176
715
6011
2521
8415
9564
3419
10745
671
1114
8959
10668
2626
4149
2228
7903
5046
5860
8612
10132
2099
1654
3836
1108
10261
1419
2697
212
2008
609
28
1891
5855
513
6890
4661
10076
1045
7257
9536
9447
3087
5947
259
11514
9859
4622
6666
1225
3845
11430
2536
11518
5634
479
809
9081
862
2900
1245
4660
5518
6339
636
899
3052
5656
5080
5380
2895
7351
5579
2762
5259
1407
892
854
5698
9632
11283
7158
8
8090
7727
9595
7860
4256
2175
1753
9810
10156
7188
2337
517
2450
6659
10452
4160
10211
8681
4467
8427
11037
6743
5018
11830
2716
7050
182
5975
9831
5914
3739
3665
8270
7940
8111
1287
9196
10532
10224
9883
5511
91
1149
7490
3006
7691
7549
6821
8187
9664
1021
11420
5613
1572
8924
10118
7263
2368
9072
4244
1813
10304
3431
4843
6522
10871
10177
103
3781
10077
4200
5672
6382
10718
8073
706
4617
314
6068
643
11505
1126
2080
2662
1518
2973
1235
3098
5283
8639
2179
5597
444
6134
3404
10918
7656
1618
125
950
10404
3164
6869
8092
2284
2462
8154
9280
7757
7217
868
10733
5000
8398
9997
730
2365
559
11376
11692
7506
11426
1727
6720
1335
4927
11007
215
3646
9276
11699
6966
10178
6768
8751
3580
5439
7558
9836
523
6684
6700
2977
2605
11855
2723
6728
7304
4302
11584
6402
8416
938
5074
9176
8581
11613
6880
2553
5291
7705
9653
6730
8089
10349
9618
10472
7406
388
11549
5279
11693
1073
4740
10848
1884
3865
465
1130
316
10220
4320
10863
1116
9605
5097
5482
1874
7064
4364
10872
8787
1426
3627
5682
3829
11751
2460
5082
4601
56
1034
894
7527
2251
2280
6969
4390
2596
4459
3738
3329
9091
8801
6226
7846
829
11745
4709
9055
1520
1463
2916
10686
9717
7405
10445
9075
288
5743
8533
9658
3814
7445
728
4461
8324
8110
4328
10214
822
6369
10724
9821
410
3307
2650
1778
1616
7362
11167
2661
11155
1353
6111
10422
5481
7849
5856
739
8829
2031
11685
743
3748
5227
4787
1898
8405
1489
2850
5151
2208
6555
8794
7851
8983
5208
8205
7044
7458
8945
3626
3687
11028
1002
1883
6497
3437
2026
11636
7722
9747
9590
10669
9606
563
10862
5602
3378
9677
4496
9127
6262
11059
7578
2027
4142
10035
3033
1357
10133
6944
7728
10726
8658
7677
4121
11280
2729
3669
10683
7089
1712
9195
4112
4227
7555
3689
1573
11492
7559
8113
11198
10326
8845
7565
10247
421
9837
8543
6299
338
2604
27
3804
5927
309
3841
3380
3017
6427
10238
4223
283
6462
5516
5067
11086
6841
3084
10713
6975
8202
11472
495
6879
8088
11371
7102
2789
2082
5014
8406
7251
10993
10354
6129
9598
7196
8607
7740
6628
8457
4953
4646
10058
9394
4788
3016
5120
6364
7732
2061
1483
7867
9090
10442
703
9877
3333
11235
6679
10770
2683
2345
7628
9865
7615
9942
5823
6564
1458
628
3141
7924
2511
9988
10206
11802
9560
4473
6332
5645
2056
2797
11012
10857
11691
9881
10783
4344
7154
11317
9552
4067
7207
5967
1739
11519
1330
10771
11663
10235
1799
6057
1630
7538
10188
2392
2271
8514
3612
5459
9915
8667
7612
10678
3775
2257
9991
8144
2997
2513
7771
7466
10091
1170
10222
8107
7209
4213
5635
6596
258
11435
5193
11398
6642
5550
4852
7933
11715
2295
11568
8262
10853
3948
9086
1236
10610
10440
2501
10050
2239
2866
3446
10051
1931
4803
2021
236
1323
1308
10684
3731
3182
1479
9177
11845
1400
9089
2041
4655
6836
565
4901
3574
5971
5898
11538
11009
9148
4174
6533
5264
10332
5900
8376
264
11833
9870
406
7342
11107
3449
10110
9367
9816
3162
2448
1447
9383
7709
2665
1695
5709
1240
6888
16
5578
5348
8263
2215
970
8674
3858
1304
4974
2129
999
2269
8115
4135
3120
6130
61
11932
4728
1990
3274
7741
11781
1440
1844
9171
1454
6297
1032
6195
8598
5547
6152
11838
9719
4113
8169
8824
9689
7276
278
1218
4819
10061
5508
6556
5664
6801
9549
5678
2654
4287
2433
2196
5972
7524
7265
766
10347
7621
59
10145
4670
6289
11812
7098
3986
9282
3758
4911
7028
5591
2784
10999
5885
8072
65
10815
6409
7082
3839
5951
11304
4750
2435
10093
908
2877
1542
10172
10373
3316
10338
2510
1047
10662
3198
8327
9947
11380
5775
10526
9100
11257
8283
4405
1540
11299
6196
4999
163
2491
4910
520
5212
2243
417
6487
11136
5448
3236
2132
8372
10786
2287
8536
6247
9651
1230
2098
7748
7379
4023
10670
3550
10812
3820
2819
5899
6413
7702
2681
4159
605
8056
9120
6309
6508
6109
2071
8679
10396
6292
6834
11530
11487
9849
7112
11436
2905
7455
5177
6040
11606
3704
6837
6512
3359
9450
10855
3974
1600
11308
6161
188
7804
4942
828
216
5654
1598
4643
2770
7988
5095
11678
7329
11798
7526
11793
8392
1953
5553
905
5474
4584
4047
5400
10647
10005
10757
9248
2201
8657
8906
7213
10099
5888
2903
3145
2582
9455
721
526
8822
796
5110
4110
5866
7394
887
4741
8488
10888
4962
7520
4102
7645
2791
933
4623
6634
4162
6794
8722
7991
8884
11406
9440
6219
3497
3640
4375
6024
2025
5819
7973
5233
4976
4114
589
11508
10927
7919
491
5647
8952
4543
8604
3214
10744
10605
8567
10962
6165
8010
10975
11820
6586
9218
9056
1436
9420
10055
3469
7297
3489
1889
8161
4528
5190
7786
2782
325
8727
11600
11755
7908
8923
7273
9251
7095
1555
7802
11054
6089
9516
6707
7229
3287
11632
10021
11500
4808
3386
774
2864
8468
5832
5316
3212
358
6999
198
5426
10128
9199
6236
8065
9752
1139
3267
8512
4778
11626
5060
7281
4032
1691
8597
7478
254
9131
8998
1076
498
1664
7508
595
6663
9092
4906
8913
5790
4761
302
8839
5560
6855
2636
1279
6357
5433
10074
10959
1115
1748
10588
1000
4902
5663
3080
7075
857
10357
4610
11555
4652
7272
5209
8883
1026
6689
7507
7927
773
7595
11706
7798
326
3600
10781
8214
7219
3409
3817
11563
8965
3599
1622
971
4853
6118
6204
7364
9741
9691
9993
958
3975
5945
7920
3090
9483
5840
4367
367
11031
363
7325
6306
1707
8654
4513
11008
9694
5232
6866
9818
3323
6961
629
11017
9348
11265
11840
11070
9499
11717
3306
5874
11119
8334
5472
7884
6624
11607
7672
3366
7083
2706
7103
6353
1121
6658
4472
5137
9272
3725
200
6473
11184
4495
7646
3826
1505
6044
2412
1242
8877
7048
9674
3232
6694
4649
11026
10520
1417
7829
5618
6640
3157
3767
11016
3582
7609
5876
3399
78
6373
5282
4986
7373
5058
11923
3875
3922
5324
3833
1105
2227
3172
8642
8221
7500
7462
11379
11386
6897
7861
244
7439
7262
6776
4429
835
4548
5897
601
10818
3019
4029
11345
1078
2853
7868
6958
719
4837
2117
6358
1575
11352
6394
3005
5690
1122
4815
6301
9223
9770
6755
3415
330
10595
2533
7843
904
127
8735
8903
6491
6502
4199
7633
11655
11536
10554
1939
6007
9758
8479
8288
2262
3487
1962
5923
6874
10813
6714
1506
6181
10720
11243
2344
753
4056
11034
5447
10213
1620
1920
8007
6806
6520
5211
4501
3327
6014
4905
293
9202
9584
4639
4522
7686
944
3239
10253
6031
1129
10001
1966
11443
6537
5334
489
5773
5213
8203
7058
4451
3673
5272
7218
8195
7091
3057
5505
5950
10297
3765
4695
1328
7688
1188
1464
2714
2584
511
4125
8058
134
3238
9669
6479
11128
3712
5937
6333
5398
8716
1256
3987
6811
2788
4964
3700
2674
10389
2343
3585
4288
2263
5360
8507
9277
6577
7178
5562
2482
11290
8665
3139
10419
7942
8652
2715
5661
6444
8526
5063
5036
3129
4576
755
566
9443
9018
432
1660
1716
11349
2066
11558
11204
4362
11799
6037
11484
9800
4066
7923
9444
11846
4342
5409
6750
5431
6147
5189
4546
5164
7651
11467
2487
9245
9304
9840
1671
10168
2089
6392
3642
10105
9505
6778
4177
8429
4417
6575
674
9064
7454
871
7809
1581
11896
8653
11234
9216
75
4987
8715
3504
2281
885
3230
6022
11539
567
3727
11704
4304
5648
7873
8424
1698
10352
1692
207
7397
2666
9332
4333
5795
4116
370
202
6067
5541
8688
3663
10348
11347
11786
1900
7856
8095
7997
2015
10769
2404
3500
7938
8663
11569
7399
7981
349
6260
10524
762
3013
940
3787
8700
5500
9128
4043
7097
6843
6455
9903
8555
3158
11186
6735
11221
8843
6812
11758
5702
3476
4146
233
8859
1175
9387
9923
6677
7053
573
5104
10303
2415
6518
8960
5525
604
8404
11723
9619
6705
6695
11219
4120
8329
2203
8098
2906
3983
10199
1084
6721
10880
10002
172
2523
10773
9830
749
6245
1223
10174
10956
3337
8477
10124
9497
8796
8949
3106
9739
6692
9895
2274
2955
6425
1005
3860
11690
5344
7034
5538
729
5273
1438
5732
8237
1604
169
2006
10982
4388
697
8045
5339
7287
694
10278
11773
10615
4632
11701
4796
2472
10180
570
1311
11819
1094
3000
8672
4840
7976
252
3527
859
642
742
1977
10129
298
4190
9583
2091
3816
10424
6756
8778
9748
143
9253
4946
7274
3063
3537
7172
9406
6889
161
6996
10185
289
5616
4545
5484
5564
6006
398
3357
1040
10365
4187
3896
3835
4894
9625
6391
6957
6145
11284
4172
10995
10780
9142
1621
11105
4536
9377
5020
3043
7186
1181
11552
8375
6737
6091
4922
4567
3976
10779
3227
9230
1104
2885
4609
3046
8904
9879
11707
8430
2863
5512
10714
3146
9166
11666
10761
5554
7220
4396
6477
2790
1535
2948
40
5751
4228
7289
9852
10886
6185
3135
6476
1556
7344
10571
756
11882
7086
6930
4586
11121
2232
5671
4882
1669
9854
11464
4030
2635
1169
3869
1870
1462
5589
6116
4511
5534
7108
4533
10758
9241
11254
8596
9468
1657
5633
9891
5343
10447
10136
8480
11188
9261
6536
7166
3050
5382
11611
2958
6838
5496
4280
672
4590
7385
6835
7377
10804
1273
1736
6974
2217
5418
996
5047
9137
4755
2991
7371
675
7777
1784
6655
345
7660
10511
9000
3427
4437
3912
5307
6751
3387
9666
6493
1532
3534
3563
11161
6153
1823
6807
3520
76
9139
6065
1453
10096
6763
1446
2659
7212
4701
2618
9763
9307
6242
11601
2823
11628
5753
4969
1588
7456
8123
681
5740
8732
7305
9604
11499
100
627
7038
610
10393
7140
1147
1850
9641
8346
7968
5072
9860
2739
3954
279
8126
365
3519
5221
6440
3737
7859
1779
1949
9531
4331
4975
9370
1492
10725
214
2160
1429
3795
11241
7850
5977
1063
10856
7907
6770
1529
2423
10809
1319
9585
3173
11491
2314
4457
6506
6847
4555
4733
2526
8060
4633
10521
1514
242
3197
2022
8357
11551
189
82
2938
9017
6146
385
4269
3796
5340
374
10817
11245
5301
3955
2340
3292
8451
4450
5381
2353
952
3632
2766
3265
7683
4338
3526
1742
5406
2902
9692
2725
9780
2058
2181
1151
1281
8601
4024
11447
7965
9360
7126
7011
1176
1433
2947
9149
11888
9876
7164
5699
8125
3647
8266
7834
6102
3018
4424
9875
11665
10869
8394
5774
10417
4516
1092
10399
9380
11800
10249
4191
8211
9949
1776
7146
9687
5435
10922
9363
1179
10614
8513
10182
5337
10144
9441
1154
6742
2451
9014
400
8340
4899
7326
3849
10391
10116
7801
8368
7566
6070
5457
3825
7145
10928
4446
9727
10082
7944
10471
4682
3042
9389
4499
524
3933
10637
11724
7322
7
1893
7979
5653
8033
5558
1153
6583
2748
2688
9288
2629
80
10704
9609
9228
9274
11658
7042
8129
10040
3734
5501
3996
1680
10752
3195
5593
8711
10382
2480
1961
2572
11091
2150
3178
2763
11297
2612
6192
2825
9287
6641
2707
3684
11817
430
4736
11417
3981
1746
2100
7855
9039
7606
5514
9026
6276
9449
9411
6049
1361
2319
3100
4566
376
1272
4824
10840
346
488
3451
6803
10298
1914
3565
3355
2607
10356
2809
3551
6199
11617
7381
1037
1806
2610
2899
11313
8381
791
542
8351
5013
3405
3708
4237
11278
4401
6499
6115
11164
2256
11498
6949
11540
1868
7902
723
10765
1723
8046
6097
7413
4556
2831
11784
1803
8064
3099
8074
8086
7592
10449
1517
7202
7812
10244
3390
3325
6341
11294
9155
9682
7954
11697
8707
3852
8806
6047
6060
5735
8032
3248
4071
7910
5261
4570
7586
2076
6200
251
8938
7522
8583
9391
9053
3871
11318
4732
9939
1344
8369
9720
5491
6177
9845
5966
11930
10589
9476
9769
6000
599
6259
3356
8616
7871
10972
9696
217
3883
10112
10908
1132
11073
7442
4844
2668
9382
10009
8643
2318
11077
2750
11141
2377
2966
4348
3150
6993
5805
10874
11027
1979
4671
4847
10243
8987
4186
11594
3864
6442
2087
5566
7697
11158
1185
4409
5084
2557
9985
2735
1878
8434
5224
1854
11808
8948
250
6882
10025
9582
6080
5815
10134
7579
5655
8360
10276
11901
1822
4691
4275
6405
4058
393
2210
11638
6722
7277
5940
3282
9802
6660
4469
1469
11211
6365
2146
10793
3735
1743
9257
3754
2241
5877
8002
9227
5112
6523
9336
162
1322
6901
3553
6571
4100
1481
5162
6854
1673
5048
9812
8200
4376
2945
6805
7150
800
5953
7419
9213
6788
3672
9775
11143
2497
4217
3966
528
2370
2290
569
10866
1062
9318
8520
2489
6693
9785
8441
1513
7182
3971
8738
7269
8961
2993
9999
5767
4371
8004
8274
10586
1818
4773
6140
7007
7898
6725
5022
4826
7679
6612
3048
2542
562
5746
9941
10640
10169
6271
3275
7671
6063
11609
2264
11303
6905
7658
5462
738
2045
11427
9979
10667
8020
6543
6087
581
7891
4061
1758
3196
10934
6850
11933
7925
4290
6633
5747
1159
7828
5838
4705
7984
1504
3110
7008
5858
6500
1626
2732
1656
506
1867
10666
6645
8438
5407
7793
7425
3879
10633
7948
9136
8740
6779
9133
11858
625
9095
5824
11708
521
7516
11669
1424
3857
3793
8227
945
8825
11214
9998
4305
10097
5038
8532
9099
1553
788
4619
3832
3862
1967
9002
1267
7049
15
8993
3694
1189
10023
6202
8206
7655
1714
50
3499
4250
8615
11759
3235
4854
3089
4118
6875
9384
10379
11066
777
8619
9628
7863
9897
4769
3778
10383
32
9768
9665
4308
11350
3780
8563
5183
9415
3289
3643
9811
11129
1080
4766
8120
8841
6611
4692
9704
10003
11470
9683
4021
596
851
6112
7832
5216
8640
1404
10311
8544
10377
5432
1027
1643
3375
10258
10699
9591
5621
8197
6786
9321
5964
1184
2486
5962
6797
6978
4278
6823
7541
9346
8990
3367
6209
9572
9141
3656
219
5225
10826
3746
2376
90
8490
10230
8905
130
6108
6120
2944
3927
5924
1338
3286
11777
3077
1918
6816
9887
6452
8235
7161
7698
4014
8626
3418
1862
9730
3160
9558
8397
4582
10186
1183
10405
11763
10106
5059
2259
11460
7174
11332
10528
5318
1284
6380
7282
10566
5826
1399
9333
8029
10386
1524
8117
1390
375
7869
5499
1172
6371
3805
7680
1667
8418
10195
9733
10030
6386
6149
830
593
247
6084
11649
11030
927
5650
5449
11750
3445
6160
5759
1024
7416
9828
11090
779
248
1050
10480
11841
38
9159
9586
11524
5464
9355
8407
651
6952
3745
11111
4013
6414
10768
1527
153
11400
4171
8218
2702
10664
7899
11712
10592
8121
1538
3876
11700
4587
9847
3349
9908
5023
4294
2077
7120
2445
4192
4107
3119
4989
336
5696
11585
7476
5175
10508
8492
1828
5368
7477
8168
1812
11633
11309
2176
364
10960
3895
6919
10081
10462
4558
1926
493
6724
11036
1561
2052
921
2919
1658
5366
10623
3751
2551
2023
4605
2442
7119
7286
3701
8248
2064
9820
8353
3208
1199
7584
2600
7295
3126
394
1819
9315
4234
9110
7717
4594
568
2873
3844
7457
10576
2695
9814
4699
4148
4103
11805
9442
2833
154
6403
10233
7460
3722
1442
4983
3215
4276
5716
7070
9043
5629
4411
9774
10901
7066
1387
1653
10092
2113
5328
11542
4387
7649
6922
246
8745
11320
8772
7557
9206
6871
11873
3870
239
9466
11407
9629
7759
4453
9364
2346
11189
11058
2238
4739
638
1947
11377
9557
3659
11747
602
955
9512
9673
9003
10189
2096
8411
6773
170
895
8000
1195
6441
7484
268
9292
772
9013
4721
3713
8646
6142
2288
2084
7080
461
8075
3293
6370
10483
5374
2277
3264
2543
4694
5543
1554
11582
9827
9594
9021
8594
7360
5692
6435
9294
7790
1004
799
7852
11780
7956
7192
6
6457
4377
1099
8951
7227
3075
7072
2929
6052
3856
1072
4928
2424
8306
7543
5364
8698
10701
1741
7668
11869
8733
210
3650
2428
6430
7033
7554
2896
8899
6868
7067
11774
10423
5404
2628
6984
4458
6712
5816
4050
3636
6193
7876
9164
2286
6418
10969
308
1976
2468
1437
1521
5066
7130
7127
9508
230
9231
5286
5336
6474
4182
2711
2206
274
4880
8223
4919
9926
6350
1954
3763
7808
391
5830
700
179
1379
4122
4967
387
7283
10878
654
11557
7712
11109
145
861
3764
2005
6008
11330
9753
11591
5329
731
3363
5284
8661
3678
2525
2751
6781
9217
4820
7951
3604
5989
2623
10200
9871
10836
1332
5875
4070
1750
1765
5255
3324
11004
3068
9289
9312
7689
11360
3517
8006
4180
11199
5429
9379
4947
9041
2374
1744
969
1981
5239
11441
9864
2514
9145
11644
6639
5453
3205
9255
5442
4240
8580
9966
3481
6942
2192
6399
3601
5681
6062
10723
5559
6410
9722
9433
1166
95
9744
3143
8031
33
360
4642
11818
8251
5294
9874
6619
3707
9788
2740
7967
1372
10974
4653
4094
9862
4789
115
2624
6255
509
2957
3353
5347
1730
2726
9922
3202
11735
2459
8558
6646
9424
11670
1290
5008
11301
9898
4422
4945
4489
1619
6105
3887
7231
10620
11416
7581
9969
5064
140
2467
54
5726
10902
4232
2348
551
8142
11857
9445
8757
4025
518
2125
199
10531
459
7613
9559
1146
11175
3753
5624
362
4876
3167
4863
4139
5995
10645
3518
1450
1530
10165
2354
696
1186
4554
4418
11618
5675
6503
6348
5769
5043
2969
6899
5128
10043
3450
9369
8625
11604
11049
5719
1347
3770
9322
6241
4829
11531
10579
10265
5847
9930
8087
9058
3029
4861
168
804
4002
2267
7562
8439
10406
4628
1960
7844
8314
5313
3915
8408
934
7343
9400
5010
1997
10575
5919
9397
948
4620
11864
10796
11410
415
1677
3697
10574
7267
10046
9252
222
297
9242
1897
1767
5576
397
3199
3217
4790
10283
4087
1580
2108
11870
8511
3988
4403
7825
1913
4988
1204
6345
10994
10362
2603
5932
1674
4698
4537
6175
9390
9996
8349
6824
10881
340
1814
10363
4480
4206
164
11064
10175
9563
4085
825
9711
10150
3171
5353
6885
5780
11728
3811
641
9762
8720
9705
11528
10343
900
8448
7472
3030
9208
9154
6475
4360
8641
10366
4391
6218
10232
11545
1460
5415
3486
8141
10833
5614
3258
5005
7627
186
9366
8453
7085
7422
7444
9967
4924
10548
1843
5049
11306
3253
10378
8496
5445
6718
10933
11698
2253
7347
327
4708
9853
11239
5361
6719
5766
8851
157
8131
4939
1834
5293
909
3207
6286
725
3769
4231
5636
7701
1383
10098
942
9530
1678
1863
3040
9485
6740
7199
1302
7969
3176
6527
2106
1276
4306
1414
4926
10305
8651
4514
1980
6662
1177
6561
11920
2360
5800
1986
9867
5583
3082
7162
10380
3507
9543
6033
11474
1046
5413
4193
4239
4813
4884
4004
10255
5274
11856
5825
5452
5395
2827
5026
3471
2524
106
10345
10835
3878
6329
5479
10755
3467
7706
2507
478
7319
6163
10924
5697
1277
11574
6545
8255
11453
2007
2035
8012
901
2385
8589
8799
5969
968
6265
1210
1363
8059
8775
6989
10227
9815
5289
49
11444
2234
4163
4909
10314
4427
6466
6711
5081
1293
4201
8934
8348
10868
4471
1927
11276
8209
4140
5708
3302
7515
11541
4970
4685
3105
8139
3319
1904
1717
6878
4667
6035
10707
3354
7532
8620
5852
5772
108
8909
11769
3472
1380
3428
3407
378
4093
2625
1734
6131
9900
4131
6515
5706
4218
8162
8024
3945
10433
11176
7208
8157
2123
8798
8011
10094
8192
10799
2775
937
3679
1421
8660
9175
4923
763
534
9210
4327
10990
10525
5666
6532
6246
2470
8736
10155
6283
9601
5768
5731
7754
1584
2483
2285
11122
2749
26
10063
6150
10515
8622
582
7391
8691
9857
5721
2591
5711
11293
7636
10978
930
3342
2063
5777
10721
10989
10940
3732
858
6765
9198
7906
11702
9796
5652
10355
455
9066
11014
5728
1370
2219
10152
4553
6538
7434
7539
9278
3510
9548
6207
7429
2335
8252
10743
5761
9408
7291
10401
7259
5140
3454
10299
8548
10121
5391
204
9639
10067
8706
10436
3853
9244
5290
3401
8094
7792
11351
1935
740
10677
1264
10655
9660
2616
4659
9237
2691
2220
3055
3978
9809
11517
3130
11866
5167
1051
1683
155
789
9293
1885
5712
5985
11871
11126
7694
266
8501
8606
6715
5384
8535
2193
7931
4608
10294
4925
10561
3391
9970
10102
10822
9593
3338
11488
8312
5533
1796
4802
8191
4585
1138
3311
11374
5270
6488
11269
4335
4531
2926
7961
7858
10641
6529
2956
6968
6330
7148
8474
9054
8677
6670
7766
4595
3806
1832
2679
1088
2754
6741
5389
7837
6818
10078
9314
3049
9161
9952
8399
6946
2373
2547
2933
7700
2282
2717
5782
10014
6738
10328
6726
951
6941
10275
2033
798
1350
2881
436
693
9706
3761
4821
3648
6450
11537
2102
10020
10312
1659
7661
7813
5351
3592
1207
255
8446
4202
5277
7915
8781
1360
7237
5836
7029
9709
9714
5042
10410
1283
5892
590
2225
7157
10273
1737
371
8868
1921
9192
3606
5469
3859
2773
3800
10656
6270
5096
10910
6138
6159
1401
7334
3398
4104
4346
1632
7194
9168
10315
8321
1568
10753
4580
1827
1228
5750
4994
6312
10542
2070
11273
8996
4626
7687
7692
7426
6846
8708
11229
6121
2800
4781
6372
10845
10197
4834
6064
876
4242
1975
10256
7249
10850
3531
4326
1008
4579
10598
10556
3867
8517
7471
6010
2471
4370
6680
11147
6436
891
9478
11597
10584
7773
3885
5853
5670
86
4599
124
3288
6540
3610
4428
11931
6214
4285
11756
8662
1944
3535
3470
6467
9069
10782
6261
3742
3045
6615
11179
7795
9356
4291
3803
4035
953
9475
1096
6379
2357
11928
4128
6340
3345
5123
533
11847
10597
4972
2909
7994
11906
7611
1937
3575
8215
9507
8792
299
8308
9011
6933
7414
5159
8940
6294
180
6311
3514
11775
6307
2273
5757
10319
5154
11310
8576
2658
1075
7744
8815
8562
2918
6644
1704
11083
7639
781
649
8888
10852
1994
9943
3279
4147
7950
8013
3824
11424
2642
5608
10465
2171
10708
3766
5393
10049
3670
2854
7469
1655
11863
11525
2786
7716
5206
9361
10864
2692
9285
3508
6123
4936
5188
58
11581
6567
4028
11101
11683
2793
3726
8776
3368
6051
10827
6117
5958
9371
126
11625
8409
3813
5108
6706
1234
6005
9235
10047
10814
1187
9968
5240
3094
11642
11486
2851
7721
8102
7857
3179
5963
6652
9523
9215
5280
9633
10181
11157
5983
8036
931
3061
107
9894
7617
11266
9183
5569
5088
8281
8973
8302
10301
2420
7294
5037
10397
7384
11605
1965
8866
2336
4045
8402
9038
6349
324
9893
1549
5346
4443
2053
118
6541
4340
1465
3304
11878
1733
10763
8542
11084
5437
8572
10431
2455
6505
5695
11230
3831
11013
3273
6708
9256
11921
7573
7918
10426
893
3073
10897
1872
2352
8770
2570
873
2884
5970
2401
8289
1466
10443
878
2581
1496
6367
2772
4314
5908
1681
8450
10228
3693
265
3191
9125
6857
7880
4272
3091
9921
11270
7410
2185
9101
3252
8886
4606
1848
8764
6653
3802
3651
8713
8621
2289
3412
10838
5622
8396
4604
9659
10892
3108
6675
8928
4804
3109
9742
62
6366
4164
5739
2720
10441
9676
7827
4017
4444
4581
10403
11504
11095
9539
7580
7784
9822
4961
10425
1487
1709
9914
4851
8586
10693
8908
9070
3114
3423
6907
11725
8817
3163
4324
516
4298
6732
5055
2384
8767
4801
9498
2868
1312
9607
4720
1299
277
9268
10643
1593
8989
10429
9179
4312
571
2399
8760
9745
3561
8238
9330
9416
10359
7676
7353
11065
1831
9250
3790
8160
2334
6702
2444
6016
10572
7037
4020
3343
5051
5333
6950
9012
2996
10898
8294
8207
10634
11852
1934
4792
11285
6511
8244
2495
9301
9273
10204
4046
9668
10674
4806
8112
1502
10109
2619
553
7725
7018
2107
540
5922
680
7284
6222
275
3462
9953
10207
8807
3991
7254
6383
4561
3104
10503
2407
