11629
6846
6315
5834
1117
11024
1637
4593
11769
5487
2516
7876
10359
11470
3197
7046
3204
9881
1780
4376
431
7657
1678
10511
1913
6540
8631
8936
11080
10833
10555
10735
8477
11612
6470
621
1363
3278
6592
4008
3582
7559
6769
9137
9663
2618
5613
6322
10179
1061
5545
7637
1549
2340
2235
7629
718
9611
2978
11233
801
3711
2394
6742
1599
873
8440
11728
7012
9398
8898
434
5269
6465
8814
10657
5537
7093
5967
6702
7472
1253
3135
8553
2719
11448
7424
204
10805
10699
11202
2314
6552
3013
603
6201
9874
7427
11557
2678
11465
7432
11646
765
7248
6572
1074
1551
4499
8382
4238
4064
9445
1813
9637
43
10395
1440
11034
7381
3651
7560
7978
5171
471
5462
9425
9116
9826
2831
2173
9571
4
2292
11542
3391
5205
1000
8562
8660
7983
2766
5541
4467
50
5343
3872
9508
6533
2429
11665
8713
3360
9485
3807
121
9132
10130
1824
5130
6461
6363
2585
677
8923
6972
10421
9136
231
11636
10935
10411
1697
6545
8511
6118
11463
1048
1733
7447
8206
371
1051
3974
5687
3946
8904
871
6396
7571
11380
10089
8544
9648
5868
11727
5753
9855
6056
4091
6038
7213
3801
6770
1380
6080
1172
10430
3874
10263
2945
11215
2447
7499
662
4468
4432
8111
2779
6912
242
8429
2890
10925
3663
7702
5956
3340
4765
3209
1789
5511
11642
5059
2963
456
2461
6911
7204
10894
11388
4999
7857
4099
6368
7904
3806
5781
8945
4170
4996
6807
1783
7383
10494
7938
3815
9784
10172
6758
6666
2301
1285
5447
9990
6029
8540
2275
7579
8448
11287
11085
11025
8264
4626
1128
11888
5758
6158
4021
497
8199
451
9901
1326
10574
3460
10429
6100
3398
9
6949
7324
9693
2932
2877
1364
7331
6101
2316
7510
11583
9170
11912
6182
962
7561
407
1995
7580
1412
7862
11694
5641
10003
5961
10970
8256
1991
6921
2283
8285
7760
8859
7995
4666
685
7941
9124
9372
6132
7380
7766
9394
4221
1619
11647
10641
3426
9618
7589
6359
3156
11740
2642
892
8938
101
1611
106
647
8879
4236
2518
9991
5988
4542
4810
302
8812
1430
6473
9017
9858
2844
6944
9877
4120
5369
10880
683
1570
3216
9279
3036
7877
2646
1256
3405
9381
10435
1287
8905
7052
2218
1500
10346
2532
2341
9125
3817
1113
2960
69
630
10187
9610
2720
9111
5396
757
8167
2957
11608
215
10732
9573
10173
8627
8984
7603
3526
6564
11312
8152
7430
4259
8633
7228
10210
4054
6149
1710
11397
5179
1627
11486
10238
7789
173
1147
10434
5005
4497
731
4419
4063
5090
2362
1547
8587
118
11269
9069
9003
9257
11897
3612
7438
10029
3653
11249
9423
7806
4023
11804
6097
695
320
2815
11105
6156
11106
7111
5826
9342
4102
10818
83
3803
10950
11799
10616
6808
5560
2373
11926
11159
1178
9324
8961
267
5500
8763
9533
2791
3487
5071
3359
6989
3733
4822
9587
3811
5918
11174
10011
4459
2886
6515
982
10727
7143
8552
9952
11559
652
691
2440
1038
6170
187
7652
8205
9182
1550
5968
8673
6330
9577
9719
5858
5050
6736
9847
9833
5515
10642
10091
3618
1507
5573
803
10310
1839
2946
7682
370
10888
11924
8626
3504
10630
516
10820
430
7059
511
11175
362
11243
9836
1193
4150
7281
1967
6154
2254
6381
2558
8132
5880
3569
5585
1296
296
5519
10219
7348
7884
11375
2474
10046
2984
9558
10393
1025
4233
7696
10816
1003
3351
1475
5911
886
3063
8860
439
9295
7752
1479
4491
6879
1283
9807
9875
10436
10762
21
2120
4679
9817
11641
2293
2342
5290
10773
10113
10959
1990
7107
8831
8084
10254
5228
6297
6862
7199
6614
9674
585
2260
6070
5219
3785
6924
10843
11810
7267
143
4272
5304
3731
7534
5233
7376
6087
3609
8746
8319
2249
8212
4437
9062
2425
5678
7470
5494
8404
6373
8210
10115
10118
7604
4399
1222
7693
9996
6
1488
11005
7881
7830
2776
9726
1275
9131
8779
4089
4768
4969
3471
3786
5452
11324
11851
8050
5370
1441
1867
6186
7958
6420
6664
1186
7217
10919
2983
6726
1396
10862
11408
5658
10975
4019
10364
9143
11904
2809
5063
10300
9056
6175
1528
4990
11197
7819
11711
3383
436
7029
8045
3532
3353
10714
11719
9767
558
6310
2130
11617
5817
9011
4249
741
883
4407
4625
4813
9126
6352
8138
8870
6594
9653
1924
3432
6763
7810
9365
8728
9939
11020
8661
1268
4330
1276
7950
5186
10926
9315
1519
1091
7469
4018
3464
2871
8372
4868
8430
10358
810
10869
8819
5251
6926
3986
276
10427
7737
7114
540
3001
9163
3455
6076
10819
10178
7750
646
10413
8808
11392
4022
3032
11521
8104
2349
11839
4934
5662
7715
7525
10019
774
11344
9709
7679
9612
5198
911
11913
9695
7128
6395
10479
9392
4402
2285
10545
9068
6452
5813
11323
1138
1140
1443
11099
10458
73
4105
10469
8982
7149
6800
3648
1747
10587
6332
3244
10552
8522
6611
2968
4537
7439
6806
9917
9682
11206
4843
5828
8470
5888
3096
272
9123
11439
6347
642
11256
8739
7478
11060
7512
2620
9744
2359
90
11293
8473
5300
3535
2360
4794
9953
11672
4680
3687
3332
8151
7926
1973
7675
7903
8757
11384
6678
4865
9179
10463
2572
8515
714
8348
386
3160
3643
6784
10081
8291
9860
10485
5722
4057
5436
3784
2076
10895
7388
3573
11078
10726
243
4460
8095
3809
6284
10476
6930
6509
11165
3427
11681
5466
3449
1819
2232
5231
1708
41
9232
3904
7673
2358
8200
878
10193
6755
9935
3046
6843
2509
9340
2042
10397
10259
3452
1788
8789
5067
11480
2466
3068
4633
246
9397
5590
5559
5342
7197
2404
6541
2238
11051
3157
2562
1857
6764
3885
6002
6011
7069
1077
9794
3607
10287
1648
7555
11334
2892
9582
2896
9486
2900
10117
6499
641
9335
2893
5713
5608
6348
8534
983
3895
3183
964
1956
5227
5879
2731
5544
3080
6961
2402
8774
8748
8182
719
3341
5782
10249
3161
406
3502
679
8159
8607
9759
11785
2322
8327
3227
5790
4921
3965
7809
9217
4916
8640
2991
915
5025
1109
6737
7627
8218
6266
5267
4439
4103
3410
6694
694
4807
4985
3991
9822
11091
8026
11877
11270
7431
5921
4290
8240
7642
7864
7825
8269
5607
4403
11791
10088
1794
5926
9046
10362
5189
7023
10579
11352
144
7031
8017
2021
5350
2263
11578
10227
6259
7407
1192
1066
9099
10419
6700
3220
4192
654
5042
1120
2146
3214
7037
2431
2468
3401
8849
4819
6059
3069
4780
3090
7786
5854
7188
3447
5109
4366
11929
7912
1133
11812
6761
680
1234
11262
3551
7082
10217
11793
1124
7656
8226
5363
8612
1658
8678
3059
3529
6872
9671
7697
1849
9549
3098
8806
3594
3236
689
11875
8571
1388
11502
9743
969
9866
9543
6929
7865
10553
10380
10045
8727
4571
4855
7919
10730
1607
3494
4319
8974
7802
1940
8577
7403
2457
4574
3892
4265
5906
4085
5150
3428
9765
8854
1370
2777
7986
3020
4490
7957
291
249
8236
4562
2634
5812
8270
9226
9400
4117
10284
7653
2935
11221
4605
9828
7542
5021
2551
10690
7930
6897
2420
8046
5909
1433
3604
11587
1983
9460
1482
8186
3561
8169
3206
5550
7489
186
1334
5496
2105
151
11819
11778
3239
9325
10161
9574
9222
9575
5112
5739
9231
11527
6539
1054
6838
11723
2276
8864
4897
10148
2424
4750
5177
3441
5661
1905
8194
400
7583
660
2805
10814
4152
11090
11523
10022
11158
6231
5049
6365
4104
4566
4312
4520
9444
3777
7576
9370
4587
8096
313
2246
8427
5004
11701
751
9173
4424
7722
8618
11118
4979
2855
11818
11928
4798
7203
11369
10635
4756
3555
7677
1892
5997
200
1451
4035
3291
420
11830
5876
11836
7092
8121
9976
5580
11050
1730
1254
3085
7207
10538
8032
8398
6119
3877
1159
6985
5115
2651
2408
11755
7139
867
1812
9758
4560
10454
8047
6281
5795
7467
3270
1926
2621
4067
3321
6557
6211
1919
11189
7927
3842
11827
4225
6222
2971
6853
7633
1470
4394
5013
6804
10506
8688
1906
11140
6532
10943
7365
4321
1543
11621
3315
5986
545
3617
11922
7390
2526
521
2949
3511
5676
6207
209
3989
4563
2371
7192
11297
754
9713
10871
4565
8080
10897
4257
9029
5485
791
3266
11089
3281
2523
2784
3763
11880
3162
7480
7322
11313
2590
7895
7987
9150
4879
4427
10793
3588
9258
3628
10873
7592
11659
4208
464
11674
3028
10958
3136
4374
9583
6015
11763
10215
6234
5908
11459
8176
8416
8347
9395
9524
10493
4994
1086
2754
5296
6505
2248
8454
9608
2277
1428
4484
818
6436
2947
5685
9805
640
3463
8222
8668
1301
1664
6600
2257
5554
2619
4651
10341
1567
9718
11420
11861
7833
3491
3765
5856
5040
297
7476
6439
9863
1880
11417
3319
4480
1018
4461
6371
3333
5729
9189
6205
343
5239
2556
5761
7274
11843
5302
619
6687
3955
1928
7942
4727
5341
557
11083
5307
4641
2419
189
10133
4261
3221
1041
2883
5498
5525
3998
9621
11431
6819
1387
8838
10093
7688
7002
9215
815
4885
7301
6498
1781
10007
7567
7770
2690
11373
3193
11468
11077
7758
6113
5162
3195
5860
8479
3958
10768
3825
2368
8810
5824
9074
1313
7164
6441
4895
1826
9580
7256
934
1418
1110
4514
11730
339
408
412
9263
5651
8143
10887
1515
9236
6640
6802
11573
7738
639
7308
11634
10747
3827
9677
5282
6242
5977
7294
5254
6952
7279
7595
5410
10342
3962
607
11430
7013
10156
1525
3545
10569
11044
9994
2792
176
4572
5914
5086
11273
7611
807
3440
11030
2469
4913
1735
7980
6120
10317
9978
9320
8052
4327
1691
4123
9359
1786
4264
10016
7433
6235
520
2762
9379
10299
6990
5286
349
474
1265
8237
8500
8229
7119
2202
10028
5979
11322
11622
3642
1064
479
4704
99
564
3443
8098
9815
4808
9762
3715
5708
10385
9244
11449
9430
9418
7900
8797
722
9032
11455
5001
8869
7400
9629
3537
5273
10563
7856
2842
9497
3424
7040
1755
9842
11927
10966
8424
10529
6542
11592
1965
9909
7581
4708
2066
4130
11895
11815
3905
5236
100
11614
3482
6691
432
788
1776
1568
4273
11752
4329
2194
1877
4741
10025
4425
9517
3042
8639
3377
5949
2697
6403
8565
2920
8071
9473
8420
4770
7726
4714
9904
5945
5479
10912
7794
4390
812
2857
10761
7808
10186
11814
7727
9265
2774
7647
9341
10961
10993
8112
1324
5709
4024
2212
3942
8770
160
1235
8781
11803
4744
3629
4154
6919
11483
11400
4647
2586
9747
7321
499
3686
11690
1946
240
1685
7817
4288
10486
10718
7232
3107
8693
5617
3387
7479
11447
5477
6633
2594
735
8979
834
5738
11702
6409
5889
3146
1657
1472
11355
8963
1951
6075
9429
3521
6575
3282
9510
8136
1852
7676
6474
11620
5954
6877
11680
6984
2570
6411
3368
11284
6150
2847
6147
10350
3657
9525
6586
3103
10453
9103
11288
9572
5102
10695
10360
10098
4092
4844
6925
5891
4995
9172
7960
4113
3229
2387
5697
10788
358
2109
3721
3855
5234
8521
7824
8909
8070
3139
11310
224
4436
195
11180
9660
2691
9771
972
9064
4988
3985
11134
10201
6134
7170
3637
5093
3436
74
9507
9500
635
8783
10668
7276
7541
5820
178
2834
3813
11595
11472
3408
4930
3288
4305
6745
6009
960
4258
2158
2699
9448
2860
10631
9684
4713
7907
10687
5433
3873
3706
4311
4269
2178
7564
9951
4299
3230
5628
5627
8747
3459
2443
9547
1569
770
3344
10365
705
5999
8390
930
3091
7684
1861
5425
11018
11332
4040
8441
2281
2759
1975
6010
8696
3386
11436
8690
3684
5422
8082
2977
3824
10166
168
4012
4610
376
7130
8990
7889
5503
7763
10058
1986
9374
6063
165
2695
999
1727
11750
7632
1162
8912
345
10758
4692
1249
9656
4835
3240
5681
6492
7488
10378
4967
8257
2163
134
1805
6407
10351
10775
10996
885
4766
8695
7815
8776
4772
10275
6314
2030
1378
7552
9661
8341
7346
5715
2280
1093
5256
11633
5526
2828
4132
377
6934
10061
5348
5114
1073
3370
2628
1896
8110
2020
10446
4006
3198
11493
11072
2495
10831
6657
5612
645
4830
6943
11176
6659
9532
5802
10135
6500
9601
11558
1143
7167
7004
7448
10230
3950
8108
2812
4262
10535
10451
11177
8761
9698
1842
537
1872
9079
11742
40
11306
9955
156
5143
374
5163
8689
1315
2942
5587
3480
1762
11784
10174
10502
1508
152
2955
7070
10870
958
4588
10409
10438
7068
6408
5187
9895
7570
4510
11301
7014
1233
3936
2721
7796
11855
5431
737
3751
6888
2698
4516
1594
2191
2439
7646
6821
2894
11891
1846
10261
5058
7584
3248
10697
2772
9804
5955
1509
2167
4880
2300
11761
10480
1925
2478
8353
7265
6605
11275
4872
7601
326
7009
9488
4127
4289
153
3180
9468
8243
5435
10194
3670
1751
2829
6023
3948
3695
1111
5698
747
194
1403
4194
8413
11554
5183
11540
1888
4275
2138
8333
2409
2797
1179
307
334
3318
5351
8064
1454
6836
9344
4309
5082
1007
7079
13
5850
3875
57
7335
1251
5172
11299
3300
10546
7911
5029
9233
7753
159
9014
7967
2506
6328
2743
1851
3902
10500
2451
7120
1392
7977
1874
2567
10333
2663
5773
7879
10656
8928
120
9237
6447
10929
8217
318
3301
9654
2059
7744
3993
10542
5512
105
5455
7971
5195
223
9371
11548
8998
8034
5883
1912
6913
7532
1572
9186
10794
7621
11046
10503
7504
9183
3328
10627
8421
11239
9229
5815
5258
1941
8805
4473
11574
7140
10153
1342
4881
7497
5964
1908
9635
4161
10575
188
6963
9369
11403
4555
5474
67
7607
3820
4769
10260
9390
9898
367
338
6885
4451
3888
11286
2938
9593
7357
6086
7547
3703
3501
589
11208
1608
2676
8245
2155
8656
1457
8318
9361
11874
8895
9959
8025
10885
5878
1520
9683
1105
2926
591
8741
2434
3024
3539
310
122
2210
1501
7113
4369
8224
9044
7538
6475
180
9114
7310
1960
1333
7648
7334
2075
4445
10567
11434
4829
3719
816
11320
8926
2462
4423
5808
8594
7692
532
10305
3570
7395
6041
5788
10932
9725
6061
7626
4870
3374
11379
3211
6230
9690
5920
6338
9036
8658
5418
10281
7311
6165
6417
3254
3787
981
10066
244
4081
2193
946
9465
1471
1413
7110
10623
31
3935
275
6514
1292
1987
2203
4224
7025
1281
4418
3976
9439
10406
11853
7951
7985
6501
3764
11422
9528
9941
8389
9578
9942
7582
4478
3851
9472
1529
5784
2522
2533
450
1597
76
7344
6497
6026
7544
761
2820
1534
8731
427
5087
2672
2297
8738
9737
4183
6524
2001
6268
8358
141
11832
686
10604
9478
2885
1903
10170
9175
8478
1082
2397
5663
7342
1310
4859
9732
9393
5827
7377
2126
7172
1372
2370
4549
7783
6115
6905
4541
11484
11552
11037
11021
5122
9799
9009
9830
921
9213
3853
7484
6777
5055
10144
7699
3621
5169
622
5524
6547
2003
11127
2041
4998
2554
3676
3845
4388
4357
9368
2870
9241
9749
1029
746
7193
11446
6006
9435
9066
4237
7317
8066
5378
8379
5637
2401
7104
1090
904
1737
81
8101
3899
11338
651
11253
7378
10613
8117
7588
1306
935
213
11308
6225
5325
3957
10076
5668
1335
10075
6200
5717
4723
5327
4585
2622
7922
954
1264
8516
11847
9766
6351
4185
3794
11584
6674
1304
507
1921
9596
11870
6483
355
4240
6171
7191
10565
2054
5695
5193
3382
10445
7746
8188
1218
5007
2080
8947
9209
6685
2438
8520
5446
9084
4949
2433
5010
9861
9121
4222
9764
1893
9060
2961
7729
8067
2172
4278
11166
4011
9109
7420
3943
6477
7976
4364
11882
10654
3667
221
825
6927
6426
6331
2685
10488
10449
9407
7445
6774
3137
6655
5990
1277
2389
6128
10743
11856
6122
8578
6775
3175
7288
7054
5344
5504
3153
1531
8638
7444
6663
10584
8666
9083
817
6450
6724
7591
1332
9820
7473
4940
7229
9755
6233
162
328
1097
786
11022
5250
5801
490
9297
5031
9984
5427
7458
7940
7719
8116
2560
6848
2418
5467
1999
9290
1563
11876
5670
6203
9501
10099
668
4862
2534
8865
8122
3473
5064
3613
9354
10963
4823
1220
3362
10700
2853
7379
10243
7194
9843
1686
2252
7667
5481
1464
5337
7280
330
1415
2150
5017
8712
2785
2187
8586
433
7032
11238
11669
2982
4179
34
1425
7475
6899
7634
893
8752
7330
11514
8354
1809
6749
7500
3863
5180
6072
3258
4270
1577
6031
2274
3261
6084
3673
3124
9495
5124
9515
9185
2159
6642
5247
7955
10168
10742
8662
5875
5809
1734
2579
11252
5837
5047
9188
7984
10139
10103
6822
9880
1321
2575
6719
4440
1922
7035
10497
3894
2329
8788
7055
11307
2230
7215
7362
5866
9147
3489
4116
3738
2513
1045
2350
9293
7899
7569
7780
8214
2980
6887
262
672
8378
6333
4802
8449
6212
6073
9309
8829
4767
5248
9039
1732
65
11254
6376
512
11214
4433
8349
2278
7851
6717
2415
4389
4837
1582
51
10069
6299
6402
6135
2306
8463
7171
6986
9357
10456
8411
768
5125
2682
10244
5491
7932
2600
6388
10881
2624
7527
8272
10265
1477
2045
10052
10537
4932
11931
3396
3560
5649
7777
372
489
3121
11274
5806
11825
3171
86
8949
411
7974
7718
986
2519
5123
7990
7415
10848
552
3072
7643
10728
10414
8794
3891
5255
7285
5616
7874
887
10490
9214
1779
1688
11479
8482
405
3906
1438
2694
597
4469
11157
5770
1561
1005
3026
6018
3533
1266
11745
900
4558
4973
8524
7304
5129
8468
3698
10704
3470
8822
11802
3575
11916
8669
1799
4167
524
4462
1052
9181
10149
1357
11495
1831
6466
811
728
4055
10754
4489
5099
1297
8072
1255
9498
9912
845
441
8465
10408
11478
5465
2011
6271
8005
365
839
9238
9867
7370
11462
6238
8131
10508
2157
9119
7533
8505
6110
11840
5159
5167
10477
142
3912
8284
6588
8471
4576
1832
4753
4271
7548
4296
10256
1953
3990
7537
2027
9950
9410
9481
7526
9298
11
3847
2645
5638
7837
3029
613
1974
9336
7072
5735
6189
7664
6020
4066
2050
3597
2221
9806
3937
1506
9115
1145
3692
9255
3352
11881
4701
6481
8857
3087
6837
9705
3053
11534
9282
2714
11009
7494
4945
9240
7791
2354
2751
4601
10645
2764
5074
11438
10386
2441
10740
6902
2929
8681
5094
3517
7401
7141
1487
6188
6112
7001
2921
11347
2637
704
6831
5326
11919
289
4519
1244
1645
5540
2458
2240
6064
6918
3739
7423
7006
6000
4825
10189
10018
10171
5600
1004
10681
11821
3924
2304
8771
2811
8020
10122
10853
9477
1320
8363
2286
2493
4378
2817
7956
4320
4616
4037
1394
10769
6019
9562
7103
2379
889
2097
2491
3972
10991
3299
11708
4136
2906
11458
6430
922
6102
8062
1724
11011
4820
3376
9888
10824
5864
1541
5631
8278
848
506
11846
7003
11759
2872
3759
9461
6131
11336
8310
11257
11117
9938
4964
6159
6144
1429
11124
6522
10626
1497
5578
1053
7442
9339
11268
8636
6871
11381
10188
10884
11536
9700
4487
9550
2412
1366
9535
5726
7021
6399
3199
8145
1022
10851
8374
5020
10289
9080
5870
2295
10598
3640
10442
9305
9022
5691
573
5399
2801
8128
6327
321
7714
8189
8670
6878
2563
8426
5128
9906
10874
11518
8244
6448
5449
10694
10416
9139
6732
2846
7713
4187
10890
4140
7152
7118
4404
3458
10821
7418
3536
3163
5444
3603
674
5529
1763
8130
5372
10014
7019
5371
1689
3994
11666
6081
3031
3757
9832
1183
7867
11501
4796
5823
5144
3349
5705
8438
957
7776
2192
5403
9752
6111
3880
10420
3524
11331
968
8711
5079
1745
6091
6757
1622
6191
8583
1325
1223
4488
8954
6999
11151
1900
7820
396
5141
2505
10892
10319
9127
7339
10710
6161
9307
11414
4611
6811
8
3265
8671
7698
8139
6844
462
4101
9302
6959
4084
1575
2383
782
158
10915
8570
4901
1027
6863
4454
11070
3293
11914
2814
9903
2303
1651
8722
3964
8804
2298
2169
8550
8375
4687
3182
7402
7550
6571
9489
3788
4069
5019
4795
1458
9101
5861
5309
2765
1483
10777
7227
1376
2566
10039
9581
3995
5401
8196
544
8941
6747
5249
9476
2015
9386
10190
9890
10234
8744
5849
6626
1722
857
8541
11236
7369
1011
11156
6228
8314
4191
5293
2453
709
6240
11039
8836
11884
5052
7184
8076
543
6392
418
10533
8674
9745
25
8629
11593
11401
2014
8914
6597
7105
11908
11108
9128
6812
3849
6728
11271
9130
875
9616
3922
8163
5699
9065
8866
720
10510
4705
4307
6103
3354
5454
1125
7522
10791
11860
2948
3547
4875
1078
10639
4276
2289
8432
4452
2106
6579
5266
11638
5262
9118
2261
179
994
3595
2965
8847
11122
7443
2670
9018
4034
9157
8451
3311
7067
5563
9072
823
8392
9605
11511
9004
2345
314
4561
11444
1480
790
6162
6035
11768
2450
8932
7624
325
10781
5138
10946
2703
5944
1523
10373
6793
7239
2471
7277
702
6783
10711
4286
1354
11906
4298
6928
488
11203
9031
5950
1625
10226
1089
9095
5294
5409
8950
11013
2808
5845
1976
1566
1811
11565
2709
5116
10923
11504
6624
706
8402
9202
712
2836
11732
3708
164
9351
6955
8684
4648
631
3079
4787
2799
8147
670
8273
8772
7214
7000
2485
7736
11316
10850
794
7094
4074
7659
600
2514
37
8925
8241
7680
8146
6538
7238
7124
5586
4989
7528
7663
2375
6069
6416
2664
3309
4640
2365
11084
5793
6713
1816
7075
9840
6696
11377
6829
1612
7451
11079
293
4228
4839
2013
5407
24
5934
5095
5720
744
7189
485
9592
6014
9868
10692
10369
11506
8255
1552
9545
3593
6643
4557
7251
3304
9783
8399
8751
11183
4755
10250
8094
6168
5650
9999
9670
8171
6873
10723
7969
2718
4429
3940
6105
10142
11640
8377
9948
7717
3397
8725
778
6016
5151
5528
4678
4195
11695
10526
7949
3734
9544
1367
9313
1405
60
7562
7524
10644
3475
2323
4274
8919
9797
4171
6288
2917
2432
1399
3650
6606
4149
9710
7918
10586
3462
2364
11218
3571
4773
10197
10499
247
8492
9681
2091
10841
10767
7091
3488
9541
8307
6361
4933
8624
7340
6856
5619
1272
4710
1158
1259
6788
2939
11196
1834
555
7516
6511
3389
3814
9108
7461
2529
4316
4670
5303
11546
10428
11824
10658
11348
5838
3509
4508
7482
9666
4175
1373
5450
7137
7058
7508
2775
1144
7968
6759
11211
9499
9094
7044
1216
54
8461
3100
8934
9358
7043
1761
399
5895
2510
5947
9281
4688
2211
750
10384
2914
1945
1889
5882
4719
11451
2571
1784
7016
3720
5937
6661
643
1100
5417
4612
4517
1434
8551
8376
4938
10191
6260
7959
1164
5366
3619
6142
3084
7520
10475
5360
9889
4356
4792
7859
2874
9027
2339
9837
5078
2476
10279
46
5991
11224
2941
9082
8165
7690
2746
8766
1615
7871
68
11496
11028
10625
8644
616
10185
11152
1914
8795
2161
1401
9071
6005
7658
11547
1068
9763
9436
8592
10294
8149
7263
7843
3336
11543
7787
3259
4328
1195
4982
6423
9171
394
6239
10082
5440
10599
10774
2269
5867
495
7343
3417
10126
9945
1671
11138
4498
5206
10883
10316
9289
10651
2328
10363
1782
8078
6385
3495
7086
5097
5558
7823
3821
6342
733
4164
9919
837
8839
7875
9614
11216
8061
7928
7566
1538
126
8706
8190
6510
8164
8456
1985
3804
10633
4049
4594
8037
3437
11505
8817
11838
1349
2916
1056
8239
5089
11625
1807
8585
11786
5107
7943
547
1565
11561
7641
6842
7917
4068
6449
2344
852
11199
4695
4501
7816
9802
5983
8841
9829
5483
9793
1918
11082
7398
7735
6329
2730
9155
813
356
7549
8791
9326
10443
8745
2484
7450
11537
11772
11667
11512
10440
2582
8351
4463
9639
9015
6052
460
2677
3913
8663
1768
8964
2164
1910
5488
3075
3675
9633
9259
4494
519
6393
842
3671
11359
776
4235
3158
8268
3896
1279
3262
10128
5686
7754
3581
602
329
3656
534
9349
5264
2552
3793
2758
1010
3034
6049
3805
8654
1044
866
9303
7827
1092
7998
3003
3688
1750
6957
3
6303
10752
2391
10023
7347
6079
429
7768
8503
4199
9323
2741
9584
1796
3361
3983
8238
9606
4898
11894
7769
868
3154
5051
2068
8546
1899
6017
6684
1148
3253
6988
9153
6244
3920
10716
1298
11909
306
4861
10608
3290
6123
4465
1104
3834
7436
657
5002
9177
7391
1988
3435
6604
3963
2237
4779
4504
4833
9450
5614
5142
11787
952
9824
8013
6323
9986
10939
6220
8099
11368
11725
11264
6495
9932
10856
7743
4935
1598
10328
2704
10327
9296
6326
2520
4406
5923
9728
6627
2512
9198
10916
228
4804
5779
6693
4213
8970
2852
3903
11492
2498
11247
1833
1505
7359
6457
4470
6307
1414
7142
4108
7200
6422
1698
11693
4306
172
10349
11699
11019
8457
7061
503
5048
4800
1961
11265
10808
3971
8266
10072
11736
4978
3385
11664
2196
10817
10772
4926
6164
4668
6216
2312
2770
7492
1346
7975
6715
3538
2972
6787
3886
9876
2265
3563
1535
459
7593
840
229
3690
9449
2592
7474
1359
4535
7790
1653
10264
11464
8513
7242
805
8118
1942
4609
449
11031
6418
4455
9120
533
1303
4849
832
10591
7275
2053
8137
1510
1907
5745
7178
2115
3701
1245
7084
10204
4997
9223
9113
4827
713
10077
6560
9602
10778
1057
3201
11842
11644
9772
7097
4077
11607
2482
5894
6969
690
8723
2656
11153
2473
10972
10141
7045
11102
9791
6738
9087
6480
894
8628
1437
4347
7446
3169
7089
6870
3660
1312
11169
1885
6458
4958
11346
10303
996
3649
250
756
10672
2990
7578
4431
2973
9273
10038
9859
2652
11718
8652
7741
6217
4338
5460
1876
124
1230
5892
9345
11148
3900
8003
3384
9531
1293
10196
7409
8367
2217
6178
10646
2869
3303
11162
197
10982
5416
2710
2708
5331
3931
4522
11429
5712
2445
5656
1898
8007
4041
5374
1704
7669
11435
6024
11735
9619
8667
11109
5611
784
4993
11043
938
4263
5451
6697
2385
3829
11113
10274
6796
8942
8491
6357
10184
2100
7312
4219
10079
1636
11676
11611
3017
4694
9927
517
2135
7585
135
1841
9613
5279
6830
10094
9914
6083
7835
3273
1134
11905
9622
61
574
5018
7306
2103
7785
2200
3542
4730
157
3371
7259
1243
4013
4349
9420
6585
4247
1416
5778
2179
1062
5629
11648
2897
7782
8213
855
11335
11398
3465
8133
3002
6638
9470
8444
7905
8455
6296
937
3531
6321
10181
2197
3926
9228
7812
2895
1774
7619
8588
1837
4080
5669
95
10119
8233
11789
1539
663
150
561
5036
11041
6224
2617
10404
5338
3469
1736
10071
1827
8086
10956
1419
9356
9023
7662
3510
5271
2074
10549
1232
1300
1375
6773
5798
8608
9699
1571
6146
6517
5023
3768
1590
1067
7157
11715
7136
11361
1753
6550
2970
1626
4314
11707
1131
1929
1191
2403
10866
3718
10536
11579
10696
11716
5245
7373
8582
9873
1080
5635
2268
6603
3093
11042
2915
819
11370
9871
1417
3118
4869
6455
10964
5829
11057
8385
7553
899
8283
615
980
10005
8187
2705
9337
3058
3685
7728
3433
5429
6185
6125
8211
5546
10594
5728
5437
1460
2154
8178
1773
1468
10466
1229
6276
4840
3490
2616
8937
4061
10151
9086
6033
11662
8295
9603
7271
10785
15
3826
11283
4709
295
5531
7751
4129
11661
11241
1712
9051
5156
2096
413
10737
6942
2006
6274
7148
4100
2007
8040
11191
1381
11433
10340
10713
486
4250
9591
7315
5900
9245
3097
9853
4124
6261
7078
10394
4162
3668
6974
6415
6406
10628
248
2010
7535
2962
5428
3468
8155
5624
9977
1139
6199
2087
5210
10624
11054
4578
4173
3012
219
10738
6970
2502
5430
7800
3696
8782
8355
4353
9319
556
3659
10803
2009
11624
1095
10860
7622
7616
4415
4471
3689
8129
1115
4832
8041
214
10343
10239
8977
11002
10830
9701
10280
11432
6896
3086
9484
8321
10661
5772
5104
6027
3474
8225
3577
8867
6485
11767
11864
1797
11696
7015
2553
11179
10595
5555
3177
3620
10267
11168
8033
4812
6920
10096
8699
10901
7056
3919
9706
1556
971
4397
2242
7180
2626
3159
415
1866
10308
6647
5149
3590
6991
8280
3335
11656
7049
10431
1284
1701
5056
254
1557
4177
6471
716
8166
9421
1182
3329
3006
858
1368
6058
7644
7125
1119
3186
3798
2487
4017
1503
913
10124
8311
8175
2168
10059
9785
3615
10564
5653
10581
428
4735
9117
11363
2388
8824
1650
684
1274
4960
7916
926
6981
4671
1759
11531
5434
1361
4580
3500
7108
1189
5260
7517
6048
799
1585
5766
9417
353
10120
3188
9180
8346
8414
7166
9362
10010
2756
581
5821
6325
3337
2166
9158
2437
4858
548
4871
6109
1402
11186
4332
1614
2865
1447
1098
11566
3102
6954
4676
2528
5606
4762
11012
4842
2726
4948
1008
4646
11394
11503
3320
11539
7374
8100
1933
5840
6710
11149
3598
8809
6548
3065
9553
11898
1845
3678
3049
5088
8946
5062
2861
3634
6258
2599
1356
849
1744
1463
8409
3203
2625
9075
5995
1474
6976
11849
5476
4044
2867
2913
5575
2631
1228
4706
10560
1263
11872
10295
11776
9546
91
1682
11015
1209
7556
3945
8851
1640
4682
9992
7422
9020
332
3522
7074
10680
6183
3503
2944
3117
1642
8497
6867
11049
10571
2335
8105
440
8386
9982
7026
11774
467
3879
7318
4715
4977
3129
3944
6979
2459
8784
1624
5807
11813
6703
569
4370
554
8686
8223
763
1993
2578
5482
4943
10953
6236
2912
9278
2026
174
9911
5333
8556
9294
598
10162
9034
6401
4550
3092
4151
5985
3584
6251
9937
9013
4987
3646
98
1853
2530
9539
9208
5966
10102
9872
3977
2255
1588
1197
10829
317
7563
4449
7039
7602
3515
5222
481
11356
1236
1760
8490
963
4050
8039
8181
3130
2160
1034
2800
9462
9024
4139
9910
8263
11456
4078
2804
2830
5038
1749
4315
3040
7350
66
2595
1514
3559
4955
10471
6629
4075
6345
2755
11213
5139
10701
10518
1581
8208
8016
6554
6243
2587
10517
6880
9795
5218
5633
7298
10864
7
2463
8342
8142
11517
8881
7594
5839
4360
11053
3987
8590
10812
2881
9708
3969
11777
5484
2000
11477
10634
5076
3404
1972
4300
6148
6163
1669
351
7173
6612
10729
3194
8462
1555
6791
3228
929
864
1858
1854
9496
9522
7182
3939
3652
5375
1446
5026
6566
8980
9568
1729
6555
10539
8383
4005
11544
5197
5000
9110
10917
8897
8366
1740
161
7518
5623
8221
5072
1882
8786
252
1659
11160
514
4493
2273
7237
9961
8173
1499
8287
5998
7020
5408
9850
8913
1248
4937
4786
10330
8259
2400
9586
8443
1818
9526
3737
572
8799
9054
2684
1765
3525
8762
2272
551
2390
11796
2035
8821
3414
5601
3245
5769
11773
10009
5134
5208
5643
8435
1305
2183
6735
9061
4893
10211
1855
35
3728
1553
49
7150
5117
4147
10157
7850
2088
7022
8581
542
10033
7503
8422
11260
7048
2640
102
2396
650
2216
5289
1317
11859
11677
3155
2094
10622
5842
11121
10311
10439
5510
8896
7202
11879
7393
6127
9200
2382
7147
9925
6257
5505
7320
5692
1129
1917
8589
5667
3641
9970
3523
987
9947
8876
5872
3961
2195
3334
4739
3709
11315
2072
7220
3658
10002
5339
10318
4548
4970
2827
8995
9920
1810
2481
6689
352
8423
6682
4229
3060
8436
6751
5111
6967
5373
10282
10921
8406
8749
6160
9493
10389
7612
9250
4180
10985
2456
2101
27
5441
11231
2334
9738
8350
2372
1489
2426
3099
10933
5340
8184
3345
8729
9704
5037
1449
5759
10566
7742
2421
10907
9050
9355
656
5877
8359
8908
4667
9035
4223
2979
7230
2573
5173
1683
6380
1517
7829
11901
4655
3527
5235
1741
6828
8434
8785
8281
4414
9736
11930
3264
2019
6818
4241
11729
6922
4590
4677
1212
3761
3724
10293
1337
3312
2353
7254
1340
10329
6341
10865
9679
11229
918
5800
8380
7426
9431
3860
5723
8174
4675
6286
6772
6619
7332
5833
354
7828
2884
10707
924
2118
1289
1959
673
10551
1180
7030
1400
8853
4853
8201
10505
4096
11653
398
6078
10578
9078
7792
8498
5367
4215
8580
2724
11628
11618
9378
11445
2452
8002
8993
2113
5644
1127
4302
7195
11871
10277
3840
2085
1700
3938
8790
1358
2140
3631
5126
1850
8899
4255
1822
2908
3865
5897
1803
8475
536
10042
772
3933
1668
6599
8160
4981
5887
11321
5
5397
10952
5345
5489
2128
5016
11311
7689
6247
6667
11623
11390
8848
6520
6121
2302
9617
96
4184
1210
1278
3202
2357
129
8605
3364
8286
675
7414
3997
4902
4530
2583
5746
10484
1299
8519
0
8300
1226
10213
11609
9312
4313
2313
5571
6910
4128
1152
916
9141
11006
3108
8157
3585
11399
11743
4004
5291
9301
11318
11112
1589
9823
4909
1169
5284
9350
3930
7704
1725
1823
8258
4887
9316
3901
1743
6001
7748
11220
8068
9492
2156
1444
9253
7174
5392
4774
7587
3654
4053
8365
7923
1319
9894
4527
2818
9007
9518
4065
4661
5978
10207
137
9810
2132
6412
404
2213
8027
10749
8614
2133
11738
7596
7908
169
7788
697
11000
1161
6544
5185
614
11076
53
10370
3848
1432
11349
6068
5509
3857
7323
6744
1584
1891
3390
6531
1188
10849
10741
1793
859
10314
112
6935
6895
4645
568
6859
2525
9980
10937
2262
8685
5744
9536
7775
2603
2887
7609
2185
1604
743
5349
4337
9235
3530
7706
9885
6324
10106
6032
7017
3843
5288
5672
1728
8496
2639
2902
1714
8506
5280
10026
3172
5223
3808
9487
7278
11170
682
9520
5176
6248
7065
11675
9647
183
2464
2732
4698
2749
3467
3431
8655
8600
5216
8232
304
10800
3478
11026
10068
10074
7724
11045
4919
8464
6995
2049
5098
3411
7671
11900
5830
5388
2876
6451
8518
3992
10036
3000
1879
422
6487
1339
10348
4906
5506
9347
577
977
5376
191
4975
530
2798
1049
3442
7455
3305
1719
4420
6653
11585
10997
11744
3331
421
2417
2058
4220
7283
8228
3666
2934
11603
210
3999
4703
9008
10432
5319
1260
1828
9905
9908
11029
7767
2028
8622
10223
9557
300
7123
5710
5620
3019
7262
3783
11499
11637
11563
2606
4200
1920
3973
11865
5933
7836
9239
1150
11385
4726
9266
5263
5241
8962
285
2905
10441
5671
6795
1466
493
1792
9779
6721
9821
4686
2256
3747
3746
1546
6707
3635
8322
7506
11746
28
3550
4672
10908
4743
4968
389
6723
8765
6463
1775
4507
1012
5464
1843
10898
988
5003
5166
1692
2036
5395
1386
1583
4486
1336
4683
2515
912
1070
8030
3061
232
1587
5534
6007
11454
1609
11748
966
6916
6601
8922
3778
5253
1240
8312
5513
8168
1670
10332
3661
9033
9167
2311
5814
10638
5859
4551
84
2816
9328
6289
5516
1494
6699
9401
3774
4026
10797
4953
5832
9261
2850
11242
1211
1338
4724
10129
2258
6166
10078
10709
4732
2994
5121
266
7325
2623
9600
4095
7892
7177
5404
4090
7112
6809
9193
4398
10248
10667
4729
2215
9753
4322
6496
6616
4528
3867
828
11649
10334
1542
659
8801
10302
7463
3149
8162
8216
2989
8833
9599
8008
826
11302
1916
5445
5459
4292
3126
10206
9974
9049
9292
4009
2750
5706
2307
7169
11783
1795
5039
538
4564
7577
5962
182
11890
745
6255
7187
9891
9364
5922
2352
3518
4908
4856
6519
4448
9798
465
10165
729
2937
8611
991
3878
7185
2039
7771
8983
8202
5237
4992
527
1103
5137
10559
11689
9750
5645
10942
5310
1108
1362
3610
5438
2748
8320
9740
1058
1578
7115
7159
10878
8113
7101
1680
14
10548
3514
4685
7703
2407
277
7507
8154
5336
11263
5904
7913
3187
7293
4339
1155
10600
4246
5108
2299
5493
4042
3310
3592
6022
1200
2632
9664
2597
3638
9451
6646
6574
5976
5347
4505
5564
4476
9269
1181
110
1496
1815
10799
1036
11234
4638
6936
5387
2823
4227
9589
131
5750
8326
3907
1632
8261
6490
8555
8391
699
1646
8759
10067
5432
7349
6272
9149
3626
6053
5993
8843
3215
4742
10859
5268
1655
5622
265
9197
7687
2919
9687
455
3479
2220
10940
6262
7453
11212
1897
8969
5043
3284
2598
9926
9019
9456
10760
288
2873
7144
1948
2997
3164
8691
9028
8665
1028
9796
1656
2208
4952
8891
941
5577
10107
510
1911
10047
261
8862
5754
1923
9642
2683
5737
6047
10931
10664
4583
7036
7397
11240
923
4380
11498
7793
6711
10487
11762
748
7979
8994
11602
1766
6607
11190
1643
5457
8861
2671
8292
8840
6210
4109
7286
1606
3393
5816
3780
1870
933
8330
6139
7723
2361
2722
2116
10955
2305
10111
7060
64
9168
8290
2767
2975
2411
5810
11040
2346
8882
1322
6369
3742
7396
6503
1573
6876
2414
3928
905
6746
5006
6482
5492
9382
2964
9058
4441
4569
5352
2903
8780
3546
4903
4411
1641
8635
3453
8958
4245
4186
6292
3256
5565
8247
10756
1939
9363
7441
6866
5965
5306
1079
11007
5070
2475
9702
10792
9607
11632
2910
9503
4728
7088
7710
8340
3741
7514
5689
3148
6695
8460
8150
5230
3422
3791
11319
4818
7531
11173
11294
10682
11811
5473
1830
6978
3662
5787
596
7457
6219
3421
2143
445
9455
9248
4121
5783
2465
8953
11110
5660
1316
5711
4446
4736
2930
1421
10796
11551
7615
6529
10388
3395
9694
2580
9122
6440
7385
525
7361
5530
8077
6900
5847
4159
7502
10398
11684
9441
7666
9454
2543
10606
11553
2124
2654
7540
5702
2142
5682
10105
4788
8697
9129
1989
8031
5915
773
2950
4712
5261
6516
4965
1106
11059
7333
2008
3145
4178
5535
10731
7245
8510
6478
10580
1631
4144
6621
4318
4961
2287
10702
3280
9042
5298
6660
7568
10827
9076
10392
4757
7773
844
5022
10444
9597
7838
10875
10307
2494
2029
10724
8966
2175
6762
11205
7487
6215
10136
658
2324
9555
6720
2904
3644
9645
3890
216
7289
973
3217
3770
11071
3071
4617
9402
9967
11782
10708
758
8195
4877
5742
2205
4088
11917
10904
3223
10131
7885
1992
4630
4624
5468
9067
8547
10755
775
5357
3773
9922
10999
7854
2454
3941
4020
7246
9272
378
4281
8796
5673
2356
10992
11601
806
3760
11726
8248
4801
7225
4106
4277
11867
7554
888
4602
5314
8000
8329
8356
5133
5939
1947
1442
2564
6232
3558
1246
3988
8177
45
2802
9827
5674
11756
4846
11248
8721
5843
8792
6725
9641
1909
11230
7902
5797
4146
8989
7755
3505
4556
5100
6167
2839
9218
7807
4746
917
10140
9287
2093
8743
3317
10212
9010
6907
3142
10802
2667
7691
10809
4912
3181
1605
6823
1778
10177
4435
9841
1307
4442
7914
233
9285
6464
4567
10496
8641
8400
8486
6781
7404
3750
1039
872
5625
11386
10602
1530
6398
6184
3562
3358
10544
6776
397
9954
3564
1427
11001
11460
4282
1353
9958
11415
4972
8352
9164
1537
2259
8485
4087
8299
4570
10062
1107
10527
6246
2129
1308
2435
6609
11351
1862
814
11232
8207
6378
7051
10221
11419
901
5456
7811
2504
529
6054
7765
3356
10597
5973
759
1633
8364
5211
1618
1721
9818
2650
5552
7250
4838
7716
8036
364
10637
1562
2376
742
9271
8508
8446
6025
393
10468
2460
1997
6816
4015
10278
8868
947
8885
6227
6950
11131
5443
416
5594
2928
10986
10593
1820
4477
8012
7261
10323
10934
1978
3909
2483
8022
8049
2610
2611
6349
10374
8442
2369
11643
4754
9491
8397
6157
11834
2901
1391
7345
5308
484
2214
3116
11734
8282
5153
5929
9288
956
10936
9775
11188
5595
5919
1059
1512
7701
6169
3316
11800
6567
6875
802
10684
6526
8529
2790
703
9787
10554
3276
4681
6301
1938
10795
693
10214
10008
11289
10335
8053
2940
1060
1638
7366
5621
9424
7655
2207
8091
764
5654
9433
10176
3492
6316
220
7296
3632
10640
9225
8653
7309
8554
9882
11290
835
2740
1166
2219
271
5469
2781
9696
4521
2004
3599
3289
9604
9249
4133
6278
9691
380
6994
5257
3077
623
2112
29
1484
5539
4475
8458
7981
4168
11754
4892
8234
648
2083
9689
4652
8014
11437
9916
482
1208
7795
62
2657
3697
11278
6088
11709
94
9973
6360
6635
1886
9134
10257
322
10415
7363
3037
8642
109
9210
9463
9389
9913
7961
10615
8148
1350
1690
4496
5332
3568
11466
10366
5804
9317
7024
10750
1461
3056
8959
1705
5665
9509
6400
11048
5364
11795
7234
9385
2614
8334
1043
1151
5499
4598
7392
4350
3862
3852
85
7218
6883
9556
3639
1767
3823
208
4632
10665
792
6722
8394
6298
10592
717
7329
8425
10048
3700
3423
8044
6358
4910
8719
1998
7915
1540
8679
1895
5927
11823
6021
10679
7375
5458
140
6494
10024
3725
1495
8976
945
4043
2318
38
10671
518
3781
9352
8507
6706
8545
2336
7909
11576
9187
9040
6223
6767
11146
3476
9609
11509
5297
1408
6752
4604
2679
8968
5952
4413
2018
444
9037
11564
8018
9443
6729
5901
1397
11826
9107
10550
4174
830
7434
9519
3887
7886
2613
2706
8011
3027
2051
4619
3466
5318
4268
11171
10583
8081
563
8714
9343
9675
4474
6632
4216
6740
9133
10938
10507
9707
870
8010
8197
9849
11088
808
1629
2231
1695
5203
6108
11549
5725
3144
1037
9803
4443
3111
10073
2727
10253
10481
2410
6372
3379
10367
2813
3179
2559
2660
11133
5731
10182
1649
8127
3392
1270
9106
7804
3869
476
9886
2546
11285
6082
7465
11145
4189
4450
10647
8495
3732
4051
7372
5207
9502
6948
7762
360
3004
2084
9748
3196
87
9731
965
10312
1764
9846
771
11330
3047
55
9506
11885
3683
7257
1309
10137
3213
2098
5890
8242
7515
9723
6987
6067
8708
5068
10666
11067
11137
10562
346
1445
3966
1873
6308
976
8357
2294
1821
9678
6389
606
7077
3749
8736
10345
7165
11097
6208
11685
5683
1318
2250
3150
611
9579
3403
6903
2761
10971
391
7982
10577
6241
11760
5972
3819
7175
4914
11714
8388
1055
1673
4538
2496
7208
10954
6968
2327
9761
10109
4890
3083
5857
5762
11280
8381
7635
6413
877
4405
4344
8677
8988
6116
114
5693
8324
10801
1207
7948
7355
11581
9346
5632
3580
5240
3416
6608
133
11425
10283
7992
11453
2987
11575
6344
8103
8469
7216
6106
4308
10619
734
2527
6861
1033
11461
10202
10879
6370
6320
7513
222
3342
3979
9851
769
7066
7694
3109
4760
4355
3205
10236
7839
3022
212
7449
4761
2794
10844
649
7341
10688
9156
8730
4260
7883
10712
6092
6639
8558
8141
11345
8144
8051
6628
8884
6319
8487
5081
9565
4867
10962
4690
5740
4936
9207
9997
8528
8604
8467
3499
2715
3112
4515
6620
3238
9494
11296
6718
7868
9247
1968
9479
2693
10512
9104
4466
9411
8481
3528
9854
6756
1154
9944
7732
8028
10693
4176
7486
3549
7464
7590
3373
4577
9780
8431
6973
9712
9367
9631
6884
9662
4082
7708
856
9275
800
5170
9857
2031
10220
9212
6098
8125
2557
829
11194
10556
3978
8793
4386
1593
10152
8965
11902
4203
3792
4384
11692
6382
4536
11119
8569
6556
5582
7973
290
10433
10127
10987
1355
11797
8825
5943
4628
4959
8646
909
10643
2951
3375
7891
9623
5732
4806
6669
6518
7155
9045
3704
6433
132
184
6174
11210
9330
4649
3167
3283
7368
264
8754
11450
260
5317
9983
9963
7617
9969
1836
1239
4971
9940
2153
10437
4343
7411
8890
8957
5412
3756
8029
3929
9093
7530
740
10423
5532
12
11771
9756
2851
5188
1291
7686
7223
6971
3910
7608
2673
2702
9375
6151
5096
10382
11673
2841
11590
4533
8593
3755
10154
9813
1800
2119
1170
7371
936
5630
8090
2769
2925
6137
3402
1847
11757
8502
6311
8787
7813
7456
167
2392
1047
5225
730
4122
4543
5393
2524
6180
11023
4382
239
11828
10609
932
1890
10489
8301
3066
10674
2778
5974
7858
6318
10032
11362
10522
2707
4165
5777
7605
11251
3647
1723
6140
853
4526
11303
10501
970
11808
2832
6932
9332
2279
9975
6771
3772
553
11178
7674
4662
1420
9412
11788
4545
2780
6254
11510
3165
1295
7991
202
7989
3669
8305
1677
1094
9979
9551
5490
2875
470
667
147
6043
1424
337
9729
7007
8682
9145
3691
3106
4368
7970
2517
1971
8830
8889
11555
961
5311
7459
7963
3779
7134
10320
4716
9447
2796
6462
11192
5884
874
7313
7575
8643
5175
605
4629
2436
6459
10381
4158
3407
8717
2688
6850
4058
5383
7116
5384
9505
256
5083
5893
5561
8021
1184
319
1984
3797
880
4836
10020
4153
10541
8700
8902
5132
9669
11094
6569
626
681
5147
6805
4188
1224
4134
9534
10977
11367
6429
10685
9234
2384
10376
617
8296
4137
369
52
3045
1407
5557
1620
8170
2489
4828
549
3415
8271
10744
6631
2863
10012
10015
4295
2325
3132
8894
2806
2995
7008
5295
8384
3378
3461
3882
2612
4285
9159
7224
1516
9098
9406
6825
2803
9383
4924
1647
10400
8591
299
4899
11266
2536
6435
4375
7651
7623
3699
6894
910
10063
3735
2725
193
8535
632
10017
2186
125
32
5855
11682
11717
119
3325
6493
5615
11396
8645
47
10832
2165
7168
496
6679
9657
5548
4383
3556
7720
5054
1102
6302
6953
5313
1693
5905
6280
5736
7803
6397
2125
6712
10521
4481
8412
11616
8124
1199
5899
10051
9988
4603
10085
5439
6221
6085
11582
6074
10049
8846
1021
4657
5917
11035
6864
8317
10806
8303
1282
1935
6670
6305
36
5912
10158
9862
8664
8888
2048
2233
4927
9523
7846
4126
3279
11223
11033
5507
2821
7565
1395
738
11365
11516
9667
6153
9778
1982
6860
10268
6071
11687
241
8023
1344
10356
9256
978
789
2251
4351
3257
11915
8935
5634
1271
3810
1884
2540
8361
10377
30
11749
7700
2793
8514
6377
10175
10746
1173
2176
10588
48
8085
9089
10465
5330
6917
11770
8981
2760
2717
9884
7454
10928
4256
11424
9825
10100
3445
1040
10271
4156
5232
8395
9220
7921
7268
6854
908
1149
5413
11061
10589
10053
11228
8548
10457
8043
4749
9196
1217
11402
5825
6506
5226
218
3189
10
590
678
7707
9538
6686
3174
6309
7685
8967
384
6962
4029
5200
1772
5127
8308
6947
6521
6734
8595
7090
11857
2222
4212
5389
6528
9831
9714
7198
7417
4650
4586
8807
5252
7887
7176
10325
8306
9801
9162
11154
6096
4045
5259
10097
4047
9474
10733
5716
2859
11314
8549
2662
5684
6826
7264
2701
10867
7146
10863
1684
2888
1533
6982
4764
1600
10902
11487
10649
3363
9883
1130
10861
10492
2848
4310
10478
8834
4600
8872
10967
10405
1132
9073
4163
8204
3412
11339
10882
7972
9452
2056
4863
3601
528
1213
3191
8415
7252
10383
7557
9722
5390
6847
6705
9264
9746
8538
9216
1878
11291
10043
701
2736
348
5851
531
902
8768
1639
10905
1478
9735
8527
1663
1934
5406
5592
11407
4062
3496
5113
4039
227
11374
7873
2728
163
4599
8410
1522
6561
10596
6469
11393
4553
4758
9892
7832
3190
4674
2367
8878
7272
3766
1502
2856
4387
2090
7034
8325
5928
5335
10337
4654
155
5751
8599
269
203
2319
2032
1758
785
4143
3710
9399
7062
6346
3082
7606
1136
1215
7888
2239
9899
8123
10930
9838
4291
8191
10292
8874
5925
19
4693
4304
7831
5380
1046
1802
10352
5365
10273
4348
7133
10159
6312
3313
8499
10629
2992
4711
11087
5819
6839
5549
7153
11705
7761
3767
6425
6559
11508
8933
9907
8883
10745
10147
6456
11237
9751
281
504
10315
820
2668
11111
4513
1219
8298
4615
2771
1769
3677
7947
5160
11353
10224
2225
279
10090
841
3812
7183
2922
11412
6909
6708
6453
11471
4038
5786
992
6502
7258
6277
2644
9697
5032
4613
2497
3295
4072
11056
5394
11780
7399
77
1398
11805
5110
3714
6427
1137
2121
833
10041
5315
5626
2330
7988
5057
2959
11010
381
2535
9960
11820
4001
5243
2752
4799
7038
10949
56
2633
7993
11910
7154
1262
3355
1574
7882
8802
2878
11933
3693
26
4169
8616
8480
7106
11491
6709
6114
3048
2647
11698
5609
78
8459
4922
4974
11704
9077
7931
1865
11758
2507
9900
11488
11920
2479
2381
11481
2092
9211
6656
9190
5322
10900
8494
9002
2641
9408
5164
8532
234
10467
10498
7665
10412
5822
10286
1616
5191
3286
1352
1250
3861
4046
1601
8709
5593
1709
11809
6060
6527
1083
6431
7360
8536
2139
402
4202
1835
9144
3822
8344
7574
7818
3226
10461
11700
2449
1072
10570
6040
3089
2446
1031
2733
1065
2511
9048
11741
3119
10980
10065
4811
9059
8704
4506
6623
8343
10125
5907
1930
3339
3101
8756
4010
3927
7849
10231
3486
1455
5148
4354
10525
4824
3833
636
10169
2686
4525
426
5246
8309
9280
4831
2747
7102
4889
9680
2854
5501
4204
7127
4331
9025
2079
4142
2043
9308
4928
2713
11062
10662
11360
6383
4707
7132
2574
3327
1198
7269
11282
9716
8767
8703
9055
7316
8185
10235
5146
2062
3956
9100
1323
6057
284
10941
9373
7042
9659
11104
8647
1288
4097
11357
6138
2879
177
11497
11132
10474
8619
388
4873
127
526
3446
5014
198
2209
492
8623
890
2241
11845
948
3883
9848
4000
2386
10233
3222
9949
3050
6789
245
10893
6337
2455
9270
9739
610
8488
2111
7645
6525
6946
11343
4492
676
9112
1423
4702
7010
11116
7413
6553
11829
4197
259
10612
1844
6584
1311
9585
7880
8337
1168
2486
10804
1409
79
2477
8537
6598
3457
4190
8579
3409
1118
3141
2966
10603
5168
5640
9665
9246
5873
11428
9897
2069
9869
5588
9703
6731
2380
8119
10543
9672
2405
2223
7759
10968
3241
6172
3680
1676
3448
11889
8193
7005
752
3094
11513
6045
8015
4412
2141
6996
2584
11932
8048
3043
559
5648
4620
9668
230
6841
6915
10951
3716
11863
1185
5118
7620
1426
9314
2723
6649
9219
8873
9594
6460
148
4379
620
2659
10989
6840
3306
7599
8563
11337
9490
1635
11655
6637
11697
196
2107
5764
11409
6648
11911
3298
2033
4659
3624
20
2969
10080
273
2843
11328
11469
6536
9638
7672
8079
5776
3274
570
4941
2653
5913
3790
7219
5523
6013
2152
403
116
2190
3713
7041
9711
8262
4131
10514
4076
9773
8097
6198
711
1167
1383
3831
9191
3520
6675
9047
1099
9564
5752
8906
10013
5080
5981
11792
7954
7100
9514
146
7901
5755
6384
9624
10670
11325
5707
4722
8058
2674
4815
8845
4155
1369
9559
3250
1020
4243
854
6618
2071
1261
6037
4546
9504
3170
8559
6209
2729
1146
11731
6285
11143
6290
7027
8975
9812
6590
8815
8813
10572
3923
6491
6820
3218
6792
4060
11850
2428
5844
9540
6468
6177
7358
5152
8826
11410
10976
601
8710
8437
9000
11442
1156
1227
1314
1699
3033
447
5275
9334
9789
2605
305
3322
9092
7466
3454
6668
9754
4717
498
7711
4145
5836
2742
7661
6766
1602
8615
4279
7428
8951
10776
11198
3081
4725
11639
8827
11507
1435
4531
11688
1790
6630
7798
9427
6945
2609
1462
5567
5581
955
10561
8996
7231
7236
8526
11567
6046
5982
10495
5480
3330
9006
7822
5391
9230
7872
3294
4734
6613
783
9442
2924
97
10811
5238
225
2060
6362
437
8418
5896
2398
4929
8180
11532
1958
7997
11560
88
10338
10252
11747
9268
5951
1814
11161
7924
2290
7870
4287
2467
11490
7586
9757
6334
9471
9097
6743
1329
315
10229
6997
3736
5287
8107
8816
4210
3967
843
494
2201
3534
4592
8735
9852
107
1351
6851
7906
8316
2171
5789
5321
5283
724
1456
6050
6443
8183
4283
10357
3832
11304
9205
6760
446
7196
5077
4301
4125
634
4036
8610
3140
2696
5538
8625
282
10452
2151
1013
3481
7295
3127
974
5044
7898
11918
2986
5244
6983
8542
8215
1894
5424
2545
11421
1384
1576
11317
7529
3367
5274
2184
58
5358
6066
3255
10706
3859
3078
1707
509
5938
9391
3406
8880
7076
10240
3897
1564
3039
6980
4511
1121
10659
1754
6680
4848
10401
424
1548
4957
4495
2555
10355
3694
4791
11520
10276
11246
2500
1087
3513
9790
1026
3008
2550
452
7757
7964
2581
3627
3839
7151
8089
8001
9570
3630
8573
11052
7638
8345
7179
3769
2422
5604
8875
2788
7292
9569
3982
7939
11835
515
3830
3932
10379
928
5285
6688
7573
9469
123
3133
11092
959
8856
6834
3088
11115
8484
423
10180
10095
8943
9720
11418
9384
9770
4923
2819
5803
4920
6003
4656
3350
117
2147
154
11457
594
3726
9327
11147
2521
6644
11806
10296
4325
9957
3975
827
10734
7764
5448
2123
5202
5910
7826
5556
8620
2899
5178
4335
4094
10786
10784
10313
4639
2998
6641
10973
4942
5970
9809
8956
11350
4438
5060
4458
5212
721
5421
3122
8140
9438
5980
4956
3655
8373
4983
10918
8613
5680
753
7460
9038
3472
11098
3566
604
8332
2716
4003
2833
4737
8035
6356
847
6479
7080
4915
4266
2503
7847
2976
8676
9414
10110
1459
2442
10255
4385
5453
583
8106
3844
2738
5730
3030
2393
3131
461
4409
2137
1962
1006
3541
11426
9995
11526
4529
2490
10618
1001
8740
3456
2918
5757
8323
10087
6042
5871
1431
1206
1017
2234
10064
4691
4333
11712
11395
8087
7221
2086
655
8476
1202
5987
8387
435
4207
8525
11706
2648
10530
237
4976
8042
6780
9934
8910
7650
3380
1448
11519
6136
4400
4544
11626
6654
8778
6965
6958
2288
4748
1498
11014
9151
8134
3369
11683
8093
4182
4539
9800
2596
8254
11500
4733
11822
6343
9437
10027
10689
3016
10460
6374
10673
3954
6062
3866
4745
1379
11562
1101
2909
6291
8276
11779
11371
7328
10285
7801
4211
4627
2602
4882
592
10200
9865
3679
9628
2228
10534
104
3583
5442
8952
3267
11003
4033
11597
2170
3828
9304
2882
7260
10810
739
366
2310
6190
3234
6152
11366
5760
8597
11724
10209
3622
2531
6940
950
7536
3120
9012
5035
1787
3605
10192
6304
466
6551
9480
5328
4584
8602
11764
9742
6810
1009
1153
10515
9085
11678
2110
448
3347
3219
10290
1654
1544
2226
11524
274
7083
3005
10057
7745
5486
11383
4568
3870
11404
2700
5106
824
33
7307
2377
6204
8863
4361
11227
584
5353
4119
17
580
10146
8842
11635
1112
483
10288
7336
10676
9625
7222
7050
2332
7925
2607
5299
1798
6765
3110
298
9887
5946
3055
4814
2549
6090
5719
6250
2363
4341
3166
8192
1273
5618
665
8407
11577
11411
5502
11123
9527
535
3579
11305
8362
2038
10653
2348
2064
6801
2366
10948
838
8596
1969
327
11281
8302
1970
1486
9552
7946
578
3113
779
333
9968
303
4214
6287
7501
5194
1231
793
278
884
1731
10605
3837
7639
3138
6193
5734
10798
3134
990
11441
9962
1302
6434
3970
3916
4334
6941
10984
979
128
4391
5312
7600
1748
9879
253
11135
7834
3296
7747
5015
6817
7855
9252
9644
3152
8944
3247
882
9318
8698
8560
7071
7468
11599
443
1024
7863
8887
1545
10145
5570
3210
5598
8439
2347
5305
3243
7064
9548
8718
7126
1617
11485
9567
2927
1644
9021
9686
846
11903
628
4944
3207
3917
8811
1465
3730
9366
8852
10472
5012
9242
6484
3512
2649
8060
6898
5647
8877
1713
2689
5963
1706
1681
5603
7201
3980
6803
7962
10245
9353
8277
4196
39
9811
9627
7481
4114
7640
7209
8543
6977
4059
3789
2783
4884
3035
8901
8114
3249
11541
10298
6428
9333
10322
10568
2315
71
1628
3576
4444
5652
8584
8396
4644
5354
4720
11184
5747
10911
726
3307
4782
3038
8335
7695
1777
11114
4030
7408
2291
7047
9839
9331
6028
4931
7509
1579
2271
4342
5748
11671
6117
5690
8680
9685
2244
4759
7477
4951
7425
6036
10450
8649
301
7853
3260
10703
6602
4014
11596
8368
10321
550
7290
4669
5984
579
4778
9440
3485
9615
350
688
633
6625
4231
11217
6295
6282
5165
5402
629
3070
10121
3723
11663
1661
7937
2739
7429
5517
5472
7117
11550
8092
9652
6055
10167
7558
6039
8493
4621
478
5992
9921
10528
836
6665
1439
1902
10523
7625
5805
2782
7073
9896
10519
5971
6568
625
7649
6237
2063
9512
1859
10995
10101
11032
5075
5533
9286
8601
4597
2067
1979
11144
1085
10297
6421
7739
1374
2017
331
3483
8924
11529
11535
207
257
4789
9081
5771
6206
710
3516
8371
2542
4363
3429
2943
11489
6617
6882
8715
1410
2931
5356
2005
7628
10455
1485
863
1817
3062
1165
11886
4803
2025
903
8753
4141
8630
8823
11354
7521
1702
3952
5024
6387
4771
8328
2911
560
3544
4373
10056
4031
2692
82
5277
9530
700
11255
10331
1613
4797
3953
6583
1175
9453
4523
10361
3835
10004
9467
9166
10060
3951
11055
11130
3758
9985
6886
11326
6779
5527
4878
3893
7160
11710
2604
9998
4326
6355
9688
9630
10906
1694
4763
8279
10783
6704
10258
5382
9416
4428
5242
8986
6267
10112
9043
10753
5471
10540
10228
1385
1135
787
7356
3795
9733
4079
9483
10044
11713
5033
312
6472
3143
1936
8621
3959
2576
11737
3051
4790
6513
9537
3297
5569
4850
9422
6226
3224
9786
2343
5105
3018
6405
997
8231
896
6833
8055
2002
7869
6964
1203
1875
4172
11691
2858
7241
10837
11185
10084
149
10582
4891
5046
2492
4160
8971
11588
10607
468
9792
2095
4205
11572
3343
795
5655
11187
3430
4579
1450
2317
6768
9730
11654
6790
1966
2954
6589
10241
9299
2837
9598
3184
7774
4324
10663
4482
3147
1752
6263
8253
9457
5400
4665
115
7523
11066
4939
8929
906
4426
6424
4381
113
1126
708
10965
762
2822
687
11657
2807
1071
7953
2012
8274
4456
1237
4234
9135
4512
6975
3838
8331
3968
457
7545
6155
11703
6714
1269
541
2065
3451
5584
1996
9981
9426
7681
927
5852
10922
2206
2309
6486
8417
4747
6754
7210
1030
5835
4267
2615
9329
8074
10354
8985
8557
949
10834
10636
11580
638
280
7670
8019
4643
1406
2993
2661
2046
6099
5885
10974
5659
2891
4110
8294
3633
10418
4293
1667
311
2826
1032
11342
5065
4886
5796
3074
5174
8939
6906
8687
9715
7057
4206
9090
5215
576
3672
3602
8403
5863
4851
9943
5224
4377
3898
5902
6446
10852
2635
2413
5599
692
10291
10691
8705
920
6432
11660
2227
500
4883
5536
3705
1467
5092
8987
6993
6202
8474
4226
2577
804
797
7631
3076
8523
23
8651
1806
4464
5646
11570
3271
1580
5217
5386
9178
9878
8920
4596
2270
10218
2735
4002
9203
4086
10857
5324
7840
175
5301
10134
2245
2180
8603
93
951
8707
3636
6143
3114
8918
8948
4372
8701
3665
9360
4606
5158
10585
11586
9924
7011
379
9052
10203
5221
3606
3123
2282
6294
9321
308
6030
4217
6445
1157
3073
10650
5270
5679
9856
8004
1142
8153
10160
10924
1703
4254
696
10150
4157
1491
6881
5192
7135
6379
5767
6414
4821
7028
5958
7636
725
11065
419
723
7730
287
7933
3947
10947
9428
2189
11423
5041
10040
4251
5066
7572
11259
9105
390
5881
11598
4371
11837
5741
6375
3918
3681
236
5011
4721
9063
1075
2568
2406
10858
3348
10739
375
1204
7226
10988
2253
2601
11413
727
4962
4218
1365
6730
3625
8249
539
368
11376
1241
4395
7319
8837
8574
11605
7842
5184
6093
9201
7495
897
11279
2131
5420
11086
5073
10807
6549
2999
4852
4422
9741
3740
3876
8075
4834
9620
4540
10787
9016
4073
2144
8632
10375
11047
9396
3889
3010
860
8737
6350
11017
4093
7712
2181
11528
1881
6610
7354
6582
3623
925
4777
10913
7805
1280
1526
10838
9432
8931
425
2629
6785
1050
11474
608
8750
1330
7353
2236
7389
10717
9380
3225
9964
11482
10886
8336
8360
566
3105
8428
7452
1756
4847
11854
7440
8198
1116
2988
75
4718
4740
3338
5775
7546
292
1258
9291
10447
8734
8672
5145
3067
5135
11292
8675
7291
3185
3836
2835
1981
11831
669
3388
879
9227
11126
11073
3574
5591
3444
9808
6273
4653
7405
4700
4783
1002
10309
5930
6658
5209
7270
2034
10006
2182
6507
9673
914
3176
4359
1838
2070
10759
11720
2444
9160
7255
6596
11668
8069
3782
9563
9576
2198
7749
4365
10270
3934
2077
11594
6933
8059
2073
5589
10789
4007
10403
4946
1770
2374
9734
1242
3178
9929
7929
2538
1163
7121
4907
6869
6476
1518
9260
8288
4614
6622
2958
3850
3326
10815
9776
1114
8057
1652
3729
995
6336
10576
809
3611
3263
2127
11181
10751
4340
618
2824
3434
8575
1726
10524
6196
7053
8702
2589
6652
2638
919
10387
798
1088
7122
5084
5886
9542
8764
7910
1937
2956
5423
5853
6197
565
6577
8489
11129
11164
4230
6404
3346
4918
9165
851
1490
5229
9415
8742
7063
4472
4483
7543
3394
8694
5579
6587
6852
5385
3552
2247
3841
11604
1662
11568
7936
9387
2795
1718
2351
10272
7109
1595
8916
255
417
6179
8250
4660
2102
5862
7844
4201
7240
6914
2768
2655
6530
7095
822
2866
7419
9195
7247
1532
3372
3115
10417
4581
11615
10845
11533
2148
3128
1452
6534
11327
294
10909
2953
8531
357
6835
11250
4738
10957
3881
2711
11852
9819
732
6681
6213
491
3645
3269
2177
780
10031
4417
940
6951
11261
10828
1746
7302
10371
8235
3567
2862
6923
7483
2880
1390
11182
10842
11075
10611
8512
7131
7952
3565
1864
7299
1360
10422
3727
4752
11569
258
2712
347
6798
4193
11120
6264
10396
1063
11222
5362
8445
4071
6367
5154
199
1560
11245
226
8564
9199
9769
10920
9446
2745
5190
341
7212
2078
1196
6467
4559
3925
10339
9870
8921
9300
1476
11739
2321
6558
6543
205
4532
3506
10336
7725
7387
9864
7709
5034
10372
5329
10092
1603
7033
270
190
9930
9933
3438
2734
7098
11235
8720
5009
9311
2470
6676
9221
6454
4663
2773
11476
1742
2763
6563
6293
9169
7999
10669
10509
1123
6891
10721
1927
11525
6173
9206
5028
4421
8509
4457
4358
7852
1327
3314
6253
8447
8850
11892
6931
4502
10195
5201
268
1672
1994
6181
1160
6489
8102
3057
44
8024
5874
10237
8726
11139
8006
2
11645
5478
16
3192
9322
5994
3292
11389
9154
4950
6044
624
1757
130
944
1187
11817
7190
8338
6727
7934
6581
2331
4894
10037
10424
4658
1122
10390
8566
8777
8419
2044
10108
6141
7890
5463
6615
10771
6366
7841
1
6394
7211
1738
6265
11679
145
11244
4826
653
170
9989
263
1592
8203
10410
7740
9650
10748
4367
10872
6591
8716
1954
8803
4410
11125
238
3914
10232
10391
9655
1915
6690
11096
8858
1176
3054
8683
11751
9993
3064
9053
3015
11300
7085
4135
4684
11200
8370
4453
401
10715
1932
4751
3674
6094
8156
11100
6893
3200
3052
7493
1492
4631
11004
11372
8297
7668
6438
6249
5841
8855
502
6865
1674
1720
5846
2501
11775
5181
7367
11494
9475
3864
10086
4503
11201
10979
4689
5602
8903
11209
6537
6214
6901
9692
2284
5518
2665
2162
11142
1014
4434
8818
9816
10070
821
2399
9588
251
5749
5361
6065
6523
10163
3484
4608
1294
10123
671
8844
3023
3553
4575
9658
4303
4864
5514
3323
2149
1716
10877
9956
6504
344
2122
9388
4905
4111
5936
4623
3477
9376
10891
5272
7282
571
10251
10520
6004
11753
3854
7784
5103
7297
1023
5765
2134
9651
6442
4896
1096
8930
9194
11606
8293
6437
588
5334
11267
10855
8637
5869
201
1848
1955
2561
9161
10198
8568
9782
11406
5495
3365
192
5948
1660
4966
3712
1856
10823
2666
5027
4485
10459
89
10836
6998
11686
11522
383
2229
1536
9413
9096
4107
1943
8517
523
3884
10557
3868
10945
2936
2825
6008
10854
5941
3664
6857
8393
895
10304
7778
9274
6733
7244
4392
442
10399
11167
5045
11765
8315
2326
4911
10208
3981
5935
11833
72
4345
10990
3425
11794
10780
861
6698
4607
8126
6892
9419
5704
4244
5323
4070
10000
2907
11868
6512
10426
3268
5792
5774
869
7944
4784
6938
5610
3418
7848
11016
10324
7337
6794
1493
2974
10050
9251
2967
7511
3996
6275
10617
5131
8997
1345
575
5605
513
9781
217
7614
3252
1801
2022
7273
755
2023
6683
11440
1596
7087
7437
10648
8109
8978
1221
4888
5642
382
10868
8972
1513
6814
7394
9377
3277
10686
9262
