10508
4997
8931
9283
1573
552
1125
2344
9642
959
7095
562
5544
5576
11223
1693
331
7738
5298
11826
11062
187
10785
5996
1765
6392
3612
6787
9864
6267
10747
8001
11329
2542
11186
10304
1452
9228
8548
6309
1600
10218
8140
11852
5331
6897
6864
5651
6323
8593
6375
2596
412
7172
6482
1242
6268
8967
5975
6689
8417
6321
2102
7866
4989
8940
9279
263
268
4520
8149
4180
8871
3043
1088
70
5725
11903
10631
631
2455
9326
5899
1068
2869
11472
858
1355
4450
11164
8192
9859
10703
6899
957
9013
5359
3433
3199
2765
3732
8262
5274
5019
3548
6614
6733
9003
7234
1666
1000
7726
5087
6981
1398
2015
10308
2947
211
11453
10997
7294
726
5935
4451
7266
4417
6492
1842
11691
149
11371
7489
7544
8840
2814
9494
2556
10649
2443
9819
6446
11693
3800
5502
6681
11821
5617
2168
6619
2121
6360
2262
8109
7651
10204
7515
9785
1114
1679
10996
10737
5600
7593
5826
9802
6159
6672
11485
4552
10927
3677
9592
2971
4550
3701
9733
1783
6699
9345
9729
212
8712
9813
617
4114
7272
11609
2338
1606
3950
4939
10231
6021
4799
11464
7510
6533
8557
1234
2165
3193
4094
3335
8738
840
1318
1530
3437
3927
3737
11890
9337
4719
10334
10400
6111
1169
8239
6207
4293
6348
884
3692
10065
5017
9219
8648
8951
1629
4914
8436
6094
4014
3050
689
3905
6586
10444
1001
1349
3151
5282
7927
10448
1807
5077
25
4389
4773
8911
9505
3106
9628
891
2981
10966
11746
2760
11072
11162
11423
7404
10930
11718
5578
3226
3029
6829
9771
755
1900
4965
9251
4232
5690
6479
4077
247
1080
7723
235
3103
6737
8242
9749
10310
542
3292
11050
6070
4731
29
2016
7480
1868
6040
5573
7985
9068
2889
262
11741
3734
1604
4388
2348
8643
6516
1332
740
915
8900
6023
5526
10518
7948
10954
3113
7699
2014
6697
3349
5027
8723
5538
11027
2664
2160
9286
9012
11914
10500
1258
8734
2279
11763
3788
473
8975
3686
2300
11409
6883
1543
8033
451
6757
7257
1594
913
11428
2937
453
3206
3108
1168
4784
5444
9405
5838
7854
9722
7346
7520
5836
4803
727
8639
10409
6027
8348
10324
6191
8984
8421
443
8487
372
10726
11582
4101
10731
6037
2452
3064
8848
11131
436
6836
8019
1176
900
4710
6943
748
10429
991
4687
2068
9499
9097
8879
1903
3757
1067
7418
3284
10811
5370
5852
4003
1163
9739
11565
10710
10680
4902
3075
194
11064
2329
1740
11120
6118
10669
9794
5927
37
3336
950
3178
10677
6932
4199
10722
5262
9861
928
976
1509
9014
7915
9274
8381
1016
6884
1265
3766
7784
6195
10136
9107
5377
7828
6536
8708
7041
10439
3104
9204
9999
9645
4131
11283
8410
7982
5965
10728
3468
2138
7134
3999
59
3384
10512
3162
6082
765
551
1769
6969
2562
4144
5779
393
8045
6514
1830
2253
7128
5886
3659
9870
6893
6155
3364
10364
4931
3790
11074
5259
11800
1191
8827
1460
4065
3762
5860
2548
10340
9985
2791
11507
5822
3936
6354
9222
4540
6805
3123
3533
5272
10238
2557
11806
774
4258
8034
5821
9569
5765
5566
4340
7411
5142
11381
241
2027
6559
1309
9997
6982
11628
1828
10423
9075
1716
6280
3383
9977
1565
9821
3648
11913
4848
7280
11681
6592
7710
11603
5768
7222
7969
9226
8011
1752
8336
9552
10442
9173
6270
9464
9868
6141
5048
1346
10596
5706
4246
4149
6995
3107
747
9313
6507
2288
1556
7152
3488
9520
10178
5324
2146
3165
1886
520
5290
2368
3473
1185
10651
6196
5987
10662
3752
7637
11488
10090
1775
8999
1700
5923
7416
3846
2426
431
10974
7210
7493
8469
9530
11288
1799
188
3429
3869
11351
3848
9855
3799
4933
10230
11432
9190
3523
5946
8492
10943
2127
4313
11558
11290
3882
4734
502
172
1206
6886
9319
8609
1533
3086
5468
8113
7677
8566
7314
3463
1541
3581
10127
2838
7964
7479
8515
1438
4391
10455
8776
4377
11713
5930
7903
1809
9141
8889
202
2949
10949
4616
4894
4806
2189
8226
1407
10975
7914
5026
6500
2342
5127
7993
3586
8210
6618
10160
8605
9706
701
5884
7621
14
8121
8384
6499
8073
9119
138
5580
4243
11477
3427
1836
4716
4424
8948
904
2972
7662
10790
1100
10847
938
7513
4957
5499
11664
5660
2244
5635
7077
7991
10129
4160
167
8947
10707
10125
8936
5007
2060
939
5074
2641
11002
1032
1489
4371
8567
6490
5789
4017
7809
4794
10077
8390
7950
2731
8272
9717
916
1608
7068
11589
9227
11838
2019
1756
8079
7101
7904
9415
2296
7696
9355
10438
2115
11089
11883
9677
10087
2835
8036
11378
1695
888
5963
8780
10976
10955
4245
11812
422
9931
6793
8041
3891
9132
10622
734
11783
4458
144
8191
4026
10793
5701
4746
4708
7646
6974
10772
1566
10316
6550
1694
1239
3743
4884
1030
4375
5323
2104
504
3334
5239
4309
11571
8944
8865
2459
6598
4651
1128
7191
1611
2776
8683
2821
8282
3362
2507
7174
11851
8183
1455
2390
7363
1639
5090
6286
11024
6415
349
2687
9950
5013
10528
5959
286
5945
2675
6621
8115
5168
5046
11358
1095
599
5267
8520
6043
1458
6050
7358
6758
700
6162
4795
3444
5257
1787
11530
3327
8314
1729
9007
4302
10522
8287
1667
2951
7558
3465
11220
809
7812
6783
242
7485
3430
9265
7901
4885
4952
11823
6359
11138
11907
8991
3856
9814
11459
637
3542
337
10691
8111
2321
6720
3924
3676
10789
10610
2682
1844
10414
9839
2347
8856
2652
10776
527
10878
9413
1476
5521
2094
7083
6631
1449
9374
9784
1620
10174
6936
6124
582
862
9594
7138
3815
4312
2963
2215
2706
11901
2685
9603
7563
554
5845
406
5397
4147
9392
2566
5156
11236
10189
9482
7439
6345
2101
6828
11391
3
7233
6335
3866
7247
4527
4372
6223
10041
8954
3576
238
5217
984
11281
9367
8171
3487
6942
5082
4487
10827
10946
3027
5110
11505
3822
9035
1026
2031
5041
8800
3662
5106
2022
3765
2768
4532
9247
5185
7424
6372
11613
6518
5614
9646
1636
307
7580
569
6506
11607
8836
4676
3553
10893
332
10890
592
1390
7728
1378
10469
8184
5514
2259
4996
3733
2073
1570
1527
9006
4286
990
7125
1850
1157
1392
10228
6024
2439
6950
746
9235
9806
3657
11801
10139
11900
1499
7860
4754
8812
9842
1895
10616
7455
3128
2767
4449
10171
3535
7298
3114
876
8973
6988
8672
11912
10173
6541
2040
10164
11621
4727
3675
4604
4599
1333
5902
5073
10009
5251
2831
2471
6056
4266
6049
11503
9894
7036
10600
8241
1520
10394
9046
3304
6142
10343
3416
11486
4341
8916
5896
11180
9036
6776
10177
1027
7703
6553
5237
535
11608
2744
4268
5427
9302
10017
4934
6353
11276
2666
5981
2198
6374
8024
10089
7258
6875
4982
4932
11150
11882
4454
6003
1115
843
3257
4367
9556
2702
8345
7988
8403
5565
10694
10719
3099
6269
9140
4050
9145
7325
9789
7273
2043
11247
3089
7491
4361
9604
7328
2590
5579
10993
6863
6493
7034
7777
11669
3053
10578
4295
11118
4399
7848
4086
2806
225
2463
5551
9899
9330
5071
3385
1162
9822
216
2990
6483
11656
10744
3442
10608
3817
11845
8713
6954
8789
4
2335
9501
6944
1936
7669
9582
4536
7470
3141
4206
5133
9890
2266
6584
363
4186
6106
3340
11225
9369
9092
10613
1322
6576
4509
2789
2251
7879
3359
5194
6539
7030
665
7709
1408
8052
2302
10992
3902
10019
3750
4844
8043
4319
11754
7237
448
5999
4899
6763
253
5797
1922
430
6154
6356
3843
2468
10574
9342
6193
11256
9670
3944
8157
11840
6311
330
11792
5446
10704
6256
2315
7144
5557
6424
3780
11057
5825
3771
7162
10079
8669
3827
4665
8846
4780
2449
7582
2709
2795
1794
4127
4251
11221
8275
7285
11564
10672
11119
9993
10441
2660
4482
8614
9805
2743
10311
6245
6484
7227
8301
2122
3306
5067
9296
7100
7111
5202
9325
6577
3597
3189
1833
1536
1160
2663
8293
6978
4861
4975
8849
3345
2713
394
9571
3338
5050
7782
4582
847
7009
4940
6854
2247
7943
2119
6791
4141
10873
5455
3978
5905
7377
10470
11833
4210
4652
3404
10944
469
464
8389
5337
1582
5448
6659
9964
687
3773
11260
9434
152
21
7741
9163
6905
10659
1929
4602
4025
8385
11426
1174
4831
1315
4558
3454
3960
1976
1439
7259
7613
4259
1668
1340
1298
2837
2665
7668
1785
5992
6129
7110
3039
1173
8391
8987
6558
6005
1394
4209
7869
7712
177
7213
5890
7618
10937
2359
40
1237
5486
5802
2583
1061
10554
8850
10110
572
8616
11096
8008
3778
8644
4748
10595
1515
5970
463
713
11233
9467
458
1049
7250
8118
11418
10711
3566
5018
6447
1998
4680
1136
7766
9965
10713
3558
8368
3066
396
1132
7011
4500
11133
11341
4656
10417
9062
6059
11605
5123
1073
8927
240
8050
10978
6165
2651
395
8542
5873
7001
7876
8419
11387
3023
6952
1357
4674
6848
11224
10652
10060
782
2225
998
4730
11906
213
10306
4682
11682
3254
7546
7573
5134
4633
80
5512
8128
947
1023
5383
6782
4494
8470
3252
4930
8030
1767
15
3246
2804
10687
5450
8781
3180
3055
2529
8783
11116
2654
273
10169
6583
3421
4298
2221
7616
9019
2200
2152
7700
3633
4376
5618
10494
6227
5697
946
2547
2199
165
3982
4215
9419
8797
9093
3148
2902
112
8297
10712
5567
8600
8254
9995
6549
4084
4175
1254
6640
8449
10971
1002
481
754
2467
5476
9188
4822
1228
4791
6296
8180
1550
6613
2725
752
11739
11179
10023
11117
7316
1111
1866
11587
6625
4306
1635
8602
1461
10104
8760
7541
5469
6458
8218
824
11010
8263
10727
6332
3912
6068
291
8784
3177
1719
4379
4490
3366
6123
8868
10882
195
11109
9064
11248
67
6667
9510
9004
744
9284
4925
4018
9352
7486
6794
8986
6288
2520
786
6891
8790
1396
6996
1587
889
4898
8504
6695
1517
7200
229
1099
1524
10591
10276
1751
11844
5657
1204
10092
1658
3627
6409
265
6953
5218
5870
429
5948
3219
2217
2771
2541
5136
9072
4091
2995
8141
5916
8101
1832
11876
4239
8841
2601
3234
603
5668
1968
1535
1876
3820
3917
3511
1514
11758
2161
2143
3408
5197
9720
2903
3230
10768
11748
3577
5147
9429
11173
8838
10352
6066
11497
3858
4670
9526
4008
5758
1287
5012
4429
11454
5228
6930
8928
8798
1583
1614
11730
4146
8057
9402
1232
3587
456
5483
3093
6916
5714
200
221
6551
11244
7317
24
8510
11572
11230
7771
11181
2777
474
8228
7347
4291
5389
8346
7622
8422
11795
4739
9483
937
2343
6909
7281
3854
4847
5570
5793
3579
789
327
3207
6569
1961
4177
11277
8599
4873
4058
8513
6611
9468
10548
9340
4505
7307
3972
1325
1951
10465
9122
8199
11105
3012
3054
2134
2311
7076
8444
6745
6669
9
1801
717
8584
7199
5751
8080
7359
2424
6274
11340
9990
4700
4612
2906
10219
10234
5432
5820
2818
3529
1118
6744
11026
3133
6204
5858
9731
8473
10194
3081
11393
1013
4813
1152
10629
978
4089
4722
5449
7334
3280
7881
11601
5488
1210
4011
4263
5885
9229
10098
9473
10039
10877
1161
9459
9928
2756
7483
2394
11662
5533
2245
3875
9484
3690
9069
11868
11157
7623
8765
9360
10148
715
762
87
8755
5939
5083
3248
8086
1632
6666
8830
36
6574
7548
1619
8148
7942
11166
4869
9662
8232
1405
7243
2071
3568
10900
7082
5171
3060
1004
10305
10950
4591
1063
6279
8150
42
10502
5626
426
9636
2935
11651
2076
3024
2474
6104
197
9103
3518
7188
5539
3857
1336
914
2396
4654
4752
11007
2761
5678
962
8608
6146
7846
10913
5762
123
2695
5973
3969
2164
10020
5525
8597
2729
7825
6145
5302
3032
4801
7587
8309
8308
7449
1622
4110
7145
9745
5122
1397
3971
5552
5154
9728
3283
4660
2128
5834
6743
8426
10313
3988
11070
6257
5265
5796
4075
7080
1532
4984
5598
6077
6474
4677
5238
10149
737
9182
3164
7408
10022
5932
7717
1819
671
7629
7916
5926
2826
8020
6213
7157
5681
9908
10545
8476
5336
5673
5165
169
2622
8903
658
1518
10318
11789
6246
6437
8250
1861
1195
9625
5740
9969
8016
9537
10454
3776
9452
9461
11777
1698
10884
1673
11909
7639
1148
7713
651
8971
10007
8206
7518
588
1492
5680
189
11052
8238
8726
4908
4457
3559
10656
9723
5989
6405
8592
8294
5056
447
5182
2688
918
8519
3331
8934
5785
4539
10723
2677
2841
5295
1827
11714
3708
11666
7073
9490
2257
8341
7753
10416
7249
4943
618
2739
6367
9904
6435
2733
7937
6476
8280
7091
10521
2796
3154
7894
11104
2317
10428
11567
10358
5915
9962
6341
2099
9179
6624
2584
3506
1746
1934
2515
3500
4607
1108
1267
3094
7698
9703
4698
2418
571
7431
7327
8907
10505
8523
9047
5553
6927
7856
4279
2241
7976
9169
511
5189
1947
9692
7137
2178
10192
11383
11466
10134
6235
3256
3554
10766
8076
6453
9133
595
5153
1994
8270
5738
7186
6301
8724
5104
537
11255
4281
1419
4203
3770
5572
8663
934
8009
9619
5581
932
2072
7941
11677
2278
10961
9339
10295
10249
442
8447
9458
2890
7484
7412
8989
7040
11715
3913
10751
3074
8355
1992
321
8093
7333
6046
2256
11660
593
9694
7103
3992
2830
9135
9614
1745
3707
8240
1617
10908
10402
1271
9248
8645
6519
7
10288
10445
9290
7165
3870
6248
3861
1019
10563
4580
3087
3004
1122
8847
11776
2113
7466
9181
7504
13
7761
4033
10122
2686
1051
1935
10463
11897
6552
10336
6846
2758
10571
10912
6214
1219
4290
8428
11869
266
6370
9825
1186
6647
4310
6466
4981
2194
9312
6438
7855
9593
11892
8342
4446
5937
940
4201
720
9848
11538
10322
8575
7706
11933
3216
9573
1890
9554
3138
11386
1977
2332
6420
7867
3347
2287
5467
9924
2372
7707
11569
3717
6962
7490
605
1834
7345
493
4336
6850
10561
5528
1589
8107
6557
7448
9917
1843
199
3203
2336
10052
6986
7311
8425
7816
4744
5856
8446
3446
7603
3777
4357
7419
5470
1930
531
10495
4765
5546
3600
7074
4265
3897
1871
4408
10006
2298
1094
1456
7315
9359
11545
3682
851
10497
355
5447
6495
3414
6571
10693
9883
7681
1155
3510
75
4904
1928
7284
2339
2716
1043
4170
5385
11264
9011
9783
1854
11694
1804
9884
4407
10286
4701
11049
5064
6044
2588
4430
506
6593
4165
11908
5764
553
10001
8265
11293
5277
2770
4815
8679
9601
5176
4226
2373
3564
9105
6788
8741
6784
812
3250
9665
8002
328
10082
1310
4264
4154
5109
7835
1683
7196
8153
5002
8407
7242
8758
3655
8326
1192
3146
10158
4369
8564
5159
11643
7624
3878
10883
8804
2110
4423
3312
723
2810
9417
4941
3038
5480
10964
11289
3057
6992
5141
7827
4628
2780
6099
4895
6494
920
3835
6225
3079
10808
6018
9118
8925
90
10412
11013
9811
8456
3502
3190
4835
2000
6517
4935
5215
4063
9209
4297
4785
1680
10657
3346
1344
11214
6914
1999
6199
7583
5523
8067
581
6198
9270
4974
7523
7062
3432
1450
6596
7429
1624
4872
1411
11726
5378
5249
3595
4916
6181
11811
1893
3456
8532
1660
6119
11576
3806
11376
3796
9275
924
3543
987
9331
10491
1562
7232
3914
9349
6230
5100
1574
1253
1444
3455
1451
9583
2851
1791
1731
9820
2864
119
2886
8809
7823
6521
10848
7405
7625
3263
3963
11160
983
6016
11588
2613
1217
3290
4277
6361
6615
7388
10205
10748
7353
8248
10897
5091
8413
4414
9124
174
7072
974
11203
3406
5504
10933
10696
11640
2785
3269
2320
11542
2858
3276
3953
7004
6902
1648
9930
6543
3710
6755
10510
1337
3890
7185
11021
8596
5883
9639
10215
1656
7833
2606
1484
4917
11556
2010
5744
3514
2820
4729
8373
4949
8441
4384
7171
3241
1205
10991
9626
8324
4422
380
5843
973
6760
7248
11675
8869
11385
9963
1682
7436
11745
250
4016
10183
5868
4325
182
10568
7769
5112
1551
1869
6713
6188
1940
3996
4182
8831
4636
7553
1563
2674
9297
3051
7502
4751
3305
10069
8205
2021
4354
11484
6226
244
9149
6642
2865
9272
3365
6594
7367
9564
8213
5368
6326
10155
5803
5023
264
3694
11335
5804
3921
9395
2235
411
1182
5556
9160
7461
11240
2559
2234
151
10799
1149
11705
2998
8074
10349
9708
2932
856
3563
2983
6439
9666
11915
9481
892
1601
227
7929
3453
10788
8997
1782
5778
3957
5800
4096
2570
2620
5101
2501
4562
9748
6041
4538
2374
7647
9807
9835
1113
2766
10413
4452
11602
10932
2643
893
10123
6090
7275
8955
1354
4445
11794
697
11515
4666
5010
9463
3724
2585
6454
6122
7721
878
10190
3503
1690
11349
1227
2281
8658
2431
10398
2066
10250
10540
6876
3808
7241
5960
1859
1996
10910
1431
11023
1771
6705
6450
3486
519
2218
3291
3224
10081
1736
3625
5347
1252
11204
9311
624
3361
462
8215
2184
6102
2419
3910
5463
4095
490
5749
11108
8632
8527
7844
233
6639
6455
9018
10855
10480
9961
1953
10259
543
6877
2525
5222
3237
11624
6629
1889
1236
8223
5245
11107
823
3382
10511
6491
483
8434
9787
4027
3205
776
2572
1763
6928
3321
11923
2385
8495
5794
2989
1549
4685
1442
4425
10245
10307
1504
3314
6701
8496
10926
5314
1216
10968
9431
5677
7633
7995
403
3372
10496
2285
9810
977
11905
6291
2888
362
1443
10815
8398
8201
7852
1506
3772
690
6925
2481
7015
7304
1938
2482
9333
9055
8985
11717
11082
8919
2992
5756
10739
1963
6933
7017
2442
7146
8786
11415
7519
6723
11617
7734
3639
3588
8534
2603
3959
7123
11191
9400
9751
6889
7697
2880
7335
10261
10853
7204
4840
4577
2595
8163
9397
9347
9323
9734
5052
7739
4924
1385
3850
6219
9157
6221
2982
9208
7602
830
6929
322
1014
1761
7862
8219
4447
9641
7013
8212
10233
5835
8690
7550
7921
440
153
3181
11003
11773
5360
4928
9240
8498
5183
1701
6609
10247
2690
8664
7290
9982
9830
3443
7179
10906
9192
10773
11780
9161
9032
8051
4798
3803
2477
4541
4117
4448
4437
6167
4912
10841
11198
6833
1268
6676
383
9404
7112
2741
9605
1920
3645
1916
6489
5687
5482
7778
3660
7066
1784
4880
10504
7889
2263
2522
8453
4134
6561
3539
3685
10034
10566
8730
10112
10758
11347
1479
8720
2149
4495
4469
9074
9809
2933
10499
10446
1410
3010
10193
3350
10197
11153
7527
654
9314
5207
5629
6478
2004
8427
6006
10212
6825
10829
4118
3343
6062
9500
4632
3744
8587
4428
8371
8591
3635
8779
1732
9254
10320
2527
6285
6542
6238
4403
10820
10273
4668
5623
6746
3100
3426
3986
10323
7457
7847
6217
8759
9658
5997
630
6820
1446
5294
11648
10115
5708
4629
8623
8768
8152
5941
10057
2176
1197
11553
3696
6841
6632
3469
10154
10251
5894
4108
6749
9611
7256
10246
7803
8380
6935
1697
539
8267
5611
7071
10282
2495
4007
6112
10517
5672
9649
9212
10025
3560
10243
4238
4808
4076
4796
1788
1500
7528
3650
2006
7899
6595
1275
8416
7834
9116
9353
6924
10724
2039
6708
3830
2403
8794
1146
3592
11684
5442
1153
10080
6035
7264
10986
7463
10084
825
11004
5428
5412
2432
4740
276
5755
3080
283
10792
11424
5951
8131
11054
425
2966
441
3942
6831
4270
10014
2304
6071
9386
6015
5648
5354
11416
7443
2053
3194
5605
3375
11404
4684
4922
3447
8905
7099
11728
8484
3607
10458
2357
7716
649
4567
9576
5702
6264
11707
10858
10068
8104
875
4136
370
7740
9365
8876
10542
2500
2219
5771
11638
2533
52
2310
4913
3620
10982
11433
2047
8924
4640
6365
1762
9411
2870
341
7956
10471
4699
5652
4187
3590
2147
1367
10780
11163
9099
2261
5711
6299
248
3949
3948
3293
56
6366
11009
7320
1171
1036
10597
5653
10289
3541
2002
625
5961
4825
4104
5318
3907
7288
1212
2653
4030
1585
11595
6646
2129
1858
4093
1874
3940
1795
4034
9416
2144
11320
6310
5962
9980
6459
1840
4643
1546
7452
8938
8049
9522
5919
11334
16
8842
4394
2956
7067
6544
6394
4862
223
4992
4352
4252
724
3987
4970
8630
3431
2483
9153
5783
5879
2421
10374
8803
3272
82
5474
2162
515
11924
10886
8535
5424
2931
4774
5084
7804
8751
9826
5464
1978
3906
4797
8706
7849
7882
9440
6508
1283
9886
4630
8281
2750
7024
10181
784
6092
696
2526
10637
5542
8775
4655
181
3438
7048
1973
4596
4000
10170
9849
5304
1497
4590
6572
7254
2632
1598
10907
10375
6377
2393
7008
9263
6477
9144
11878
3714
11437
7887
7532
9426
7037
11405
4570
11323
11843
3555
8172
3301
6531
9288
2255
2560
10983
11063
4586
4717
2801
4649
6826
4473
2427
72
4476
385
10492
2839
1969
4646
3786
8370
8976
2976
1029
3885
3930
6538
749
4324
3245
5575
926
7221
170
7151
614
11766
2778
8383
9164
8106
11663
11412
11815
2960
11659
6527
4980
5172
10624
8451
8369
2448
1208
8733
9082
2619
11042
6984
5625
8289
7116
5984
260
4041
1503
1852
5606
11744
6157
5727
1983
9836
4480
310
4942
11251
10741
5051
9763
196
8977
6685
2939
1902
11756
2371
4249
9519
3143
3098
2610
4819
6276
5952
11148
11343
9746
5157
198
2409
9239
5353
2185
1644
7604
3313
8662
972
4817
8332
49
1244
10419
269
9293
7567
1183
2941
9766
2704
10605
2876
7944
10140
3490
5283
1686
7421
6971
4488
1179
3973
606
5564
5028
1383
7169
11257
1653
6208
1105
1246
2475
4529
791
10587
6604
4814
8729
9516
5270
8169
6975
8703
11427
6535
7977
7207
6127
4870
8127
3745
901
5477
9273
668
3319
1602
1466
10947
1304
8500
8463
8613
7474
10905
10819
6137
8855
11425
1847
3793
6648
9241
6250
4875
3979
10871
1705
1256
8338
9427
9512
11417
5075
2884
10763
4954
3680
11535
11250
11279
1670
11779
11439
6623
1189
10329
114
10337
5865
8631
10810
9916
6721
9796
1681
323
7155
3974
111
8866
9759
243
5166
8159
2912
5132
6327
10941
7934
10709
3544
1592
5889
6939
1453
5433
9394
763
8154
4626
81
4718
7462
7323
10967
7708
1678
11668
10759
9602
941
11011
3092
4613
1597
79
11673
4019
5352
11494
1665
9548
5316
4012
2669
11509
5038
166
10384
7592
11506
5253
2265
7070
6481
11059
8722
5059
1303
10498
6579
10294
6342
8744
7216
11065
6976
58
4961
2197
9897
7006
9455
4092
1373
6306
5102
1739
6244
8288
3845
3342
9777
69
3918
11305
11195
2863
3259
11154
6890
11051
3785
11774
3751
10988
4432
3498
9852
4189
5763
10362
4804
3562
11122
6684
586
1281
4688
1496
8333
9497
6719
2692
7554
9268
5949
7714
1493
1867
10738
4575
3097
11197
792
4951
9707
9780
3689
7770
11413
3116
421
5823
5339
8160
11932
8004
9246
11502
10650
6526
10131
9654
9174
2792
10956
4694
8531
4057
6047
8570
1917
6768
5780
10026
11273
10314
2137
3880
1167
6
4105
7018
5925
9630
3653
797
4667
9421
6668
4161
561
9180
6034
4530
662
874
728
11299
4148
157
9176
11596
5500
10137
7025
2284
10059
3253
11850
9048
2644
4959
2330
2381
9196
9294
4511
4888
7118
6792
8311
820
6590
10066
4918
6209
9021
6114
8578
1083
6064
995
2142
1760
6432
2472
1010
8546
3052
2269
5530
10346
10303
3379
2135
4986
9117
5271
894
6730
7663
8691
8656
526
5774
10611
10851
10695
7420
6921
10042
1941
1066
5760
3713
985
2229
6320
6088
3204
5325
3192
4750
1474
500
136
5033
3556
10351
4221
7044
8198
3842
375
638
4876
8747
6101
8412
584
4946
10895
4820
7488
7517
6696
7497
6661
2354
1643
8331
3602
1380
10887
8926
8558
2521
2734
2506
4755
3392
1557
3624
1102
1894
11597
4387
9277
2408
10201
4519
7892
11513
5396
2451
415
9305
3814
8913
11095
2012
359
7053
5534
6051
3922
6089
461
5540
9213
2274
8628
636
4598
10807
7725
1657
5791
8088
11167
6980
8134
3213
9527
8358
11443
10963
11303
7644
2095
7349
1082
4398
4321
10863
8170
10870
3296
3873
2267
6133
9943
6785
335
8430
2681
7654
10602
866
11761
205
4671
8461
1618
3638
10977
9533
9094
11457
7055
8299
1837
8100
2735
3118
2612
433
6100
2678
7409
5344
979
11115
11701
9532
467
4262
7790
9100
5356
2927
5451
718
7019
8728
11337
7928
6465
6888
8448
11888
11841
10771
1638
4212
2480
8354
2337
5193
1158
5254
11813
7390
6462
11575
3096
4267
11483
7032
11254
10274
5008
399
2599
8486
3475
7064
7960
10272
1663
674
6644
8306
6161
5910
3046
5211
6032
2574
343
7020
1434
6143
2033
11317
5392
10721
6496
11403
4181
2626
9823
9171
3536
11291
3418
8572
3683
8129
3078
8649
4702
6588
10557
11837
10262
5501
612
1965
2067
8606
5741
5292
7503
663
7453
4301
1707
8187
7724
3517
8185
7609
365
9595
8296
5692
2294
11342
1222
9866
4556
4994
4022
1482
8278
769
4573
4732
7309
608
4358
5511
3309
819
9375
8807
11867
2044
4508
9266
9091
4013
3278
3395
1773
1028
1688
11525
10917
1465
340
5924
2057
7231
8097
3297
6804
6851
2544
5415
5818
2272
4622
927
311
873
7476
1914
9557
9258
10828
19
5288
11864
8105
10660
4464
4826
7674
2722
7692
7996
5665
10634
3849
11444
9306
7872
11098
2140
3013
3026
4686
5394
11481
4419
5355
6316
11541
6319
5515
11550
11767
11570
10831
4356
9143
11732
854
10676
11272
10195
2753
2058
6300
8195
4958
1710
4073
7459
6887
4116
5982
6431
3389
5805
3266
5204
4909
9084
5798
7460
5143
4397
8264
434
5700
10315
11814
9335
7102
7690
11377
4581
5115
9276
1317
4404
5300
6660
8684
8305
5532
2534
89
7631
585
2034
785
3759
5303
5691
9052
6008
155
6729
10582
11130
7547
3217
1945
2667
1477
3173
5086
5737
8044
3995
8896
6272
1062
6920
6073
1581
8635
3381
816
5735
6653
1580
6362
10460
9732
11083
7274
4343
11808
3121
7202
6004
2491
11253
4531
3102
9054
6417
3035
5846
7364
6532
4184
10678
2380
5795
5745
3546
5340
10053
5343
11031
5333
9025
8048
5907
6414
10872
9524
7905
2672
4548
8941
9393
5040
382
3223
7260
3569
7626
6308
4308
6182
2404
1975
1599
10839
8757
477
10972
4852
10312
8468
8732
8957
6324
3115
5243
11828
2751
7187
1507
4966
5330
1245
7666
9403
2106
2537
868
8084
11090
10071
9534
7054
7105
7381
9139
7212
10555
1494
3287
9585
9591
11709
5155
4056
5402
10130
5849
852
7371
10182
10477
512
6153
1306
11267
4657
488
303
11788
9888
6837
5721
2430
3636
5258
9970
61
5169
9587
7468
7380
10850
2211
3119
10153
3303
4678
1194
919
9798
130
11146
10604
3679
8319
3231
2896
3630
9045
10457
7705
8604
2116
6194
9599
5276
7426
4122
8214
6411
9697
11374
10732
10902
6007
10220
1263
48
5897
9485
218
2103
4314
9449
7951
7494
10753
8040
1353
10050
9795
6177
994
8922
3674
2587
3816
164
9764
8689
10033
10165
391
1181
9184
5208
5753
11765
10113
8066
4911
10475
2708
10279
11637
5301
2683
5569
1137
4456
10617
7329
8404
8559
10800
3499
4085
8915
8960
7433
3318
6910
10301
2593
8718
11631
5535
6260
4617
2416
2036
11639
885
1255
1555
1651
7874
597
6860
8766
3911
8898
11698
9926
10377
4098
1294
10210
129
10047
11366
2277
9437
11836
5966
6340
907
2505
2120
3401
5417
3049
308
5103
4594
10459
3606
7597
8244
3068
6063
2853
8457
125
3605
92
2011
10105
8037
3851
9966
5203
379
10655
11750
10449
1064
7384
11760
8731
3516
334
9396
7658
10433
4337
859
1448
8890
237
3481
3077
1478
7385
5489
5164
11304
4662
7959
4703
4585
800
1579
1091
4856
10813
2050
3794
3787
8682
3412
2023
1291
577
1305
10175
2680
1564
5784
2605
9057
1311
6105
10476
10527
71
629
3629
10630
9183
7061
8143
9037
5398
8361
9343
2724
7438
6039
6567
5828
6293
2597
5088
11275
3783
860
9310
8028
6144
1302
367
7396
9851
647
4763
11321
6243
10474
4496
698
4609
2822
6868
11842
6322
1406
10420
7535
3688
3353
1025
8793
11359
5527
11721
9910
10767
4600
2048
7799
11447
11708
6180
4231
6175
4639
7253
8764
3271
8162
523
4196
9186
1733
615
9334
9610
2017
5328
11462
11692
11805
9001
3613
2543
6275
4234
11606
10319
8285
1856
9885
9454
495
8686
2700
10005
993
5224
8320
4805
8085
2582
4248
5716
5411
1422
883
3860
1816
912
5070
5260
6537
804
8782
78
7795
8787
4477
10408
11810
8981
11703
7183
4044
11825
803
1
6418
5814
8000
6762
9559
10589
10533
5775
10435
7906
4031
3671
5654
7131
10241
1058
11520
6857
8612
11110
8742
10567
5365
320
1413
9177
497
7536
2752
6205
5607
6364
751
3931
8357
8021
2159
10481
1243
10945
8511
3122
11839
6847
9102
1018
6605
7506
6169
11263
2118
10373
2819
8075
39
2611
7979
10874
3937
2730
11080
7355
5812
10558
8256
3932
7822
9882
8854
5498
4395
2075
5000
5357
5585
6610
5114
1436
5313
11103
6742
7579
4288
11113
6452
2312
11012
279
5229
2899
4725
1718
707
2365
6734
7820
4233
3832
2046
6977
3095
7434
2210
579
8353
5619
2775
6740
8211
4956
6759
6843
7670
3329
10814
1312
10462
677
9066
635
8560
10698
2511
7997
6069
2352
3390
5466
546
7399
5641
6331
10298
2090
2798
8260
2508
8200
4338
246
10235
3763
7366
3792
10172
4415
9871
5452
11874
2986
282
267
3300
1839
8517
4969
9560
8771
4167
4054
5842
1370
11211
3712
2894
10812
3191
10485
7002
10957
8047
8806
3222
898
1796
10969
11816
10434
6176
8458
11406
8910
10901
63
3370
2297
1090
9792
11025
648
3981
6383
9424
6803
870
3621
2592
1937
10376
4571
6010
4194
4971
8795
3391
11355
8959
1005
9438
9542
10770
124
7456
6108
1730
1403
374
3344
6682
5811
499
3649
4351
8552
2484
8466
6020
7936
2769
9994
3894
8701
5345
838
4241
11881
10387
814
2402
4768
6318
3008
10217
10335
5429
8603
10593
11159
8397
8805
5958
10386
252
6166
3611
11338
2535
9170
8834
6347
7365
1295
9913
1007
10935
9719
7425
1821
11743
3324
5732
6728
3120
7446
5213
5986
5054
1758
4518
2961
7842
9460
4560
5113
9453
4523
9250
2705
11106
6072
4140
7992
7387
3980
4083
3491
4683
6765
4427
11830
7676
10493
1753
6753
5608
8715
8897
1427
11534
8752
1098
494
206
339
8588
5453
7391
1851
6917
9953
2088
8005
6554
6297
103
9657
8094
6926
8068
10255
2911
5089
405
5878
3807
11670
1607
3281
7114
4968
7902
1133
5066
9408
2333
11053
655
4088
2803
7052
5788
7372
753
5601
5898
686
438
4078
11354
7865
9690
4627
7978
2905
9081
5709
10405
4431
8717
8203
2331
3288
3273
7132
787
4641
7984
7336
6834
8292
10551
10478
3795
10309
10960
10360
5844
3603
485
7649
5839
2422
9984
10559
4455
1823
5391
10191
6582
524
1084
9328
7524
324
6853
10091
11877
9044
965
846
1233
5275
9586
4504
3131
1198
1647
5252
3855
8862
2985
4383
8317
8402
11357
5399
6919
2077
7516
6641
5125
9475
9261
9918
7909
8665
3601
9667
1269
6934
5801
7330
1661
9281
10535
8328
9652
7900
4608
9457
4220
3470
5408
5209
9640
3622
1259
5920
2919
9385
8481
1906
8502
703
10798
5671
6381
4346
7454
7940
10868
7512
11040
7910
8482
2489
4983
5244
2388
3584
6164
11047
7143
11770
11476
2240
10797
8032
10537
3731
8236
10299
836
8735
4559
9711
1880
7226
8276
2550
11435
8372
10489
9127
8583
3642
3893
2417
7574
1327
2809
9629
9017
9903
4964
805
1150
8801
11102
1610
2840
4714
10369
7139
3839
8965
8363
7585
11190
3354
2661
9682
1735
5555
10200
1576
11871
3826
4486
4064
8705
4020
4168
11285
10948
6421
8098
9672
5956
8082
1810
5379
3373
5078
8069
4760
7819
2671
11055
6266
3462
3402
2883
6113
11294
2757
4081
7912
11438
11710
4285
9563
7089
7798
10904
8330
11872
11755
10515
460
10067
1483
2216
8364
1289
4099
1441
4709
3970
3495
10269
3501
11177
7296
8872
1127
2351
6871
7735
692
1958
2252
4237
11287
8135
4348
3730
10573
2117
4777
2377
6139
1942
1462
11326
3047
6958
7130
1972
8792
11829
2845
2964
3951
9620
8858
7400
6852
7428
11521
6923
2594
4620
9221
1386
591
6688
3167
4828
5020
6402
1531
316
8166
5248
2673
6019
10283
384
10774
2369
2222
2175
2569
682
4903
9009
9108
2264
3881
835
6179
389
5599
6271
7789
7683
3946
2454
575
203
446
2634
3923
10556
8709
2112
468
4256
6178
9282
4623
5124
6440
9138
3479
255
6251
9528
4164
10809
373
3616
1264
5021
2038
7572
11856
11461
8562
8569
8964
6524
7533
3298
10196
6752
11655
8908
11537
5375
7594
5972
2078
5072
1290
4865
9568
8867
8302
10534
8762
2395
5407
6547
7918
9799
6190
10989
2746
8343
278
9329
10202
1709
9875
11911
3617
3614
3809
7458
8563
4217
9845
6637
11870
5772
9233
10415
10278
5414
1364
7762
4547
7047
5327
8435
4525
8512
2844
6769
8550
9441
4910
9837
10046
669
1909
5247
2029
9022
8749
5967
3145
8750
10985
600
10385
9087
9462
4610
312
1513
3697
7806
352
6498
11142
4299
4711
11158
6011
2187
10354
5126
7447
3166
2755
8243
4326
4619
7732
3411
8673
8258
3198
6371
2684
4363
5269
1138
7021
7973
3824
607
3524
5832
1024
18
8544
51
115
4004
8979
10684
10583
5944
732
274
5485
5589
1774
304
7045
140
3740
7999
3062
3509
7215
8246
4331
10426
3810
8737
17
9633
2249
9259
11431
5085
8861
4775
10213
3898
5285
10424
4470
9220
7161
10867
9909
2293
7163
6748
8899
5679
1218
8132
1991
3670
8186
4493
1224
10328
11048
8493
10931
4757
7356
7181
4040
11396
10185
11206
5810
11140
6273
4123
10822
10625
4129
10108
9891
6189
11237
501
8745
7465
657
10965
6946
2237
8835
22
1873
5901
8455
6416
9439
4845
683
11189
9244
6774
5015
6461
9346
3082
251
1050
5707
8290
10151
7808
7824
2627
11630
11781
9167
7417
7744
2387
1279
4152
6337
2042
5674
6568
6989
10391
7600
9252
9698
6573
4901
4190
8761
9644
5053
234
336
6379
6563
8207
10866
3201
11196
6030
9800
2639
6581
7229
9956
7743
1561
386
8459
6907
5268
11093
7883
4715
2001
11
4544
11001
11749
5173
11697
6183
9136
6693
293
9425
9260
10114
2167
9010
163
6126
7627
1776
7012
7729
2341
2345
3521
8539
10718
2965
65
2892
9773
3941
4163
10565
9070
3991
5686
1147
7354
4412
366
8136
5119
3984
853
8480
333
4484
5382
2363
6058
7205
4071
1124
4990
11531
3634
2843
5484
9073
8659
9267
3413
8888
3299
10341
1121
11188
3174
10754
11918
277
6103
6812
2191
11312
1677
9506
9508
11573
1966
4002
7971
8666
10466
7611
4553
3525
7059
5661
2358
4125
3011
9539
3901
11737
11560
4305
11036
9715
6652
1075
6778
9958
2406
7813
3360
8216
4947
1382
5076
10361
10382
1046
3663
3552
1314
7238
3286
5230
3195
9929
457
2469
11641
2510
3637
7368
921
11544
4863
1995
10363
3852
9112
9758
8167
10762
7661
6407
10750
11895
5560
3134
8516
9915
5554
1901
8881
2891
2579
11645
3221
5200
4691
3903
3938
8377
4380
3105
9529
7875
3169
9049
9618
3014
8253
7098
9030
207
783
3363
6545
11292
11804
5698
4605
4100
9581
1076
2936
8394
2718
8188
9832
11501
3232
10824
7140
7313
2518
1831
3150
1849
11665
11671
7514
5731
2900
73
10916
9027
11390
7737
890
7765
2813
11625
7955
1725
6512
8571
1006
6150
7472
3243
7562
3811
4786
3716
11379
2834
7958
2065
9491
4534
2401
8133
7930
3983
3774
1512
6664
6555
6158
7192
9937
4333
910
10333
5362
7351
11676
6808
5443
2130
3831
5912
11632
11143
1238
3886
8340
1593
30
6961
2275
1797
4900
11563
10779
5029
96
3265
2913
3900
10580
11300
9016
3567
11216
3738
3377
5631
4810
7578
4420
11524
4583
9008
7508
11066
317
4501
3188
10120
8173
6028
7832
11061
11642
5880
513
10903
3619
7058
8174
9831
6001
7952
4843
4023
1226
1987
9596
3163
10359
4882
371
10806
4109
6038
9480
2299
7235
5646
8618
8221
2970
2445
4830
10167
3289
8642
4300
5310
11176
2874
4284
518
4260
10633
11410
11081
8145
1728
8667
9131
377
11178
8378
9675
8312
3415
1615
8992
9900
6607
4638
401
9433
10338
1101
7576
9992
1691
643
10029
3161
1957
9976
11407
1845
1508
8825
3034
7394
5233
10209
11489
5216
10939
11902
11151
10484
3895
10642
5351
6627
9656
7758
4849
3129
11887
770
3687
6445
5471
10124
10936
8770
9015
1104
7731
5954
173
1308
9271
3956
2173
10826
10743
8883
9580
11561
5933
11136
8942
1863
11496
2984
8634
346
7189
5487
8334
7093
3828
4706
11654
1706
5630
10353
11614
11653
660
2242
2400
9815
4897
9150
10344
1372
7551
2615
3073
1272
7687
414
11857
8921
1870
10133
8626
3417
2846
9572
616
344
11723
9256
6970
7063
1035
66
5943
11679
5118
11331
6963
5188
9050
2779
2323
1932
7482
7016
3398
4311
1687
10914
716
11161
2295
6892
788
8980
2552
1081
11129
5518
8845
5096
5181
5099
5342
7863
10849
6528
4032
11649
7911
5309
7038
6339
3316
6117
4601
5179
1170
8509
4566
7760
249
3464
5108
9026
4195
7217
1625
7270
5130
7877
2549
4833
6156
472
10514
8352
6712
2617
719
8968
4510
3604
9648
9550
256
5079
5786
8774
4434
11266
3476
7656
5597
6509
9901
9959
11420
712
8112
3711
10796
8754
7947
11296
5550
8177
2461
7704
7147
4143
3474
4334
5699
3337
7853
489
55
4222
5950
1119
11504
10436
10670
3647
4304
2098
9285
4247
8347
9878
6878
413
156
931
7720
2276
5561
2859
7085
3260
10248
11873
1069
1712
10290
5643
5633
7628
10752
10099
2953
8864
7360
11636
11727
1117
3753
2171
9936
325
3242
5299
1470
9651
10252
2243
2207
7501
640
74
5695
475
7180
11600
7374
10816
23
3179
3673
6333
1371
2942
8541
1786
2738
3695
2723
7642
4273
2494
2209
2925
11910
4789
10560
871
1907
11832
1307
11315
5773
3158
9406
11035
1674
2636
230
8335
2405
6136
2220
8884
1510
4606
11029
6096
7352
7386
4735
4320
2928
41
10837
7756
2052
8702
11716
9391
534
8678
134
8533
3015
236
8692
2979
6120
678
10371
3063
3436
9257
10117
1560
6048
8707
9088
7211
9945
9545
7362
10794
8202
1296
150
831
7667
1319
5636
10603
8229
6662
11899
3076
3139
4227
9104
3775
4675
3302
1637
6913
2645
8821
2945
6951
6859
7764
11306
9867
3159
5437
491
1316
3976
9479
4771
10885
6378
7975
1588
11156
1165
540
11809
5418
8059
1223
3863
5226
3534
1528
10981
2714
3369
6426
10653
4503
2994
872
10688
842
8799
10920
7088
8181
3859
7043
556
6635
5968
3884
1393
7561
8671
10399
10590
4834
10668
4589
9762
8698
10427
3977
9318
8918
7122
5586
9912
11884
5234
8062
837
5225
11619
4133
2940
11258
5438
9224
11500
11141
2131
5441
6294
5922
3326
11314
9683
4524
4115
3308
9377
4886
2005
1365
20
7177
1447
3378
4838
4672
4821
91
5909
5628
8813
4240
3056
6239
1384
6827
1724
9185
8
1772
11733
7279
6358
11647
10456
6278
11078
5667
7129
967
8932
8065
10803
8528
4893
11620
2957
1721
5728
1481
4151
9058
4332
11555
4344
11475
3964
2553
5035
759
175
8099
11616
2124
9973
7060
6000
1631
6382
1070
350
7821
2398
9987
9986
1193
2223
3575
9477
5005
11799
9896
1074
8545
2133
7688
9096
11644
3547
3270
1475
7747
9981
7160
714
4366
9730
680
6029
9535
4648
7797
6045
817
4107
1052
729
10702
9841
11585
3764
183
3920
9974
44
6148
10860
7781
758
1980
7056
1926
4561
4516
1034
3573
4393
4269
2872
1993
6363
1044
2598
2602
8227
1519
3196
5372
3423
1646
3892
1684
8006
6135
2591
2479
8767
8491
10063
9409
10000
478
1368
1967
7967
11474
8810
8255
11824
10592
503
8555
7094
261
2833
2097
7643
9324
1065
11446
3441
5531
8237
3044
11861
2934
7606
11202
3528
4905
465
11579
5039
5497
6870
7014
4515
956
5435
705
4767
5851
9033
11245
1793
5584
3864
3821
11724
1727
9202
10575
11574
2727
9114
9863
547
2980
565
2030
62
7792
7473
1300
11508
7752
11495
11740
11043
8477
2802
4156
10661
3031
2139
11916
2740
8536
1630
10483
3461
8081
10348
3262
4764
9726
8859
5105
7571
8356
9469
9363
6715
8146
10211
11019
5506
11455
5799
7648
5093
8553
2604
7422
5676
11325
2092
7891
5507
10730
573
9061
9154
1072
7659
7817
5940
2438
1764
10620
8230
228
1803
3083
5964
1623
7983
7694
5032
5440
661
6287
5201
11759
9941
11345
7926
8161
6965
2350
11470
7343
1225
4150
2190
11680
5776
2517
1820
6866
6937
6255
2026
2882
8420
6457
968
8740
10401
3225
6651
626
10647
1881
589
7608
557
7986
9195
865
750
5759
5602
10232
5590
6253
11594
3258
11367
7776
6460
5366
10734
2008
11674
3761
8147
11170
8460
9338
3489
5603
7598
5872
7987
3110
388
9669
1056
2492
351
7859
2386
7252
1120
11313
2648
9678
1908
4382
1813
1921
5341
10163
4037
988
6067
11121
4082
8245
11411
2854
3457
5505
5380
10746
10880
8012
4915
10240
10673
1860
8638
2879
7730
8092
5723
3704
9705
5781
3449
9695
4554
1445
3176
10327
10898
2807
5848
9570
9689
7595
2250
6393
11689
10928
11215
7586
5850
148
8886
2948
11327
6303
9110
4973
1825
8251
2528
11155
7487
3747
10598
521
7538
5782
10782
9954
9401
3220
2962
2444
7262
4223
288
9968
8646
2314
1338
6811
4459
1628
9567
4537
2063
7552
9474
6343
4972
450
1278
11091
1299
9843
6338
963
6957
3672
2805
9376
4779
2466
11450
8488
11658
2608
5284
4051
8885
6349
357
3952
5929
3531
4659
4111
9702
564
11249
3565
4350
7166
305
10121
1412
7619
2316
4411
417
5034
6429
11584
3268
11076
6434
1971
1720
8983
9774
1537
7495
6546
4443
7184
9523
7407
7492
11030
6945
799
3160
7830
9754
2580
9700
9853
3405
7673
11742
5891
4618
5092
886
11511
966
7319
7050
1567
3435
6585
7375
2226
10162
6617
2696
3668
1848
108
10706
7938
11722
1487
7291
3028
8637
10410
9960
4028
424
6856
3656
7092
9382
2024
7925
10321
2646
4615
3678
7920
9869
10740
11421
2600
10552
604
5009
7788
7324
11626
2436
5098
8714
3403
6809
9470
98
7632
8063
5767
6475
2486
3227
9972
135
9761
10665
5386
6655
3571
7796
2797
139
4317
1671
9142
1139
6173
10619
10735
7672
2656
9547
6149
10256
2349
11242
4948
10101
3494
5881
2978
10242
10645
3448
704
8895
2747
7135
2447
6091
11017
9399
11769
6510
9379
3610
4294
1143
1641
3585
10962
4564
3628
6874
3341
6083
3420
11930
4938
2464
11333
7007
432
8375
8321
832
11152
10370
9949
8654
8823
10447
8526
4579
1696
7540
1826
7246
7568
9155
8873
7208
10787
815
8974
10990
5790
5081
5473
7305
6802
5980
7376
10152
2918
2389
7310
6520
1145
5543
11144
1172
4489
6735
3705
10260
2009
9840
7245
6972
5235
850
10486
10467
11527
8822
11075
2414
7895
10784
2450
7306
8933
7963
11590
10742
11006
5006
2901
2657
7167
3966
8027
10468
905
670
2631
2774
5529
559
4569
2794
2370
11278
11577
1498
4024
11395
7679
11566
280
6262
760
1669
8904
8269
45
5439
11618
10482
1261
4545
2759
10838
3088
3989
400
102
7511
10586
3376
6716
4502
4926
10795
7775
5060
4283
10237
7525
10995
2319
2458
3144
2292
6025
6163
3661
9827
5144
9412
3001
1952
5403
9341
10844
8220
10126
2715
1857
8581
4721
5831
7542
4991
6906
6218
5644
9850
4472
2575
3615
8611
1276
10958
5613
10229
3130
943
8950
231
3471
11020
9370
6277
4475
3317
7338
6315
5231
7682
1440
10865
5955
2061
2997
11849
7660
3140
9735
1262
4207
3323
2192
3507
4574
4578
2737
4066
10487
6403
1151
43
10856
345
10390
9895
178
9478
11086
4866
9622
222
8401
1741
9371
6497
8483
1334
10100
2308
4514
4192
10142
2478
4370
3085
1559
8408
5405
10074
9911
9514
11866
953
11430
4588
4453
6726
4242
11132
11859
9688
10430
779
3209
9327
9797
8060
1039
6835
11702
9435
5454
8839
2313
11139
7850
9129
2897
3239
2991
5332
10109
6634
4142
5025
6816
9661
11925
8055
1031
1766
1811
6215
6132
706
9166
5689
3962
6766
11184
9442
5047
3829
5494
3407
5627
8917
2434
9498
11111
8429
8748
3058
5787
1057
3185
2519
7225
7655
1872
4985
1689
7691
10921
2025
3841
5841
4373
6080
53
10749
8465
7467
1348
9079
10011
10532
9566
8506
7107
8151
9609
4466
9971
4185
179
8471
7786
10621
7126
259
5594
7845
7801
1885
2662
10594
5068
6911
11238
9988
672
7382
1962
5875
299
7815
7614
10708
5293
2513
3459
6679
6292
6900
11847
3279
8122
961
2782
6960
11635
8622
5809
11687
315
9854
11034
3909
11559
2749
2382
2362
11353
2790
86
9320
6033
1213
7427
2070
3277
639
5829
1734
8651
9206
11172
10397
1806
541
5817
2213
9673
9231
3182
11384
5704
9364
11720
5221
4323
4713
2236
6079
7767
757
529
3458
10379
695
420
6741
1003
8138
11735
1899
5163
2303
9951
7931
7395
11301
4720
2181
8291
2367
5121
3399
11372
6470
452
7772
11348
7127
11695
2502
1997
4850
1805
790
3003
4132
2054
1642
733
6329
1855
9659
11551
4179
11436
11088
455
4157
11802
7745
3508
6328
6819
11629
2169
7880
5490
10107
8474
2435
9704
5367
4663
7749
6017
257
5206
5596
2504
8038
4275
4593
10725
10805
122
2764
11268
1285
7962
8852
11854
10275
9317
9242
7509
1862
9540
5063
8382
4413
2914
645
6663
3580
522
1342
11731
11931
5688
3072
143
3147
4467
6093
4792
11271
9234
4229
11319
4236
9038
11067
4418
3315
6706
6151
3691
5647
1356
4318
1616
2866
11879
1430
10048
7733
11467
5240
8351
2799
6895
10166
10516
8657
8442
4778
9518
4921
3669
3005
1974
4155
11440
3348
2441
2056
10834
9486
2473
8415
290
2829
5719
10300
11328
5286
7893
1595
1743
1022
3598
7601
10891
2726
1248
1723
93
10924
407
10070
176
5492
11772
7898
954
154
4087
11926
3721
4864
3330
9362
5306
2885
4474
5976
8901
419
6201
6065
11297
806
5255
95
1925
5195
4059
4378
909
4070
4762
2158
10915
7923
239
4360
3527
9876
1502
8323
10716
3512
3520
2618
6770
2816
5777
3424
10682
5
5855
11356
2827
1038
9955
11046
11734
4047
721
8409
11382
693
7774
5632
3045
6107
5882
2361
5160
801
8746
3515
11580
11764
7302
11005
8914
7981
201
4202
492
9351
7031
2788
6775
1918
2286
4235
2499
1112
5430
5278
10627
4335
3184
7464
6638
11087
11771
6172
8860
1955
675
7224
7886
4512
9939
9245
1379
3251
1713
7907
10036
5334
999
10302
6599
6901
4923
11661
9243
11775
5733
2910
5369
7591
7596
2407
3722
10635
5522
8589
598
4736
10899
5256
8788
2
6845
9833
11480
11928
887
6116
798
4200
5604
132
9562
6346
5808
9803
8945
2848
1221
5928
10636
7081
11490
6849
6580
10761
4497
1896
11168
5387
11228
3667
975
7966
5683
2415
10044
6138
3020
10715
11533
4770
6761
1491
6790
8912
8303
3212
8233
3496
9172
7332
7295
1106
5338
1345
3945
2100
3908
1178
1742
8437
7087
7276
8695
923
8286
11552
6212
7994
2174
2567
4345
11657
2975
10332
777
35
6302
7136
9952
4440
4225
9624
8307
3749
11033
4253
6241
9817
5903
8586
5196
8833
8629
10357
4756
2693
1231
5921
6265
7873
9790
10339
810
162
10760
5864
644
7403
11219
5857
8529
3211
9137
9447
1898
4365
5312
2093
314
10356
3235
2699
656
5348
8298
8499
6390
9612
146
3990
1621
9808
6966
1841
7843
110
8374
10404
7321
11820
8537
5241
10027
4001
3813
7838
3439
6725
8124
296
11548
567
11284
4874
2954
10432
2429
6152
3007
217
1015
10781
10095
1664
9178
1416
10830
4528
8554
46
4929
11586
6325
5388
11592
5425
4738
9935
5232
5199
11123
11125
10777
9336
3736
5361
11516
8327
5016
9488
10451
27
9225
9125
11045
4485
9446
5863
2340
5520
2148
10843
9211
3445
120
9298
10681
3652
7954
292
5519
9147
5715
10431
11719
7158
2322
7957
795
11373
1288
8388
5815
5445
2195
948
4355
1552
10389
147
7269
3646
2670
7945
2228
6501
6502
4944
1950
5612
8503
3059
960
8988
3282
11593
5416
3410
9967
4692
7635
8525
7392
6368
4793
9287
3718
7398
1800
8505
7537
6304
3867
480
1358
1802
141
4329
10854
4103
11778
6480
4892
11400
7870
8820
9671
1257
11791
2977
1293
11917
10538
10440
7230
2828
353
8700
3954
3958
8819
9444
2239
3769
7240
536
4788
5853
10683
6670
3137
4061
10817
3497
7176
1463
8089
9608
9373
8464
2659
2633
3409
5726
9509
4444
2375
807
348
5508
528
4645
11557
8478
8158
9503
9521
2707
6036
6979
3693
7153
6855
1423
449
3071
10296
741
5816
742
2089
5095
9422
2289
9051
5934
9979
2800
2324
4712
7104
7829
5936
85
5329
1330
6147
8994
1156
4261
3069
9189
10588
8585
5746
8507
1634
32
3709
8072
9525
3665
2554
1164
7722
6880
8325
9193
6284
7049
8313
8518
11699
969
8197
10372
11514
4128
711
710
7980
3215
5694
560
9846
3320
4043
9606
10038
3009
11361
576
6589
8837
2353
6789
1079
10184
7378
9804
5374
4330
7415
4647
3244
10086
3578
8880
8366
445
2182
1388
7035
1033
6312
11344
681
8414
6055
3928
1097
2538
8710
2204
5761
6012
1544
8204
9893
2926
2465
9024
9801
8039
2623
8696
4995
9847
9083
3805
313
9741
861
6587
6704
1780
2630
10689
545
4724
245
11137
611
6488
2871
933
2923
2974
6750
4339
1744
5058
9905
9194
2291
1144
6511
10775
10859
1626
5045
6799
4400
11599
10186
8156
11796
5187
7831
5162
7652
8676
1328
3505
9674
3720
6602
5942
10365
1103
7555
4906
1350
8668
11539
3367
76
8551
11210
2202
8117
2260
10266
1126
6249
6192
9361
796
10015
1399
1376
11097
5837
11646
482
828
6197
11364
11581
5938
57
8894
9553
8699
11209
10264
11332
2748
5792
10999
1749
1659
8284
7968
1235
2440
4737
10564
3530
10138
949
5003
2624
3478
10736
6170
9123
2051
9768
5210
4945
9456
5722
10031
2719
3428
5001
9660
8576
903
2086
3985
9934
8893
6422
4257
8966
8266
1286
11672
11022
4139
1675
2069
6281
7326
8208
9600
4067
6597
6398
8844
725
8556
9077
8277
6350
3450
4693
11101
2867
5516
7837
2689
4069
11858
10881
4244
192
10804
6095
4481
5985
4907
3422
9253
11747
10648
7010
952
10857
2083
11234
1846
2032
5346
10075
2609
47
8103
7791
2328
778
5713
4697
4349
11865
8739
10010
6709
10208
10207
6771
9877
8817
10875
9736
10888
11365
4042
9713
7046
3797
7113
6800
3746
4055
4049
1887
7267
8811
7441
11217
6121
2571
3171
4208
3735
7005
11751
627
2079
10281
9191
2096
26
10940
8808
1188
10663
8344
2514
5717
1220
8633
4010
7150
7559
688
8832
5261
8814
10979
9561
8102
7768
7069
8096
9637
11392
11126
2105
11491
7086
11831
4743
1209
2378
6052
3036
10293
6131
9575
7124
3641
7961
5296
5190
4507
3782
5610
2640
8271
8490
7000
5263
28
7197
4079
6171
3126
9067
6534
6575
11259
10043
8247
3374
1540
10585
4823
908
11622
7223
2607
6200
5577
2364
986
4782
1490
3117
3467
7896
5649
5069
10188
2987
9747
6694
3030
8386
11324
780
5191
7545
8411
1523
3742
5057
8680
11704
479
6451
633
10832
7686
7026
1568
5712
6603
5363
6654
3883
1429
6861
8176
7301
5536
5739
1539
10959
7884
2558
439
6731
10223
4811
5957
5465
2658
826
3574
11554
10135
6053
813
8497
9448
8843
2271
7084
7078
5904
1180
11920
10507
3706
5349
1404
1037
409
2860
11169
2156
9210
1627
601
2650
10643
5220
5036
1335
10395
8902
427
929
8647
3155
3833
224
2163
5877
4385
8234
10297
329
902
10350
11370
4883
2647
10720
11473
10840
9315
1200
8125
7715
3939
5693
5861
8574
2041
8694
1748
4772
7282
10157
11261
5549
3632
9727
5994
8756
4204
77
4463
3582
9655
1301
10461
1884
505
5655
3339
11782
5479
232
9372
1933
580
4254
10606
9430
9249
11308
4106
3557
8235
8007
3040
289
4461
1572
6671
8273
2392
4809
2754
5583
1457
10472
4644
11442
10525
6334
8042
6777
10987
11598
9607
1777
4406
3033
3596
1071
5107
8769
8064
1343
4690
5867
7908
9289
7039
10221
10156
9152
9914
7636
5563
10406
3112
11414
6566
9584
6915
4669
4624
11239
6216
6867
6222
11114
8003
4039
3538
3493
6396
8874
3394
11529
326
5097
1986
9940
4068
1525
11522
7292
6844
1964
3532
8130
2836
392
6922
510
10418
4781
4543
10644
10002
10216
2108
7337
306
11615
6997
5198
8577
4038
8621
10938
6990
6503
9432
2154
11429
11807
8891
6570
9737
11232
5917
622
2904
5978
8909
5495
9880
11846
4409
1282
2924
10791
7283
7214
11352
6560
6252
2536
11388
9933
6220
7742
981
10601
4015
5326
3943
7142
659
3170
7361
10686
5371
6626
4749
7805
7444
4766
6628
6425
11757
4522
5616
6998
1747
10058
34
11322
5461
10654
8071
404
9786
2081
7645
2793
9638
10821
8362
2621
11073
10159
4426
3307
7075
1123
4603
7440
4976
2462
105
9420
5562
9925
2959
9366
4621
4832
5422
6357
3267
5914
2309
10368
5675
6692
3186
5014
5541
8828
11205
8322
9354
6993
5620
3136
3570
8952
3791
7840
9388
8943
641
6078
4439
6973
2568
6738
1759
6756
1923
507
6258
10013
628
3440
10378
476
7370
2578
10118
11252
271
8056
1140
5410
10984
10523
7972
9383
10801
1362
3702
84
10572
9743
4219
11124
848
6620
254
11853
8061
11235
3784
7450
11512
6330
10577
5895
11071
9589
11798
8725
2877
6727
2784
8580
11827
9650
6823
8423
5517
11893
9887
2020
879
11452
2157
8524
11886
989
7640
2487
3865
2007
5658
7695
10833
2530
6931
4322
5819
2325
3070
11362
7534
4658
3925
6556
4362
6718
7868
1545
4521
4080
10287
3017
7413
2028
5559
4842
3887
1008
2080
2921
9775
5135
1207
9348
11785
11135
9020
7617
6714
2423
6057
4829
9668
1954
7393
4145
8126
1649
11265
6912
1835
387
4625
2996
9398
2649
7584
1853
9476
3681
5615
10280
1982
6344
10929
2539
2950
4967
8400
619
11738
11084
5869
3934
4390
416
8660
9631
4506
6228
1011
6680
11018
6504
2397
9515
3919
6657
185
6187
8949
9168
7719
5866
766
3472
5139
2379
9770
1486
5493
2136
7588
2232
7297
6578
6314
1553
1042
168
9543
4816
9812
1369
1381
2109
7610
9710
6814
5478
11885
8155
4937
1375
4896
590
3599
7168
5752
10145
3933
5656
7344
897
8196
9407
8494
9892
7750
9101
9623
6724
3836
2457
2878
4433
9350
11099
6872
6054
5710
4707
10257
5582
1815
7331
5496
4565
10506
6994
3153
7445
9978
4533
208
8462
8877
10285
1324
8870
2055
1789
10729
11822
9076
3993
583
10488
6085
8601
6443
4761
8675
6717
4159
8863
7406
673
2545
10128
3888
7793
5022
9765
9504
9146
530
10524
1672
9769
10396
9291
11127
1708
7634
2273
8274
7120
11192
1979
1905
2893
11519
6858
5663
270
2470
7342
7373
9423
9889
3889
4868
2205
5321
9465
6832
11309
2732
1201
9881
5219
1676
11318
10330
10842
10925
4733
1415
3801
9691
4188
360
8878
10786
7759
10550
2246
11401
4790
8283
94
4783
4723
5406
2188
11604
5264
11208
5358
11711
2208
10078
1040
2428
4410
11398
11269
2360
6817
5460
3537
5993
7121
3200
8697
11200
5854
8996
8704
4661
5888
1612
10864
8091
694
7727
1501
1865
9060
8677
2064
5730
8620
6295
7029
7194
7755
5900
4174
1480
6665
11510
3700
3000
5421
10666
2003
7148
620
285
1960
8231
2327
6767
7885
4462
3526
4679
3967
10909
9902
8508
1059
3214
3847
544
3626
4218
4787
1331
4853
10004
1116
10658
4881
869
9565
454
11685
9322
7811
6622
7350
1250
11363
5913
691
2280
7322
2290
116
2616
685
7220
1888
9390
5376
5638
284
11056
9693
10626
6968
6075
5350
563
5205
11165
6384
1808
10892
6336
4292
2638
9106
6967
1141
3368
8017
5170
3425
4029
104
9175
7522
9040
6606
9269
4009
8379
7702
4191
5568
11696
2460
6882
5953
7505
2346
8594
11536
11037
10918
8687
487
6376
4162
498
8137
7754
10062
6940
5736
1323
8674
9588
3758
6185
4857
8607
11834
8252
9113
1203
2973
11311
9059
301
1596
5983
4576
2356
2565
4960
8013
10265
6690
3840
1984
118
3460
9541
1096
9857
4846
10388
1904
7141
496
9615
6810
2586
4491
8595
8025
8029
4776
9829
4342
9578
7182
1654
11032
5167
9230
2183
11468
10612
272
549
6686
11562
6896
7190
8579
3482
2413
7615
7219
3396
7949
10685
3504
2787
10331
10267
1459
9718
6548
1313
6203
3311
204
9898
6862
10421
5990
9262
11330
8090
6410
4614
3229
7451
10549
3352
8582
767
5152
6109
3754
10403
3768
8711
9712
11736
1417
5595
5742
8405
7496
5307
5458
4827
6442
3125
6406
2180
9451
10632
1911
10355
9838
10268
2564
1215
226
4802
6210
745
3091
7115
10051
9278
1590
8432
3781
2425
4979
1109
5593
2573
10639
10381
4102
6469
11369
10745
1891
2625
7244
3698
10536
2561
5705
11079
8875
11229
896
1685
5481
10206
4137
10003
9776
5995
1919
109
6290
6947
10325
5062
6798
2736
9781
2717
3760
11700
2551
2270
1915
10093
1055
4052
5174
2151
8393
1569
11213
4138
8058
5876
10096
287
7028
11449
9472
7201
6898
2532
3236
8123
11399
5128
11612
9653
9824
9716
4130
6616
9921
3484
5991
8670
11085
4315
8995
9942
220
1717
6229
9635
8467
3124
2958
11441
6869
1420
2399
5004
3725
4726
3915
10111
3285
2145
10692
8853
7612
7154
11487
3356
8736
3397
3477
11187
10700
7746
6009
7680
8778
9772
10030
4499
3197
9555
1184
5297
5364
1818
3357
10176
4053
6801
11611
11375
3135
9418
2563
9791
877
5384
5988
9090
9218
4758
10755
9922
3387
11408
11688
8472
7348
7437
2929
6678
11787
6128
10150
4402
7312
3975
5111
126
7757
127
2773
1214
4438
2084
10380
3819
1241
8598
9199
3090
11185
9872
5138
7236
2233
8727
9536
309
2861
676
1093
11904
3522
5813
5419
4759
8454
2720
7549
8636
3208
3545
11246
6387
9957
10085
7042
555
3240
8022
8998
6903
10073
2988
9487
7924
6842
10547
8485
11402
6959
3719
6130
4287
6234
10021
4584
2824
1714
7800
3876
6298
4224
11819
1230
31
8399
8339
9946
3228
11060
11307
2490
4364
8031
9445
1351
2920
1361
8367
484
10450
10326
3838
7539
4368
11896
3644
1798
9493
11451
6441
4557
1131
7620
9205
3202
574
811
6399
4920
4316
7888
4998
2916
2306
7569
4695
11610
857
1437
11041
5049
566
2227
6656
7998
9574
5319
5847
5747
516
9389
9203
5151
9714
11492
10530
4278
4396
4936
10879
8693
6186
4631
8969
4841
10168
3643
839
1467
5308
4135
3618
10618
8433
8590
8406
6751
881
4568
6391
7917
8023
10061
3168
5874
7278
11394
4386
10845
5977
5650
11434
4328
68
11282
3853
4919
11540
2326
302
5591
922
650
9788
10609
4555
133
3175
9634
2166
1505
6444
7500
10894
10584
8530
8359
6263
3834
6419
3871
7255
1542
4173
8773
1548
11921
4681
8561
2509
410
2366
8939
2842
8376
6894
6074
2125
7442
4807
11568
4867
7195
4673
5373
3879
298
7897
602
2955
7678
5947
6428
7261
7577
8963
971
5887
6562
8070
1424
2376
4471
7471
3466
761
6673
6436
9063
10570
7531
2745
5080
1012
5177
9450
2045
10119
2676
9767
2823
4171
6427
8010
117
2850
4535
11818
3393
184
2132
8829
54
1426
3238
8116
8439
9321
10056
4276
4478
8424
5055
10437
10562
5754
10106
7841
10513
11683
3947
9158
9299
11591
180
9121
7477
9756
4879
8396
4987
1391
6259
1586
7826
10869
3419
10132
2018
8627
7684
5696
1409
4353
11227
6643
7065
2915
7607
10541
4158
10227
8182
2969
3485
9223
4728
9757
1711
6401
2087
8329
190
1534
2635
10277
613
10690
3658
2812
10094
10569
6608
5149
6525
8300
2855
5918
808
2614
764
7599
10064
1142
5748
8972
3483
1110
397
10054
9938
6042
5030
11465
841
4753
5400
3172
11218
3021
6658
996
7193
9621
4634
10802
5315
6254
11339
9738
6097
679
722
895
1571
3294
6675
6433
3022
730
917
7529
2318
7289
5766
6999
1838
8095
5145
10024
930
3400
2013
771
10102
6840
8120
7736
3275
191
6389
1640
4836
4595
9663
3874
1297
10667
1473
7932
1864
470
4405
4441
10263
3609
1468
2895
7773
7263
1652
6806
508
4282
8625
8777
5404
3825
4176
6423
4090
2825
11784
4818
2485
297
10393
1554
514
7858
8443
3572
193
1812
9095
9056
7566
4121
4421
1913
10049
4988
5178
8929
7159
9197
11753
8661
8716
9134
6530
8026
951
8892
9538
10366
2703
9699
3818
8178
6486
773
8802
6795
10529
6125
8224
9489
10
6739
9858
1792
1750
10765
5287
10896
8054
2887
7096
1603
11174
5459
4653
7839
1538
6231
7164
4977
4274
4347
11478
2062
1077
6283
6780
4021
1944
11690
7638
911
2334
1395
2922
3156
11652
632
9546
3929
5472
6505
11518
7051
160
1655
7933
9643
3328
6904
3492
2968
9998
6773
8962
1703
5457
5664
5423
11768
11175
6110
10392
6307
3351
376
9721
3608
11922
5184
9513
5537
2701
8168
4392
10270
5420
131
1469
7779
9617
3452
8179
709
11000
6060
2283
11482
6529
2881
10846
1389
5426
2268
10581
2577
2107
2531
3823
8310
10576
642
2126
9295
10143
11623
6386
3994
11862
10546
7851
10825
3550
6754
5824
4741
1159
7149
4183
2540
9332
11499
38
5214
9378
9975
739
7203
3935
6305
11262
9680
7369
1274
11134
9627
7939
5037
3904
8615
1260
3480
6711
1790
992
2172
11389
3654
8753
8617
4747
2847
2177
6710
3589
10922
10452
849
1177
6115
7481
8540
1202
10861
10889
7693
8796
2697
1292
1454
6565
10614
8445
7748
5640
3968
4664
1609
2907
3065
2875
2909
7701
3380
1020
1755
4953
7590
10509
8387
5624
9862
4250
9856
5146
10253
2943
390
1047
9725
5670
8655
3109
9989
7341
6881
7565
11729
8337
364
9200
3699
4963
1529
8521
621
97
8489
6087
7664
1702
6956
7543
5548
7861
982
8257
9034
9120
7653
1017
2196
7787
5682
7671
5491
5236
9744
9531
4442
8565
9357
10239
1814
10675
9544
9923
9779
6815
8189
7783
9676
9632
8785
1054
11762
1495
5703
9162
5227
4837
2589
4198
3333
1879
5503
5830
10016
6824
6471
1516
2781
7530
3233
7475
6687
4642
3767
4955
9316
9782
1882
8501
6487
6236
6076
9214
3727
2999
6908
2856
3084
9023
3274
7057
1939
942
10147
5892
5431
6873
7990
9215
5150
3111
9793
768
3926
3041
1591
3779
4197
7379
6355
9944
3623
4705
7156
318
6732
9344
3019
1196
7807
3789
11077
11493
11860
1633
4436
7178
829
3255
4546
10778
5311
925
5192
7913
8935
2832
1883
11201
8650
2282
6456
834
10951
5684
8568
6233
9983
459
11336
8438
9078
369
2946
6941
4060
7271
7478
486
7526
6242
653
9709
5734
11445
6380
9844
9384
1943
8365
9000
7794
2786
11039
11038
8450
7430
4213
1092
4689
2629
9613
9126
8610
6026
9043
10443
5769
2938
6261
6468
1087
4483
8791
3899
2898
11068
1273
1366
7657
2742
6677
864
10479
1270
11182
11898
6160
11547
5571
935
3388
4549
6408
4435
738
6388
7689
428
5524
4113
3101
6612
2710
7435
7108
10254
6240
2679
5979
4800
11207
10222
4889
