8228
9810
6527
9457
1716
7846
9546
1102
9740
1852
9830
8666
5540
11911
6062
3886
10093
8771
6952
4116
6612
11427
2598
4688
8806
3083
4281
6489
6728
8779
772
1621
4951
1258
1629
11550
6115
11830
4442
10035
4000
7853
1247
9692
11488
11026
10986
6335
8966
5981
2092
1244
7006
11914
4968
3764
1982
10229
390
8506
8463
6942
3710
5329
2076
10442
2848
9834
8162
9104
510
5515
777
10438
9225
7359
6089
8486
5681
4390
3687
11546
5107
6671
8490
3671
3250
10454
11726
7023
9825
1590
3219
10439
6713
8810
9433
11869
2632
2417
6901
11907
2190
9267
1470
10544
5135
9865
1069
5024
1303
6271
7685
6469
9748
9445
2089
5649
4216
4386
8887
1607
112
10979
9200
9651
991
2348
8489
4448
1115
9634
10392
1650
11561
7747
1988
3190
10508
671
9490
10871
2985
691
4475
902
11494
11651
8342
3277
3222
10803
802
10633
11677
161
6683
2333
703
10215
11205
2865
5170
4972
9868
2792
925
3691
7370
1383
3185
573
11628
11686
8380
10547
6526
3727
8267
9767
9708
3794
3117
7349
6768
3924
7746
7191
4052
9256
6913
468
3522
6221
6999
7878
4557
2271
9448
7645
5163
5129
2971
4841
3982
8770
9393
5165
11580
7007
7779
9632
556
1169
4711
9874
10067
3478
6584
2863
1172
4319
2542
11460
7940
11922
10498
10120
11500
5071
9483
9918
4500
10827
10887
10325
2718
11797
5709
3820
11324
11437
2812
3239
7912
8310
7922
4747
4435
8021
9994
11308
3486
2753
5517
2603
10741
5699
10104
8012
2241
2672
762
9677
9159
3041
2702
6150
4141
7299
10428
6129
10076
6756
9658
2740
7087
8394
11234
8762
8422
5164
10733
1345
7655
801
6575
3365
11733
1963
9230
423
3203
8492
1128
7406
1894
7708
4965
6963
10694
2887
9802
9093
11840
1145
6081
6572
7649
8201
8748
6390
4125
1431
2207
4764
7530
9851
7638
11746
344
7096
9496
4394
649
5696
2170
2911
315
10934
11342
3664
8688
2694
1919
323
10401
2345
11841
11095
11083
5208
1167
7686
11277
10587
11919
4840
6900
7374
5185
4985
3016
10461
10772
5365
3735
8606
6182
9716
1914
3610
5285
2665
4217
8533
9289
6307
2589
4882
4807
1411
8520
3375
2016
10821
6830
7787
181
4007
7586
10052
5098
3899
2284
8602
3437
872
10732
8370
661
7515
9967
9564
3448
9323
10276
11724
8562
7988
4322
2804
2045
1380
6908
8599
9753
2588
2656
5804
985
10147
11199
4570
8581
9101
9515
6804
2806
6603
2331
7612
2756
4089
11808
3601
8746
11002
3349
6576
26
2388
11150
353
6430
2494
4203
9701
3783
4139
3489
1175
1874
11905
10003
8725
10001
6558
9260
1971
4695
3802
7193
10703
6227
3665
7446
8269
2085
4960
2470
68
11503
8740
283
6996
5338
9447
10948
4455
706
5889
4171
3001
3321
73
3420
6232
7622
386
8163
10837
4197
1056
11327
9510
4585
5592
393
3675
6251
1065
4152
2056
1262
1830
6946
4658
6449
10935
9087
5395
2764
10568
3942
331
1840
8460
8512
3268
10859
4616
8540
6541
222
4025
11847
6031
10591
1320
2730
6158
8180
3199
821
8352
5156
5761
6700
9434
3003
774
7426
7621
1913
1341
3955
9255
6916
1964
6676
10644
6640
5213
11559
8063
6739
7254
3271
186
4492
10658
11683
10047
9116
5053
5627
2070
7579
1744
6735
10106
9450
8751
9689
4095
1080
8817
3579
3360
2046
6845
7949
5005
8600
501
5907
3231
3428
8295
11401
9114
1573
8306
8920
3999
8707
7590
1154
6738
4041
262
5493
378
965
1424
9317
7280
2935
841
505
8917
6510
8786
11614
8127
5339
381
1676
5100
8868
5243
6212
2582
11883
5150
1896
354
4363
10700
8283
3844
10746
1486
2492
2537
10322
10941
9265
1665
3302
6783
1868
4653
9118
9672
8181
1401
9910
3737
8086
4579
3451
7052
539
4459
1888
11123
8605
4156
148
1076
1534
9996
11867
8655
341
7602
11420
5557
8814
8757
6214
10860
11894
10984
5458
5391
9863
9351
5760
3629
9314
8018
5044
2068
4226
213
11766
6474
6011
7082
6191
7914
11078
3989
6274
7148
800
4654
1471
5392
5267
3285
1715
8104
4865
290
3411
11857
5776
4628
10293
8360
8827
7126
8318
6895
2106
2398
5707
969
5673
8627
2900
4332
9637
2781
9671
3910
3798
9954
2227
11300
11823
5988
10063
11346
5118
5060
907
3547
2899
8990
3795
149
7289
2225
6907
10186
3825
7077
1539
6139
2288
11788
822
9426
3634
4493
3515
4004
10919
3400
10014
6923
957
7011
833
4774
3295
1
96
5845
9170
11092
3323
11459
10749
1273
7333
9492
806
6925
6230
5670
6170
4288
7306
2187
562
1848
9419
1570
5372
11344
3204
11835
9175
910
5254
8373
4501
1260
2983
6295
7068
914
8750
7766
11569
6814
11332
10623
415
7180
11335
5665
317
266
9616
9096
4956
2104
4792
1980
2802
9241
8854
5041
723
3010
2066
6876
4852
1804
5767
3468
3860
3399
10814
1842
9408
2006
4964
2035
7535
4895
1241
2948
9218
4948
5585
11302
1708
4530
452
4098
9109
7551
11226
9609
9690
9770
630
2789
7954
7252
10932
6367
4247
9129
3689
11807
1382
7808
6610
11109
253
4474
1419
10514
5479
6894
2590
1435
4438
82
6090
8101
2986
9853
3064
11477
9396
1451
1413
11410
6922
5321
2704
11059
6145
603
3904
11351
4489
8317
5144
1939
6979
8351
10240
3637
8393
9033
4544
2469
9595
7575
10983
5062
5655
3495
8386
3590
2451
5380
3438
8249
11655
6338
3893
3229
10960
681
1694
3473
3568
6778
4167
4532
11486
1736
10172
5237
10056
1718
11926
5245
9463
6984
6857
10233
6871
7961
9169
11620
880
853
7545
7161
7188
10436
9860
5416
8587
1890
8431
1363
5446
14
8302
10183
7211
7124
2512
9139
6548
10672
2733
2071
5839
3039
10488
4256
3595
9550
11473
8941
1582
836
4276
6490
5971
8107
2968
5417
11846
10958
9125
6116
6318
11447
6163
6009
9004
9727
7390
11547
10790
8284
387
850
4317
3519
1484
6245
4855
10580
9628
2532
9365
10921
5232
4403
9842
5335
6918
3891
2274
7330
1601
1705
11742
10908
9795
444
7675
4151
2679
7972
6853
9451
5378
1489
982
5255
9276
10072
785
2686
883
5899
8408
11411
4454
3415
4742
6125
9946
11291
4321
10096
11278
261
2858
5490
10788
1267
576
6416
11469
7371
3227
6328
7234
9268
4976
2807
6259
8071
1654
10664
11782
11174
1762
11363
5215
7902
7063
8840
369
1156
9789
6041
3100
3577
8385
2219
1805
10850
6289
9062
1222
3237
11760
1483
5216
7992
10604
5719
7844
8169
10970
4766
211
4981
7983
1595
3586
4
3609
11298
122
4808
1781
322
9373
3278
6097
2979
9903
6262
5031
3597
6658
3071
5840
11056
5542
6973
6310
13
10274
10558
9695
3755
3769
9557
4083
4592
11690
8969
11461
1765
9951
1367
7075
3398
5162
10026
365
10329
796
1315
1959
3205
9975
3947
9697
6479
735
10873
7631
8066
1897
4552
7245
5346
1299
655
1785
9107
6920
4062
4942
5315
663
376
5444
4962
8207
4679
6403
8848
3300
7421
5518
10495
9821
1860
8103
5331
2206
5736
4811
1377
8638
8347
1263
3174
10721
3331
6986
9610
7284
5064
2396
10
7837
6291
412
4588
2438
257
9065
6085
8782
4870
2088
9684
1901
1138
10600
3954
11670
7601
1712
3333
4707
1844
8229
1709
7340
3188
6030
4039
8116
7241
11086
9216
8240
5393
1592
9841
4032
823
5033
11421
3506
4352
895
3122
7734
9078
9803
10263
8579
5039
10249
674
2063
419
8737
5948
1246
9499
8120
2163
4615
10075
4155
8507
2328
10775
5016
9074
7895
5180
11918
6192
3969
10896
5936
2293
677
367
1969
3109
6111
3457
5405
6940
11192
6154
8877
9134
11264
11099
1645
6180
1455
3885
9724
6764
6892
4831
2471
10636
3163
7424
7194
9965
2749
6421
11414
9959
10203
4849
7058
11679
9357
5537
3106
6478
5486
1001
4320
1986
6093
2332
9940
4080
7131
5968
7760
4461
4463
2200
4722
5241
5402
4082
11514
8623
9293
6035
10917
6423
10712
8954
2640
5818
7010
2322
7430
7833
10269
1349
956
10117
4258
8126
29
11028
11080
6286
7499
5833
8660
8265
9112
7501
2690
530
8132
2728
688
2520
11246
4631
1880
2612
6105
2975
5276
7854
1459
6936
418
2950
741
9300
9654
11653
10674
3950
890
11465
1250
3897
1642
1081
3584
2610
4533
2243
11116
9446
4480
618
10028
2828
7053
9202
6
9072
8374
6301
7781
654
4698
10351
9739
8443
2592
5531
2921
10683
6516
6213
653
4283
6398
10000
1957
10624
755
9411
5353
11781
2100
4842
9294
9567
4708
3815
690
6458
6646
7546
11045
2154
2699
765
11685
6958
9699
9521
517
5756
3608
2961
92
292
1504
8597
7815
9960
7187
7812
8371
2058
1777
3240
9497
7743
3002
10217
2605
6149
5322
2179
1577
2317
3313
1162
9097
2563
5133
11792
7401
6244
5099
9305
6775
8508
6554
10736
6070
11065
7017
404
10140
8846
4466
3410
5541
7357
2785
9655
9648
8159
11606
1783
10496
9248
7076
4619
2156
11803
4268
11190
5238
4168
5942
10656
2008
9659
1497
284
5754
7377
4888
7830
2765
8916
11375
8509
1125
7634
152
7595
6174
10348
10030
5121
5205
5520
11588
1392
8820
4262
3077
9700
9527
7996
2959
476
2287
8723
4834
7956
9245
621
4839
6024
2358
7990
1200
2739
10679
5521
5600
9022
7531
5864
2061
7224
5539
1109
807
7528
8457
5559
3958
8637
7471
659
7984
7040
643
3862
4647
743
11525
8566
8430
1312
9532
712
5223
9414
6704
8161
3712
3281
9375
3839
8023
6507
7404
11041
1974
10744
4169
8704
1892
448
726
7822
4377
9819
9273
8230
1987
2540
520
574
1873
10154
10107
281
6517
4934
2000
5306
3797
11183
5155
11881
4902
7744
3176
4693
6211
7600
2323
7205
9756
7527
131
3688
7613
5946
1655
2513
2671
4908
7151
6293
5333
4779
2727
6834
4330
7080
786
3490
9061
8911
7457
6980
7660
546
7646
9652
4336
4859
1608
2184
3018
5423
10705
10418
7214
10975
8974
8858
1116
4782
10361
1618
1554
4340
1546
134
5258
10066
2821
218
8065
5290
4660
4595
42
3051
10198
610
399
11487
9629
913
2945
9726
9741
4512
255
2716
2059
3966
3774
1644
3933
274
11813
11485
10315
2412
2482
8798
5943
6521
10719
4090
1350
11738
1589
2266
6354
7451
7042
1587
4566
10556
11434
6001
10661
6444
199
7661
9315
1749
3384
5265
2851
1270
5675
10089
1408
8123
7623
482
9081
11081
2871
1434
4678
7288
4723
10836
1078
7538
6237
1515
4739
882
9347
3588
8474
3604
2313
3576
7121
6450
9513
4001
2368
1248
3345
8359
6990
11826
9362
8575
3976
10288
7198
10555
2489
6466
1201
368
11597
6480
1970
8398
4076
3391
8106
8376
7903
3465
1304
7354
236
8068
8316
102
5045
5546
10231
6968
2084
8652
4299
812
8569
9409
972
5759
8790
935
7885
11471
4756
11492
9012
3382
11480
10406
9105
5625
2108
2171
2198
8822
2203
1342
3273
8664
7941
10201
6884
22
1436
2258
566
4097
3494
9941
1761
2993
2306
9126
9163
1547
5160
7860
6886
6077
2344
6370
11359
10450
7567
3742
5095
3807
3939
7778
7036
11462
4063
8082
1287
8745
1551
1953
4483
4591
10548
1238
4069
8992
1197
1603
8054
9968
10567
7918
10053
10637
3684
1184
6723
2312
1180
9010
8847
10145
2024
8372
9944
8839
8978
2239
206
3149
11445
5472
303
10663
1189
9956
665
3545
1274
2325
1214
2658
2049
1289
1015
226
8303
9738
7235
5944
2031
1825
9592
598
7720
1796
1256
9246
9572
5399
9425
5695
252
2897
8237
3970
9209
8006
8883
8036
6147
2415
9870
335
5945
11556
4639
2017
6555
193
9486
7120
9168
994
5136
3286
5206
1119
3956
4218
10165
10893
5138
2744
10002
7251
6543
10844
7256
6540
7797
1788
5219
4584
8529
10509
8815
10465
9068
1292
4022
1557
5879
3777
4638
24
6164
5854
6468
1675
7019
6456
9676
849
5337
454
8968
10105
2700
3066
824
1656
11527
9150
8040
7459
5768
5668
4857
11801
132
11122
3743
5432
5698
1611
4999
10456
8866
3571
5575
8733
1775
6721
9679
2794
4614
7650
9471
5249
2079
3359
2914
9688
8271
578
1917
9473
439
10133
3291
1396
3683
2729
10730
8869
1707
7417
5963
2570
46
11885
8175
2215
7012
11545
6160
5900
4479
2220
9587
9857
1334
51
2587
9091
10168
8849
6155
11253
9172
521
2746
6889
2125
2246
11132
2894
2007
4561
2194
6515
3380
10522
10021
1030
11165
9201
6736
9429
4771
8734
3213
10649
9205
10171
6040
852
5783
1399
5977
1936
7474
8183
4027
4349
7109
340
975
771
4568
9569
6827
2500
9981
478
4456
6811
5220
8070
1045
1295
7883
5111
31
6822
4806
4473
7062
3026
864
1812
8279
5931
10080
7255
5892
5231
10878
9696
5969
623
115
5319
4079
5261
11008
1537
7548
2688
1856
1746
3574
4668
8263
11279
8366
8658
8901
1609
11696
2904
8069
466
4691
9827
11404
9722
8853
9840
11668
10492
6750
2752
7444
5049
1622
7796
8340
6429
10977
4085
4260
499
724
3341
1402
3021
6128
3401
9007
7044
10892
8611
3841
11855
10931
6060
11239
9931
2062
5883
201
8844
4899
10437
2201
4884
898
3676
11228
11
9243
479
8939
1181
8833
4828
9983
10606
3007
3534
3099
1261
3643
4992
2121
11863
10085
3829
2410
10073
5852
11107
3318
3218
9871
5956
6092
417
397
8834
2126
2249
5538
6689
1010
10796
8074
9341
5084
2150
9042
5878
1724
959
7569
9143
2155
10174
5437
8277
3985
8444
6549
10398
11220
1934
2326
10922
8889
4110
20
8094
3449
8410
4709
2628
432
4727
1773
7095
8517
8705
1456
10046
94
6019
10434
9556
5126
1370
2760
1070
5248
9545
288
7692
3462
400
7470
1388
9192
6064
7123
3444
11140
3619
6635
10405
4509
6707
4706
402
2862
2380
5560
826
10446
8210
9927
4265
3084
1956
9478
7955
2491
9385
4447
1813
2158
11876
11206
7929
568
217
1810
7362
721
2861
5250
3238
3589
3395
2265
7090
5050
8620
301
11033
6644
6617
3096
11229
10282
4191
11136
5020
7800
4009
6786
5483
4070
5831
7310
9214
9837
2283
4286
11563
2736
9781
10579
7965
9412
4626
480
5304
6625
9057
5088
254
8255
183
8113
11925
7461
5452
99
908
5644
918
2355
6642
10539
619
9626
2652
534
5692
428
11079
7711
11438
7210
10599
6361
8223
1191
10323
5179
9095
9094
7097
6363
3466
5348
1158
6944
11758
8363
7913
5869
6388
5961
7176
5263
11899
11046
808
3670
5589
3047
5749
1094
656
4513
2873
4863
3373
1770
4835
6681
6602
2655
8220
8090
11397
6680
4284
1034
7536
11168
588
8719
10918
4067
7222
3823
10489
3647
2787
881
761
3207
967
3674
11642
9843
10070
5959
8078
6197
4385
1409
2077
7307
3967
7309
5691
2181
3960
5461
7659
1501
2978
9085
9501
6364
4060
7203
5686
8199
1251
1961
2340
2517
10849
6241
9952
10207
3919
8907
3202
7783
1903
5054
11230
11217
9872
5177
8451
8925
4851
8860
6909
6848
3693
8144
6445
6998
4735
889
9258
5690
3031
8699
666
7741
6499
10745
1792
4264
685
10914
2455
6028
8698
11101
1213
4179
9640
4944
6993
725
9417
9173
5168
5374
1352
5684
10942
6254
8402
4249
1769
2255
6667
591
7437
8643
1704
4357
3908
8692
6036
10074
1904
9988
5489
6409
787
4133
5527
11660
4019
7524
1133
3750
564
8434
5837
952
11541
6819
8114
7104
1933
10546
2346
5953
5502
3845
8236
10655
502
1710
10301
8202
5501
10584
9334
6049
7889
2390
9123
3475
9005
729
8780
9377
174
2572
5772
5637
7555
1277
7423
2456
8243
4594
10024
4395
2148
4684
9950
10358
11848
6962
5607
1194
3854
1422
8050
5616
8882
11741
8093
8993
1893
4199
1815
9706
11875
10011
9982
228
10473
6551
11809
2448
4086
637
3155
6320
9391
981
7429
8565
7481
5561
11524
7693
3716
202
4464
9788
6655
11737
2634
10792
474
6387
36
10259
2174
4338
11624
11387
8629
5663
5027
2123
11587
9901
307
7769
401
939
4422
11134
6672
6808
894
10253
3260
10707
2647
11783
6758
2286
7233
9995
2996
10957
7879
10342
6696
450
587
10550
10515
10151
8947
5445
8484
738
8708
5745
3669
8697
10994
4929
1035
5230
10470
7665
2872
2193
6708
10291
2608
4836
8290
8739
1869
3940
2974
4655
4922
6314
5435
1365
7228
8005
9579
2407
9932
11804
3925
11303
2931
5308
7039
6234
8349
10143
256
2042
127
7342
1017
6542
8997
6556
3622
4423
773
1780
3246
8915
6593
1005
5613
1336
545
1264
10784
1885
7364
9416
8214
11365
6047
10757
9619
5700
2424
6349
9566
11426
660
5830
1269
11112
10608
9339
3921
9864
8784
409
7668
8211
6697
3008
4732
8379
9189
7682
173
7157
10925
3279
2720
329
10044
5614
3367
5034
9886
11464
3178
955
1967
1084
8173
3526
10955
10835
11665
7206
6376
11493
2940
6928
4682
7098
4675
4502
7823
10119
4369
3339
7724
398
9643
6169
586
5683
6652
11442
9709
8884
5769
4010
11796
7839
37
8061
2989
8904
1152
6591
9568
8337
7456
856
11489
3680
11336
4726
8266
3598
1038
5713
2443
7658
1469
2176
10447
8593
5459
2715
2463
4818
11910
3424
816
6424
2953
3952
9783
7547
8976
8262
4514
4794
1317
2631
3182
10885
2334
3253
7699
1412
1020
4250
8765
7279
11672
7028
3507
4973
1360
1568
1889
8041
7611
8785
5207
11659
950
6545
1164
2859
6867
10234
2183
4720
3355
4814
1990
10990
5873
7706
8503
8252
2101
5718
10312
1681
2617
8294
7521
9026
4845
4670
2938
6003
351
9511
4054
7942
5932
3972
11210
7321
9438
10195
1093
1637
3
5656
11425
8777
6851
10996
1946
7103
6648
8031
6561
5367
309
8487
2476
3980
995
8792
6784
7287
2336
1130
10516
830
8706
7890
4712
6492
6874
4146
4558
10479
1519
4481
2982
5002
4350
6457
6574
9435
2139
10723
7523
6677
4296
2484
9878
3330
6088
5650
2619
1284
6034
9685
4599
4145
5077
4549
10382
10890
647
657
8859
3510
3546
5666
5277
10095
11188
3144
2973
6780
3963
3580
8115
59
10443
4892
3713
8732
98
3404
11854
7945
11636
1288
9530
1652
6061
2525
4204
6896
11315
4822
4469
10950
3370
3464
8092
9963
10483
10420
1739
1358
8731
1758
4540
10755
8828
5755
6018
6847
195
3299
4554
2256
6195
11666
11233
1996
5015
9336
4605
9639
6167
5992
10731
11289
8893
10115
5182
5386
3005
8913
106
10532
10193
9269
1968
5286
5433
10898
5484
5563
6569
7872
5428
4683
9973
9342
1836
4376
9538
11631
8991
5570
4625
9755
842
1571
6718
7367
11476
5763
8423
11705
8711
4214
7182
599
3945
11384
4297
6966
5305
1311
9142
11512
4184
5661
7508
10251
3214
6413
10101
8131
1526
7159
3270
3562
8108
6734
9917
11067
5224
9321
11745
9303
7632
4295
8178
8224
8518
11195
4406
7712
2941
1597
3896
168
6945
7020
2210
11408
3110
10840
4043
528
3496
110
4933
1313
7414
4050
8007
2175
6881
4015
10820
4773
8617
596
9047
10533
5292
6345
9363
2599
1060
7048
4224
6596
7924
3660
3195
6839
5782
10538
4759
3582
11145
1726
4848
4432
2440
9275
8396
9127
7218
6731
2052
6179
873
3269
7134
9807
3635
10173
5855
10686
9776
7931
11822
234
7175
7386
6440
1361
4119
7558
7518
11684
6481
5645
9381
7449
11902
9782
9223
9877
4710
1721
464
7070
5632
8251
10260
4623
11093
4872
10299
5006
8738
6336
11154
9498
1729
5497
8876
4182
10953
5491
10782
9594
7841
763
1510
3154
5544
10823
6614
8661
11072
4651
533
3575
4373
5857
879
8979
5524
8585
10762
5548
9191
8305
11419
7543
1009
945
10129
2799
137
9379
8701
4681
10768
2384
531
2157
9264
2626
10962
673
1900
3863
996
2095
1794
1091
9936
3913
5270
8035
5843
3617
1677
4511
10387
11720
11861
8137
1640
9691
5880
4235
9873
7516
146
11735
9031
3749
5958
224
4123
7196
2955
1981
2776
3912
3024
11750
11102
2824
4648
4413
6066
9356
3583
797
11729
8174
3973
10999
11012
5300
10457
3217
5274
10121
1518
379
9156
1234
6748
6198
5596
7387
75
9584
4910
8026
9124
11219
8709
2474
5387
7891
8167
5813
7403
2029
5960
2970
2295
6137
2268
7475
2152
8714
3513
930
9822
58
7892
2130
5120
5101
8684
8477
2034
7780
10596
10597
9465
9938
2161
10764
11707
11641
3566
9641
7877
4356
1308
1922
4195
9494
1490
1503
10607
1877
3788
4734
357
11259
5780
1316
5890
1143
1835
425
5252
6605
7618
3298
704
4494
8231
6751
5983
4906
9733
11504
9119
9307
5228
9897
8980
9742
8865
11249
6795
2486
8888
8671
8730
10614
10609
11111
7581
6071
2893
6566
9146
2433
8656
1231
4207
4539
6247
5369
4073
5853
5812
9815
1702
4311
609
4692
8905
11702
10191
10460
11364
5860
7588
8899
6757
8861
7348
8499
4955
9340
10388
5612
3167
8649
7492
8970
10504
6508
3659
11284
7807
1653
2990
5923
6977
4541
4172
1598
7037
3158
11125
8392
3822
9945
11548
198
8935
10202
11318
9730
2545
3926
10134
10761
312
5273
7907
1136
3392
9811
2186
5913
1992
615
7172
382
11299
9682
8696
9502
6134
2957
9990
8191
2696
3965
11879
11763
2262
3187
6769
7491
7566
3892
2633
5411
11019
3126
3059
3191
9489
8713
6392
7768
3516
7529
2881
11712
11627
7434
1479
6312
4867
9413
133
2635
838
4833
4013
5771
4232
7576
8324
1662
8956
3906
10484
10324
2481
10824
11772
7132
5007
8668
11791
4898
8427
4757
7630
10789
3137
2967
2943
2775
1542
1921
1742
11071
997
2644
6509
3529
4543
8338
10562
1135
9687
3646
8758
11513
1828
2222
9030
8772
6073
11851
2883
616
917
4970
10502
11283
5753
2585
60
5457
2477
5186
9792
1061
4093
9053
7291
2853
4327
11619
9480
4786
5013
798
1983
3216
3004
7843
3171
10639
2951
2575
9242
11604
4111
8768
8898
9933
5558
11388
825
11756
11629
8062
3140
11181
108
2514
5448
899
4900
9325
4508
5093
11810
11331
10883
7220
111
2394
3112
7113
10563
5282
7723
9971
2189
8950
6987
11193
8428
6302
8493
5872
7464
3326
9020
10221
5823
8679
4042
8042
4674
8926
6118
7043
9519
5723
1217
3603
4587
7
8292
4941
10791
3974
5735
4809
7472
9986
736
1072
2701
4429
3372
10132
5562
2166
11523
1114
2253
10634
1018
2208
6332
3867
4624
8682
4208
3325
1932
768
6255
11533
6912
3255
10648
9664
11149
2932
6467
1670
9694
4407
10657
5566
9023
9345
3156
7129
5154
5500
3642
3548
2242
2673
10881
4572
6879
870
6829
10972
10513
10060
1999
11212
3170
2037
11196
7440
8095
7740
10045
4370
4936
11748
2254
8011
2928
2810
5801
7832
2316
6520
9575
9444
2291
6941
4817
5351
5463
5222
3335
1549
8878
10384
7980
1268
7326
8870
2247
7751
9720
276
4215
2252
10559
9254
8773
7657
1439
6465
6579
10756
5026
8125
4443
6544
1680
3423
2138
10425
5097
9750
1255
1387
10829
10205
7336
4392
4694
8122
1923
7060
5061
9969
10013
10666
6706
8726
7363
11017
7656
2905
5040
9879
10527
10916
3505
3304
9422
868
557
3121
9895
6534
9955
2907
7587
10084
497
10659
8024
10206
5940
2622
10847
1798
10344
5110
9399
2913
7585
2251
11908
10246
8471
8403
11931
8769
8281
10954
3981
5740
7415
8044
7443
2040
3875
1487
8077
2544
4527
6743
4946
2480
356
2691
4292
900
5664
10295
11135
6074
11537
2523
2421
1226
10876
4600
3406
6565
9926
1333
9397
2960
10313
6651
6505
8505
8455
11815
1219
9999
9079
11827
2687
6866
2039
3709
831
4854
6436
2663
9231
1229
6285
5829
8118
4084
1745
10588
8812
10286
6477
6140
7311
2784
9306
9270
3907
5209
3142
8483
4433
4593
8717
5068
10184
537
11182
1089
4751
8367
7917
8016
8631
45
8417
5278
4374
3779
6604
2735
8799
4499
10169
4797
11753
2452
2566
947
2402
11339
11511
230
8636
4124
3994
4174
11933
11856
8670
4159
5764
11088
6856
9752
5511
7806
11794
9378
4378
5582
3309
4401
10833
1998
3371
5364
10373
2558
11333
8580
2335
5919
1588
6641
2086
11218
9605
10718
9638
5730
6272
855
9073
8932
4020
8179
2709
8852
7118
3210
1146
963
4451
7817
5997
5184
7345
10159
3889
577
695
9508
10691
2890
8922
8633
6012
3303
7506
6235
11117
1359
84
9296
8465
5240
1995
1679
10394
5470
7388
4949
3971
6799
215
4166
9743
1106
6250
6411
5891
10920
3332
10163
8479
2840
10078
2811
5984
10716
5218
11224
5674
9712
3843
6609
6595
5895
11722
10284
4995
4033
8895
4928
389
2047
5259
8959
8348
9240
1615
9791
5289
2218
2621
85
8680
471
11575
2724
11435
11800
8439
3328
6790
1942
1543
7295
7876
8355
9976
6397
3655
11565
2815
1727
8412
2745
8653
4507
811
4987
2651
6471
5581
1831
10535
5790
8689
3343
1829
2153
4551
4577
11568
3561
10194
4632
10780
9370
10734
10340
2168
9604
5580
8650
7162
1373
9045
7061
5473
5996
11271
5439
1086
4925
7383
2141
11118
2038
2731
2819
10346
461
7145
6522
8212
1984
6292
8998
11347
5786
8596
3264
5195
10552
2531
3387
828
1553
3732
10945
5065
10706
6838
9876
233
11294
7882
4254
3251
4467
10148
130
6539
7968
7637
9644
7870
3194
3879
2963
5741
1871
10851
8564
2381
164
5310
11831
5547
6692
912
2383
9222
6806
8221
1891
7752
5671
11900
171
10529
2044
4103
9017
10057
4930
4843
4620
5313
5314
7230
243
5355
11570
8414
5636
11006
6840
6694
3223
11180
6184
11736
6418
2536
2444
8842
2289
4359
9924
7317
3549
2364
2660
1872
3067
10974
9290
4799
2981
11589
9624
2050
11552
9295
3036
1454
2408
5955
4160
7250
6682
11675
4642
8994
3224
4135
1124
4824
457
10141
923
216
9875
11805
11572
10798
2779
3842
10049
5199
717
495
814
2385
11694
3614
1579
10565
6557
57
2562
5217
4768
7065
9185
8945
3435
3456
9162
10272
7373
11887
5716
11171
8136
9195
7998
11225
83
6165
1550
4176
6854
3228
8995
5826
4659
871
1159
1460
9801
237
11052
5938
11845
5271
11053
1819
182
7409
270
6621
7539
2889
4875
3997
3847
2597
9914
11297
5752
9249
5122
2459
10813
10040
4775
8400
10364
1074
1055
5785
3729
2593
10662
8415
1378
1516
289
11400
5312
2560
1973
10511
5654
8946
835
1648
3551
916
10577
10816
9794
1544
5345
11721
204
5937
503
11232
4129
2856
9844
7894
6905
4457
2643
6967
10069
1477
1862
5909
371
2952
2160
119
9122
10102
9826
280
9310
298
117
5426
6043
6885
3718
11829
3874
4991
2503
4958
1437
5142
8965
3356
6152
3324
3500
8072
9522
7868
7303
550
10118
6382
4765
2205
5805
10540
646
11634
2149
11576
2192
2852
8476
9913
3472
8742
8841
8304
9266
8332
1753
8313
3454
9713
3296
7094
5512
10785
9630
10051
10177
10505
5204
7018
713
5052
6690
6861
3550
10799
3247
1416
7427
8025
3050
6201
10122
3650
4802
5403
11396
489
3458
6970
9051
8008
10039
5418
2002
9066
11889
1841
155
6079
9472
3497
2439
10285
1473
10188
820
3818
3487
6417
5739
7731
4805
2609
4832
7353
2261
707
8272
3379
3258
7428
8160
2147
6366
6037
66
2827
11235
1500
9441
8690
7624
4918
1028
10410
9355
2302
3556
11044
10362
370
10578
2419
2557
3593
6178
11716
6833
7217
8824
5145
4697
4518
11673
7227
7786
3389
10130
2209
6385
8923
4068
6587
9909
1575
5212
7178
7243
7195
5178
11272
2275
4578
3585
10150
150
10863
6127
6360
6571
6205
10471
5638
8494
6072
10162
6014
8187
2830
10353
2901
9392
449
1617
4037
7973
3916
7312
3014
4100
4012
10111
136
7088
8327
11035
2010
9359
7285
7093
1614
4810
11613
8464
7130
1393
3746
10943
5242
3362
6567
7802
11491
728
6455
3572
4977
3804
6220
6849
7173
846
19
4078
7201
9282
6800
1209
2639
3731
992
2548
3628
10363
11311
7079
10482
3805
7640
2613
7756
3132
7319
3274
7851
7716
840
10280
304
9186
8677
1259
7652
10818
1502
10995
6217
915
3523
9308
8389
1599
10682
392
7208
7792
6859
11334
4163
472
626
11475
6695
7906
832
6052
9591
3915
2376
11929
9456
11436
11263
5119
8626
7480
11372
4829
7871
3624
6858
9284
4801
3819
4189
3596
5200
10321
5917
844
9869
5828
1905
5841
8735
10062
4630
2569
9862
10369
5394
518
11258
7777
6431
1171
3816
6930
9235
2501
2177
11669
2722
9526
857
1305
6530
10647
8608
5421
3553
346
6627
5235
6446
278
5844
5008
5949
114
4077
3751
6888
11247
11774
7163
2805
11361
6511
1657
10012
2235
7111
1706
10310
8275
4562
405
3734
845
5307
7888
9623
3168
9735
7325
2767
3832
6631
11594
2386
3937
3850
10317
11267
7216
3348
4453
6679
3157
8741
8100
9796
11451
3953
6176
6702
4975
6737
7838
8900
3013
4342
5476
7828
10022
5835
2120
3032
9987
4916
8871
2685
5791
6379
7672
5456
6875
9280
5784
5091
3695
10020
8843
10575
4237
6754
4656
403
10566
8534
11261
7166
9506
11201
4571
2839
7136
9418
4523
4120
5336
4324
2674
1594
3455
4306
8009
9208
4912
9818
3135
362
10136
241
9034
7544
6442
10292
3817
5874
5751
10643
6422
6063
1021
6253
5063
4813
1203
5618
2529
4752
8203
6464
8591
11281
9197
4772
3745
3363
6470
7687
5340
4064
958
1220
2874
6514
7394
7816
9588
722
10747
3290
2908
9475
2814
710
11495
8184
9301
4495
4856
3756
6243
10843
4315
6710
4440
2213
2994
11011
360
1882
6324
2842
5817
4066
7703
1051
9263
1230
1127
4939
9512
1517
11314
1505
1249
8364
5704
3094
10041
473
4536
6054
2822
10944
3143
8288
9612
640
5398
2576
3667
1733
5047
4719
1254
4484
10815
9704
361
2445
9707
7055
5605
4137
3078
558
2173
1461
5974
6753
5608
7125
11186
6782
3504
9055
8850
5225
54
7608
4743
10797
1144
3357
10409
11770
3498
6616
6794
4030
2436
5619
170
7814
1427
8531
1192
11658
7238
5720
6401
10681
1954
8241
11173
10190
11321
544
6547
5003
8514
2202
10175
7943
2490
10660
129
3416
592
11814
7146
8645
6494
5048
976
3694
10019
3868
10549
9718
11073
4522
9757
4770
4677
11169
5990
2516
11110
470
1493
3102
6709
2860
6725
6797
7329
1826
3361
10923
9006
3317
311
2757
4827
6356
5131
4716
5934
4154
5072
6956
11557
7328
2276
5731
5169
5796
7265
6133
4045
6389
8469
5849
11762
6774
4057
49
2363
11236
8525
9787
9972
5658
1185
4259
9800
9148
10079
7517
477
7978
10927
11496
8618
1036
4785
9560
595
1866
302
6188
2013
6893
4280
7260
9019
4767
2264
1132
2623
7445
3724
3533
3180
7277
11713
5465
10618
6649
4309
359
11000
7865
7165
2273
5799
426
2112
207
10888
2870
5000
203
3888
11034
6789
5622
1481
4294
9298
6619
10216
5112
11865
10961
929
11912
2937
1362
4866
8468
9601
638
7022
17
7231
1122
5427
1803
306
6298
5455
3625
7015
5462
8802
11146
10929
3754
8244
847
10271
11340
10429
1475
1604
9178
1283
8197
5743
1430
11532
10431
9058
9028
3951
3833
1867
548
4436
11768
2132
3826
9823
8111
10811
7993
2878
7484
4108
5226
7749
5994
11747
3578
3447
2555
9890
6661
11505
1616
6268
1202
6288
3076
11126
11213
8200
5441
2615
81
2556
7598
11403
5384
5362
11834
4667
9431
10098
6662
6791
3276
4478
8110
7880
6239
9571
5256
1661
11490
10806
5376
9398
10760
4222
2094
6994
9145
4680
10676
5085
8676
11382
65
1037
1157
980
7698
5701
9627
5856
11038
7327
11812
8783
7337
3790
10142
11888
11849
11141
827
1978
9060
10525
7035
9076
4758
11241
561
7029
10693
2437
7450
490
3087
3836
2495
9754
5697
7117
6656
7331
8319
7525
10897
7102
9158
1462
7344
11612
10328
5021
11022
4520
3055
3720
7900
984
9147
4234
8639
7221
7170
9798
8056
10939
5325
9495
4871
4661
9309
2245
416
4278
6282
9833
9059
6434
9806
11357
8800
6484
4498
3613
5379
9304
5834
8053
2167
3305
1865
5999
7850
5318
196
4061
3565
5128
8616
2703
5291
10631
6228
7107
8096
3198
6929
3236
11779
10419
10034
6296
1391
9039
2498
4290
6825
7697
9382
11177
2763
2642
696
4233
2630
1168
11376
9554
8634
10967
9711
5504
4862
8339
5728
11167
7407
4646
6686
11880
7605
4400
9244
9183
5693
8549
4380
2458
10360
434
6383
1492
6096
9083
10300
5868
8825
11048
10423
6000
4715
11089
3272
1356
5536
2837
9088
5296
3242
2602
6536
9228
6965
702
7904
6765
3948
7710
10911
2423
2493
9549
9154
1581
10786
2991
6462
9187
9598
5211
9252
11626
1271
11824
9902
11643
2743
9884
7887
10571
5687
575
3761
8260
4096
8436
11051
10298
7633
4700
1509
7762
10077
7681
3865
5229
3696
10613
3211
62
10375
7790
4072
3809
1354
6067
7591
7186
4988
6699
1031
11120
675
5875
3653
3747
10889
3630
7893
5894
11074
746
3225
10638
4476
156
8013
9319
491
1822
1449
11639
2782
9184
2761
11446
9328
2472
1300
3159
5477
4412
10224
4795
794
11868
4263
6590
11015
669
5102
927
11032
1833
10981
5897
5214
5146
6300
8001
11061
4170
9537
6531
6435
11562
459
5475
8607
874
1583
6560
11354
7593
6675
336
11539
4305
8787
4402
7400
4017
8648
11014
5498
10652
8632
2393
7143
2479
2885
4497
9141
3316
3113
9520
2229
287
10510
896
342
4738
212
8195
9881
4505
7105
11152
867
9387
7375
3721
6002
9729
10928
5354
2998
3092
8555
8253
3555
11042
11395
3147
7750
11692
9257
9966
3918
1649
7676
11274
8829
6538
7578
3855
1433
5451
4388
6108
5820
5925
2195
2338
3209
858
3162
5094
11678
1945
11254
1751
7671
5316
481
10050
7726
5886
10355
4798
7341
2515
4917
10980
6350
509
552
11701
620
1006
1626
9656
635
6969
5814
11082
2074
1529
7268
2442
3649
10264
1285
3992
5672
11458
8289
522
277
6742
3501
10402
9669
11409
3220
11529
6773
1195
2140
6719
7301
349
6933
5811
5227
2359
2850
3946
7140
8561
463
5893
8217
2416
5902
3292
8091
9848
1881
8753
10297
3009
6577
6873
10467
4989
926
7614
11917
4472
8300
3215
11719
7454
5578
742
10211
3558
3388
6532
2081
2454
4353
10309
10476
10131
3368
8083
8165
8501
2528
7848
1173
5028
1153
6017
2257
5954
9547
998
6767
1818
3932
11802
2664
10337
1784
8401
492
9180
3263
3512
11161
4546
11656
2748
6760
2895
2924
7442
6083
2559
3245
5105
859
8270
467
7513
8084
10227
9454
9149
2224
447
10865
8383
5356
6309
3537
4165
4105
11515
1176
11432
7302
7745
11005
7264
6939
9518
9487
10722
3514
8329
9633
2933
9529
8598
988
343
2098
7935
10560
4788
525
2834
5149
6206
1170
8017
5141
11611
3998
5440
11130
3701
3612
8377
4622
1398
5311
10968
3554
8153
8320
9814
9103
8542
8736
7200
2282
5330
1463
6546
5443
8510
5366
11179
4784
5294
9915
9337
4434
4627
2475
9038
3252
8344
6869
3715
7678
651
7626
86
1310
6868
5553
143
10185
5174
10601
8139
9212
1625
6809
11649
7197
11260
11378
9625
9220
10408
1530
9476
11860
2196
7662
5528
8097
1600
4953
8619
167
5359
8672
1931
3698
1685
2773
7915
4861
11499
3762
9464
332
7346
7171
4246
3639
1445
9386
11001
5057
6524
11184
602
3057
8700
2818
9603
3704
5640
11270
11744
11780
6832
1722
9578
10158
1476
5593
7156
11406
2341
4117
2511
6798
10617
2707
1047
4516
11622
5781
1000
559
2214
6744
7381
9636
3621
9261
11519
8135
10480
3615
7736
781
5744
11472
9761
484
9410
4183
6032
8015
932
5295
8793
9120
7001
1046
7691
10678
9978
4886
11337
9732
5846
6091
11915
8425
1906
10192
7599
3450
2136
7338
4190
2892
5189
5653
7798
8206
4282
9050
3759
6585
10926
6523
7267
4427
5906
2586
6703
4781
3722
4524
1506
500
3070
11625
8722
9867
8724
5089
4714
6038
4149
1778
1750
7282
8406
424
10254
10998
5926
11367
11903
8744
5161
6317
1302
4106
1227
11676
2712
6961
10992
11693
6110
11819
1879
10138
2518
7248
10283
5239
10399
11700
8589
5297
6368
9372
109
3934
3476
4075
1693
7635
8227
483
8538
11714
7049
330
1233
8151
6643
4853
11603
2714
5414
7933
11345
11295
593
10330
527
1188
9442
3538
2366
1972
1478
9348
11386
6327
11269
3541
10135
4138
8333
11543
2488
9221
9349
933
8624
9534
953
5800
7433
5424
4740
4485
2772
3413
2280
6193
8099
8983
8454
614
3103
3020
10179
6971
7322
6316
10874
6415
10081
7840
4974
7209
5080
3977
10248
4745
2096
9394
629
5482
3179
9366
7316
9430
2719
9080
1633
11752
3453
7713
9179
11564
9331
3525
5962
1728
8613
5383
7153
7580
7570
11166
496
2738
8059
4582
2090
2680
6347
11457
2259
4425
3835
2949
2278
8944
8140
3772
4384
1853
10208
7960
5466
3740
6039
3354
964
1821
321
2060
4044
2349
8164
11728
8764
3890
10924
8060
5882
11031
686
2578
10319
34
231
6131
3073
1265
9916
3460
1279
1757
3499
2657
2300
1079
570
2800
9849
10728
11723
924
7242
8248
9211
3433
7542
7034
1467
5590
3138
4583
1129
11528
10037
2244
4414
2816
2591
6828
3517
4504
2232
4202
6529
4304
7847
7244
6634
10909
8541
2846
8582
11599
7936
9509
328
2048
8435
4967
11131
3573
6353
1859
4142
1096
6491
7563
682
6355
4613
10338
6899
11711
9452
7411
3353
3452
10279
138
4362
1083
10058
8331
7829
239
10092
76
10822
9964
10702
10906
9799
3431
8076
10400
446
11114
11231
5762
1131
9369
2616
3184
10779
8028
3821
39
7761
8419
6341
8235
7856
10715
2319
4610
7002
1541
10641
6023
9668
5816
6380
4488
11305
8170
10500
1243
8570
3848
2352
310
1348
6745
3160
11470
4748
1806
3445
7927
8204
6102
11584
7385
5832
188
5070
4329
7059
4940
11440
6698
10232
11138
11368
708
6280
5244
9721
9285
979
749
6801
10809
5922
6553
1161
11817
9046
2432
6275
2698
2553
2372
5123
10245
5950
3887
9653
10335
697
1574
8767
554
6106
1474
7561
9406
3869
8421
377
960
11591
4213
2305
3700
6500
2065
5987
1082
5554
6712
7239
2836
286
2114
11398
684
9631
705
4825
12
327
9723
6299
6308
8973
1068
9469
8409
11646
7167
583
9667
9250
3861
273
8910
4860
10855
1090
11198
6664
154
9133
6501
9542
6504
2117
5725
11544
8208
3812
1619
8909
8635
7948
2360
3853
2320
3559
7664
6372
7901
601
1561
4173
1064
3957
7818
7232
5301
5272
3651
4134
7213
6033
11389
2689
7826
878
5114
1286
887
3894
6200
9364
2426
8640
3927
809
11085
2234
8559
11718
10594
1511
4424
1699
2601
6438
7083
6953
10451
3097
456
7160
1073
11928
8397
962
1290
6673
10124
11075
6974
388
3564
1692
9880
7031
2371
4979
229
4601
4565
6761
4982
32
11571
9110
1103
6207
316
8831
9943
6669
11784
169
10978
8321
6563
3201
3189
931
6777
3111
920
11018
10536
4343
5268
8960
8356
5506
5210
670
10665
4846
2054
3049
6687
10839
6482
6878
5253
6143
383
7249
4365
4251
5966
2464
10711
2337
6762
10082
5583
3697
9760
8504
10241
4718
5887
9784
9928
9541
5847
632
11097
2573
197
11474
1330
4983
506
7304
11328
4581
8845
3739
10268
8280
10534
9203
6050
5447
612
8953
7874
2600
714
5870
191
9136
6142
11176
10139
5429
9335
1563
8345
7106
6412
10528
589
3880
8420
7405
4574
3828
4997
829
8418
759
6771
7825
5327
8752
5851
1948
200
4257
3811
2768
6733
10100
11842
7519
2692
10696
536
6395
9251
3119
10493
5982
1242
11350
2780
6932
3034
5534
2012
7270
9361
8218
720
9980
8045
6058
4496
5303
7859
7365
4837
5192
4006
7775
2032
3037
2365
1101
8064
6029
3789
1160
8702
1113
7607
7112
1335
6224
2796
9013
438
10543
8405
11704
4112
6399
7810
6362
11049
1572
4952
282
21
2962
7824
6386
1937
8728
1878
1786
7496
4650
7772
7791
7782
11237
6787
3288
2026
6056
297
5742
7490
7511
5978
10882
748
3944
2539
1902
8795
1985
8239
4318
1450
974
5485
9680
10763
5293
10933
9991
4612
1245
4055
11551
1791
788
7412
11699
9232
6535
7419
7016
1907
4099
1014
10270
1097
6865
4239
9984
7809
6315
1485
11245
519
441
10395
567
6949
7869
10294
4729
941
3792
8885
9138
8309
3429
10947
11695
4673
7722
9052
8362
2954
569
7820
11133
7008
71
3301
8977
1752
10965
11836
3784
4102
6600
5677
9576
7014
2435
10753
11456
7395
679
1389
10424
922
11104
6261
3883
511
2976
7920
4537
6303
3436
4147
407
7627
6985
4023
7705
10289
221
7438
6284
1536
4993
2884
8862
5586
190
2131
9660
7953
11904
5078
465
1148
10526
11105
2
6281
5991
1111
9929
3243
5370
5859
10989
3482
7332
10751
7271
9128
9237
4943
3509
1465
2015
10036
2466
2018
7666
4371
10585
10103
10287
10846
4560
9905
8388
6454
538
5993
6222
6021
6772
453
7886
8537
2221
7573
3539
2508
3717
6897
1147
7767
1178
2777
11292
4477
10380
120
7603
6647
4452
3714
4858
8651
10485
3771
611
5221
11932
8902
6377
6559
10590
7372
8407
33
3782
9746
9552
6882
2375
2549
7864
1915
2036
4113
6130
1007
6410
5621
3166
9368
1811
6788
6068
5422
2151
11593
1548
4051
4874
8268
128
4404
9586
9675
6485
6496
2646
8109
10345
10646
2172
10589
9790
1719
2023
2001
8245
9786
3377
6136
80
4717
4230
258
2710
10699
4201
5866
7639
4569
2771
6330
6583
5082
8369
6437
607
1240
11798
10993
9912
2020
9468
1521
7986
7794
10610
11553
2813
9234
7064
6589
1997
718
11243
7773
2277
9892
1586
8914
9035
739
7970
6265
6080
3814
2693
760
7532
5939
9670
244
7147
5877
18
8530
3422
7399
5617
10244
5965
2263
10449
784
4535
11194
6269
6537
10196
6666
8209
10858
6240
8695
3633
10901
5986
8358
5413
4885
4245
8962
6927
1717
8336
7355
6340
10628
3527
3283
9332
652
1725
5733
9219
3221
9176
4273
5824
10864
140
11039
6256
10930
493
3502
1458
4028
4209
6820
7179
9942
4604
1824
4559
11124
9132
4733
2509
3033
7169
3799
10524
5410
9453
4312
10303
8721
6935
3028
9481
10087
2902
10054
6374
5525
8051
9344
1533
7606
2285
10127
5748
3763
4445
7086
2401
11381
6823
4153
5535
9204
9207
1306
7789
11540
4603
580
6741
10595
7318
6818
8314
4666
5030
1966
10415
11424
7361
5474
1221
1092
5368
5469
10440
7382
7989
5519
10690
2467
437
8488
7628
1834
11266
1863
7141
7253
843
8552
10222
5976
8322
8166
6564
3017
819
3706
1700
6887
4725
2342
10739
6919
4243
5298
2896
2353
10459
5721
352
8743
6183
1720
9824
10486
245
1235
3681
1174
10226
5390
1301
4180
5108
8647
8989
11441
5152
8928
265
9281
8315
553
818
5257
1337
7004
8158
7396
3146
2817
10845
9297
2233
185
7418
8445
1322
2972
11799
937
7379
8442
9253
9997
4270
10729
9011
7771
9415
2552
1741
6924
9772
6943
9166
5334
6513
6630
4996
7629
600
6921
6711
1374
1743
10949
6578
485
903
10952
5037
2554
9151
3996
8836
1895
4737
6837
5201
4059
6989
1787
5604
8539
3006
4703
11859
10667
3679
7934
11506
6519
5067
2297
4308
10880
694
9759
1756
9812
6124
2127
6126
7930
6824
7263
7728
4426
7246
10576
8583
4637
9121
4301
7081
10099
5989
9227
125
4911
3337
3061
451
541
641
2995
10210
10152
4957
9904
1975
1858
793
6816
5924
4241
6448
5972
6273
10867
8278
2111
4242
8687
2530
10354
5450
4696
7861
3898
9360
7116
3414
11560
10452
11558
779
4823
860
9474
2272
795
9056
4525
5022
175
5175
1703
11455
11286
4961
11567
4333
9233
4058
3319
10650
11874
4140
7366
1446
5059
10905
10209
1351
9174
1326
5793
978
9206
10737
6805
3552
10390
10598
9041
8897
11703
3787
3520
4307
5011
1107
750
9389
949
6793
10305
6027
9702
943
11633
6141
4704
2164
10969
10574
5495
3911
4313
10726
11635
2564
5373
95
7368
1118
2199
5898
4416
1327
2713
2298
2399
4293
1237
6016
11310
6812
9405
11158
4744
861
179
7493
3592
1911
2216
5702
6766
9665
223
4643
9215
1347
3895
189
4036
6880
764
597
2604
8261
6792
5564
4164
318
2133
590
4821
10701
4300
10038
10738
10304
10374
5408
333
11356
8774
1120
6229
2387
11317
2019
6369
2759
5283
7679
3491
1532
2791
4730
339
11697
7619
11739
10826
7651
8940
9773
1087
10435
4838
2430
7397
10144
6917
6862
11536
11731
10602
10441
5009
11076
3801
7908
10910
1328
7155
372
8500
5827
7262
4994
10235
1447
5001
6476
11010
5167
4896
10629
1457
4148
605
11906
4396
10365
3133
4323
5587
4408
9785
348
10653
693
10445
6248
526
8037
9002
4790
4901
4873
11142
6172
10625
515
2625
7168
10318
3069
1955
9144
1565
1802
2717
9099
8475
954
11137
9662
8186
4002
6055
2296
2868
7910
2793
11151
6196
3136
9935
2829
4889
2043
2678
4891
105
7644
8819
9891
7352
1218
4705
1660
3641
9777
7026
5302
4596
5442
267
6459
10256
443
3012
10385
1482
8073
8716
7119
8576
5247
56
2361
5083
7435
9278
1659
4721
639
10468
2146
10512
9715
4984
7504
11341
6304
4109
10766
4506
9622
4049
10068
7025
10426
3320
5549
2309
10126
3959
3901
8429
5779
1843
3483
2879
10582
2011
7455
8927
6992
7139
727
9376
4609
5858
7453
6109
8546
7964
6938
69
10350
834
4399
3257
4016
2230
10372
2499
2823
3605
5729
5918
1149
5758
9503
334
294
11749
1318
5029
43
9820
209
7520
10016
3000
5648
8662
11592
6177
10368
6660
8112
8818
10065
5454
7946
11373
10499
8665
3744
6846
9008
9939
9324
4966
2304
11645
1508
10583
391
4897
1126
8462
6026
338
227
4486
3441
9979
9029
971
8058
3086
9287
5568
8663
10735
10825
4724
5765
9084
11129
8727
7369
10642
10466
744
10347
7215
9239
2118
8985
5551
10853
3405
9009
8032
9014
6216
4040
11353
10453
1134
2395
7667
10356
10830
8694
6344
5651
8282
9461
2611
460
11399
5147
2211
10605
9272
1042
751
10339
6678
9618
9859
1165
3259
293
11866
2966
7959
10774
7572
4830
5196
4126
8886
2064
5941
1606
6266
2838
2329
4945
11329
8801
8142
10164
9155
3025
10308
6157
5609
7559
1193
547
5347
10166
5139
1636
4446
5038
7540
5685
4419
7024
4364
1066
8000
9516
11688
10261
1112
1039
7804
1491
1674
9439
7150
9714
6461
8134
817
11043
1989
7138
10817
3322
11924
11013
11189
5911
8667
2504
10010
6405
11221
10569
11147
6333
11250
4986
2311
3961
4671
8590
2654
6688
2129
8761
3830
4919
540
10296
3871
6877
1442
3261
7739
4542
11047
11276
11751
6995
9850
9778
10684
10391
3666
2987
1941
2041
4990
11348
4731
11769
232
1538
4118
6716
172
11607
1886
10872
3173
6637
2446
5251
4728
4458
11453
3690
9536
9831
7033
1513
7748
8433
1823
8088
9728
4128
6691
1711
11055
9751
4598
3397
8491
7183
264
7259
10430
5193
7292
2009
6483
7133
5947
3256
11534
1253
10200
3169
504
3266
3125
7801
10320
8563
420
10973
11662
1927
240
10475
3703
6357
10242
11153
5711
1639
8080
2538
8480
3351
5732
10976
97
3938
3311
9283
1807
7863
4223
8554
11275
320
7866
1025
2279
2668
1624
8873
1698
2867
719
1809
7967
7776
11574
10963
3930
9749
2362
355
4586
9856
1499
1099
1340
9210
8906
5194
6722
10622
6098
8971
2533
1555
4776
11108
8556
3607
11430
9003
2844
11068
8150
1556
3409
9432
1394
8190
10680
3342
9577
1468
6419
11927
5079
1309
9693
10907
6325
1281
11687
2411
8481
7560
8087
7269
4391
4255
5573
11405
4157
7384
516
2308
8604
7616
8250
3528
10290
3485
41
6095
8775
7694
9299
921
2547
1426
7813
9768
5234
754
6381
2119
7625
9157
2675
2841
1635
1432
1540
123
63
5106
8703
11415
5371
2078
4261
10654
9779
737
9193
6065
5358
4567
285
6835
430
733
10506
10421
6628
8524
4382
9993
701
6863
1004
9974
7047
50
9459
2067
9885
6420
7753
3058
9744
157
4397
6414
10413
10698
4701
5787
1063
4521
93
64
9049
9000
7416
8791
892
9920
6639
3600
4187
10710
8441
8458
4328
2864
8291
8219
7533
8498
3347
3851
2737
2004
5092
4531
6175
11255
1052
5910
5807
9698
11661
999
5341
6864
6947
300
4526
4847
1050
9343
4749
413
299
2697
1150
10404
6550
10239
6393
1252
7078
5712
1760
6391
1206
8057
4634
2027
10689
815
7562
1646
3870
2774
9839
6236
6260
8146
791
2124
8192
8027
11771
6156
3248
11709
1909
756
107
2379
6770
2367
10302
11680
3244
10273
8276
2003
6629
1071
6208
11793
5624
5964
8404
8999
6005
6717
10311
225
10517
2825
1198
6934
5488
4314
2980
11853
7391
345
4950
4158
3208
9286
11806
8931
1095
790
1212
10252
3104
961
1024
1952
7648
5412
2637
3054
2992
8919
5916
3987
11664
7465
5042
7729
8586
683
8387
7356
11429
5579
3128
8832
11096
4034
5908
7582
3654
1887
6441
8296
10029
5004
4115
3249
10031
6249
4954
11640
27
10334
3983
3943
3022
10862
5863
6339
10899
10220
3177
380
8129
8222
5076
7041
7653
7684
10155
9793
645
2030
10635
5389
4277
11021
6615
1496
9466
3165
938
8712
7274
5523
2318
909
2409
9832
11144
10389
1789
9137
6396
2770
11674
10531
7928
8048
2653
5775
2487
851
7669
11309
668
10714
5595
10386
5571
30
5788
2534
6785
2650
2832
3984
7690
7066
1929
2021
4935
9559
7351
10819
6592
8257
9602
9985
10688
11478
10403
11609
6914
10316
10754
4094
10915
3293
4345
11320
9470
3284
1355
3369
3081
4608
633
8957
2595
11583
9894
6161
6654
7335
10157
10378
11623
11581
1088
1697
9555
5620
7144
6611
8545
4550
4607
10223
6075
1527
8495
7788
8972
10936
3964
4229
295
9535
9462
767
8176
1204
2413
6210
7921
2460
1854
4641
11778
11060
9165
2450
9098
2920
6283
2880
6636
2373
2347
1177
6443
4529
3350
8551
7067
144
8171
5467
7184
5662
9482
8033
2683
8382
9025
9160
9570
2620
5287
5328
1033
10626
77
11872
6242
3075
8644
4175
3289
247
7755
6400
6668
7085
9883
10383
8567
7963
10777
11871
9896
7714
8002
47
8657
6078
8450
6732
11616
10109
1121
5642
4971
5266
2876
8152
10564
9613
3544
10250
11115
1523
6978
11248
3636
11025
4194
8855
2057
2929
9583
3931
3023
9764
9322
8308
5066
10367
2099
1379
458
10137
2891
259
5480
6714
8986
4741
3366
5631
2568
4212
1011
2521
5496
10379
8378
3385
6321
9153
10396
2075
9279
3979
7487
7835
3864
9898
9525
394
10857
6057
142
8496
2624
5406
5513
4791
4236
10061
4439
1641
11106
3591
4761
5090
5046
10671
2939
3425
11063
384
7819
1566
8353
2606
8461
6238
667
3616
1407
5073
6727
8615
1837
5436
8821
3993
11084
1630
9404
10042
3287
1531
5503
8872
11522
1899
3358
7181
9346
8588
5842
3991
9021
422
7013
10427
10627
5086
9766
7261
4937
11290
4629
6323
8067
1385
622
2751
3282
3116
8867
11103
11644
3338
9608
7393
1224
837
4894
6982
11844
8609
11170
7537
9423
6796
7944
3909
6146
8286
9923
11139
6890
3786
10838
2122
7898
8521
5183
664
4225
4746
4269
7164
3623
7460
1525
11448
4665
6159
606
1257
1735
1155
8010
6306
2082
11598
3785
6781
6006
5584
5385
10802
10023
214
11743
10573
3765
8194
625
6701
9551
8942
366
7999
7324
3479
6404
1759
6618
9420
4672
275
5766
2875
6425
7202
5317
5957
10123
11740
4244
936
8568
11765
5275
2596
5808
1441
9488
2677
1294
9937
3029
3153
5914
10278
11901
11862
4652
5516
4331
1522
5326
8411
699
4178
4913
8603
5806
4127
10018
11516
7976
7785
4231
8168
8346
2519
3141
4188
9717
10059
8808
4253
2984
3726
8323
7987
6841
7189
8185
3949
7821
11577
4421
10090
4938
3120
11338
10805
5975
1029
8246
11211
4850
9358
3780
10713
9477
2434
2374
2069
7793
421
10987
1666
9318
4177
9302
6270
1480
11498
5449
1319
10230
1602
271
9725
9401
8075
4969
4161
10341
11585
4065
1108
2392
2294
3407
11119
3053
5434
6891
6148
7467
6432
6203
5639
10812
396
3197
3046
8511
9354
7314
2923
1524
10886
11383
4150
4346
8154
8341
10306
7962
8513
5191
2754
7905
11870
7971
11050
8522
7574
810
11128
1012
10371
6022
1210
6187
11691
4344
1672
6755
6099
9674
8365
11615
8595
5148
11821
1569
4410
8984
11159
648
1406
7347
7283
9424
2290
6189
7045
8975
10765
1346
3015
2567
2877
9887
6223
5794
1552
9977
9514
1190
1452
5381
11608
9001
543
8929
3594
6883
7909
5930
1390
4820
8350
2711
11203
3056
3531
6122
4088
9989
1800
7154
6045
8437
7482
9313
1139
4267
2324
4355
8432
1876
758
7100
6937
1397
804
9044
1850
6394
10620
11326
11223
9581
10414
9683
429
7589
272
72
3728
6042
11554
6113
9421
3130
2803
7300
650
3280
11882
934
9866
529
905
7701
7717
11306
6802
5494
5478
2226
9523
4555
1276
6951
7286
10553
5010
11330
3062
9561
4669
9117
4021
3723
5850
7278
7378
6674
10146
8285
10685
1464
2662
6051
314
9182
7997
2135
11715
3042
4008
4804
9970
5453
4664
7422
7683
5630
4597
9585
3736
6407
8811
7069
8258
8614
7836
642
5601
3493
1339
5904
2005
535
10834
7110
7552
9086
5425
7700
8334
9024
9620
3532
5694
10545
11590
617
6705
11301
10448
8128
970
6623
7240
1417
1098
11657
778
3212
3620
6428
3426
9953
1764
4963
6451
3186
2641
7257
8247
5825
10455
2080
10518
1951
8674
1420
7051
4181
769
951
1067
4564
5499
3402
1282
5896
8683
904
8453
9771
2485
7849
2301
101
11579
8130
5420
1576
5075
10640
2072
8485
1208
1239
839
10487
3060
9089
2833
10357
10776
5598
11392
3741
5555
11730
11268
5865
4031
7597
88
11062
9852
9599
1232
5980
10937
11444
7718
469
3262
2866
1466
6402
745
584
11285
5565
551
11070
9077
3758
2926
7719
780
2191
8022
7485
10416
4056
3139
966
10725
5320
9485
9621
9236
2510
5173
3393
8497
10868
6495
6599
8987
8573
7594
1910
2107
8426
11785
10238
8014
11452
7803
1943
3542
10879
8641
1008
8052
9762
6948
3417
4760
1950
8558
6120
1947
3107
7038
6997
313
374
11786
11380
4339
2930
8234
8215
3936
1658
6855
6371
11654
9374
8715
9731
9661
8189
5885
7925
53
9259
35
9130
11256
219
11923
8924
7436
3294
2708
7149
2267
10938
1628
3474
78
7114
1027
9115
11892
1440
6194
11391
5626
9188
9277
6313
4302
2790
968
11601
6473
1912
11418
4635
8967
9565
2684
6810
5481
6608
4998
4310
813
11390
4844
512
1032
6373
7522
9562
10677
10497
10675
1827
8756
6663
1325
4864
10877
4196
8813
8630
8628
888
7604
6813
9443
906
2808
10831
7237
3876
1376
6597
7754
2212
269
8890
6498
5130
5172
11573
3265
7977
8625
8141
6168
1298
3080
8147
4101
2682
7032
2581
6657
7858
5014
1410
8891
6101
3569
9458
919
9102
3352
2723
8584
10619
7425
10262
9226
433
8776
4205
10417
8875
9069
8951
8718
2116
2936
2505
11100
2103
3858
6606
3105
5530
2217
1808
5703
10025
4228
5750
3917
4035
11909
5912
7923
5995
7737
4686
7647
11352
7432
10027
488
2303
7152
6594
7323
3978
5734
11838
4812
1684
8788
194
3065
3846
5176
6650
11202
11349
8416
11509
9934
2178
8233
8880
9597
8686
10125
7950
5770
9736
3114
7811
3127
9888
11463
5043
4602
4553
6427
208
1384
11370
6048
10991
16
1920
8963
9558
6903
9467
8763
4803
8473
8543
7663
2565
2629
2339
74
11091
799
3587
4687
5634
862
11077
3118
9507
9606
579
9962
11839
9071
11671
11837
7339
8673
9350
9330
6715
11242
1820
2343
4325
11157
1771
6653
9092
5576
8943
10720
9553
7758
1498
4341
4914
4405
5127
11832
863
9524
3484
7557
5309
6094
4491
7881
993
5055
1845
11417
2236
145
2180
7994
7732
180
2405
9440
8803
3364
10180
2667
5789
10900
1605
8256
11630
3307
10541
10469
7392
2645
4736
7389
5615
2105
8857
3334
10773
8448
3181
5419
6082
11208
9407
11482
9152
2574
658
8572
3581
1026
4011
9763
61
6225
2270
113
6010
8182
5737
4266
3312
9719
789
7577
1272
10094
3678
10804
11020
549
4576
7298
1297
1205
4193
11023
2391
7204
6294
7334
9614
9455
8938
11433
9774
7483
7899
9106
5087
5798
8918
7380
9316
1671
210
11369
7413
1520
2695
8446
10832
3151
8085
4881
8577
2102
7583
4441
7735
6007
11024
1331
4606
8747
3692
6015
3975
3427
8384
11252
1908
581
8838
139
5901
11262
8930
5556
7431
9607
2321
8138
9040
1838
2014
8274
11468
1801
4104
2947
11811
4903
3481
7784
10894
4947
25
10156
5233
10199
3631
1847
3161
9847
8669
2022
8424
4534
9504
1738
1104
687
1714
11913
7550
2676
1443
9161
10752
3884
2942
5588
11717
5507
4762
572
5375
9686
11379
10433
3383
10742
9600
6276
10332
8949
3760
7030
6843
1163
6817
11007
9817
757
513
6528
1151
1058
6181
1207
2425
1196
5646
8299
9326
9663
11621
48
11600
2502
10005
10854
5069
10603
5543
7568
5104
5979
5181
3796
8452
11535
9449
6759
9813
893
6215
2786
6959
7938
1085
7503
7688
8193
10769
2958
248
1732
9854
2627
9846
250
5280
5550
732
11930
4240
7592
4335
11037
5973
10875
4877
6375
124
6720
10393
11172
4462
2869
2742
10695
662
7763
1782
6860
9596
10167
11507
1278
6166
11538
9111
2137
5647
10352
5951
6132
7742
11884
10669
987
2382
6497
5166
3101
3063
7738
8
5051
3791
1321
246
2918
10592
1688
6439
10017
3602
1110
9484
3315
4210
2835
1991
11518
100
6525
11214
8921
1944
8934
11595
9900
5124
7827
5407
1049
1683
2546
2468
9528
1695
4316
8958
7281
10326
5487
6975
9908
8796
3043
7420
4793
3134
10412
4676
220
10884
9196
11602
3707
555
7774
4361
7916
11450
4528
8578
5438
4702
3503
3677
8693
8155
8098
5202
10795
1930
3432
2886
5019
8198
6153
159
1965
5633
928
11412
3446
6852
11710
11777
7643
11578
7549
5492
2143
1993
4573
1754
7477
6209
10187
2356
6348
8903
1123
5678
7177
3878
10959
8781
5815
10891
689
9925
560
5363
6803
9961
542
3027
6665
10071
8395
5344
11319
1935
1314
7932
6219
5281
9947
1755
4144
9540
1647
5641
8081
6004
5881
8196
8622
10794
11191
9921
10709
11681
3923
2144
8515
1023
6902
5610
4029
3206
3632
87
9493
10491
5198
165
4437
6257
1612
9797
9027
7620
2826
10197
4274
5533
3518
2087
9505
4460
7985
6747
747
8952
10407
6378
1215
10212
7939
90
7463
11648
11858
1925
7617
11637
5431
6506
2165
494
3753
4909
126
11282
3152
5545
38
1291
3767
782
7873
1048
7478
10004
7654
4430
678
11296
3663
752
11343
5036
9400
1747
2404
4114
5659
8143
5471
7084
2762
8232
2906
3905
8778
4303
5415
9958
7947
766
1797
1772
8955
455
4780
2583
9388
10377
5188
2903
11890
158
5508
10219
1003
10178
1691
6779
6278
7050
9100
1560
3838
2028
6568
3990
6319
4783
10651
3803
8354
10704
11413
11355
2755
1057
4926
3638
4750
11449
4238
3079
2389
7727
3164
4449
3536
10783
946
9646
10327
1663
4519
6831
487
1884
8789
3030
178
3040
3733
1740
3235
10748
9274
10904
4959
5797
5158
886
7225
7448
6103
4132
11377
6964
1979
10032
11652
8908
6724
192
8043
3442
8391
3470
10828
1186
3124
4778
8550
9593
4381
9992
5012
7514
1977
10687
1591
9367
9390
10097
6053
9855
5905
3673
6359
7005
4211
2527
11542
11402
6252
5635
7358
9327
10537
10913
10243
3570
6493
350
358
11767
7402
7137
9491
10902
5629
4649
6729
3837
6384
1016
11618
4227
8610
3115
11605
10615
7512
1682
2073
8039
7498
10366
848
8459
6186
5529
4640
7142
1689
4589
4869
9383
7219
983
8560
11895
1179
8326
4921
6684
11127
10708
2638
3606
1926
8720
11502
6087
8837
4490
4047
8996
11240
7009
4219
1846
6086
9882
5757
10204
8536
1559
2847
7266
10523
2855
4220
11825
1266
3386
10128
5597
11393
4883
9574
8892
11040
1623
5738
3090
6693
9288
7488
11187
6008
8030
11280
1425
3827
11407
7982
160
9108
3859
5667
2669
6076
4644
11423
9899
3196
4690
11466
3129
118
3461
6503
9649
2747
6983
5836
9922
11454
1976
1494
2919
4272
4091
2182
5708
8710
44
10422
2584
594
11776
2299
3093
11732
10218
3459
10810
1183
4923
153
10381
9548
2231
7092
1512
7565
4409
3922
8894
9090
6624
10869
6246
3052
5323
4826
9338
11816
4200
7192
10015
2465
6408
8089
6598
163
8307
8238
7071
11520
3900
10866
9082
10561
9543
4081
445
2845
10717
151
11094
6358
4611
1593
7021
11754
6926
4645
3439
4753
6910
2964
2378
10225
1668
9919
9657
5660
10113
3123
5795
4471
11682
10265
10793
11322
5623
3175
10474
11428
5594
7056
1960
3730
6502
8654
5777
9647
10759
1690
5125
1364
5933
2670
8375
1883
1875
7757
7834
8020
4074
1343
10343
2659
8004
5927
7709
7995
11916
7966
10520
4487
9070
40
716
8594
6334
3108
11873
9067
8117
6279
1864
8571
11877
9765
2281
11708
4689
1062
11030
3640
4087
1199
4924
10064
9617
9745
8553
9531
6746
740
305
10161
5361
5774
6171
5350
10724
7670
4252
3719
4444
634
3738
11481
877
6586
6151
7674
7073
5096
2453
2636
7108
7122
9829
10247
8519
8357
8755
9402
3011
1816
10551
7875
5510
1275
3834
411
7799
7003
803
6112
242
5569
8119
715
70
11852
9737
6486
10114
6305
8226
324
11761
10255
6670
3988
5056
3035
3685
5552
3929
67
9539
11164
10912
4206
9320
8029
1638
2093
9780
9262
7057
2142
260
4662
8259
10572
3618
10692
1558
11663
2614
3308
5514
10507
3098
731
5404
249
2571
5018
7091
3852
440
4418
2115
6447
116
3873
3421
1731
11667
1421
901
3396
10214
8807
9395
238
4699
5324
6199
7398
9164
3652
7721
410
3230
5140
11898
5532
3480
1776
1562
6976
121
2916
1323
6580
8535
326
4107
5657
11360
805
8502
10570
7074
1415
3327
7596
10349
1814
10494
9845
2507
406
11632
4383
5606
1701
9500
9140
6084
3044
775
9835
8809
5396
11155
4192
2580
3645
9048
3440
1140
6954
6842
1839
1044
6740
4468
23
11689
4904
135
3074
3535
8055
3267
4663
6752
2741
10490
5279
5888
9611
6988
3471
9229
5332
2462
1371
8273
4428
8557
4092
4816
6898
4298
6185
7190
1400
5159
4769
3543
11843
9544
1898
4005
1100
4372
7486
4618
2888
875
7969
2354
3627
11706
9135
5792
1043
1182
11143
5884
9054
8794
1669
10314
869
10411
1002
11207
3241
7951
8156
8049
8691
6190
4887
9861
10257
4763
11878
11920
866
1296
5921
4046
2427
6588
11510
1567
911
6955
1928
8864
4932
1528
10176
9949
1686
3773
5669
5388
2473
337
8826
1673
11362
891
8381
8213
2310
4287
6013
10281
1507
3540
8988
3394
5717
2240
8470
291
4026
5017
10083
6904
1223
10376
7212
3831
7479
7677
1040
6025
1444
1216
4633
9747
10852
4580
3072
8823
184
3376
6452
5688
2370
8981
10055
11257
7534
1578
4162
940
3849
9384
6850
9930
5705
1545
2447
9171
2522
10370
5460
2051
5862
5032
2238
4393
2661
3699
1428
8863
711
10267
1799
8177
11066
8516
8124
6573
1438
8133
5343
10956
7410
10621
944
5676
9775
1585
4657
3941
6046
3810
2778
628
10982
1687
9805
2506
1713
9312
3390
8612
3463
1584
2169
3048
8205
3297
6776
11596
11530
10236
7852
4279
8148
6472
436
6749
3340
4470
2997
11204
1748
