5528
9921
8608
8636
7921
7564
5573
6627
5595
2369
7810
6763
8580
11834
8449
960
6089
10157
3853
3016
8218
3339
9334
8736
6774
2916
2426
11631
9669
9502
1501
3424
6797
10222
5875
9609
2954
591
7736
649
1055
1103
8644
584
10367
3026
8083
7566
7643
4469
11827
2510
2325
4179
6050
11170
5223
6905
11468
4873
7155
8726
5211
11517
10112
4071
4240
4101
9089
11443
1162
297
4720
4405
10850
2644
6783
8715
7821
123
5377
5716
3714
8172
2037
5589
8308
5386
9888
11647
1268
10592
7874
10974
8960
313
10271
9466
3486
8718
10794
5157
5230
11280
1397
5124
5882
11434
8590
10287
2953
5027
3422
6548
2247
2052
6751
7905
9492
3349
668
6943
9894
9655
11089
9361
9498
5561
10812
1227
4297
7903
5017
7030
1461
9141
9723
1109
9781
6265
7524
7175
8852
1862
9807
5918
4626
6152
4468
8225
6416
6660
1889
1033
2730
3418
6446
8502
11106
7305
3865
9192
7753
2163
10735
9283
1499
463
794
9882
1235
1824
8529
7982
1850
10527
6450
831
697
9528
759
1466
2810
1149
9535
5199
181
1453
6096
10772
6879
9064
5382
5876
3367
4551
5076
6911
1336
3409
3009
2699
11145
1807
9887
5350
11724
11620
4340
8501
11880
5139
10277
6213
4290
10204
4760
1058
3843
7604
2896
1128
774
7909
7040
2716
97
10066
4303
6507
4764
8795
6198
7605
9412
5215
10382
863
7590
3464
6690
1208
3259
5308
3298
126
8383
7808
7278
8866
11782
4386
7203
1308
997
3808
1173
3308
5512
2454
5518
8989
4447
10792
5002
8157
1512
7307
1978
7352
5697
8313
5053
951
4047
5843
10225
1675
4657
1062
2030
1418
241
7522
7699
7434
3510
4773
11210
5056
9410
10586
7377
1591
6154
6368
1586
5409
6633
2448
5992
9183
10246
2917
5376
6952
6828
8131
3987
1300
1193
8128
5935
576
1927
11302
2523
7901
11859
7573
496
7679
10699
8992
4552
3533
898
4744
6020
5986
9741
8815
7633
1179
5532
9792
588
4698
11768
3841
8642
10265
7478
9464
5367
3250
2253
5400
2318
4658
7358
5908
4627
4129
2790
6449
441
4096
10669
5275
8256
9978
5384
9030
8424
8071
5245
514
10501
2610
3381
6016
2911
8171
8350
3732
7777
5224
4037
8776
7673
10640
4310
1413
11763
9330
9546
8754
11429
9181
6268
5063
2023
6026
8158
6556
7141
9050
5315
4901
5121
10166
2488
2447
3826
3675
9082
9421
11217
5004
1439
4296
647
5656
9191
8259
8429
6092
11351
6654
10119
871
7666
5516
5863
9012
11088
11289
4178
8054
3372
6526
7957
1544
6428
2001
4645
10345
11674
353
5850
9462
9640
116
464
10352
3667
3721
3121
6132
10008
7974
9906
8188
10153
9009
4033
9915
4603
5853
4718
507
73
559
1183
3573
11545
264
1366
5612
7053
9738
5439
11254
11684
3228
6975
634
1361
2367
9318
2834
2275
3172
6104
6511
2945
6388
10519
11478
3355
7864
11451
121
2739
10348
8070
4216
7529
11532
5383
11286
967
10528
11635
2149
266
2017
10538
9783
11914
513
1170
6494
8879
703
5683
354
4828
10523
7658
50
9110
1835
1787
9914
6022
11709
1875
9124
9516
5603
9109
7362
10205
1436
3191
2629
6286
10161
9907
6053
6180
6305
9598
3922
2607
10950
4584
4357
2701
8520
275
11202
7955
5980
9623
8704
10515
5155
11244
8954
4628
3677
3439
8975
6772
6245
5744
5667
2921
8583
9264
6724
12
7366
2270
5402
3684
688
532
8912
2119
6613
3164
5032
8222
3908
4497
2347
6472
4786
7567
246
4759
4900
4723
11310
3998
3291
128
8220
2415
8905
6032
6475
11149
3005
9520
8433
986
5949
10397
5023
3635
5087
10939
5620
9513
7467
3538
8176
5413
10581
2715
2038
8475
5632
4098
1323
523
11161
6427
2862
11043
875
4614
4510
2603
6761
10176
3990
10047
1713
3747
8609
894
5736
11817
10831
11140
1542
1463
7644
2460
11778
4262
11031
2731
8610
5911
7687
8005
1834
202
2744
10975
2641
3860
10117
7786
4904
11215
417
7342
6030
5243
931
5493
6425
7046
4623
5361
6837
457
5723
3329
4566
10998
7988
4003
11076
9524
4684
4809
5285
4722
2970
8578
7344
7034
11341
1667
5849
5740
11295
10636
4358
4333
8566
10215
11809
10320
3960
5226
5097
6603
635
10571
2466
9151
7585
6195
3176
4335
6659
964
55
33
3459
5867
49
5257
10993
42
7341
4577
5130
2398
3386
5597
7993
6523
3715
2249
619
10900
9205
7472
9227
1200
309
5461
3801
5988
9973
11033
4527
2152
7675
3995
11285
8738
2520
11150
11441
3365
10050
7379
11097
7973
5776
5715
8979
7252
11312
2300
3793
1104
8957
4793
6394
8021
54
11141
597
4201
4239
3380
2528
2093
4425
11650
859
3752
4670
6254
8455
8103
10302
3880
9370
3501
1706
1203
1387
8605
3430
4482
1424
4914
6503
9310
10537
6249
10857
1250
7804
5167
5537
4381
7711
8688
9949
5668
1890
6533
10228
1821
5228
6153
11566
9823
7208
9174
10490
10427
2929
645
2004
8770
11791
257
11491
5254
7153
4997
3103
11720
1438
10658
5293
2430
2877
5910
5149
3144
11182
11616
8616
521
4412
3374
4229
11048
11475
421
3311
5605
10639
11685
2871
1434
8823
2261
2975
808
1882
5845
10905
6232
5318
877
4320
3285
3784
11304
8971
1897
8942
639
8082
4891
8923
11287
4417
11184
2115
2059
8367
5123
6151
11314
4202
9358
10407
10706
2315
8698
7639
8552
10925
7347
5857
10383
2481
5289
9594
5511
11226
3966
2848
4840
6878
27
3876
1613
6663
7975
10933
7185
9026
8760
209
4601
4476
2005
4647
9889
1616
8465
1047
85
8936
7047
6834
3360
2622
5743
4514
1426
503
7038
11018
4000
11658
5791
6718
1710
2050
4845
7095
5151
8206
3231
8106
2724
4556
3392
7292
2313
843
7248
11680
4337
9555
11558
4579
2915
8603
9376
1972
4132
1411
7510
3935
436
5297
4454
4269
2107
76
8432
6112
7997
7200
5471
4969
1697
7010
5580
3541
11542
6678
4328
3008
2262
3658
11098
8719
3817
5408
3536
1351
105
557
75
2592
4800
1482
444
4898
9991
9229
4581
6158
1214
1920
4384
3748
2839
11386
4499
11452
339
1649
5478
9278
7896
3042
2097
8061
10859
5301
6384
5357
3080
6781
2377
1761
5662
8026
4152
500
1295
10730
11227
6702
3508
3337
11591
6495
8207
388
3483
10657
590
5414
9067
11095
8699
2211
8913
3390
140
2450
6317
9967
7772
3433
8217
7479
10838
3187
7668
6801
2651
6488
2781
11056
5011
11581
6131
4500
4301
6546
2577
2587
5616
4648
6366
3327
8227
6315
10200
9938
8144
11238
8972
2620
6311
3940
10351
3637
394
2374
3099
7568
7581
10814
9515
283
5168
9597
1031
508
5839
5148
5390
4989
7755
211
6040
8037
9649
7785
5143
7935
1570
3783
11520
6516
3151
9981
2109
1812
7615
5927
4512
9445
6700
1153
4115
3905
3814
1373
1492
8669
9596
924
9946
8517
2310
7625
608
3874
168
7371
10624
2551
5019
7266
5878
10082
3376
6811
3411
2857
9118
10160
2146
10169
10453
3999
2257
5507
8049
3194
2807
163
8752
4824
5887
10109
956
3391
2905
10266
1078
7481
10417
1285
1724
10927
2735
5865
6405
6794
3205
10491
5570
468
5349
11716
2869
1213
8236
9832
1184
3588
1164
9886
10297
11211
9024
6256
10737
3482
1253
2342
5990
8295
3751
11909
2865
6136
796
9489
691
8493
1444
9343
38
2111
3470
8032
9975
9299
7571
5181
3820
256
6299
9853
640
5171
11134
11117
994
5001
2086
7428
9837
10130
1442
9563
9140
4472
448
3396
644
973
2357
6812
2153
326
4781
11408
8711
10604
8173
2581
11258
1548
9503
5833
7915
3166
10185
5760
11538
6729
2084
4435
9486
373
11224
3075
10456
6685
8086
7070
3488
10120
9307
5372
5262
7503
6946
7871
3685
4442
702
6712
6417
7823
10201
561
2499
7446
7301
6039
2386
4492
9189
3581
824
4909
11049
10249
5375
5633
6518
6301
8212
9689
5026
3048
3322
9483
615
9779
676
2320
3293
439
3276
5187
8831
2540
10757
3233
4957
6430
5651
11645
9242
11627
3217
2461
7433
7926
11218
6496
5463
3141
2878
2526
5793
1547
489
6692
1201
296
10381
7998
1407
573
1513
2524
9866
8179
1763
3698
6250
942
4544
9884
1842
1917
4780
7888
281
3768
9873
2496
10124
10908
7302
11596
6899
360
9121
3197
7311
1871
7542
9471
3054
1877
2720
671
5671
6498
7093
6741
11080
11262
982
9784
2714
2741
6838
6802
8787
3032
9681
11481
788
2423
9431
8481
5396
6994
2341
3465
6015
6329
978
6387
6918
8461
10252
8318
4867
1488
11598
2948
7485
3292
7074
4029
8425
4743
8382
6341
1113
4893
4354
8306
2578
9091
7304
110
384
7032
4766
9393
10824
7171
2412
2729
7482
4420
6888
5481
3772
3055
3560
9668
9002
5486
10622
11255
3621
11013
6500
4025
10312
8485
4795
763
9006
5615
2455
4053
9005
4769
6679
10511
4151
1396
9365
7705
4689
3476
2469
7773
829
9926
11191
10327
1528
3021
4936
2472
3833
10885
7843
9094
10006
11526
4705
11416
1430
4811
7618
6786
10147
3613
9022
11498
1757
7308
5588
7160
2225
7686
5809
5775
3704
7228
1389
8961
6554
11060
5179
9500
7309
9788
4160
9239
1709
501
6246
917
4619
11917
1073
1791
10056
9570
3889
6456
3855
482
10808
1503
9794
3177
4285
8056
1632
4882
9722
8303
3354
5731
940
4591
512
4136
10932
5084
8320
1573
3087
10177
6971
8048
6215
143
9756
4817
6290
5435
10373
6743
11898
6116
377
8090
8948
7521
1993
10472
9581
10700
665
778
5161
2485
2924
6313
696
10711
10179
9854
9270
840
4327
8873
8973
10918
3996
4428
11897
11373
382
1606
6583
1959
9072
2684
5680
11488
4696
9476
5675
1916
1817
1892
3309
10235
5978
10046
6903
6884
6902
3511
2140
8667
2509
3221
3937
10935
6200
2354
7057
1350
11603
6155
6271
11930
4992
1509
9839
8887
9660
2218
8679
9724
11181
2648
695
303
6640
4950
8454
1086
11253
10354
4501
6747
742
5343
990
11572
11663
1343
11020
144
2070
7378
2819
7765
10830
11419
5482
6689
2618
11034
4862
10146
8542
4668
11403
5501
2549
10739
6645
2250
10796
10243
7920
1592
10773
1223
8046
2133
4312
8722
10333
1100
5510
2671
5194
3802
11198
7572
2599
7852
11525
1534
7710
804
7319
7906
7299
8007
7661
9983
2826
2569
3956
8931
9028
346
7138
9096
11786
10938
7936
2944
4617
3283
4319
11531
1525
1894
1970
5339
6147
2707
732
4058
11112
6863
5829
1398
10561
9031
3978
9865
893
2486
9406
270
2382
1431
8628
8884
1209
8600
9452
3237
5945
7364
2220
9682
6534
11412
3531
2501
9951
10027
428
5329
7214
9079
4304
4418
11512
2593
2897
5480
3332
9385
5696
4721
1330
7414
11121
9560
10625
6836
9073
2288
8564
7968
3225
8163
781
3389
2802
5365
4376
4311
506
6513
680
2427
11317
1334
1272
10909
3920
8354
4266
9295
7597
11175
8113
4343
9335
8557
10387
11649
8184
8708
5465
11483
10386
4383
2960
7740
10987
10605
10941
4853
1985
9849
2689
8927
9766
5855
8396
4309
7655
9038
10288
8065
11515
5158
7729
7163
6361
2882
2964
9092
7115
4711
7734
7201
6807
7149
4005
11325
8441
4465
8575
10736
9602
5020
10809
8379
5355
9060
9690
9388
1034
2065
9805
10108
7250
736
11428
434
11032
11390
7470
2555
6683
2733
6252
9223
7959
3919
7277
10551
5727
8495
9301
888
3257
9025
6599
2531
11851
2797
7898
2813
2553
5055
4148
6779
11578
10506
5255
2154
365
3753
9608
8587
816
1251
11331
4302
7881
5923
2846
6479
5741
9327
9048
5183
3213
1122
10466
387
7330
6567
9680
731
625
9702
6650
1517
9583
957
7609
5847
7549
9247
1969
2011
1726
10567
1692
6097
8199
8349
11755
6595
10304
2192
3928
8267
11300
9519
3506
6984
10516
3262
7133
11270
11460
4636
5303
6869
10864
10002
3462
9605
10347
5971
11825
7442
77
10752
5000
10191
7415
991
8245
8678
5360
1353
3977
6421
5578
3664
7126
2785
4767
2061
9076
6331
7875
4474
11127
5485
282
6255
2539
8246
6178
11461
9213
11239
7404
8442
7929
4599
1260
1798
5279
4356
10398
3269
3340
11693
10644
317
4133
10189
9425
6817
5684
3515
7870
5768
7274
7174
4496
11381
8169
5120
5746
6342
10315
627
5943
8951
8351
6675
9113
1856
6358
70
1124
8271
8867
6439
9165
6292
2572
6219
9225
4111
7653
11263
9138
6843
1561
10329
290
3796
1248
4929
2143
3050
9085
4922
5138
1599
852
7969
11599
4203
4415
4260
10973
6535
9514
5942
4607
10873
548
1822
2800
9184
1265
8963
4752
8777
2560
9540
662
2009
9157
7636
4995
10539
2518
10140
10583
528
5072
4615
611
4797
5421
10632
2174
11383
8687
8198
1789
4294
7288
1800
11123
3064
254
1381
2755
10968
2080
8811
4187
11784
7748
3774
1422
6041
5193
1358
5711
7104
3410
11860
4943
1327
5874
2353
420
1828
2373
11448
8069
2034
1848
3114
811
2215
9114
1035
10129
3497
11457
8202
2949
150
11277
3582
3046
8967
8476
3037
11025
2019
1963
3816
4887
8947
4085
6381
3012
6594
2376
1275
4920
11066
67
11004
11467
5277
8853
3123
8774
1899
2597
10313
4879
670
633
3412
7845
10558
4331
5134
6480
1246
6826
7689
2806
6429
3226
10360
3341
6270
11771
1345
2438
9692
6106
4649
6566
8786
3379
678
3057
11391
11379
10855
4550
10688
4056
2255
7249
7895
6149
6945
4749
4011
11249
11932
2796
623
9272
975
2793
9521
5034
516
11041
5221
4708
5369
1255
6993
7907
9384
1867
7393
7441
2765
5976
1751
3947
262
4406
7146
10324
2355
9986
11819
4073
4869
3145
3504
2787
2495
1039
7268
2647
10811
2534
1676
2894
2923
146
6957
8830
7987
3015
8646
6744
1664
4230
1956
8231
7512
5422
3065
2557
8329
3096
2445
9962
2679
5747
1421
7067
11038
4612
6819
3700
10759
11036
3432
5111
3195
7233
2858
9726
5802
2076
188
11179
11597
6876
5412
187
6839
11318
3828
6925
11600
4704
7789
6399
5166
3214
6615
6959
5449
8694
10724
6465
4170
3402
6340
6856
301
8801
4110
4651
659
11632
1067
5368
2051
11103
556
2880
4629
9142
7799
3644
4222
8018
3471
3542
6042
226
11696
6241
6677
3092
10273
11565
11554
11489
11826
9366
7226
11718
3565
2667
9920
4165
9055
4570
2365
6184
6989
8645
41
8771
8919
299
9697
7608
4885
1362
9018
2809
11704
8728
10305
9128
7098
11723
3913
1051
6990
7447
9755
2935
9481
10785
6980
1159
371
1784
653
10240
2774
6907
6485
11619
912
10113
7451
8958
1685
4892
9261
5808
2314
1823
4329
2258
6788
7212
8413
4306
4298
7336
10439
7847
2417
5219
11374
7763
9922
2189
8606
3690
4008
7198
5614
9833
820
5613
9925
1075
1437
10267
9714
11773
9081
10629
4669
5590
4604
10725
4289
6483
1180
1037
4321
7680
4448
206
8208
3167
8009
5835
5119
5899
11471
11906
5137
533
10579
4606
2031
6951
8201
11293
10340
8807
11504
706
5627
2020
11265
8686
1907
2307
8149
4933
6418
3431
9401
4015
10786
6571
9658
10805
10430
10921
9314
433
9828
8002
6861
5970
2588
2639
2344
10115
328
7985
7707
7931
7106
2816
3274
6367
3244
6519
9942
7807
2933
8658
4736
2405
8386
3756
2468
341
4978
2690
11792
11125
8653
10464
4211
5394
4576
261
3997
4852
9704
10715
1929
11610
6573
1364
11796
828
7942
4521
4697
2556
2545
11777
10040
4177
3882
6457
4803
3974
4218
850
11758
8571
4009
2480
2668
4753
11850
5261
8057
1233
1167
7430
7889
11613
5280
4064
3862
4305
4050
1998
6071
2397
4833
2589
5189
825
10797
7426
7537
4574
4545
1029
4782
1967
383
11358
4470
7747
10099
401
3275
3723
3169
7337
7991
5753
11257
8156
10416
6410
5366
9416
7632
11564
10239
8124
8696
8262
6455
9932
2075
8899
6607
4248
2544
5038
9611
178
1730
11544
6477
4654
10799
9119
5721
10450
890
11492
3722
10279
4443
11085
8499
2711
3004
4543
8769
5352
1393
10876
6935
3154
6251
9131
203
812
6212
5921
3267
160
5109
3973
9960
11534
4352
10037
6716
10598
7130
2403
5405
8511
5694
9664
4471
11474
3219
8730
5073
10495
9776
2646
3649
9626
760
11608
9490
2820
4228
4683
11458
10004
10801
4999
5592
10643
8490
4830
1857
2295
11739
11259
3051
10510
1229
11828
6529
3650
11335
10790
8339
11252
5702
9243
5014
5629
7015
7102
9194
3639
9559
6406
7900
1419
3652
3775
2533
1840
7356
4518
6504
5283
1594
10502
11499
3264
8828
1266
4366
10317
3925
7511
1178
8739
399
9046
2283
5008
10729
1068
1333
310
10753
3886
8496
2191
2106
3634
311
5127
2986
2268
9706
10894
2969
1652
726
4286
79
9372
5688
6824
10806
7856
8924
2463
5238
3578
10745
4974
8205
1708
5042
483
165
3877
8968
9665
7204
2562
6862
9639
3851
133
6085
3193
7075
1084
10750
5925
4413
183
11026
3550
2712
6587
6238
11904
6711
2047
5208
1814
2635
4012
5407
108
4700
5757
3835
1238
9691
5325
7111
3552
1218
10529
157
1663
1404
8654
9010
4616
593
10623
9572
4855
9273
7100
3209
7164
694
6841
9371
1583
10648
10244
5170
6608
8661
5655
7607
10606
352
217
2649
7951
3449
1479
8145
5669
11047
922
418
3556
7660
1195
684
6337
6063
130
1118
8004
11147
1462
9847
119
4542
3334
5316
10076
1945
7866
6294
2795
7064
9282
6728
2045
5286
4224
10420
10168
11005
9607
1026
4036
3939
618
10587
5564
6717
5953
880
4013
767
9688
1843
9913
11926
2245
7934
856
8017
8075
9603
5198
6657
1080
11738
240
2096
3027
664
9246
2343
1864
1873
9346
9337
4182
7737
6243
2
5401
858
1925
7247
535
10301
8526
2682
10505
5652
5420
6696
1705
4894
10275
8143
11328
537
7543
11409
5418
11222
3363
9999
9333
8491
400
10836
9244
2408
707
6167
10734
3010
7329
5799
7865
342
6845
5441
3271
4188
10457
7429
3170
4436
5860
8556
4479
6961
8935
1729
4977
462
9057
901
11445
9721
4728
7945
11142
758
5281
1569
1140
6002
1701
6117
4942
11866
2503
6419
7150
8706
11536
10800
5742
8946
5306
7944
2375
11342
191
10213
6909
8074
8851
9482
10013
5593
10448
11356
2947
6581
8766
4102
2742
1838
10803
9448
1874
5782
169
4912
431
1
913
2760
10690
20
3630
7832
6003
5891
8748
11061
1776
1429
244
4402
3063
362
5648
3725
9259
10283
3825
11585
7601
7041
3258
4792
1021
268
4430
6670
835
10330
8315
11062
1298
5815
9998
7260
3553
8356
9620
9711
10934
9522
10521
4324
4884
8762
9604
3847
2118
9699
5454
6776
5334
8470
1611
9193
9065
9824
8417
4338
9224
4851
87
4745
1712
9843
10861
6766
8025
6917
6468
10395
2332
9545
7476
5575
3122
5559
930
3361
2362
663
11700
9112
3249
1057
889
8258
8937
567
5092
1778
8050
6559
10508
10798
9130
6380
2538
1661
698
3962
2766
64
1484
772
8178
6087
6908
1754
4456
10952
11204
3777
1980
7191
7148
5761
9156
1017
1968
9569
9829
4522
4841
9251
2764
11065
4221
5625
467
2737
10851
762
7159
1487
1633
10832
11811
3
5795
3728
9047
9893
8822
7140
783
11346
3047
2385
8406
229
2847
9290
11057
5947
3142
8265
7798
8864
7960
6365
9636
8624
9415
4475
10776
5566
3419
10738
9491
10174
5424
11916
2604
3045
9468
3712
2437
9988
1578
9836
6186
11899
6229
1325
6791
7676
3716
6636
11871
602
3810
7264
795
9457
3548
9418
2171
6210
3342
9391
11561
10133
302
224
359
11433
10810
390
7764
7209
8863
6782
1568
1018
6263
11713
7831
2710
7333
4724
6160
1928
34
8138
10080
4034
461
10
600
6199
787
7587
6620
9506
5309
1131
776
733
4530
475
7453
5906
5197
6956
4032
7541
6395
7504
9350
6560
5707
4334
9473
2799
3458
8340
2936
8277
3864
2876
727
7498
7001
11808
7611
3824
3220
3545
5904
3098
4934
5981
9676
6055
9123
9185
3616
5871
3232
10596
8362
9235
9309
4770
10194
7077
995
4731
9786
3146
10400
9677
4044
3743
8767
1169
827
6109
7059
5141
8983
10444
2203
624
9430
5523
5185
7635
5089
9952
8279
11485
5088
3296
8260
9556
8010
547
4751
10303
5062
2069
9070
4398
1986
4763
10418
10920
7468
6148
9880
2792
3584
4113
487
7617
2003
11582
655
4363
4318
10685
9497
10223
1098
9000
9279
7298
2874
1498
4866
9575
6288
3387
2117
8492
961
3404
3035
5701
1535
1025
9511
6486
1329
10942
1774
11470
7407
3230
11537
11131
9705
8674
1977
6385
8514
1702
540
2852
1312
6062
5474
4389
3525
2552
3104
6617
7861
7546
9329
278
1792
6972
4660
9305
7493
3671
10902
10754
11276
5932
2130
8341
6306
4292
8788
5569
947
9470
6619
7225
6793
4940
4561
6770
10355
228
4276
4336
355
9340
2443
5717
2439
4069
6094
10721
155
43
2673
11104
9107
4955
8889
10720
7193
5885
6570
315
2672
8592
1321
7351
8812
5826
11527
7375
494
6736
8847
3081
7528
9858
8270
9654
10211
8240
5674
9248
3119
9652
3325
5883
9874
2105
9428
8011
3388
1913
2240
100
8450
9931
2482
9753
9260
8374
2162
11660
2058
6982
11757
7147
9172
5864
8773
9422
2199
5979
2984
8549
8849
7369
6006
7992
6302
1460
11099
10868
3577
4600
1739
4878
8720
10065
11197
9673
11154
10937
3818
11180
563
10291
5962
5209
11476
1699
8164
1000
3594
681
8781
3790
534
8745
11094
7688
11602
2151
8443
6285
2340
2282
167
11922
2018
11309
7456
11615
6616
9685
8724
5670
4162
4176
10664
1818
1094
10376
6883
3314
11414
94
6095
8346
7355
5504
492
11848
5917
6105
6009
6070
6412
3767
2223
4504
260
8589
4175
5015
10335
7839
3157
9153
8700
486
2434
7795
5792
4127
11522
10116
11375
10999
8186
8891
5165
3130
10422
9841
6827
5177
6443
2335
5033
3384
4027
7744
11858
5739
11730
2026
9737
6895
6643
6881
4959
7257
10106
1416
335
9438
8555
10612
2608
10435
9084
6057
9679
7937
7887
6561
11767
6187
8799
5985
8909
622
11524
3072
2698
1622
560
11163
7457
6970
1562
2159
6593
9450
7473
2811
3472
6987
6431
6025
37
10684
5905
9509
4916
7600
5374
1368
6767
10005
7497
1609
1048
5071
5705
803
6647
5924
3631
11240
4874
6360
6231
7170
7858
705
5266
6202
2122
7745
3273
11672
5957
11129
9169
9414
6287
637
3884
2579
11712
4128
2891
5054
308
4078
3771
7370
6653
7396
4155
7092
4124
6345
3321
8030
1614
2101
4378
11589
3371
35
1355
6242
1280
3500
7056
11751
10542
1464
2410
10704
10186
6069
2158
8817
1937
7363
4052
5690
1356
5503
7086
7406
9799
9237
2358
8284
529
11706
10726
4091
4905
10411
9615
7483
4525
2822
5172
5009
7182
2513
3892
11019
551
869
11432
6259
3117
3286
1575
199
1041
1912
8285
425
2378
3184
3617
1154
9069
10607
605
2956
4810
9021
8618
5142
6661
9254
6203
3060
4371
8508
5634
4104
1515
10829
771
3241
1225
1955
6551
11055
1532
3952
218
10079
11623
3494
6665
11081
2985
8052
9648
8925
9815
4461
8998
1938
538
6278
6771
1742
4167
3765
7620
11321
9249
11894
8976
10214
10912
7240
7516
3854
1625
10364
6276
1186
9795
274
1228
8705
8803
3520
7107
9175
5502
7553
3478
9395
11664
7125
3135
3529
11105
1511
6142
11144
1732
5074
6733
72
2991
4829
11246
8044
4268
10525
190
7882
3811
11665
8257
8735
8033
2013
2989
709
1054
8078
2519
6505
1719
8743
9276
9126
2416
10833
11625
56
4432
10965
2176
6734
5433
5767
2400
6698
11297
1795
958
4105
1635
2396
7273
10458
2302
4140
5704
9762
8794
7709
2576
5140
2173
2243
8537
3280
7402
385
8385
8662
4099
9627
3654
9911
11571
7532
2464
11547
8535
3437
4716
6686
2231
8274
8209
9231
10719
8177
4562
4939
9168
3968
11132
747
3076
7033
11251
6077
2723
4643
7515
11692
8039
7981
3062
974
10089
3178
2998
8881
5398
1493
10869
5388
2996
6521
2626
5571
7727
542
10992
988
2854
7218
7361
9625
2169
2239
9994
1584
2997
5012
3143
4757
10746
11072
3338
5568
5112
1243
10672
11750
9054
2669
7654
9017
1161
1352
419
10526
10777
1634
11435
3067
8693
2681
9562
7819
11313
6605
52
9651
1979
2137
6634
11362
3561
6460
3710
11195
86
7754
2135
4680
1263
4147
2286
11546
10236
3216
11087
6932
5608
5496
9617
3547
4226
5094
8288
2978
8085
9321
3852
3787
8949
9885
11332
6778
3803
10840
8038
784
7739
1691
6555
7958
9708
5220
7294
2502
10767
10070
1354
2868
413
1271
4980
7137
2537
9778
8297
5178
1674
730
7176
1282
4061
10103
5039
2889
9769
3589
10848
9982
8243
8307
9541
6574
9647
7145
4024
2870
336
2920
4872
10237
9992
6517
8721
4424
10599
4345
8137
2875
7161
3077
3079
11001
1646
7621
10580
1216
7984
10630
5133
8028
235
8695
4204
823
2489
74
9905
10339
11305
2269
5036
6420
5596
5930
1145
271
9044
10960
9899
3559
4661
11473
4373
6134
3904
1604
5035
4399
7892
173
3688
9684
839
7069
1022
9564
3837
1545
11425
11519
5448
8875
6201
10012
1743
3153
5311
4519
4582
5150
6965
5232
2567
48
9023
9455
6327
8147
9936
9316
5692
356
1895
11725
10102
8088
6929
7367
11682
4691
5452
4973
11508
2449
195
2182
6676
2108
5235
6347
10620
718
153
10601
976
1930
2570
2134
5994
6125
9155
3306
11733
4630
280
9204
8403
11774
3754
549
6181
2010
198
3019
7440
4035
4083
4016
11347
7162
1015
1711
5703
10634
10111
1320
5972
6630
6524
1819
5380
69
6164
6699
7904
11447
2330
4644
7431
2297
3266
652
6217
8273
6007
3971
9045
9733
2391
7259
3798
3878
9542
4023
7555
5307
3857
255
4074
189
2474
8581
10553
7582
520
9567
11769
7289
6073
11153
91
621
9770
6058
8970
3863
3887
7919
802
1241
8775
8480
8640
5563
10321
2033
253
9785
9862
4650
4613
4118
1854
11352
6842
8365
3789
9897
1256
4568
5241
8930
3448
2160
9595
11533
11639
779
4185
4135
941
5556
3518
5663
7595
2840
701
10543
3645
7500
11802
9363
10314
11130
3795
4946
1127
11741
11284
8785
8141
8301
7961
7276
11659
2977
6114
9226
2229
1648
1342
11614
8214
1825
11247
6735
2316
5213
9890
1690
5709
5941
3988
7980
8941
2459
3061
10807
9955
10915
3491
5207
6248
11288
9635
5587
2429
9586
1049
4895
8237
8294
284
2292
368
1601
11384
5404
531
5554
8842
6701
3094
4459
7965
7962
3709
6363
10409
2419
10203
2113
4693
2600
10135
8895
3972
3378
9463
10727
6892
1638
6013
11000
11629
6582
4523
2941
3689
340
101
2740
9553
2260
3011
1643
10602
9196
11059
9851
1600
5689
9053
3691
572
2912
10377
6279
9387
5958
5897
6673
10401
11793
7761
6128
9510
9742
9317
884
10758
1846
9903
546
4608
8772
8682
6760
1331
28
2414
2967
5202
11870
6635
10674
5803
7809
3740
1455
6976
6637
276
10853
1623
5494
6220
7388
4068
322
484
6591
2210
11092
5335
1477
7144
9997
3604
11422
8174
8497
5729
4899
10081
5058
7090
4756
10199
5381
11424
5135
11865
1853
7181
5292
11156
11054
10062
7917
3018
1446
7619
5044
5789
1536
8782
4181
386
916
4937
2536
9974
11271
1879
8414
4509
361
9763
8334
5784
1006
7878
8182
5129
2078
6019
1506
2772
5319
11765
2660
8827
6481
2041
5745
9389
5869
9963
10654
7438
6921
2483
7210
6721
11171
2440
4434
6601
6344
1500
7235
4850
7055
10693
5113
415
4772
6953
1363
8677
11801
10437
9459
5806
4775
113
5892
5239
7999
7003
10926
685
6691
9846
9262
11823
7827
6194
9440
6860
4084
2337
1112
8482
3597
30
11915
1914
10173
7897
2692
11282
10884
2181
6762
7005
2829
2575
4805
9186
92
6758
6947
10679
1185
7559
5342
8019
2081
5797
8629
265
5182
11319
2700
3106
9857
8701
11918
8047
3575
1696
7232
286
2522
648
1738
9993
4090
11673
25
9588
2500
10389
8768
11118
10474
10513
5282
5354
8013
10906
5169
9398
9339
8763
11612
1806
3782
3066
4631
3001
1249
7894
10393
11357
8299
4688
11228
8907
11541
3095
3502
9322
5967
4861
6206
4846
1083
9797
11705
9240
2452
6228
1527
1278
3951
809
9536
4814
3600
7327
11207
6748
8191
9257
10714
629
8689
7849
2016
9122
7800
4729
3975
2035
10011
10994
11580
1467
6027
7746
9937
8366
8607
4592
5968
380
2012
6390
2308
11611
9396
454
11641
2908
5276
351
10010
478
5965
7963
3615
5457
2000
2804
3661
1457
8821
11077
4549
2095
10247
5946
896
5796
7868
6453
1639
9674
11355
6300
3043
8400
10104
4564
151
6926
2873
4945
9173
19
704
10660
11274
8314
11714
1341
3912
9338
10478
2662
8230
9222
9703
10467
8489
9381
3607
2609
6371
9831
7006
8604
6137
7455
10016
10575
9969
745
8338
10771
9311
5024
6864
687
9835
10093
5393
8751
8902
8974
3013
5545
2632
6730
9435
5993
7118
1269
7716
4847
7254
11167
4652
710
3861
5836
3629
2473
1302
1924
5884
3924
2670
10251
5785
8162
8252
471
6922
1315
7113
6197
9956
1279
7339
5455
3185
10041
4377
4951
8586
3445
10681
10118
1976
8122
4060
5657
7983
6901
2120
9600
11642
1769
4450
1432
9319
8204
273
1651
10318
7408
6169
6473
9793
10292
1521
4964
3179
9504
10261
11308
11199
5431
7509
6274
1576
8922
1932
6218
6514
3301
1134
2665
5204
9377
10863
5672
3479
3505
7663
5114
10479
4164
8321
3638
10255
238
9579
4640
6584
8985
1733
3954
10075
7462
8733
11703
3207
7918
6060
4962
2202
3959
2256
10110
36
7350
3914
7613
1987
10944
2617
4156
2628
1847
3804
11437
5732
4252
2907
1844
2688
6609
2602
5699
9780
11376
3229
2198
6102
2527
11925
6296
2014
11082
11230
11177
7269
152
9646
1988
6011
9855
88
9759
5804
437
3101
1734
9209
8964
1023
1273
4478
575
1766
6722
7083
8276
11069
11192
5499
11243
1964
2326
9357
1815
4597
3873
1537
1346
8536
5296
10683
1332
8500
102
3490
9644
3347
9971
9308
2625
6108
3397
9789
6709
8012
10568
7908
3695
10646
682
9252
6185
11400
1231
3246
11490
6156
2244
1618
3620
4889
2999
7186
10308
517
11857
1286
8860
7291
5378
3682
2783
29
3948
7640
7914
9484
1526
4533
6775
10408
376
9375
5676
3628
11617
10743
10916
3456
3159
6898
6049
7721
10290
2072
3254
2132
6708
1244
8918
4493
3759
8685
536
2334
6415
11734
4171
10888
8692
10192
10565
4445
3583
6597
589
4559
7245
3168
5901
10141
111
7812
197
6813
3368
2165
5763
4264
9720
9782
7348
10224
8810
9058
3918
8684
11621
3678
5206
3522
11237
5937
5314
2227
972
2728
3593
5658
6051
2506
4741
3073
2721
1123
580
7893
8428
7071
7239
725
8387
5099
2027
11671
7326
3938
11040
4066
2530
4123
7530
4687
10718
10995
5205
2746
2630
10566
5919
10768
6590
4121
786
2187
96
10982
9551
5786
7423
5934
8862
7505
1291
106
9108
497
3192
11592
5700
3891
5951
656
7207
4166
4332
9517
4656
10105
11298
5975
3366
10485
6882
6393
3282
4274
8562
1091
657
3190
2067
8672
9532
5940
8539
750
1960
9735
9879
4675
9379
6037
5443
8125
8377
5807
5909
4555
6848
2074
5552
699
4586
6196
7626
3760
2814
7682
10615
3663
3831
2110
1642
7073
669
3460
7592
2098
7534
2853
4326
1267
7039
1126
3666
11764
10874
1290
3189
327
3428
2841
9297
7979
2940
1756
247
3499
11344
3044
4314
2457
6182
5818
650
2167
8105
404
2285
10134
8643
3761
9916
8551
3124
5128
6913
5638
8312
7043
5488
11779
2636
1779
7708
4391
9052
1859
4897
1994
39
9537
4057
6894
9701
8570
8940
4281
5585
288
2042
4491
4665
10955
1896
3694
10534
2594
59
8888
2995
7583
7750
6373
9176
7970
8697
6005
1188
7912
10522
7814
4788
1831
11721
11372
10018
587
10425
11838
6672
10817
6386
2675
7695
6119
7066
8977
8595
5825
1753
5495
2432
886
2832
7783
8619
1866
5728
1948
11363
3949
1309
3468
8857
7774
5331
11407
8126
6398
11290
9618
3161
4059
3059
3970
8381
2194
2946
8984
10872
6822
5216
11699
2983
7778
10769
3927
6346
469
9856
2687
3749
1966
2775
3958
2234
4258
5098
6267
10665
4130
8479
9641
10835
6177
1168
103
11006
4531
7610
4414
7560
7649
7024
345
3084
2404
10946
8850
11442
5332
1788
4419
4583
10858
5227
4662
1870
6043
8042
8043
3406
10452
3585
631
959
10986
10879
7731
9166
1060
10573
216
7545
5611
3605
5064
5881
7004
11083
5830
6459
2048
205
11752
10088
9523
11830
3235
5610
1908
911
3576
8180
977
6596
5251
8197
11760
881
9599
8200
7206
10322
4174
3498
11183
8434
8435
6803
4944
7290
3435
5065
3549
7733
11790
2254
112
4030
366
8420
53
4451
8533
6275
7488
6090
6357
5016
628
11444
4529
10964
272
11360
7131
6310
1471
2289
10958
5617
1177
9362
2676
6098
6437
8100
7857
4278
1581
9149
6893
8027
2704
9566
7183
11661
8317
6865
7117
5584
9752
3885
2980
8598
10618
2327
11576
9773
2914
1494
4441
3879
3031
2221
14
1108
3398
7956
8335
8651
9397
1735
5249
10843
2168
3401
7916
5426
6349
7647
10064
3521
10849
2994
4733
10059
2864
4732
4747
721
7354
5475
1400
5844
11214
9409
10007
921
9757
7556
2771
3832
5047
3272
6392
7202
11707
4998
1909
4495
3492
2190
249
1359
4986
3623
3294
9402
581
1833
422
8681
1941
989
6338
8337
2892
10716
596
10962
10507
7922
674
8622
11294
1093
7517
9619
4633
8283
4520
5639
842
1009
9868
7413
5291
1566
8286
3595
4322
9256
3454
8904
10421
6176
4267
3014
10588
8577
7841
5819
1816
1902
8355
3469
1541
5913
11586
1065
8584
2762
11518
2092
5508
6610
9086
2200
7169
5389
2779
8134
10206
10232
8756
7037
11933
1299
722
8223
1008
4161
7179
9238
11124
2525
4588
9746
358
6010
3134
2992
11883
6121
2958
1543
9675
9748
7584
714
923
1326
775
6082
4637
5661
4996
6401
8404
185
1887
4857
4367
11651
3289
8327
6284
11242
8226
9167
9947
3457
3223
9158
10680
1736
9040
2855
2927
9760
3304
4131
1921
8530
9480
8251
6671
4144
10976
4798
7399
104
186
5328
5542
214
9382
10546
2128
6753
7527
6547
5440
2791
10036
1116
11678
1045
8250
369
5601
6738
6589
10020
4359
5268
818
2476
7851
810
10209
2323
11844
10585
6230
306
6846
9296
8892
6983
11667
555
749
2654
1602
553
9694
9912
8477
5602
7650
1133
6312
7873
3867
7068
5581
1644
1171
9152
6269
10949
8146
5553
9958
5963
10732
5916
10078
8544
3516
2138
215
3400
10357
6992
7946
3888
2068
8036
2491
10816
4054
8310
1141
1011
8531
10207
2776
10202
1324
3907
1024
1590
9642
3247
4231
2661
1588
1628
11303
8911
5115
11017
2271
10132
902
8703
7231
3827
10280
5583
8843
156
8474
5586
4789
1307
7475
10698
9790
3596
10694
5936
11229
10025
9324
9775
11075
10617
11063
4859
458
1934
11322
9549
3537
5371
8638
7385
8364
9840
11873
518
1125
2328
8101
1459
1028
5873
11484
3770
2056
204
2582
9101
1106
2478
11126
1375
8789
1052
11114
2246
4369
8280
2446
6289
10463
9433
8574
7933
5903
11420
6261
3676
2055
4070
11370
10815
5955
9871
3343
7651
5591
10259
323
1951
4877
6506
3823
11361
9207
4238
11078
5822
1782
8235
9761
1637
11015
9447
5856
11193
7082
666
1884
764
2083
8029
1507
761
141
251
3297
2099
1953
2979
11813
2467
5889
6870
120
4139
8359
6240
9750
11299
287
738
7365
8929
11245
7412
5484
1659
232
405
5505
184
5252
7780
2971
10234
4325
472
9041
1552
9203
10663
9771
10741
1880
300
7702
4919
4116
8244
2726
10087
8401
6715
8102
7419
10668
6280
1982
6600
2825
8778
5469
1950
2913
6499
3546
4233
7758
5250
926
6224
5180
470
7971
566
1032
9927
4390
5046
2242
7151
5459
11618
6314
416
3805
11415
554
11911
6448
2585
3911
11340
4953
9368
6964
10616
8725
8388
765
9745
2830
4554
7548
9883
318
2529
6759
1150
11628
8290
2952
7815
770
10286
1259
7349
11196
11726
6955
10911
2934
3450
2859
9657
9304
7817
3543
10633
515
3385
4573
1556
11093
8837
8546
4370
7551
6145
9188
6260
5896
10285
9725
3333
5105
9095
4602
5174
445
1958
2831
5351
715
6789
3039
10930
9945
524
7190
9221
7013
8707
10910
3930
6491
3736
4771
6339
10295
2188
10465
7886
6144
10405
6407
5344
6352
3686
6432
4341
2281
8691
6785
5222
4836
10497
9808
9529
751
11137
3693
4941
7165
10981
4277
11012
11822
1740
11676
5698
10482
11021
9580
9442
9210
2352
6727
5560
9716
6891
9027
6166
5998
10590
9576
7386
9622
5894
5666
5175
1349
10372
7084
6433
7924
7390
1063
408
10136
6575
2063
6658
9132
2291
11814
1523
3980
3893
6382
4605
9374
5514
4193
9267
10021
1293
11812
1262
5837
7221
2317
1905
11540
9929
10248
10747
1900
8345
4976
8573
3364
4755
3636
10593
906
5956
1390
3519
1240
5126
3507
1647
7237
6835
10705
11882
2849
7217
10895
3022
8445
11188
6933
6227
11406
10341
3953
10067
4184
5196
3058
10379
5210
8136
10154
832
3794
11742
7938
10847
7593
3532
9367
9810
3869
5295
10670
8107
5267
6927
11166
1322
999
9179
2637
10823
4100
10282
3655
4375
7119
5902
10712
8411
11368
7565
11820
242
9550
11550
7612
2786
6264
3909
5037
11267
8916
11194
6222
4007
11908
6572
4702
5890
4237
5353
7701
1147
7628
8741
9019
10951
5192
1443
7684
6586
11835
2311
3571
8154
2349
5635
4002
8079
4088
6850
3651
4695
8820
6343
2909
2214
2883
9834
10970
2493
2309
10178
821
11877
3181
4526
8426
2976
5521
7424
4014
1289
2559
411
1688
8175
7009
10892
8224
9830
8210
8067
5013
3211
11051
7450
11715
5574
3931
1111
8361
10370
3158
2827
236
849
135
8247
6682
6749
11268
7420
5995
713
2508
11853
7048
11584
11780
8987
10677
1947
5244
3394
8649
853
2743
5759
1923
8405
4273
4535
2658
5387
8055
3118
5492
10068
2091
8563
10903
2062
1991
9754
4081
11417
9593
8757
4622
7787
10988
11907
5846
1565
10423
739
4635
7114
11014
11588
9294
10582
2180
10451
5048
7656
5879
11070
11655
5714
8939
1759
7948
5136
1478
8749
8819
4848
4908
6604
10659
10717
9507
7022
2216
1016
9143
10842
5645
8716
7631
4142
7953
2815
3791
9715
1750
11837
2085
7195
3139
7123
147
936
6814
2402
9968
6706
7460
2972
3115
510
8446
734
4245
9525
7374
2471
1485
5926
3562
1935
1099
8300
7027
117
136
6875
5522
3251
9313
1239
9957
2900
11462
8423
9844
7142
1919
4080
7373
8639
9488
2425
7801
7706
6120
1641
11913
1629
4462
5411
3487
5539
2817
10269
90
8296
5045
7303
9001
5304
449
3950
4875
955
9312
7518
11084
11601
9505
9105
11636
7101
5075
3718
9386
10966
3446
11727
10651
4842
5419
10164
9643
3812
845
4740
9116
2141
11868
9610
9696
7286
5579
10208
11923
10492
984
312
11892
2850
124
6553
9344
4548
10017
569
672
904
6563
8092
6509
2364
9208
8868
2543
3587
4313
7317
11469
7409
1079
9707
10854
9877
10149
5153
9558
1992
6466
5460
7283
6375
1538
6656
5794
7703
1504
7911
565
9989
9217
7715
11136
8548
6915
8632
4194
2571
2406
9818
1247
5644
269
6737
887
9719
6537
1572
9075
11029
5007
7591
7272
193
2112
3739
7671
4871
9948
5060
11113
2554
2131
5299
1027
9098
8249
6400
8945
10997
9943
6746
6874
5687
5391
8342
6150
2507
4796
7227
4017
10770
11920
8166
4831
3606
11440
1771
4609
8506
4931
1215
11800
4114
3779
389
1314
3674
10074
1365
8614
2611
7506
10779
3992
10385
8298
6273
11234
5379
2693
7976
10034
11876
2235
200
7246
8148
162
9531
993
5812
7692
5758
891
717
3212
3007
7910
395
6336
3393
8858
1684
3836
8358
6107
6482
3870
8761
7255
6912
2346
9941
607
1725
1990
4710
4168
10597
158
350
10499
1224
1252
11338
1468
10125
10989
6973
9390
2616
11039
7463
11178
3350
6545
337
7550
8800
4921
9538
3719
8253
9751
8673
2219
10702
6124
4754
1881
10461
11044
1311
7282
334
11702
6598
6542
10819
2580
9233
8384
752
307
9743
1305
7725
9378
10512
5907
10802
3268
6886
10524
10841
9861
5640
9103
8631
5068
5838
8908
11139
7220
159
11728
3088
8865
3632
11459
175
6404
1105
6014
4678
6756
636
330
10846
1074
4659
4860
7547
10415
1143
5117
3068
5677
10009
8319
2322
836
5823
11697
2845
6028
8326
11824
10323
4122
882
5933
8325
11552
3200
9548
154
10254
1092
429
6017
6118
9315
2388
7265
2756
1689
6576
2770
7825
754
11235
3641
5446
4682
9419
6463
10924
1810
7760
4502
2263
4109
465
219
9291
1005
196
1386
8871
4134
8990
11695
6497
1340
125
6629
8996
574
9977
8903
9543
7883
9080
6442
11885
10043
10429
9347
3679
1088
3434
689
3493
11456
2372
9199
10193
9164
2788
11689
9013
8430
9265
3053
2939
1546
1885
10689
3351
3279
729
5681
2801
4804
8483
5327
8008
7243
6225
10562
2150
7494
9087
10881
6880
7574
9944
5733
5338
3420
9965
7029
4826
7634
1448
6924
2164
9878
1737
673
6769
11501
6539
9465
1722
9802
316
1284
10378
10760
9939
6093
10163
965
7128
7791
1303
11394
2656
490
7154
1665
5095
4291
3421
3895
6205
9437
3540
2442
2166
8015
10274
7520
7645
10293
10294
8835
8505
8710
10402
8183
11024
3800
8553
11348
4932
11521
1194
5695
3202
10158
3358
4742
3427
1524
6044
756
2930
9924
7693
11513
2287
5395
2898
5483
1388
381
9454
8522
3591
10052
6622
9568
6208
11143
10751
3797
1777
10707
6008
9475
4816
3165
3403
11666
10442
6723
3640
11756
8264
4041
9446
11185
2722
10996
5310
4364
6408
10742
755
4494
6066
83
3438
11410
724
304
6221
10048
5313
7129
6867
4457
4981
9526
10481
6805
7872
5777
1995
10440
8521
7728
8806
10365
3668
2542
9150
3926
4400
2338
2428
6330
10238
5061
3569
4393
4589
10334
768
4638
1242
4808
1677
11888
10673
11436
11022
8880
7646
10098
9923
5526
8854
8282
5530
7400
9918
3277
11438
10319
10959
9404
10594
1549
8846
806
1172
7714
9400
1640
7767
7391
10096
1571
10085
11292
1700
5214
8140
6309
7085
3082
10923
2778
5679
9730
5961
4196
4621
2694
2484
7045
5030
1076
5397
7477
1001
6818
8368
5974
2451
6348
5653
8818
4785
851
7561
1666
11710
10862
1222
8316
4935
4970
4220
7638
2725
7091
2734
5322
3967
10051
1197
8272
10058
2351
9670
3093
10150
11810
4532
7323
1519
4235
1597
8981
1095
895
9250
7152
1579
1456
3696
7690
11803
10092
11146
4097
47
8826
3097
11679
8568
8634
5643
9129
2479
3979
7717
9747
9399
6024
6852
11035
10428
2515
4585
8572
1392
2566
3086
9614
11510
606
10517
11446
8115
10675
2568
6423
6579
8023
1703
919
6138
11109
2366
10396
3773
4483
2224
7184
6452
4368
8894
1721
8060
10552
2207
7752
2657
6832
9139
2197
6530
10701
814
11648
3317
2002
3426
11804
6750
6625
3619
7173
9220
785
1189
6897
11624
11275
1926
4972
10533
9011
10359
8003
5324
8254
5445
2918
10014
9935
11281
403
5751
3983
5184
5218
6173
7720
8189
10090
6207
2157
1132
4046
410
3590
11569
6471
5915
3625
2950
2279
8518
7672
1720
9650
3495
1790
8870
9848
5660
3883
4244
11832
7599
10820
8487
9147
8883
9909
8076
5506
8713
10123
5952
9145
7121
11221
2769
667
7606
8915
6140
1409
3335
1288
1348
82
5263
5430
2186
3224
3755
571
4960
2435
3627
616
1593
1435
2759
9870
2547
31
4346
8343
5040
1715
1903
6325
10870
5118
8232
4713
6815
5364
7641
900
6787
6949
6540
10151
2071
1531
2866
234
10003
6543
10560
1849
4440
11887
8129
9592
6680
1510
9809
11283
2368
10434
4990
7557
4758
8081
10503
495
866
4823
4473
8641
1803
2379
7199
9077
10548
7007
7797
8783
10270
10198
8734
6877
1152
5370
4837
8802
9115
4401
1564
10631
9331
10142
3608
11494
6754
3757
4515
2475
8893
1165
10094
7172
3242
207
6732
7008
10901
833
646
5868
915
10509
3357
1770
5828
5725
5821
1155
1470
4275
4818
8928
10307
3705
1813
9364
2116
10943
11463
1480
4993
8838
11562
7332
4928
3815
4149
5771
10024
3442
4748
1727
9850
1187
1748
10682
8053
741
2444
11776
9436
1101
11736
11719
5091
6857
6487
8890
4653
2621
2032
4505
6141
10384
1693
7295
2184
7496
8896
10138
1678
8758
2895
9271
4190
8369
5476
7713
3523
5766
3554
4938
1670
8759
7016
3299
5811
6103
543
5862
11326
4963
8709
2619
10438
2516
1682
10358
4261
11505
1036
24
9298
10356
5021
10919
5693
1476
10774
7790
4539
8370
5284
1264
6621
11133
11901
5706
10650
5077
8523
6253
5519
45
6849
2205
8612
5939
4610
8415
9964
2612
4092
2697
4537
9552
6531
6969
6565
6854
6731
5572
1319
10468
5258
9325
10404
10795
10366
1794
3840
2044
4467
5363
6669
8478
7742
599
2886
1221
1502
4571
4223
10268
7718
10233
6810
598
6233
1202
3917
2942
905
3480
6179
2028
7002
11841
2951
5247
10967
4265
11669
8829
3993
9869
6084
3720
5624
9571
5018
5260
6900
7616
7762
7223
4547
1801
2090
10656
7187
3148
10210
8116
11003
11867
3969
8041
9817
3128
7087
654
4055
2638
2696
7554
3839
7384
2966
485
1043
8484
10818
5779
3003
9253
9729
5050
3592
4234
2433
10242
6958
4215
1406
568
7395
5028
7766
6068
690
9106
5895
230
5944
4676
4915
3845
10061
1567
837
4822
170
11206
3463
10889
3415
6697
8647
1764
10844
9201
6355
3964
966
11128
6638
10063
7052
5922
744
7629
7310
2306
2381
6018
6045
11449
10653
8796
7392
11652
4272
11423
2129
10891
4910
1097
8845
3806
4042
2861
7820
7859
11875
1219
1965
7501
1615
2910
11160
426
9180
8997
7267
8328
1559
8014
10827
9300
8394
920
7357
10187
10172
10896
3307
7576
8395
8080
1473
10763
8437
720
10591
7949
8804
5101
11050
7143
6034
7513
9814
2686
10922
6297
10697
10391
10484
2901
4422
6742
1369
11007
1199
2959
925
6986
8109
10821
4968
6319
6887
3326
7394
7674
5132
7724
6618
4746
7685
10028
7726
2750
10107
5029
6825
10722
1805
3910
10494
6592
6942
8034
2973
4076
9585
1540
3199
5840
71
10696
11116
8263
4212
10756
7389
8091
8194
3256
223
4300
4799
1328
115
3040
6170
8473
4466
3156
7842
1760
1414
1940
5996
11783
9740
937
4506
8962
5529
10180
9487
1603
11797
10032
11152
11367
8588
7869
7796
10388
171
4243
9451
3946
10342
9908
11495
9461
10399
1610
7346
4487
2399
6745
10645
2867
9661
9211
5022
6478
11086
10361
4839
6088
6353
11401
5131
7876
63
1081
11781
4361
3517
98
11496
7135
9557
8729
7180
6056
476
7594
10343
8558
7023
2717
4779
1686
1210
5298
9036
6461
9241
3568
4125
7026
4783
9582
9713
10813
7072
2893
1090
10299
10972
9061
2123
3647
370
7222
3672
3916
4409
11573
3100
11927
10860
11626
6333
9198
9838
6031
2558
7261
3078
179
10890
5814
8185
5960
6369
4563
114
3466
4952
3566
6216
11269
6023
2251
2259
1357
10368
5147
1042
5713
11816
2298
8792
5600
6804
6796
6641
9573
11605
2663
3210
3447
10661
3038
10447
9426
2955
6126
1486
7664
11389
4225
10406
11687
4392
8399
2925
11863
10886
11402
879
4488
7836
11008
5041
89
3858
459
1458
10049
10928
3245
4913
1451
1120
7421
7471
4395
451
3602
7132
3563
3070
2401
609
11595
3933
3091
949
243
1447
7952
11662
6162
2290
10564
3461
1837
9554
8031
9004
11455
3377
4580
679
586
6866
8597
10227
3429
2147
10609
11173
7088
138
6757
7000
641
773
9354
1012
4255
5646
10060
6568
220
2904
5432
10578
480
8582
9663
6100
7624
5870
5820
10574
7011
4458
11100
4388
946
11119
2842
8422
8275
9695
630
4958
4750
10545
6510
817
10144
8073
1384
4380
5977
2532
9896
4825
6823
6612
558
7784
1412
4072
1654
1367
8391
10549
1087
32
248
11646
10170
7738
2193
7818
595
8585
10610
10445
7262
10101
1799
1745
6316
10469
4815
9812
1744
1878
5783
6075
8195
2359
6920
4827
9659
2100
6784
9288
11539
11929
8965
1796
1192
4734
4063
343
6183
95
11754
9407
8731
7031
8268
11879
8611
7489
10231
7837
10980
11643
5987
1522
2237
10782
8617
9202
10791
10635
8824
6999
11045
4153
9577
10878
7474
525
3132
511
971
6258
1631
11753
10296
7558
5417
1904
6904
1082
6726
9216
6403
719
3746
11151
1064
213
1911
3196
11530
4374
4350
7579
10152
5544
8466
2411
801
3413
11477
6356
8750
8458
9791
51
5082
2148
3555
11761
10914
109
5487
1883
3941
612
6962
3735
10369
5079
6272
4157
5453
5312
11594
8168
10628
7502
9917
5938
2036
9633
10867
5093
6139
3252
8656
2209
3305
1865
15
9056
5468
5470
2248
4299
9323
9035
1723
7425
11846
245
1053
6474
11393
1627
7213
1337
5659
6374
4095
11762
8022
6067
4022
10155
11579
5425
7281
3485
5712
2906
3362
1811
5724
348
4709
2424
8668
6378
6165
7826
11453
841
3173
5800
8959
357
519
7242
10839
862
1996
10446
5340
3204
643
10584
7622
7811
2284
4546
6777
6974
10765
9634
5509
4634
7533
8352
1292
6001
11854
3786
10978
6740
222
11912
8540
8534
11737
11395
9712
6725
4043
7813
4480
9236
7439
6000
10471
2175
4217
4838
1553
10828
10256
4714
11559
6464
8016
4801
4106
6321
11366
8906
10530
8943
5772
10778
10394
8472
6470
2024
9842
6557
11514
2329
3901
3897
2653
8416
4701
944
6501
8456
11638
493
5567
11903
7499
2598
7954
7830
10641
6954
6438
10477
5859
4379
3871
8569
11213
8302
8596
4528
950
11071
4486
3025
5710
11320
2777
5106
5490
58
7923
5085
5337
4362
4706
0
2008
9845
8468
8814
10518
4820
3706
933
3336
4639
9219
3834
1146
5466
7134
6143
10627
3875
412
9355
7569
10218
3849
7751
6123
10708
4813
1020
7081
5582
2561
10486
267
7822
10195
452
10131
6558
2514
504
10171
10220
6527
9547
1605
11745
456
9269
11886
5333
3288
8448
5066
4031
7194
1516
7313
2456
7103
10374
2747
4902
3383
2614
6988
527
9930
2926
9117
6855
8874
6931
9293
6059
4192
6544
3120
60
711
364
8953
5256
5750
8287
6489
7383
4886
2674
3829
11101
945
3697
7306
11506
5541
5654
145
10035
3965
7167
6235
962
11622
9686
1558
8347
8452
3662
11337
10963
4624
9727
5893
4360
5524
2633
11805
3006
4843
7792
2505
10069
7321
10126
9008
903
9717
8112
11487
9736
3451
9051
2015
3991
7205
5231
10775
2798
8779
6318
4776
8594
8790
7189
7099
1758
7112
2384
8921
1518
5536
4460
1004
860
2043
7017
8344
4646
9825
407
3188
1371
10310
10541
10882
8153
6447
2266
7139
1551
1901
5240
3348
6768
6444
227
11219
5005
7108
1845
1918
7300
10589
4145
11122
7846
9666
6445
868
7236
11759
8084
8389
3838
3622
2066
2088
6707
8969
11371
9734
661
8652
8780
9133
6868
4507
10073
9767
9671
7575
3692
10143
9456
6979
8160
7990
5754
8926
2046
9215
2812
10272
2409
4911
9672
7637
8418
8241
11135
5049
5755
7538
7776
1832
26
3090
8675
3474
6512
8955
1589
11466
11874
4254
8135
1529
1135
6234
180
7598
4385
1520
3056
1059
6739
800
4287
6859
11849
3742
918
17
6492
2856
4219
9088
1310
11189
7387
5248
10787
455
9146
8567
3929
11555
2596
8665
7241
11176
3263
2564
9601
2872
1612
7652
7105
8281
1582
314
5877
5188
7700
3186
3174
1893
4180
2573
6065
7196
642
10338
1410
1989
1096
5373
9411
7168
3345
9900
6350
3405
7448
9373
4926
7109
4876
1949
5203
1983
8732
9496
8554
1129
6211
826
1829
5154
3986
872
438
5816
8451
2421
3842
2360
2053
8348
6364
9197
11900
7211
10917
9441
11788
2267
9228
7694
9984
7863
4404
1138
10764
11115
3302
6977
1793
329
11030
7525
6981
8727
873
8934
594
9804
8545
9326
8988
8233
11165
10363
6083
6522
4021
3206
6651
740
4449
7018
9394
8712
16
7411
3646
5527
9187
2963
11593
5450
3163
1749
11480
11339
10556
7444
7890
3320
10264
6611
2094
3255
1234
983
10281
4323
5264
1294
2590
10436
2574
3359
9613
861
2655
6244
9135
9953
2899
8910
1827
4159
6799
4119
11232
2183
5577
11654
1863
10710
2339
11138
3821
2392
5110
2586
2006
11905
8876
443
9826
5271
8438
5233
2957
1019
10945
11686
9230
9014
7588
1668
935
2276
1237
11405
1933
7696
11306
10649
970
5330
883
4006
1587
6950
4403
6655
6004
4924
1508
7741
4049
1040
10532
2277
10054
7732
5442
9137
8859
5538
1297
11798
1176
4039
9467
9099
9656
252
2303
194
1121
4446
7719
2232
1449
8740
3944
6896
5628
7536
9212
2884
9806
6755
6379
3436
1681
2387
6080
8421
134
7978
7253
9589
1836
3744
2029
6413
7793
6623
9413
5102
1680
11607
6402
530
8242
1626
423
5562
11717
4045
1245
2422
192
3567
4534
4339
1376
11353
11708
11855
9732
4481
3989
3085
3020
3945
2324
4979
9170
8322
7230
7042
4737
3681
2273
5031
943
7314
3527
11630
6780
4906
10600
1962
6293
6422
2371
2233
8621
9289
3382
8525
9427
9068
3111
4429
1427
5290
9474
2659
6174
5057
4087
127
11856
161
10983
11343
6086
8120
11748
1997
1261
4051
4316
2751
3201
8966
2738
1115
1952
10336
4967
8744
3866
10613
6298
11688
9533
11002
1936
11551
9302
2453
1772
6938
2962
1002
737
4197
3921
7285
11640
4560
7669
10253
8255
1741
6998
1762
11392
766
176
11157
6588
5003
374
5472
6376
8550
6606
10822
8333
3610
118
11931
8051
210
1318
8832
6646
8372
7049
10473
8118
5548
1399
7941
6192
3624
8170
5649
6695
5824
7603
10687
7768
7782
5173
4183
10642
2299
11349
11421
7927
3284
6036
10990
6190
3373
10762
5464
9062
4484
4
8620
8515
298
8797
11186
1679
5841
11486
46
5458
6577
7816
1698
10055
6377
7492
5234
11333
9624
9864
874
3535
333
2794
7416
6130
10931
10263
237
164
5200
4983
2754
4208
4018
878
3657
332
8324
6585
5043
2808
3136
7065
6910
137
1304
4040
477
9645
10893
1338
11831
579
11159
4426
233
6853
2431
11770
8702
1906
11064
3750
8486
8397
6493
5237
1452
6397
952
10488
5604
4455
10284
10652
3208
9687
5900
1598
4715
9423
7519
6939
3699
9111
6968
10834
4834
5888
6434
3570
4787
7563
7486
11644
9872
6752
2678
11067
3503
9970
5773
1563
10576
9281
6171
5069
1495
8097
2541
4725
2664
2177
435
8956
857
6978
11315
11775
1694
1717
6191
3023
8576
928
10162
4516
5096
2124
5749
6409
4590
1554
10550
11236
11878
1136
11575
8676
3129
10489
5817
11711
10325
5621
4295
4256
148
2691
8834
11052
78
5730
9342
6765
11787
5735
3598
4961
3137
8108
1142
6048
5770
3764
3240
3564
2511
6830
8119
7376
4126
8360
2863
10196
11681
1232
8825
10977
2713
5630
7697
5912
9787
6602
7368
1211
7258
4246
1217
3733
1391
3149
11301
3453
10880
11482
9245
8463
11248
5078
4154
4578
2613
1347
4686
7219
10761
6159
7775
4611
4396
5861
8398
7828
424
9820
1110
4856
899
1673
3234
3762
7850
7743
7229
7514
10188
10856
11535
2844
4690
5326
2838
4821
5983
9177
11350
5320
4508
4205
7495
10957
4965
6411
963
3572
9232
1206
11861
1496
4672
2348
4453
9591
11334
8601
735
7928
3131
9495
9408
6396
3395
7464
9731
675
9345
6536
8855
3113
3669
5623
11108
11261
792
9353
1839
8901
2767
2548
4632
7756
7757
11172
6688
5929
7012
8753
11548
8671
9037
7466
4865
3407
3198
6967
10183
305
4028
9811
3265
3900
6236
2241
9976
9078
867
10647
1050
5317
847
8878
3036
4075
10462
6283
3844
5966
212
3370
855
4918
6541
2064
11465
2296
5176
5269
440
9003
4511
2212
2888
6454
9066
1236
9071
2919
7094
7044
10536
1148
1287
2179
1441
3125
3270
9606
2301
8378
6840
11502
7913
9214
9764
3024
2021
4671
4079
8238
8844
11740
7427
10419
6934
6441
9477
9632
4103
7469
9758
5473
10877
10353
1491
10072
8390
9417
5359
406
7480
10480
8216
7224
2345
2007
6359
10328
7401
7759
6764
225
2331
57
7835
4365
7769
3138
7343
11587
7410
8373
5051
1830
10728
1557
11399
258
1619
2204
5122
6047
4407
5898
4271
3785
6469
3318
8914
5498
11895
5686
402
5720
8221
8660
2974
460
9274
3300
5954
9328
9772
1425
6809
9432
11563
7051
1163
8882
5108
8409
107
7422
5410
505
5769
499
793
11889
7854
1428
6111
11568
9443
1383
8040
1474
4790
8464
932
6831
5201
2497
5762
8717
2821
8187
5691
2761
7932
11670
11380
2208
7670
9493
11766
9621
5557
5543
5948
6628
11413
8133
9255
8330
4010
11023
10666
2077
3660
3175
938
2333
3467
3856
1014
7078
7382
8460
6476
9494
1144
10022
10137
10557
3778
9950
4397
5323
11272
11209
2104
4020
2102
4410
4344
10695
10029
9527
3112
5594
7691
2498
1372
8229
9508
2087
7360
7880
1102
11364
10691
5969
4067
11345
1469
1820
632
10504
981
6798
6928
10563
11010
4120
8664
9034
9678
2784
7867
9728
10337
791
3579
11091
9578
10000
2634
985
7899
7829
5246
259
7019
4437
6308
4536
320
9161
142
11910
5416
550
11560
4572
11799
11890
620
1191
9458
10852
4685
4802
1182
11479
3423
5558
9460
7136
9007
10276
1555
6266
174
6937
854
2222
1072
746
291
9160
10038
2420
592
5067
9584
7884
9710
4198
10362
6122
3218
1038
8181
7122
11431
5236
3981
1505
11884
8663
1636
3724
7418
1669
10044
7994
585
2264
6282
3611
1580
2436
347
848
6334
10326
712
3726
8626
6719
9403
9178
9667
3680
9303
10554
3850
10904
7577
1190
4048
8886
2321
8980
4431
7885
6163
2490
8130
10783
2305
2390
3727
3603
8856
2161
5540
11893
8407
10030
5991
9774
7459
10257
5533
7891
6257
601
8999
4956
201
11398
11829
7996
5164
11090
8151
7021
10097
4739
4806
502
5086
2280
2938
8293
84
5832
2458
9320
4880
11583
10033
6997
3052
1281
10985
3102
4679
3369
7020
10780
6295
8690
11701
7602
1841
3766
9277
8289
1975
5973
7833
5010
7771
1785
7730
9020
1826
8035
9739
11675
1117
9693
10229
10250
10703
9125
9449
344
1276
8933
4210
8504
6858
11427
686
391
1420
9800
11746
9501
2890
2185
604
2517
10057
10221
3906
6237
481
9234
11577
658
11264
9891
10897
7667
1657
10483
3356
5752
9042
8559
4463
10793
3574
1313
2718
2706
6684
6821
8503
10332
6484
2606
9898
10740
10971
3444
1672
4117
939
6720
3512
1114
7461
4077
80
5513
4200
2595
799
1181
4094
3140
2370
2418
5748
10887
8657
11404
9530
122
1394
99
1999
11500
3126
4596
5880
5467
414
2805
7398
2156
11864
9718
11073
2060
6038
4663
1658
1254
7838
2823
815
9171
1645
892
5080
969
5637
9539
5052
5229
4620
3902
8944
3730
8519
865
10159
4317
11747
7063
4163
6923
7491
4189
4394
3475
3278
10403
6113
11324
6091
11511
11377
8402
2837
7805
1377
5162
7648
1915
9628
5866
1374
2126
5708
4199
8633
8239
790
7677
8193
8311
9348
6664
5159
2824
6844
660
9860
3633
9218
3703
1891
1415
4594
11772
5682
10991
4870
10956
9429
8419
7256
11201
7445
6146
7270
748
6172
578
6662
2336
294
8408
2025
8278
3243
5535
8093
6549
5462
9683
564
2228
7678
9280
3034
3524
7844
9852
3982
3580
9485
2879
338
6322
4719
7054
4699
3809
4242
3683
11053
526
2049
5347
838
9990
9863
2195
4774
9190
2650
6061
1402
5477
3110
1872
3183
7806
8269
1946
4557
1204
11847
7166
4888
8305
61
1910
5336
6851
11516
9159
2057
6391
3162
4513
11155
9284
9512
7531
7156
10390
7487
8848
2922
4762
5764
2155
6644
7627
7340
7840
3868
10454
7681
9074
5103
10392
7580
4673
3083
3903
8228
980
4279
208
1378
11732
363
4143
2727
8932
1046
743
1868
9479
7657
6847
3441
3665
11426
8512
3656
4089
4259
319
2121
11668
7110
9206
5
3160
5718
3708
2818
3717
6209
11102
2931
9287
2642
8291
8045
2494
5626
5434
131
8561
446
9934
2835
8784
6451
8978
3601
7061
5920
2993
8993
8516
1714
797
10475
1379
8192
3558
10230
442
9392
4141
1408
10969
498
2145
11743
8444
10514
5805
5609
3551
2393
9892
2535
7279
3353
11068
1514
11653
11037
7322
10410
8089
6914
5144
1445
9637
11168
9424
3894
11744
10954
7296
5489
6021
3316
6667
5722
552
8938
6631
6936
3408
5517
10676
10686
3881
11549
11872
11208
2584
614
11
10031
6326
8064
2361
4954
10555
2645
9904
9803
6564
2903
10426
3203
5341
1773
7452
4694
7275
8742
11794
9286
9933
9875
9134
9631
7570
7334
10023
7860
9453
2749
4655
3872
2356
10071
4947
9796
11862
11789
8630
7312
1475
3352
11079
7578
8666
2089
10449
2363
6074
8746
3745
6490
582
2591
7397
1370
447
10311
3049
11556
807
5100
62
651
177
10084
2643
5531
11509
6168
11430
5848
7803
7058
7417
4807
3071
5858
4794
3763
4642
1417
4138
10621
7381
2937
9629
7335
11523
3890
1454
182
2103
3152
4355
782
8599
4985
5006
3155
10535
10432
870
4485
11677
6569
9561
6703
4038
9630
4173
7943
9033
7437
6440
8196
11411
11806
7735
9881
8357
9102
4681
5928
10175
2178
2752
3648
3133
4408
9341
6223
9349
11921
8336
885
1274
3089
3898
1316
8898
132
897
3281
1974
10667
6335
3323
6704
4342
11162
5107
1943
10001
4026
3440
22
2732
9469
8363
8161
3942
8952
3331
9859
8513
2465
7320
11385
11397
805
6035
3737
3642
3425
5576
1405
8462
683
11107
4618
6562
8765
2441
4917
8498
1044
1888
7216
8885
8127
10611
5385
10316
10241
7060
6467
4541
5834
11842
11256
5278
10961
2851
2039
9195
3702
2982
11735
2843
3526
8077
9266
7966
3346
1198
8139
545
392
6033
4949
2987
3899
3328
1317
5186
9587
375
4987
11205
4849
7284
8655
279
3994
8457
4927
8427
8982
6985
6687
2073
11354
8410
929
9258
1695
10300
1747
7079
10626
5852
3319
8648
6303
8793
8805
5305
44
5719
544
3985
9813
4251
9144
4206
10898
325
4065
3127
10948
10298
3344
1607
7535
7036
8213
10875
4707
1344
3261
9049
7287
11807
5798
378
4765
4498
9616
6414
3813
10139
10637
11833
11011
7080
1472
3915
8510
4241
11096
8059
10424
7127
1931
6674
3238
2860
10100
1433
6127
834
677
221
8439
4881
992
1922
1533
2758
11529
11815
4438
9821
4423
1852
8375
8215
4553
9901
2565
11273
9285
8376
6115
539
8841
8747
8094
7712
4896
5778
5447
4768
10692
8816
11330
6800
8532
5999
10845
11111
1071
7490
8099
3313
3496
9015
6996
5081
1731
1137
723
8579
81
7
5685
8602
10091
5734
5212
3109
1808
9744
7623
4558
4270
11110
7508
10520
2040
3074
5989
1212
3713
3846
3236
4883
10784
9534
1385
8261
5774
9136
8392
10496
6648
8211
4540
10614
4146
2881
10344
1423
9332
6502
6081
10413
5497
10127
769
8920
8
8332
9359
5931
7662
1013
7642
6
5787
10412
11845
4598
3295
2230
9966
8869
8234
5300
638
7403
10749
6354
5606
6963
2217
263
10913
1277
3260
8066
780
4994
396
172
1403
603
3618
5195
9698
8986
9200
8393
3731
4282
1858
4283
613
3614
8836
5641
10455
4490
7328
7436
1630
6370
5565
1984
6773
453
11843
8304
4387
3955
9148
6281
4907
3528
5070
9518
753
1401
6639
2631
