9030
5925
6072
4057
7482
11823
8092
9514
6439
757
9683
6271
9367
6864
9388
7909
9564
9109
80
3184
192
6890
7304
10532
3448
7683
659
5457
333
2829
10550
3707
6604
3803
279
6649
11657
1942
11325
7693
3894
3403
257
7685
11405
3780
1009
8426
284
5333
3997
938
9943
8422
4243
1169
10235
8185
5931
9362
934
9502
2440
4530
2579
11488
8609
917
2399
8418
8720
10123
4066
1400
2073
3259
11391
7500
3028
4399
8935
7797
617
535
2020
11514
4284
6733
2055
2086
467
4560
5856
69
57
4461
7931
10197
6506
1061
4436
1235
10218
6143
9802
6092
7390
5288
10078
1735
4704
7155
10829
10072
10969
4178
11743
10926
9018
11015
688
3576
2418
2143
8950
9752
7599
2764
11174
1131
4771
9981
10126
2334
6149
4024
3946
3252
3657
2929
2945
4354
1686
2390
4099
11339
8687
7216
6654
10183
5454
5107
1354
66
5534
9583
6568
9484
2712
8526
5701
11617
1835
11771
3496
8038
1443
3519
1579
6866
9031
793
2234
9980
5852
769
8279
3468
5164
2317
4946
5024
8090
7725
2658
3238
8487
194
1789
7158
8739
6016
9803
5038
7106
5830
4213
1576
6835
7983
8451
7786
7175
9926
9640
4617
10100
583
10241
1342
4172
9029
1137
4889
3611
9575
11360
8149
11901
2898
6206
160
721
11815
5618
168
10196
4084
4524
3667
9426
8680
2156
5858
3001
11528
373
2467
541
4579
8629
6876
6690
5848
181
7297
4642
8381
695
1077
7523
10783
9828
9754
4667
7907
5236
7444
4665
7919
10350
8762
8498
354
9954
8668
2238
4018
9578
5003
10247
8875
10729
9876
6025
8310
11143
7661
2877
1523
3838
9412
11150
8622
2650
9964
8718
4116
4081
5716
11196
2824
5584
10671
1585
5371
6595
6782
7691
3297
1732
7679
11239
8249
7065
4887
912
3190
5292
8133
5710
5304
11022
610
7876
9540
5317
9510
5068
2026
4462
3159
10342
4064
7186
9329
3329
3885
5493
6404
8719
9533
8840
10304
3360
4900
7640
3981
7313
4511
3015
1616
2310
249
8810
7002
8118
3974
4942
6352
7874
628
7045
10858
1850
4196
10024
10631
1641
3622
3069
1551
5544
4694
908
7623
6863
3168
11332
5955
11259
6269
1114
10174
3826
1781
11567
6323
8785
8060
7477
10765
2318
11861
4557
1984
1136
3789
2324
112
6912
5339
4907
11781
1615
2297
7883
636
11599
4526
6050
9761
5640
11347
341
8320
10486
5933
11165
8116
10604
195
5026
5794
8997
1756
5101
8989
7541
11135
6575
6909
300
11029
6273
7378
5154
6614
10888
10246
9220
5987
9266
10823
3267
2523
3093
7576
1749
5727
545
88
2793
5805
1178
4824
8778
11585
4112
11291
4362
3731
2599
5877
3399
3727
10937
3560
6114
3871
10453
9928
5172
11287
8674
5510
10043
6855
8949
6098
4732
8506
6507
9963
10837
2750
3821
8853
5433
4514
1704
11837
8448
1564
1854
3146
10607
3559
6560
9131
1521
1119
5151
6616
6312
11664
3926
1318
10733
8910
4921
11668
1292
134
7708
9692
4173
9455
3983
3285
6861
3050
8656
3275
10103
7341
7676
5105
9352
11109
4713
8602
9337
9873
4264
1512
6215
7199
119
3671
11906
10007
3460
8920
9822
1141
7057
289
6556
3552
7255
8313
9076
7356
11577
8734
1336
9929
5919
8006
1892
11830
5809
3452
8524
311
10763
6662
2276
10712
10056
6287
7465
3655
4091
5379
7924
6906
8486
3820
8163
924
5037
811
6165
8845
4423
10767
6455
4191
3038
9497
9147
7850
11863
3723
7949
5605
5788
8913
5012
10810
2911
6182
11892
8623
11326
902
6325
2462
10988
8525
7913
1500
10245
8584
9040
7294
7026
11789
9041
2511
4323
1638
11523
3896
5806
9655
8812
1618
2629
9766
4215
3377
9545
9938
11354
1441
5619
7839
2770
11839
2420
8867
8311
231
9392
929
5926
3890
1239
4450
2749
6569
8278
11565
11058
2158
7262
99
2632
3553
2258
1201
9027
7525
2405
1683
8705
5147
10266
963
9309
3529
8597
887
8662
2595
7029
7377
11121
11208
7385
10868
2867
7183
5466
3209
4439
7130
10495
6743
4963
8891
11311
1207
4540
10684
1533
1575
11707
7240
7139
7085
3722
886
3263
11631
5914
1785
2403
1986
4005
10463
6660
5390
7159
3577
3705
3850
8551
4208
9025
11064
9173
11639
8007
9061
3919
3239
9247
6531
8270
1657
6454
11255
8367
4378
11793
4845
8255
6893
1979
4186
11673
2413
5005
3243
11088
8803
794
9042
10757
9959
2997
2382
5815
9442
3205
6922
10131
5233
10025
4994
7594
2634
10902
4997
11732
9315
10725
7995
8081
9445
5163
7268
7486
9912
7099
9298
8642
6785
832
9675
6655
4224
4873
2729
11371
2991
3805
297
8211
1569
6626
7893
321
10599
10262
7166
11637
9722
7493
3349
2572
5986
11571
1021
5264
508
1211
6685
9295
7501
7937
9543
182
8261
664
6770
10261
10714
4543
10905
7863
4647
10345
8897
5558
2590
7547
5909
11011
3009
1721
11638
1813
1355
3635
4051
3615
9376
4413
6094
8336
11061
2836
2141
4678
11484
5993
1333
3646
6395
997
11180
9810
2884
6779
7535
10228
10665
1461
8991
7137
10778
11529
2048
5974
2575
5106
7551
1943
8342
10848
4446
7392
4806
9096
5742
3336
9191
2761
419
2681
9495
11562
4349
8761
3390
11846
197
6346
8766
7688
4774
8884
11288
3350
4164
8744
904
2354
4247
8788
9086
3248
5857
971
895
9816
8782
3143
513
5994
3709
9601
4467
10113
8043
2862
144
4417
3915
10140
1008
4235
10744
5900
10531
3721
1861
11164
7222
9087
8160
740
6336
253
8180
11026
5751
6834
8308
2224
724
651
9891
10669
3220
996
5085
104
1321
9237
11386
1411
6578
2089
1473
10582
10124
6004
3766
456
3491
5209
1097
7752
5042
11187
7235
164
2870
256
2534
1620
4308
5361
5706
3111
7067
11152
198
10835
701
2904
4922
5740
1154
1488
4335
10974
10110
7854
8003
1040
1168
142
8861
1306
2412
8079
11221
8017
7795
10941
11106
6645
5576
591
5009
2732
1621
6002
7649
2131
10034
7264
8295
8689
7533
3985
9161
3036
6825
2417
1916
9888
5541
612
3196
6524
286
7403
6800
11161
11413
51
6606
1607
4880
9357
7270
9194
1430
9935
10739
5104
5589
8464
9370
9606
9983
6670
11107
11057
2293
7840
10057
9353
1960
7393
2730
4727
210
3024
5972
1840
10598
11223
3177
11632
11256
660
302
9424
1830
2584
2557
7397
6061
8901
9486
11084
4298
9311
9506
11119
7790
5764
11834
827
6179
5934
853
3064
2954
6796
11417
11018
8025
11672
4512
10300
5211
9252
911
7520
1963
1806
1264
6086
4865
2280
815
2885
3260
11402
7847
2322
5691
6184
28
1172
389
8198
3097
3048
11867
11708
6637
8314
8616
5263
6761
7593
1886
11238
3790
8966
7802
40
10469
8371
2336
5668
3512
11149
5417
10776
7804
7439
10361
4142
3683
6358
5184
6726
8161
630
5735
4872
3076
9300
944
2329
485
6258
9351
8663
7989
4170
5697
3759
7618
7434
500
376
10353
10433
4993
221
1405
9276
6268
4355
4856
6162
7375
1320
9821
4318
5791
6730
11166
3907
1457
7698
6053
7992
4139
5428
9244
1923
7953
2262
4489
5462
8364
3269
3767
994
7046
11447
1399
1746
4040
8849
9652
4519
6188
3758
5703
6296
5783
3539
906
11331
384
3085
6263
4296
9794
10847
3352
6082
2641
1992
9305
2878
2691
619
2623
44
9628
5725
11381
10199
9965
2768
9872
709
7189
2059
9056
5829
219
3183
3901
6695
1568
5307
9979
9262
8839
8579
4589
392
5190
8510
4291
4197
1815
9185
10577
10627
2113
11193
974
7730
9208
10204
3741
9058
7572
10355
5582
6976
3331
5470
1081
8196
7711
11756
9203
10700
9104
7352
5083
5326
10711
925
10843
10515
2246
2110
7123
11799
4255
2783
2688
6461
344
8503
8071
5506
7561
7358
9518
4151
6975
2494
2640
9599
10013
4718
11608
7991
3488
5709
2989
8052
8125
4238
8300
708
2438
8461
4847
1773
3200
820
6543
5434
7782
6518
6478
542
1301
3851
7515
9995
10904
2452
203
8075
10554
6415
8755
5214
7570
3569
3738
3728
5887
7923
3631
7210
7664
6251
4036
3737
2967
6005
3441
3166
3674
6508
8121
10209
11069
9558
2476
6110
3680
6808
835
4340
10258
2187
6419
7423
8743
9907
7122
8514
10546
6359
4586
5724
1064
3105
9267
11303
894
1502
3056
4207
240
4968
10802
10309
4403
1039
2554
5552
1934
4430
5685
3341
1928
10762
2516
5739
10308
9585
3132
8015
8872
6993
10526
5452
2286
2367
10236
3217
2025
161
8941
2678
6362
8811
8357
3189
2205
3363
524
7997
4214
3340
5746
362
3473
5494
6809
2840
3430
7554
796
10979
1054
7229
9613
969
10400
2361
8289
741
11188
1436
6552
4632
1868
5953
7859
4785
1720
5692
9604
7303
8072
7040
3126
1803
7301
8570
611
10413
3525
3477
10605
7798
3847
1667
3165
5945
4236
5017
7196
4120
6862
3094
85
7351
7557
332
7498
8010
3247
5580
2562
3212
6260
3951
4545
6786
6848
11594
1626
3474
7336
2298
3970
6667
8681
8825
11865
530
7337
1946
2283
9664
6762
810
4158
4220
687
11252
5604
9314
2237
1390
1427
10839
4571
3867
1062
9142
9345
7138
10634
5573
8173
3922
8885
3245
11627
7746
4959
3942
4855
7984
2097
6355
8292
11105
7929
9745
3310
2813
499
1751
11619
5862
5555
9128
727
9859
5202
8266
10288
1702
5843
9145
4610
4738
11245
7759
7882
2644
1988
4573
4337
6503
10534
9082
5126
2428
6684
1487
1428
7108
2852
11041
10073
11199
10311
5235
8469
8859
6408
4300
6330
4590
4479
2404
7934
1694
11438
4505
3625
5669
5652
5269
543
11314
5472
5177
6753
5097
11812
7536
1406
3415
4406
3037
357
3487
336
5963
9156
11836
11729
1993
2978
4635
5752
2805
4352
1996
3206
6255
11134
2363
9385
821
5533
7334
10571
7047
10862
9975
3197
1246
5759
150
10339
2486
10271
6983
649
10352
3193
11
10791
683
10785
11838
1570
9149
6490
5293
4634
1216
6040
5921
8466
5941
9155
10900
671
2365
3089
10990
7202
10600
9829
2642
10752
11032
6401
2810
7119
1980
11330
7836
918
11655
2487
9205
5169
10064
6871
10398
1413
3863
4831
8772
6823
5188
3123
11202
6811
11240
11858
4301
6673
9217
2468
7939
1955
4709
371
100
1286
4874
9317
5023
1080
9090
11651
8330
882
3995
7273
3379
4109
6299
3833
11230
1628
1573
7396
11224
5967
6246
1266
6691
5497
10344
4487
8028
3931
9133
6397
4798
6992
11035
7951
8229
7415
6874
5677
2411
10687
6908
10484
11133
8929
7145
5659
5348
517
7305
9204
7865
6589
6314
7447
11550
5803
3893
1407
7900
8933
677
7342
4279
7347
5954
11802
5548
10836
3813
6571
5203
9328
9440
5970
768
8230
9697
5899
3544
3464
4992
11640
6661
1642
1695
9344
10307
10129
6703
9471
3490
9736
10186
8612
1197
1556
11899
2490
1693
8532
11157
6032
5657
11353
2474
5383
1973
8045
4807
6567
10806
10761
4447
11645
5319
6211
819
10831
8485
11660
1634
5256
11894
5719
6815
559
5733
10332
4416
4783
10880
4755
3629
8192
7366
379
953
291
9914
8711
9994
1766
3316
11541
9620
8093
9127
10074
5243
2472
11519
4330
7601
1688
7990
4844
6847
640
8453
11401
3515
8227
9416
1829
11037
9830
7043
9882
10313
5061
1583
2857
6584
6379
10493
7969
6873
2303
7696
11720
6316
7660
4016
6482
6540
5782
3261
10657
10458
6916
9236
9312
6402
3710
5937
5179
6270
6120
8226
11300
5481
4055
11451
11871
8848
1687
627
11740
8858
4881
4329
9824
11072
1475
10385
2601
5832
10772
8394
7581
8746
2583
1836
5021
5087
5363
11241
3133
9372
7777
2343
2249
4418
8155
9997
10004
3180
6204
391
11472
7110
1338
9123
714
3135
5790
3599
6112
1158
7808
9774
8335
4650
1554
3280
3819
11403
3023
2692
6242
8704
11396
10066
1046
807
3013
4788
5702
2480
7332
7911
2182
6514
6210
9409
7578
6449
4358
9105
9005
9450
5489
11192
777
609
4516
7323
3678
854
5115
5427
2485
458
10058
8435
2587
3288
4075
11096
10713
1846
8210
10511
10706
7223
2117
6090
1658
10841
2720
2449
661
1947
3597
9349
7204
2525
2376
2977
10331
3242
7700
2806
1157
700
4056
3547
6615
6015
5927
11346
11409
447
11095
1281
7256
10428
8700
7589
11787
3685
1327
3194
10317
10062
5726
9665
6955
5321
9524
2680
9038
11142
1619
4919
6951
665
3906
2051
166
7242
11539
10972
6898
6057
4195
6489
825
4015
4787
10826
3811
3666
8571
4286
9898
9485
3844
6545
23
6009
11136
1580
8424
2433
7180
6283
4517
4529
8084
7828
3808
4103
3878
8581
9379
4311
8218
9551
2479
10251
5949
9522
4508
5458
11365
6337
4209
5946
10873
5050
7009
7226
3394
1005
325
675
5947
10895
5091
759
3
38
5853
6648
1199
5599
3725
6917
9121
266
11030
5290
7181
6801
7456
9050
2185
498
10061
7485
8468
4367
2013
3800
8511
2191
7376
4608
8257
1560
11260
8643
4073
10820
7365
9984
6598
3021
10774
8036
9972
11922
8301
3301
448
7632
4870
3511
6520
2357
4871
5366
5364
10386
11557
9007
2242
2736
2277
2252
3966
729
9264
3911
1086
3979
2120
1063
3895
3637
8520
1117
7209
9990
7751
10410
770
7998
9447
5406
1863
2445
10520
3272
8387
10269
5100
9918
9807
11749
6281
3883
11670
4565
1153
6181
4278
8955
10592
3086
5274
5500
4412
8774
7888
11317
4708
2717
5804
7436
2398
2206
7575
5402
7179
8429
9649
4371
3198
7458
25
4425
5162
4414
10516
10885
5720
11542
10857
1469
5984
3977
10790
6147
7962
3413
10726
3742
4149
1805
4271
2996
10321
11854
4656
7469
5295
4159
11540
4916
3768
4618
10045
2044
9544
8715
5157
7830
1633
11533
3151
10943
9531
1156
5888
7259
2300
6475
10168
720
9699
11430
7720
5825
3121
7832
10188
4369
8759
6031
5688
6498
1486
10745
444
4125
604
11116
4150
3405
4982
2116
11227
6156
3422
11052
9507
3462
3102
7566
4735
9160
9694
1020
10961
2088
10502
10808
1574
1357
11555
5191
6324
9616
2530
698
2484
1812
6638
7959
8258
8284
4272
5503
9525
9383
2664
5607
5675
10610
4212
3848
4801
4549
10471
577
5114
1125
1055
5425
881
4320
9049
3358
5622
3389
7014
7082
10212
2250
363
1825
10559
8415
8194
2951
3875
7192
2695
8914
10306
10748
8978
1899
4815
8285
5518
9330
4863
1504
878
11618
152
9360
9408
7695
9969
2388
8595
159
4334
4267
8493
8444
8244
11558
9773
10514
5200
7197
10310
10967
4241
4179
7015
2169
9032
8204
1711
9489
7425
7773
1927
2532
8388
10225
11290
1313
186
3392
10575
2212
9725
2265
6129
836
9523
9820
1872
1718
7717
11735
2063
1082
10348
8399
10027
3501
3047
11811
8377
3638
11596
5958
9921
7767
5811
9183
4736
9806
580
3152
11706
11587
11483
5025
10417
11140
10134
4104
7827
11772
10137
5080
7324
9546
3518
5149
6698
47
3125
4113
10283
8882
9363
1691
6319
11597
8296
4366
1094
9776
5391
11633
11872
620
1612
5067
9696
215
11600
5086
8470
3514
6585
483
5006
11676
4938
10220
7168
6820
1761
11009
2181
9001
3943
9917
9192
2675
6889
8770
5286
5667
11635
2174
3702
7654
5822
1555
7133
7345
11282
9757
9413
691
8020
4507
6357
9875
8178
6380
813
2651
6026
7048
6328
10172
6307
1185
5807
9611
8338
3522
8066
5359
3362
4528
8246
1149
3249
3959
4341
11248
3286
10096
861
2345
1614
4675
3382
4757
10139
4605
11292
9459
5486
3681
10779
8816
7894
11559
8139
5187
7606
2140
8806
11079
9893
3445
6146
11059
8405
910
2887
7077
2912
10737
7457
3374
7772
6609
6523
6875
10127
6469
1259
9844
1654
6739
7164
11439
4763
11586
7745
7060
10490
1450
329
4714
139
7053
10606
2907
7977
2470
7286
11315
561
5867
9077
3575
2955
3370
7723
8822
1198
9889
4699
6238
1541
10983
5990
8321
4882
4498
2816
9451
1540
10864
294
11476
2962
425
3433
5420
11038
1195
11083
292
156
496
3658
2414
2410
9644
2219
5789
10561
1460
3656
7207
7653
716
848
2352
2718
175
5139
11099
10038
4846
1731
4502
4037
2998
9341
11762
4400
5492
1273
1662
5370
5760
11912
5186
2895
1769
8494
3407
4003
10840
11917
5680
3797
5620
11570
2588
3500
2058
2576
4028
4146
11225
7844
6207
2755
145
4050
2478
472
5421
8798
3235
7371
7141
936
10702
501
7754
1606
2071
1552
8569
11093
11080
1671
11003
789
1838
7861
3353
11878
2378
8070
6511
1218
2506
27
10191
3186
5959
7710
11276
6789
6860
6633
2906
2119
8225
1786
10949
6485
9356
5415
8781
3548
5608
3082
6123
9657
892
1549
8645
8931
11798
10431
8406
1288
5549
7292
1852
3304
10210
2784
4198
3281
7842
96
11498
7527
3110
4143
1278
5907
6829
1415
6910
6630
8665
1243
10908
945
10863
6011
4578
229
3423
5655
8500
10375
8796
1520
7682
5251
5182
9333
2356
4868
6920
3543
4503
594
5176
3120
7897
2241
11237
5859
10626
2150
3192
9663
1370
3118
4211
9865
10552
6807
7105
9081
3873
4854
6304
3566
4031
6628
11309
8378
3711
2285
4623
4405
1214
4945
5529
8439
316
3558
1335
4837
2099
9265
6285
9114
4105
3909
3841
6410
4762
943
743
11578
6038
4867
2721
5738
10215
4396
3530
2938
7031
2500
1367
11674
1983
11380
10501
5014
9048
4219
6331
6023
4631
11212
410
9256
351
1587
1879
1918
1501
7086
7030
8553
2782
487
5210
10442
10394
1911
3199
10255
7974
7628
9892
3754
1649
760
7010
9496
2168
8190
676
7038
3812
11564
11495
1217
10051
5769
9946
7484
11866
6865
2537
7936
8496
118
7419
8938
10282
10953
682
10244
4
1544
8522
10987
4535
5070
1562
9823
738
6702
3831
7308
463
7418
6669
2121
11913
1188
8328
2685
6247
4494
5490
4045
10420
7042
9708
1677
8552
183
3240
8183
207
9238
2812
4102
482
4126
4251
1236
8688
2046
4332
9499
3538
10000
4885
10371
655
4584
11469
8725
710
556
6971
3414
9336
6198
8559
2106
2514
11390
2351
4216
7672
9480
8376
1542
4737
5399
7799
3074
8721
7487
4644
3355
9598
1285
11644
4065
7881
5520
11267
10101
8223
3730
6288
8206
370
6253
4547
2154
5081
4827
6852
1011
7987
3587
1997
153
4734
6473
785
6532
263
1689
6276
4262
5230
8502
7200
2827
8509
2801
468
3521
3502
4672
8919
154
9229
3849
1325
7826
5358
6712
2778
1623
1995
6701
2551
1807
3314
4908
5656
3503
8233
3549
3264
3913
2163
711
6719
8005
8794
243
8032
8004
5563
10039
10929
566
5578
11679
8159
5118
7296
1029
690
1376
2539
1938
4227
7364
9245
11860
672
11197
6665
1382
8135
5787
5923
2838
11481
8164
11369
7552
3296
11754
3139
1680
3012
9535
136
6934
1057
7028
11102
6600
98
5090
7884
10257
8128
4442
10617
6414
10498
8168
3632
5737
2142
7360
212
8097
8050
11028
1455
6750
8382
4239
10006
2956
11046
11416
11087
5303
9516
1215
9832
340
7101
6101
9949
6841
2961
10426
10445
5416
1814
7948
3404
3676
1951
6512
3554
6377
1577
10628
7768
2199
105
5711
1036
8280
653
3201
10478
8030
4165
10818
10318
9920
9704
7353
9790
3006
2849
9140
9043
6542
4210
7714
8181
3421
6116
4475
4305
7096
9452
9359
6632
4878
6657
3219
6666
8546
5854
684
1145
9712
5330
6457
4691
5850
2921
8042
9849
6186
7271
4274
1507
1632
475
5167
8925
6948
2633
6582
6697
431
9785
9870
1420
670
355
9971
368
11162
5392
7780
1898
5991
7167
1267
2223
5217
6643
5778
9269
4254
10067
8239
567
4437
570
5880
9890
4957
6804
5000
1340
1035
871
4743
10801
9326
4537
11694
2036
5704
9097
4470
5306
4484
1175
885
3095
8860
7475
3160
2104
7136
8411
1904
883
3929
5120
5666
11822
9961
718
1017
8375
11502
3523
6167
3693
4339
658
3398
1826
4094
2328
1586
6548
2178
4810
4760
11375
7667
5168
2366
8404
2592
3437
149
3870
9214
8107
7558
1874
5780
230
4752
4010
8740
4935
6884
7023
11343
2656
11014
2753
204
6195
7921
3068
7831
4382
7081
7954
4924
2826
6694
7492
1762
4976
9436
1366
9289
11761
5325
7012
11693
9473
328
2409
11583
6440
8578
2986
424
5516
3188
7214
5409
3914
6339
7971
1045
2393
11203
3729
6155
5273
5412
5488
2166
5134
2231
685
11411
8741
8132
2052
11299
9308
398
4812
8366
3244
2774
1132
2974
11465
8037
2742
2874
4525
1862
5736
9923
8431
202
9581
9414
8374
8628
7055
9592
8994
4421
9738
11126
8248
6964
11790
10701
4077
7300
1733
579
4468
9783
10509
11262
1058
4466
10807
8981
7912
2888
9658
1860
7481
3356
2567
8600
2136
4730
11615
860
978
9382
4920
9059
11364
3096
7771
8591
3682
9350
11744
4397
2197
9106
762
10730
11127
6956
5125
7805
864
3366
11307
4022
272
8104
11278
7182
9476
2684
7591
7221
9164
8818
2123
10889
7544
7470
4233
3376
4695
4391
4599
6501
9597
2347
11321
2018
2064
2268
3835
7821
3591
5353
11067
3980
4097
451
1709
4808
8613
8416
10809
10852
5745
4288
838
6326
9139
10704
3733
5554
8016
2795
5566
8365
6468
11257
8764
6423
1866
2512
7421
3583
9589
8166
11179
10259
2325
1007
4012
11817
1482
11684
9617
9251
979
10719
9177
3000
4324
4753
84
11595
2706
11191
8175
6982
10930
4093
10625
8670
1966
2999
5224
209
11421
1025
9470
3144
10128
6723
10256
7174
10958
6095
1647
7803
3969
3865
8907
4643
9691
9230
3971
7400
5924
3999
6780
11019
10435
7638
1472
8620
6824
9672
10427
585
7756
1002
8807
3748
981
7052
1360
7741
8428
7453
1757
9638
3031
9899
5989
5294
6056
2630
1714
1228
5645
3668
1967
2251
7584
9454
8771
11074
4114
10650
1466
10572
686
10540
11880
1976
766
2965
4669
747
167
1477
1971
3208
2946
2785
4148
7967
11868
4823
3750
8088
3122
9609
10655
1261
3706
3782
5718
8294
2207
531
4410
10822
3434
24
345
3381
3328
10315
504
5142
8053
248
5094
9488
986
2269
7496
5221
4345
9193
7705
6450
234
4888
260
9633
7035
7032
5893
11153
9062
5007
8100
10922
4780
10639
6267
4319
4463
582
8820
7072
7208
10695
4630
2330
9167
3142
9695
6311
4471
6434
2756
526
4809
8432
7402
4561
3561
2553
11687
7641
3321
11505
3579
8648
2701
4161
8409
201
9458
9937
11185
9175
9293
9340
158
11606
6957
7502
6619
9666
10253
8455
6170
9878
10795
6411
9157
4742
1138
8927
10455
11054
10574
3402
220
2577
10817
6055
11222
2538
2863
4950
1547
3226
7098
6409
8905
449
10069
45
117
2153
5223
3114
5609
7107
8171
4616
2754
9331
6418
2260
3176
7184
252
10250
2009
1409
2915
9973
9561
6300
8987
4829
10751
744
3384
2792
803
7834
8871
481
10981
95
4931
4379
507
10886
2419
2507
4000
4145
10803
6613
9874
4928
7978
2295
11206
11242
7368
5983
6424
8999
4138
5513
9375
11628
6096
1442
6970
11298
11077
4398
79
4258
9688
2788
4277
6113
1513
7738
3760
3834
5820
2346
10020
10942
11581
2746
2930
1897
11219
11779
6212
3660
10370
9854
3947
8243
1380
9299
31
5572
11479
764
11783
4115
2859
10853
3185
7583
8922
4952
11045
11532
8632
4819
5646
2108
844
5449
1096
10890
1047
8148
2081
1068
5616
10623
10354
2673
11814
7889
6164
6145
7446
10185
7479
6272
6958
11692
11688
7596
7994
9397
10934
11616
6969
645
5976
395
1205
5111
9294
1880
5451
9998
10673
972
1271
11249
6035
11629
9403
8876
8134
2151
1748
0
41
3940
11455
11832
6422
6321
10324
7004
6187
8800
2543
2734
7755
2394
6515
9661
9671
11566
7036
8443
8169
2947
2493
9868
10214
1922
30
10870
11904
5831
3119
7743
208
3276
7239
10876
10678
6557
9494
9625
977
3025
2924
2600
10291
2643
5765
434
7149
7904
11189
4629
3832
10821
4004
9570
797
2611
7981
11609
9154
4180
3963
4452
7837
3614
6135
1888
393
1383
11573
50
6298
11501
2762
7220
9141
2662
11840
10434
1665
10975
1741
93
2373
7148
9772
1151
2477
6373
11389
2243
6085
8896
11825
11810
4999
1026
855
3726
3924
10328
4544
1998
10369
5002
54
7614
4546
9952
11207
5671
11158
7905
9799
6081
3749
5343
4949
11914
960
2380
2593
2933
7585
3775
10487
5403
7127
1703
7187
11910
4266
9813
10336
5844
11932
1098
745
7091
7964
9108
846
1337
8103
4034
572
441
2639
8420
1179
3879
3756
176
10524
9158
5597
8944
6718
7662
3862
9253
2737
8395
65
2715
8565
9071
402
7160
8562
11342
7450
3504
11062
2970
11424
8474
1701
4638
9460
1936
11552
4674
4926
2803
10560
3939
9343
8805
1678
8708
9348
7687
6935
6574
1867
3090
822
888
9509
3265
8383
8105
11602
414
9871
9542
3857
10289
9646
1324
905
8350
307
9153
5245
5649
5824
7020
8322
3101
11322
3648
2034
4987
8217
2085
4231
5373
1948
674
9039
3809
2880
6345
2148
352
3471
4008
10986
429
1494
788
4497
9099
10899
3081
5828
7025
422
5936
1900
4023
10159
1042
1651
3450
11464
11177
7128
5686
9720
6178
8136
11373
8886
9411
3254
2881
1189
9643
7178
551
1165
2244
9622
7017
10914
11777
3578
11000
10736
8507
11588
2370
2306
5545
4775
11210
10377
5570
400
553
10179
7957
2134
8568
1728
1545
7420
2254
7275
11005
275
5438
8940
1881
11862
5058
8393
5109
11261
9956
2040
8976
2176
151
1299
3763
10980
1100
11379
4768
654
8887
4328
4853
8980
2871
5407
7740
3542
4705
10363
10766
1725
8561
11675
874
3616
5876
8182
8995
6949
5131
4141
6073
9373
8671
9656
10267
10374
10021
6530
1890
5524
2080
4201
11042
7713
5964
4600
9869
10152
2624
1361
6740
1463
5505
1771
2101
4556
8647
781
188
6945
5874
6104
377
10462
3173
5464
4046
11423
4007
132
9466
6069
4306
10406
7671
1978
8660
3040
11097
421
11388
5485
7736
2157
2950
1069
1118
2272
404
9209
10295
11833
9753
8583
2949
3839
11361
6805
11584
3234
1595
5340
1517
3567
3949
3231
3171
10652
5431
364
1734
4515
578
6888
8646
11681
7615
11204
8117
9900
7762
3822
4614
10319
3990
10388
11856
3778
6929
5636
10573
3572
6052
11859
2033
2235
2627
7212
4839
8283
11702
8495
11384
5638
474
9036
10242
9526
8505
409
6850
9291
8990
7866
7319
2561
9406
5008
3073
7289
8254
5170
1447
7154
8334
10590
11930
5965
6459
10270
4185
7958
10091
6105
11348
7896
3283
7344
3641
1919
10018
3712
3298
4800
10521
11358
10679
5562
5298
90
1191
5049
5388
1593
2948
7988
4541
6172
9529
633
4985
10732
731
6007
6229
9742
4595
10147
2676
8590
2299
10033
1929
8823
8911
5305
7926
10869
8783
4664
1274
1605
8312
8063
5117
7217
11888
270
11268
3988
4520
5380
10951
9288
9434
4621
7245
10664
681
7657
6525
3482
9387
707
187
383
8996
8480
6356
1372
1526
1144
296
10464
5404
6274
1726
452
10132
465
2164
2282
8147
7473
926
4747
10475
4292
11509
5932
7690
3804
8863
1123
2128
10523
10659
8717
6972
1893
1777
2872
2971
6142
8973
11857
1839
8728
9196
7942
776
4627
6846
7274
4781
748
2743
10098
7330
8669
2563
9841
3562
5240
5396
1617
7769
64
3661
3084
2135
3807
3563
11316
7489
1412
8625
602
5744
2090
4899
5498
5502
5150
2491
3677
3837
1637
33
8337
510
10668
7766
3788
179
868
11647
5593
10298
5469
876
4733
1558
512
10855
450
8303
5654
6797
7855
10169
225
8069
7898
10456
7147
1252
2765
3273
8821
5999
6624
4598
8012
267
7379
2423
7901
6563
2230
5598
7794
9417
7295
1902
9491
3877
6128
9612
2015
10672
8162
2800
8051
339
6438
3292
4364
5099
3019
2545
736
7092
3203
5501
1311
9512
4047
1776
9534
2017
4453
5841
11718
1851
10636
1001
11050
8446
4581
8814
2533
6360
11520
10828
3002
417
4488
11385
8768
2072
9681
600
11457
1283
6997
1089
539
5786
5424
7413
1310
6711
170
7455
3801
10777
10709
1903
470
527
6335
2751
10773
11824
10798
9880
6748
6802
5207
5372
1223
7278
6708
6907
6159
1192
3964
10944
7257
6947
6580
7011
8917
10966
4805
10510
3828
6051
11698
11613
11414
7820
7117
6226
3546
10105
7333
7354
8968
6610
6041
6611
2100
242
4681
9835
3516
6886
11561
1719
5661
6961
6659
7462
10070
11739
304
1516
2355
4568
9211
11118
4127
491
11408
3436
11759
11800
3128
4454
9347
4499
1891
11927
8956
4376
6483
11818
4457
1957
4014
7609
3987
1143
9505
71
199
5556
2659
2615
10782
940
6488
10731
8827
652
10741
6084
11016
9639
10497
6692
2392
915
930
11525
9538
466
5215
8634
907
3178
8636
9316
9632
8797
9111
1774
7097
4564
849
7348
4190
3798
9057
308
5774
11886
8119
11338
2509
490
7809
8706
1509
10850
3630
2364
4486
2074
3663
10601
6777
10881
11806
6710
11308
5658
2620
6176
200
10011
5218
10080
801
6202
7928
5316
774
9178
1640
6160
3401
6175
9051
6671
10583
6294
6776
9346
1470
753
6208
18
2030
7902
10163
7915
11151
9615
9433
8179
3130
4746
4700
1661
761
8277
7980
5238
5998
5478
7000
9756
2843
8065
6152
621
9463
9021
7748
5476
9590
5239
5715
11398
7666
4441
9939
3846
6830
455
8627
3640
7361
5345
7674
5226
6704
10302
6338
9044
4603
1423
6163
8212
4027
10425
8101
2447
3367
6241
7464
5461
10171
9521
947
7885
1183
8624
5201
6099
10457
8508
11497
6996
11205
7034
4988
4527
10268
11537
7326
5204
2032
5673
9184
10542
6301
5536
6280
7630
9068
8641
11741
1793
11144
4972
8554
10143
11764
7677
6158
6650
9366
2621
9101
9235
7716
9715
999
9165
6235
6077
2112
1467
11893
1303
9206
2807
9422
11643
4076
359
4536
10383
1343
2256
9560
3098
11696
10887
2037
7316
3769
3557
1163
2066
2369
9746
592
8241
10155
11903
10525
9571
865
8684
1419
7089
10866
2039
537
6382
1322
9941
6555
471
7205
8240
3072
866
10468
8324
5089
330
7669
3386
2518
5279
558
3337
5504
3936
6435
7521
1395
8307
6141
7976
4331
3229
4890
10527
2375
7131
11536
7568
11535
7524
7853
2779
514
10770
2941
6442
11549
102
7173
7372
7823
9623
11667
11820
863
7699
9364
11722
2271
4816
1827
3347
9394
4137
4275
9944
5906
10548
6940
4582
5280
7248
4570
1018
10769
1518
8953
9190
3650
10290
10963
10265
1162
6134
2936
7930
5992
4477
4744
8457
8068
8857
5519
5398
5314
6896
1676
9091
11156
4495
184
3250
11804
10931
5748
10351
2542
11048
1272
1597
5684
4144
800
6689
10303
11518
438
11160
1341
8536
11661
9886
7468
11228
2690
11751
5642
1070
9698
11683
3784
3921
11805
480
11448
6537
5342
2290
5435
9950
10780
7749
7318
8566
4750
7460
4830
9465
6476
4834
10892
4248
6306
7516
3928
7171
4449
9069
9012
10293
282
5192
4685
9415
5022
3311
10997
4167
11272
8340
3854
8611
361
809
4677
4613
6629
6882
2666
5531
7161
3330
693
11621
3317
4670
3483
10993
10685
7244
6075
11021
5763
8784
9277
8390
7787
2198
1295
10663
1849
9705
576
1783
6303
1489
7529
5032
4796
6320
3424
536
9619
6818
1522
11716
1985
8354
2284
4696
6746
1759
5837
7005
3087
5387
3675
6618
4393
8521
4962
6612
7582
7422
10443
746
1293
8256
7230
10472
6487
4778
6049
9380
9439
6177
706
4703
1103
301
10842
10158
9670
4604
11636
8786
10142
2866
407
2416
3917
6656
7369
10638
6174
6463
11352
6562
6587
347
10587
11163
5439
11610
4482
9781
3884
1717
1425
11784
7728
5324
11508
1956
3751
7555
8865
1810
7427
10643
7152
6881
4989
10681
8126
6106
715
7426
1031
8343
798
4492
3124
6803
8275
11131
6309
2129
6608
8389
11323
7793
2708
8528
3596
3506
6679
7269
5528
7663
7018
3385
396
8556
10403
3065
3652
6154
6642
5137
10586
10280
6436
6686
6751
5331
11780
5801
4188
10411
1240
823
37
6462
802
5253
11808
11418
2821
5174
416
7176
9904
21
5731
2723
2864
1294
6591
2832
1937
11496
7335
9033
4451
8651
7982
4408
4794
4085
4671
4940
7258
11036
9320
10580
11170
6519
3933
70
9627
10697
11449
2517
8272
6722
8943
10161
3054
11115
10019
8434
923
5767
7387
7399
4637
9231
8809
4731
4388
4383
8633
2
6413
8598
7008
442
6965
1802
2304
4918
3935
8482
8626
6590
5198
6699
5633
3764
9913
4723
293
3855
10910
460
4984
4458
11433
1148
2469
9901
2683
2096
6452
5206
6565
5973
11266
3472
4811
11053
3565
7233
10053
10877
4343
8873
624
737
2464
5374
7651
8142
7466
11915
10940
7442
6368
9053
11713
5637
1844
477
5567
1290
1208
2508
8787
10962
11090
4825
10507
8619
2435
10694
8176
893
8576
6371
10612
2780
10742
1736
7602
9013
5442
7124
11755
8682
8813
1889
826
8799
9198
7673
3099
6327
8110
5944
8414
11500
5010
7811
6854
7531
7985
8454
10049
7079
9420
11129
8056
5079
9325
6012
6706
1369
1559
4843
2988
2927
9572
6527
4770
3972
8250
5942
9805
9804
6564
705
5948
11463
19
11427
4375
5349
3207
6227
4969
10906
6400
7603
9537
1038
3892
6277
8971
1842
629
1220
8186
9453
7629
5560
7764
6383
5463
218
6169
4833
68
9767
11624
1044
318
8251
5575
7443
3593
1159
7388
5810
11263
3042
8691
1824
5628
5311
237
10500
116
1961
4342
4905
5271
2556
5915
9786
6019
9930
2922
8150
9788
10338
5257
11727
3357
805
7550
11551
78
3853
6930
3428
1529
11512
11884
5161
3785
1022
7050
9234
5741
3187
10149
5231
7816
147
9242
5103
4244
2273
4184
2321
11622
4041
3343
2735
3526
2362
2992
6010
271
5423
1798
10146
1650
2045
8952
2555
2335
11507
9709
852
4927
1962
3163
4648
3719
4639
6231
10125
10017
10284
4356
9798
9176
1332
8302
6588
10896
899
4706
2773
4177
3740
2958
10429
9019
1864
6822
3300
8657
11359
6894
9602
148
5910
3795
3256
6121
6151
1476
9477
4204
11844
5320
5951
6687
2042
859
9222
8370
11791
4160
4673
10182
10613
1784
1060
5792
2091
5761
1742
3408
8716
3470
9877
3045
11198
6205
3484
2155
7044
7338
4402
1758
1248
10909
1885
5084
1989
3204
437
8351
11363
7185
5747
9202
1280
5336
7918
2758
10286
5579
8760
7254
140
8099
4268
10875
2932
9189
11155
2144
4232
2671
3022
10081
3100
3270
5365
4766
7203
10897
6021
2132
1120
6899
9703
3134
8678
2702
5734
6839
4394
8753
10106
7925
3533
5287
3161
5664
8353
4071
5108
4424
1811
5362
3550
48
5092
3018
11623
4554
11008
3369
9584
778
6763
6895
314
790
877
10226
6639
216
8694
9282
8484
9925
2220
5254
4661
8984
11890
22
10402
8034
5886
11023
4327
7781
2892
2964
6354
8253
7104
8331
7617
2432
1182
11190
1433
9842
1109
3653
758
11474
1257
10084
11699
1920
3620
5784
5756
1792
10233
518
2811
8621
6946
2427
5346
2573
9947
2747
4712
11680
7648
9322
7813
11733
1539
2934
5441
4593
1108
9393
9054
10368
8695
7272
10448
9072
2054
10023
3077
7955
315
7317
11056
9124
9687
233
1515
10647
10755
4435
478
1256
4958
7307
1424
1990
8224
9479
11843
11933
7800
9936
4625
10883
9064
4206
10114
9070
5459
386
4121
11445
5781
9170
4313
10422
6791
9607
11593
4448
5216
5046
3952
5477
1788
568
2741
8082
10911
8540
9130
9271
6428
9239
11456
8263
7293
5610
9982
5743
3478
8899
1730
9430
505
9940
2541
9207
10346
5996
1729
427
2791
10971
11125
4108
4182
3743
3282
3055
9475
4175
2990
3378
5917
5020
9159
9780
5285
11747
749
2544
4903
9323
5522
10879
10658
7051
10518
3886
5758
780
56
9435
2459
7867
11258
1674
9232
11017
692
5729
755
366
5382
2923
10046
7887
2891
10630
10689
4666
6289
980
11748
11653
8095
4087
3078
7084
10539
11470
11337
2087
6607
4351
6266
7860
11220
6651
2214
5471
9257
10849
1059
7801
8085
7013
3976
2102
4649
6407
3904
6672
7063
7910
2674
6420
4427
11769
11891
3148
6758
2905
6745
3537
8729
2883
10503
1305
4361
3923
6681
5356
5694
11855
6526
9727
2619
11305
8023
4601
11010
5943
8672
11480
415
7483
375
11295
326
9174
6981
10874
6366
7157
4765
8501
3601
2574
4826
8951
7569
11392
10099
1111
11821
5511
8471
305
8423
7652
10519
4465
9991
9468
2395
9024
6994
5436
3092
299
3736
10654
10376
2278
3639
9817
1553
4620
2323
8380
10141
8268
7938
7250
3375
11489
5301
5389
1883
6931
9221
9125
2856
11406
4913
2714
9113
8089
2011
5098
6744
343
6817
7022
896
1727
1404
7731
11491
6444
6252
1093
3425
8932
4135
6456
2075
8087
11691
2564
8477
9795
8260
9549
2897
121
673
5015
4912
6429
2124
7070
36
5770
2222
7380
4799
1875
3299
2672
3869
138
1363
8902
2890
9587
8699
1656
7169
6601
8152
2407
10391
10054
11279
11770
6869
10436
5577
2610
7665
8138
113
4205
11304
4773
1140
11731
3891
10322
10173
6720
6024
6836
8758
5985
11816
3654
1987
2983
8013
1085
3902
3700
1557
7622
7833
4729
4370
4943
10764
4676
6014
7163
2430
8564
9719
6675
7284
4692
11167
6313
4689
3889
8462
3088
869
4428
1364
948
4163
11575
9327
2661
3916
10276
5281
5093
7843
1170
5817
247
6858
10120
6045
6499
9958
4720
5455
10407
5368
11141
11726
3806
3033
5222
11233
11231
10447
10252
107
4764
7006
8767
356
8745
5183
2831
11842
11750
1296
10670
3603
8773
1432
8539
8752
5591
2173
2341
9800
8372
1317
5479
10693
4869
2531
2147
11757
6832
10412
10022
1543
2289
10716
9833
11778
3825
6317
2105
3932
11882
7100
5393
1440
783
8326
3747
9186
1241
3388
9427
10264
3246
9391
2745
3274
4080
7732
10437
1408
9731
843
9747
5846
3154
2817
7433
8481
6190
7814
1611
8934
9769
6495
10956
588
3332
8459
7825
15
10558
7785
5870
8854
1525
8965
8879
265
2320
2963
10206
4848
3903
575
10190
4297
10576
5056
5031
1385
295
2722
1006
4861
6315
11898
2308
9213
10347
11002
172
3278
3303
11782
6688
14
8804
3626
8580
8400
956
5367
6161
6390
11829
6737
590
6344
348
522
2789
5971
11648
9273
6878
9474
7001
1101
9909
2679
5036
10419
1134
5044
9318
2349
11682
5676
11265
9721
646
8685
9883
7763
10195
6460
9568
7791
616
964
8189
7146
7059
1444
4797
2786
3984
6674
8452
7684
3129
4218
4682
3665
4257
1690
10297
264
1506
4904
7191
10461
7190
4711
7706
10579
564
9324
3325
5119
3897
8041
11928
1931
9879
453
7094
6778
10505
3253
2441
5681
11426
10409
8315
10451
8537
3845
6605
9246
10564
3925
10743
7549
6219
2126
6620
1126
1905
5208
8793
814
8009
8894
7750
8398
9932
8610
7507
9297
67
2546
5977
10893
5940
4359
4936
81
11453
1401
9797
8205
7620
11649
7283
8476
8866
11437
4124
3049
9226
8808
3992
9674
9689
9677
7027
7424
2233
7401
55
6709
1950
2504
5813
3860
6250
5902
8838
1127
11243
7873
4237
1065
5617
388
9396
2869
1499
6928
11876
4559
10109
5127
6091
10928
7331
4472
6974
6897
5755
11395
8433
9283
6760
8349
11216
1033
5808
6020
4914
4295
8985
3531
4072
9840
8106
4597
3545
8080
5705
4866
58
4588
10272
8490
10213
8789
5629
9216
10217
262
6774
9953
730
5499
2597
4633
10326
9621
10432
7586
3957
2287
1392
4166
4242
2889
7616
1981
9707
9182
6792
7281
3773
4510
8837
5969
6403
11923
122
1669
8029
7908
6384
1099
1921
1498
1174
7644
6991
3391
11650
839
779
5663
596
3289
5532
2585
696
6157
2067
4596
11547
8048
10615
4287
2982
10756
10919
1439
1384
4679
6715
7440
11440
8199
6768
8157
439
3810
4404
9410
4273
11355
3524
11293
9605
4389
11517
5053
1519
1745
5966
7102
1458
5232
4813
9457
5219
8242
7943
1567
8555
615
8868
8724
11526
10424
8757
11211
6042
935
10249
3315
11294
9428
689
9102
6222
8817
3172
6812
7083
5717
10320
9735
3752
8022
4082
8001
7592
11297
11169
7328
10984
4021
9248
9135
5952
436
6678
3312
6676
5166
10851
3564
2125
6071
10718
2384
5129
7003
10337
991
3108
11071
3406
4716
2591
1116
7510
8276
11264
11887
9254
1456
6374
4513
10263
1561
11082
4009
2719
4693
11012
4052
3116
3104
9631
7367
2896
6153
6576
2061
2979
11034
7818
4456
1387
189
8614
11603
10444
9060
1230
8201
9335
5833
11563
11515
1887
3592
4895
4979
10830
10446
10734
11918
2095
6913
3708
8049
3342
6209
900
8344
10001
1775
1465
269
11111
9095
4303
5347
7737
10746
9162
9084
9739
11473
11807
8779
1304
8742
3457
8640
9863
11572
4390
7329
125
8846
4002
4717
10465
224
10788
1508
6115
2402
7973
285
2568
4951
4655
2195
5523
5193
5276
2975
1969
5979
4294
3555
5559
2291
1596
6340
7916
3442
2107
754
8596
2454
1095
8769
10703
8607
4013
3781
10065
6845
5689
11081
7670
5860
1269
9472
8608
280
349
2385
4961
11329
8777
2918
9660
358
2239
4864
9405
9993
5344
8165
5623
10040
5865
8465
4058
9047
10529
6635
4552
131
1932
5819
6448
10682
916
8215
1790
6078
6067
3458
6902
10691
9079
5475
5995
9122
913
9987
2227
6938
10496
5776
9779
8333
6535
7243
9441
2183
5395
8187
6729
712
951
11669
11471
10923
4901
6559
5708
5842
5426
1471
5123
1566
3479
8535
6867
10366
5267
10095
10207
7659
7819
10781
8967
82
862
2056
3899
2406
241
1422
6742
9342
7432
10055
6412
5194
5400
8425
10439
2969
3532
3294
5683
3043
1378
8002
2162
163
6759
274
6451
1646
2456
4803
4990
5798
8683
2012
5861
4566
775
5411
9171
6769
4802
9268
4059
9285
7607
7961
11530
7600
4234
6006
11214
6790
1242
11460
7357
8140
10392
4147
9851
638
3295
5982
205
9967
4784
9358
4981
3497
8549
8735
6513
169
2731
5814
8582
6443
1173
7384
8339
11786
6236
10591
7232
8047
8306
4651
3327
3039
3305
5626
2833
1282
7412
3492
8826
10865
11004
2655
7201
8154
9977
5272
3628
973
4246
10861
3308
5196
4063
8982
8355
11847
443
6644
1394
1845
6680
4697
7228
3590
11467
2802
5299
9490
5525
7605
6683
10359
509
1737
6333
1300
2552
495
990
5197
9443
8531
6132
7927
5507
5639
3486
8666
6747
7299
8402
2667
831
10566
10452
6900
2647
5185
4791
914
4001
6851
10083
9425
3228
10819
5847
9667
586
7142
10727
11006
5467
5474
5641
946
1258
11092
4411
1747
5695
8373
8021
6634
8247
6783
3026
4459
4315
2115
5612
244
1024
10567
9292
238
10002
10150
6599
9116
9151
1706
7906
3824
773
4171
4636
5630
8918
3210
8538
4550
3830
4891
3568
3230
10555
7024
3227
5547
3416
3459
6915
11885
7822
8730
9856
5246
3397
6000
1375
763
818
2828
3585
5627
4374
228
232
9733
1708
6166
11301
1602
5730
6089
7395
2137
7922
6392
1859
261
1362
1763
4923
9143
4302
5384
4192
3651
10157
2844
6950
5016
7563
2940
529
9195
8664
9530
277
1403
11073
9668
6831
1048
2775
381
8964
2387
9866
3528
4715
3508
1050
2429
7532
3570
7848
4440
6705
1972
7134
7090
11485
965
11065
5001
4129
8369
298
2837
1315
2769
10401
5793
10994
8318
11869
9215
7707
9894
2513
1953
7266
2657
4978
565
2138
1010
173
10119
1418
2637
7322
4583
9093
5456
2111
4832
7194
9796
1289
2808
4859
2707
8209
5289
2008
10333
5440
4067
7761
11881
6070
5351
4033
1249
7567
6375
10618
3621
5883
9279
10653
9728
10438
5259
9258
1043
9968
17
3257
618
6923
1229
10205
235
11689
5077
11195
10563
7355
1710
11524
9378
4626
702
445
5690
8483
9955
5495
8748
9146
2944
5968
2917
6954
1438
10010
5329
2794
7037
6813
6664
2070
4261
5613
5054
751
2006
772
9922
8091
3776
11387
7565
1250
10594
10485
3551
11895
10090
6999
6781
7206
3540
8843
6502
6968
7668
8436
6043
7472
2109
165
10238
11796
1481
1608
6773
8557
828
5543
5699
7227
9240
8588
3167
11626
6544
2001
2215
8228
6577
11490
3815
4426
8844
1933
6870
11462
7049
9765
9724
5140
8841
11306
10998
4542
898
10136
9910
6816
10229
11271
11701
1493
4434
2035
7792
6254
3029
7112
222
4347
10088
657
8592
10440
6148
837
6724
319
335
6465
7895
11665
5601
6308
10556
10395
3571
10260
889
11351
2995
8410
7639
5551
6551
1668
11929
4850
4609
3451
10483
5491
8245
3400
6136
2598
932
8750
4910
2353
4917
9302
6131
872
287
10118
9789
767
2499
8690
8832
3454
1084
4937
1801
6757
8567
9550
2386
2165
6109
2682
4460
1713
6986
2053
5148
8836
1368
593
7061
5678
4420
10878
6027
5480
8207
7739
4688
8707
1648
7776
11579
1700
9857
10825
3772
5634
6937
6973
6471
2190
11625
11043
10717
921
4368
11033
7775
5066
2189
1914
5561
824
2711
8888
8970
10477
6960
2175
10167
703
1041
7880
7287
1636
1075
2471
5587
7277
9591
1581
9576
4422
3930
11724
464
6924
10856
2646
10082
7064
1092
6547
1531
3771
3968
7857
3688
3371
133
10387
11148
1685
10959
2850
1353
9493
1527
11132
5873
8639
1328
7125
2130
5199
10026
2931
6305
5515
10219
2371
2919
8281
3618
11492
8018
6144
2528
3619
6741
7506
678
10547
2908
4804
2253
4132
3221
9519
3241
7704
10621
9996
3035
7868
5568
11545
2733
5004
1610
5069
2161
1135
1828
5060
3287
8835
9
11849
8174
2342
2693
4896
7852
5429
3823
1982
4111
10696
3645
10130
9637
3191
11461
11920
8947
10030
11007
6180
3446
5624
1994
8458
1167
8775
1505
1275
11538
6479
1490
1738
2845
3030
11399
1012
2358
7431
992
6293
9730
6193
9791
3912
8824
2489
83
5980
11415
11656
792
1832
8146
4795
9272
5885
6029
6693
3802
108
5377
5929
6291
3306
185
8145
6286
7598
6386
10012
1635
10405
1102
3624
5648
9988
6646
2209
6827
9574
7391
10494
4555
2893
9554
10329
2458
1603
3420
5918
8412
1679
9740
5594
440
2796
7437
5261
3589
2853
6225
10884
11574
6926
1712
5027
5975
4183
11376
254
9287
9016
1817
3881
5643
8696
5072
6183
643
5869
9431
6517
9771
10323
3443
10637
5912
8963
250
10408
1410
8316
1212
8
2261
9557
10619
7120
4971
4338
9552
4684
11845
72
4607
10537
9732
10108
5588
11370
2488
8298
9437
3409
497
7878
6223
374
9014
9762
10985
8677
6097
8449
516
9614
7537
697
8702
11809
6381
3955
8881
1548
5205
2972
1329
2505
11803
6224
9978
4083
2281
10666
10699
7218
10645
2669
11709
5590
5076
3449
11114
6466
2460
3594
2047
6256
9132
8667
1251
2167
4474
2935
1841
9818
8830
288
4657
4986
2698
11630
10390
10415
3714
5714
8722
7224
4728
6738
7633
603
4312
983
10533
1794
7681
4745
2710
1496
8842
2625
3882
6623
6406
2771
3419
8998
11773
6596
5213
1373
4740
10121
5586
10977
2098
7115
6127
4230
5450
1609
10633
7587
11902
7613
4106
9934
8086
6278
11446
1032
7404
6367
3137
10015
8123
795
7678
7817
2194
9313
1429
8040
4569
6696
4265
5468
2608
4169
8151
11662
11671
9750
6445
3945
7383
4611
998
11695
9701
60
8058
1991
1426
2835
4897
1196
1819
6008
3147
9897
1503
10277
2315
5227
4228
9180
5018
2305
7870
6959
7056
4548
4563
8073
3005
9224
7979
1133
1622
4531
8450
8697
278
6550
4407
4395
4749
8698
10094
1245
5270
6658
1941
4134
6385
2560
8593
9770
3715
10569
8977
11094
11027
5956
3435
7634
3898
5143
10373
5153
2635
11039
7631
3672
10859
7113
9916
2822
1129
10760
9563
10860
1124
5381
4572
5275
1388
10683
4906
7729
1958
7
9673
5542
1187
9885
3440
4026
8472
10296
3690
6118
5978
6426
3934
11182
4481
4432
1909
11024
5158
6203
5444
1113
11176
4079
6988
11576
9717
11487
7871
2670
3753
6107
1265
1421
2331
9659
7534
6795
10151
3169
4504
5603
5514
5035
5410
7177
5122
4032
8293
4043
6416
9903
4860
2529
5159
4944
171
8513
4538
4101
10341
4562
4117
177
9603
9301
1906
7540
2216
1284
5679
3633
9278
10939
246
1510
949
8379
9867
5849
4506
11864
3395
2689
6880
1104
2804
6998
3574
9119
6627
750
11454
950
8701
9377
7290
9618
5278
11908
9636
10553
2648
2079
7574
8795
8259
11374
10343
3017
9642
8732
1345
2594
9126
6647
11931
3011
2914
10536
9148
3333
6764
11511
5509
8156
4849
11851
11108
3027
6918
5133
11548
5354
10710
4326
5611
5074
3494
1684
6017
5155
8692
6189
11345
10845
8516
557
1546
6243
5124
8615
123
1968
4372
9138
9492
4256
7118
3880
1431
3307
3004
8892
8222
10562
1588
1643
11521
3993
8108
7724
7560
8915
4017
5749
11066
11181
3817
3978
506
10954
4534
3059
3237
3232
446
1232
7151
7526
2985
1750
6044
5144
5540
5602
2218
10656
8076
3053
9503
9985
5165
3338
3642
5355
1821
8563
2457
8287
9778
8738
571
9957
8673
605
7858
4307
8833
549
7692
1308
7314
10473
4293
1184
2333
841
8363
3067
3793
8802
11367
8235
5839
3874
1511
8096
4721
3271
5043
6892
2245
5357
9861
5112
11128
1631
6901
631
2450
10611
10614
6962
10794
9402
2790
8473
5180
7846
6431
851
11742
3918
7726
9290
1254
9608
4758
3584
3164
840
4748
9179
2451
4130
8124
1901
2228
1478
985
7241
6048
11410
1023
9831
4948
5826
8957
8969
11896
7276
6093
9284
11873
6833
10450
6237
2913
11475
9887
3014
4309
8141
7231
9243
4469
9596
2726
3467
8323
7494
4444
2424
4249
11736
4074
6138
3950
7744
8024
10203
1535
2566
8213
968
10913
5102
11504
9274
6911
4592
11001
9586
614
11318
8776
8499
6919
2527
9573
9134
2152
8392
3900
7917
6199
5369
10927
2952
10508
6329
9401
4259
9168
10362
7162
8737
11792
9793
1492
4707
1655
3444
9579
6682
9163
3861
4624
3636
7758
9635
9645
2697
10804
3034
2177
8560
3432
9304
9225
7733
7796
2307
10551
8979
2628
3868
7039
1177
6034
957
6261
4789
3704
11217
10111
6173
26
1782
581
9714
2210
10593
4836
2939
9960
2570
10278
2535
11100
111
2448
11098
5171
2814
2024
52
8356
5728
190
875
11229
4956
5700
719
11060
1270
1015
2548
3044
9066
4392
11658
2275
11705
4898
5535
11874
4443
4096
8491
8603
3582
3499
5033
9483
5935
4155
9020
10166
5538
7451
5437
2396
9852
6387
6350
4739
7548
4947
10254
5771
5335
9261
6290
1598
5323
9884
4131
7346
1600
10041
5920
6353
162
75
11349
1374
5181
454
1176
7841
7626
5753
8111
7394
1485
7359
7849
4464
2389
2846
9559
4974
3438
10749
5762
9547
9860
9565
1755
2446
8421
8988
8120
6534
3368
532
3960
1449
922
10480
8654
6717
4123
10156
1944
259
1468
11850
5315
11209
7095
2401
3623
6083
9517
9582
9651
10222
9045
2705
613
6275
6130
2580
3718
10805
11310
6257
8236
10454
10811
1599
7627
10513
3052
10827
8094
11569
7810
5750
7140
4996
1398
8078
1572
8736
3216
8587
3829
5262
1106
1915
8890
595
5635
8541
9744
4975
5073
6441
8026
1200
2503
2994
597
9853
4817
11605
8599
3595
7363
5712
1139
733
4790
130
10239
10162
5960
4772
10957
7503
9553
6264
11086
9306
5632
7405
7686
6228
5950
8191
4851
1873
1244
4250
3986
7869
9669
10933
8044
5625
4701
1974
9368
942
11924
7562
106
5537
2350
11776
7454
3489
6111
4814
11841
10423
9398
9809
5827
5241
2003
9710
1910
10292
7438
547
5797
4322
884
2759
9228
236
5908
3447
1263
5571
9407
6828
10832
10449
11797
4225
10275
11404
7735
12
9432
9381
10544
11758
10085
8305
3145
1857
10814
5028
6787
6059
1030
8417
10325
8558
10223
6579
2879
6239
11801
3761
6363
2549
10924
10202
2259
7824
10722
8059
7689
4893
11774
4577
9281
9260
2247
1692
5644
7471
642
4110
4314
5408
1912
4401
11925
2725
4321
8618
9088
11646
959
2865
6883
5234
2868
413
6480
11666
9188
1448
9227
10661
2980
8542
1601
9827
544
3604
3991
3745
9763
11154
6952
3155
2027
5553
5284
2787
5302
10692
5378
5334
6821
3359
8754
1314
367
1260
3920
5875
5242
4835
5013
5082
10052
3071
8327
6621
2041
7975
11753
5308
919
4876
967
6941
2520
6939
6521
11641
732
10649
7238
9600
5882
20
11513
6793
9118
6124
2082
5546
6372
8726
2217
7718
178
306
8033
11184
11677
8273
7513
3556
552
6378
7282
8912
3066
6066
11047
9046
3607
2279
10708
2860
8992
7642
4336
5775
6425
10237
3058
11055
3927
4069
4576
11611
1999
6054
1843
5249
680
7645
214
1484
5443
2068
8765
7249
11025
4659
1221
6185
6102
4941
8497
8534
6990
1534
9927
2772
3251
5674
1330
1052
290
10047
8347
4476
2987
5136
6133
46
459
2920
10724
6033
11284
8572
756
937
1584
4054
239
115
1884
10327
2076
1142
6481
3814
1152
9580
9487
3686
10597
8329
8961
7126
258
4455
8127
5647
1155
7280
11178
3335
3020
8221
8252
10833
8170
5039
6399
8238
10312
7041
1181
7539
8437
8686
8792
6388
4260
11883
2312
5300
5318
10844
7478
324
114
7701
6533
1954
5866
9569
6727
1630
8831
10624
6464
4387
6766
11175
3140
6122
3080
8790
11877
9482
146
6725
5322
3965
4533
4622
8384
11124
4384
9500
2959
4086
4189
4490
11703
1202
2876
8202
4575
7076
8442
9610
6013
607
10976
5723
3588
7007
10907
4580
9275
2301
5282
8445
5448
6137
8332
9948
11745
3573
8601
8188
6570
7986
1016
9201
2057
2502
10397
7374
8723
6262
6497
406
1940
9481
7528
2160
8396
5517
2483
668
3910
5988
6541
2434
10234
6602
6734
1225
3908
7851
5894
5928
7941
4038
6192
1276
10854
1627
2319
493
6297
563
8130
3541
2740
3417
2296
2213
8544
3107
11482
10932
129
3944
4019
6826
9834
7856
155
9498
35
7170
4042
3202
7320
6279
1277
1772
8114
9974
1302
10482
8916
503
7237
6230
8517
11302
1076
2463
9259
5195
8630
4646
2522
11113
1078
2232
6295
435
9676
5732
9152
11436
4030
4253
3412
10816
533
124
10116
1977
2928
1778
1027
1238
560
644
11725
8939
2847
5116
10488
9749
11441
8286
8712
3319
2203
6244
11835
7624
4202
10287
8710
6217
10882
11717
11634
11277
7429
8274
6771
3859
6872
8122
9110
669
6868
2603
2193
8928
8361
3255
9438
4088
10036
7604
6966
1193
2127
7428
2501
10660
7950
3608
6001
920
73
2953
3427
3318
4522
3517
1483
5913
10198
5838
9784
4842
135
9150
879
626
3109
2818
10651
9808
10964
9855
6491
3431
418
8594
3994
5779
11383
9801
830
8271
6995
4263
10715
8385
10037
7285
11168
10148
2886
9864
3739
9354
2093
8098
2875
9296
1591
10973
3383
5596
7960
6572
9629
11020
9520
1349
4168
1160
4049
10925
5530
3083
423
1816
7658
1831
6640
8039
9270
1459
10784
5386
2426
6047
11879
3581
2288
2757
9682
4767
10992
10200
9826
7694
5621
11719
10750
10978
9837
3600
7636
1855
1437
1578
3510
1497
9361
4983
8062
8856
6663
8880
3612
3888
11486
4270
9562
3062
1495
3222
5247
2559
1970
3643
473
2316
2638
11527
2294
3777
8703
1203
3117
9634
5483
5891
8960
8946
817
2855
3070
5250
1964
10466
6721
7298
3346
6447
4553
5898
7747
2626
6196
799
11710
6191
1014
11419
11531
3007
4602
10144
9166
4719
5757
528
856
4756
9444
5338
7647
11270
387
11286
8926
1664
1871
7612
2226
11275
6292
91
7511
6798
8197
3010
6700
10891
7114
4710
8714
10786
1034
11368
10180
7872
11580
6566
6060
10768
9905
3475
7556
8780
8234
8727
6417
2581
7370
11340
11289
9137
4934
2002
1935
9881
10029
6080
10545
3469
2263
8756
4280
6510
7530
10677
8232
1565
8661
11444
3365
4955
7408
9847
11327
1666
11147
8937
7088
8878
11251
4269
380
3455
7920
4048
9716
9848
11378
7835
11554
5095
9015
11589
5376
4662
8112
11911
11443
5447
8606
10705
3617
10735
8883
5309
9085
1237
6150
2571
11598
3380
11620
555
11503
4221
5128
3956
9400
157
2270
6493
3320
11104
7542
1019
4654
9650
9819
4683
3816
10441
8359
2339
880
10093
6765
650
728
6064
1298
1744
2021
10305
11452
7538
4011
5631
3138
723
3872
9647
4090
59
9951
6944
8954
11499
4346
11785
4619
4793
10367
8893
3032
7580
8438
432
4751
5905
5772
4858
5592
1147
4385
5296
4532
4485
10549
10160
2200
8574
11516
1150
4100
7441
2569
2547
10753
2267
6022
334
5175
8317
11522
1645
9136
6837
2582
10378
6334
1869
11614
2798
10133
3779
2700
8184
9199
2114
598
9966
4240
10680
3179
2133
11328
10728
1121
1204
10800
9418
1673
8362
9992
11746
1705
4226
3858
7546
4930
6194
4445
6927
489
3505
3060
9706
6842
211
4875
6341
3236
3131
7213
6
6343
401
6603
6989
8638
5835
1164
9846
3463
10031
6641
5313
5453
7903
1930
2004
4769
6446
6369
2005
11730
2437
5799
3214
5445
6504
3783
2631
9680
10759
7312
8231
4995
10595
226
11235
7068
11916
3351
11172
141
10917
5327
9970
11280
11889
10799
3150
1865
11768
4724
548
7719
1323
3063
4591
2606
8852
6282
1724
8019
5600
7608
5557
5722
7109
1882
8430
8545
10003
6348
1926
7463
5189
8523
1386
9255
10622
1480
3061
10314
4754
2842
9653
901
8352
4902
11320
11431
3765
3744
283
850
6586
10522
8986
8319
8652
9679
2211
327
10112
812
2466
10117
8959
7650
2668
430
6677
5360
11117
4726
4154
3113
1698
2146
5962
1356
7490
4203
2062
11031
9112
337
5277
3339
2851
8440
771
9626
6767
7261
1877
7246
9678
6622
1848
11765
5160
1913
1359
4909
10512
1416
4777
7414
11344
382
8137
8403
1663
10316
3792
420
4078
1247
5075
5851
5696
10301
4035
7193
2776
2069
4915
11076
5422
11700
7778
5777
10178
5310
11435
5823
9339
11283
4473
834
9117
1013
3732
1797
3429
10087
3791
8401
1853
6592
10009
8900
3938
704
4217
9369
11715
10995
5508
11459
589
34
6887
9825
9962
5088
5901
126
8850
3293
635
2589
550
2196
7993
4373
2799
310
10184
641
5265
2727
10602
3698
11654
1115
7543
1180
8113
10846
10796
11458
8889
8419
10903
9263
5268
6979
6018
1538
9758
3975
4353
3684
8288
1166
5212
7655
3106
2622
8828
390
1028
10008
5864
97
7715
5496
7508
11685
10459
10170
3313
6126
4518
3787
5414
143
4156
10815
3852
787
3466
1379
3262
9702
4157
4660
3461
8083
6265
7349
6980
1896
11429
5881
1074
4501
7864
7195
1809
3215
2858
2359
8014
7410
10393
7172
7727
2314
10644
6752
9003
9528
3697
2861
8193
6087
2255
5890
2465
11362
11652
3410
7116
7972
11909
6171
3613
1563
11466
4615
11350
9449
739
9811
2439
1326
317
11442
5585
10797
5401
3322
699
7947
2882
3701
7703
273
4044
3393
8904
9419
10690
5394
7398
8282
3213
10364
8153
2820
1112
4107
2901
3158
1352
4883
9911
2344
2078
1532
6318
6505
5997
6220
5482
3694
7452
8855
5260
89
11468
8589
42
5615
1396
223
10648
1051
9548
9577
6967
5687
8267
1464
1122
11357
9210
4039
9527
6985
9332
2704
1391
7315
3453
5821
952
323
2188
6754
3610
3258
8360
573
10165
5258
10330
428
1090
1818
3520
2408
8550
2383
987
5961
2372
6914
3827
5430
10936
457
1925
8067
5065
5145
9017
3746
2204
1171
782
7078
7495
4029
6843
9103
4480
8815
3334
4960
1451
3836
1959
3659
5446
8304
4386
1945
3153
10952
5693
6393
5113
833
7435
7019
9223
6496
1895
342
1213
1066
993
2636
984
4068
10335
62
11678
2338
1856
11723
5896
1743
10588
2609
10071
1739
1389
1462
1878
679
11269
4687
8177
3689
10076
3224
11642
10481
5660
4641
2461
1847
726
8834
6405
10418
3418
10867
1514
103
9787
3856
10285
8269
10675
2926
6891
11078
7302
7505
4640
4653
7219
9092
6936
8653
7066
1087
2208
7343
6063
8515
4133
385
1307
5682
784
8659
6233
11159
6484
6735
7381
10584
4838
3091
10603
7709
10356
6168
933
10097
6549
1837
9567
8679
1319
11556
10596
3211
8877
5840
9760
9593
7963
8447
3786
5916
7263
7480
7135
9200
11110
6030
8297
6631
3962
11795
3876
10145
3734
858
717
9999
8413
4509
5863
3973
8102
3937
4663
9022
1049
1262
10227
2968
11827
320
9915
9233
2060
6332
5802
1764
4645
4299
2436
2496
6351
6713
4348
5352
9726
9035
6248
4852
5135
647
7590
3755
5312
1003
2696
196
4668
6470
10357
7409
8874
9504
7577
1770
9421
10060
7806
6597
3426
9404
3149
9836
5405
2010
8851
6933
11139
10565
1536
4702
3284
6103
5
6370
11432
4567
11101
5662
8945
10138
6625
7545
1672
1652
322
6216
10360
9467
9000
2170
4289
9723
2094
4690
9187
10201
7996
10048
10999
10747
7956
461
11763
9321
10460
8948
11250
5583
4290
2925
4357
1765
2031
11712
7807
2515
1231
8008
7965
7340
623
8407
3941
7234
2014
8655
2902
6349
2848
5872
7588
11766
6819
8548
6458
9539
7016
6140
3602
3348
3954
11478
9942
3989
1908
11273
5539
8751
8637
2492
6707
2510
7309
3387
4187
4658
4229
11236
9319
10629
3411
5019
6232
8819
8467
331
11120
3277
8046
10014
9219
5565
7265
742
927
8061
10989
11194
10947
245
1537
2960
1594
4128
8635
931
11112
9693
4380
3696
8547
1491
9115
9034
77
3495
2007
1445
4925
9737
11372
6119
9120
4152
9843
2225
11477
6432
989
2943
4606
5029
1582
7311
2326
10381
10758
6716
8408
394
9513
3075
10248
213
10667
174
5836
5895
11591
9456
3866
1334
10946
9555
4350
10688
11510
11246
11085
11334
9172
7406
7891
2602
10299
7890
10517
1072
10404
7144
3266
6284
5041
10720
6453
804
1268
9989
10430
5845
7518
10224
2236
7279
2760
10086
1639
2482
10686
8055
2159
9511
2455
1696
8475
251
9896
10813
110
8975
7899
2497
10192
11721
8936
11215
1858
1053
9098
2839
546
5614
3605
6028
2179
4965
2763
6117
2498
5048
10504
975
10535
4523
5922
10955
11336
11853
1210
6583
6364
10991
6728
10035
8847
6302
10421
9630
8958
515
4025
8543
3649
10935
4828
11848
5650
1754
8000
6617
1653
5766
961
6581
11420
10194
10154
365
6977
2122
11659
4409
8348
10915
9241
10230
1073
7132
5030
1130
11788
4181
11232
3818
3713
6088
847
8358
10175
6076
11852
11138
5266
928
7595
6201
3481
1876
5034
9594
10609
6732
11828
7467
11013
3679
11711
584
10608
1454
10050
7288
525
9002
2340
1894
6561
7999
11543
378
360
5130
2077
10349
2699
10177
10414
2084
11333
2442
3008
9107
5291
4932
10216
2686
2397
2550
4491
6394
5419
7788
11686
10016
8577
9390
5432
7646
10396
11604
6963
8974
8530
372
9895
4792
4174
1613
9556
5581
2694
2738
1128
3513
3170
10334
9777
1780
5178
4276
4478
1675
5045
8709
6437
970
10698
7253
2201
9839
7862
5173
10543
9931
1309
8057
9464
6389
1659
10506
1209
227
11428
10792
4377
4193
2752
11921
786
3476
8109
4496
8479
955
6810
8460
5096
7721
268
11760
411
11218
7966
8129
5047
11612
909
1000
4929
3485
1297
9718
11546
8463
4894
3225
9741
3041
7459
8972
10470
4822
870
9685
7935
8658
6539
9662
6529
6467
7198
2043
10538
6494
2171
4282
9755
2519
3456
8027
9395
2337
988
3703
4162
1414
11335
10898
8993
10044
4316
2558
2976
6755
2809
4310
10901
10775
8167
29
338
1796
4006
10894
1226
1530
8898
3372
622
10384
6806
4585
713
10740
3079
1795
7474
9858
601
2894
7407
7712
7033
10273
1820
5574
5884
7389
5248
4786
9080
9902
8115
4500
2716
1190
8216
86
4628
11425
5754
7514
2292
1105
11422
5121
7968
1224
2257
11875
939
8763
6058
10950
9055
2903
808
2540
