706
269
6513
5712
359
10241
9764
4830
6394
10955
7062
11234
1214
5042
574
8593
3899
121
6283
1928
9339
3300
5137
1379
8131
3611
3891
11445
7756
2942
7461
2303
1177
7435
2719
2020
2569
2077
4031
1923
4831
7793
10302
6101
6565
3863
6346
8401
2993
7140
5639
6830
2475
5211
1567
2779
6184
1257
2617
1732
205
9812
10245
7032
7369
7603
8489
11178
4905
9982
6484
7045
4398
5301
1785
1603
3625
9529
8340
1662
9999
2573
9915
4856
7709
9324
9941
8773
7918
11396
8639
3297
4434
8360
3151
3839
8917
3870
3145
2120
1205
459
4683
9771
2910
4935
9572
7177
11580
4103
579
3048
9374
1919
11625
844
1787
1492
8657
7075
2790
10750
5092
10460
5864
1445
485
8566
10361
1184
1278
5003
2731
2755
7311
55
7446
6375
831
10389
3786
6949
8225
8345
4347
9940
10058
9612
10359
4936
10871
5794
320
7640
4967
5551
9335
2917
10830
11043
3033
7182
9952
1109
6688
4860
5919
7173
11740
10824
9933
5758
7493
11370
2274
741
1587
2783
9625
8095
10514
939
1560
3060
5923
4310
4166
11747
1207
9174
4490
2232
8365
11122
193
10901
4315
349
9544
4778
2299
65
6846
2625
11668
4436
3947
1734
7026
10791
8261
5829
5473
5146
3685
3406
9223
10348
10053
8491
11062
9789
11387
10749
1197
11381
3224
10339
9844
11616
11488
7509
7874
227
9945
6444
10461
6335
10758
11152
3321
7532
5755
545
7503
3146
1263
2619
7856
651
404
10051
6257
9900
8872
8804
10288
6861
11561
11664
1798
407
2201
632
140
4812
3791
6269
2662
3413
6065
11186
9251
1764
11366
5386
337
9338
4977
10049
5889
3471
1620
2059
6849
2995
5269
11214
7606
5340
271
9140
10375
9369
7054
2540
5370
1355
5761
9471
3385
6541
2384
6421
8980
11251
7705
5184
3219
960
4563
1103
10220
1668
3753
2737
11880
3311
10770
6636
9220
9414
2730
10823
10436
11774
935
3519
4943
10645
4485
8552
5849
9481
10775
9534
9784
4389
2138
1739
11897
6572
7117
8892
10726
2653
9567
6341
5594
5978
10360
3921
9588
1871
8189
2610
2051
7109
3693
5142
1014
10152
5696
11823
3781
2535
1593
8908
11001
10836
7427
9128
9497
11371
6704
10267
8718
3032
540
4365
10585
6294
4624
9701
5165
3720
4225
4583
10243
1962
3200
11036
1166
9234
7738
6909
7267
11922
7708
6175
5169
2449
1323
7737
10223
832
5496
3399
7846
1974
10671
4701
2889
10432
1160
480
5603
9302
422
4591
8769
3369
2814
5177
7296
8046
8063
554
9393
6140
7415
4371
9890
10276
11520
3460
10953
5037
10969
4619
8996
2343
585
5924
1384
11875
176
2688
10502
11047
2871
9017
10911
9968
8879
6623
3577
2976
941
5071
9932
9748
1224
11153
8139
2329
3580
10192
4235
980
6528
3170
11540
1406
9668
3504
6999
9741
7043
4439
5740
5005
5391
5304
2251
10889
1330
763
4580
11506
9646
7364
3840
10296
7277
8763
3661
6395
9011
6799
2521
8435
5764
1266
5253
4503
11615
9439
7782
7592
11696
10982
158
7645
5993
4517
115
10285
4891
7650
1113
8994
2441
4457
6295
948
4035
2259
10693
2614
8906
8863
1039
11213
165
11848
11360
2194
8770
10620
9779
6239
4286
11276
11125
10772
7357
4511
11496
4644
1695
11398
1438
3824
3925
1829
1261
3182
10421
10870
8937
10804
1110
3507
10562
1777
9514
6246
9086
6555
6137
10081
8532
9810
766
5224
7852
43
4974
1967
4988
5374
11187
7554
1641
2806
7750
5443
3235
975
9304
5004
517
2694
48
10256
8129
5375
886
10378
8416
6729
4487
569
8497
9470
461
426
10961
8801
8464
1432
7206
10729
6412
11644
1315
4870
10309
8577
3056
9480
11635
2307
10479
2489
9852
7773
3447
4337
3742
10186
11161
7133
9392
11049
4554
1270
10566
8421
9993
9029
2829
1907
9359
1894
3298
3279
11413
780
11533
9799
4011
3211
5669
7659
7016
9190
9169
2786
3861
7966
7837
7989
9614
940
4384
7199
10536
11874
9282
4884
3816
6612
748
9955
2895
8190
454
9600
10343
1669
9879
11883
440
5143
10289
5194
7919
8505
3864
6301
6791
11194
387
10084
4097
5274
2859
3610
3171
6521
4015
11337
4671
8456
615
8032
10963
5132
11892
5565
7409
3836
4367
8100
9352
5689
9766
4721
2209
1218
111
8513
8317
2756
11285
2866
8141
11809
3520
514
3567
1595
8973
1247
9403
7792
11646
369
9068
4243
5032
4055
5379
2666
9427
10
5
3015
10811
11655
9808
11836
3683
787
9919
8748
4257
9757
10205
2727
10139
669
5667
1581
208
2837
10543
11133
2022
1498
9980
5218
4609
8288
10587
10262
11694
2885
11915
608
7475
3991
11769
5624
7022
6650
3116
6980
9695
3505
10877
8387
5718
9642
6827
7655
7382
8438
5147
10401
5783
5236
1752
6387
5688
9586
5129
5888
3939
2029
11406
4311
5587
5845
8005
11429
9851
8066
9157
7149
1462
11688
2972
8305
6452
5618
199
2849
7431
2848
2868
1229
3718
6770
8793
2389
11318
3819
9644
5685
7410
7582
4334
5730
7976
10825
62
11690
10495
9071
1174
414
425
11803
2337
910
10114
294
6258
8753
11497
1832
3905
4835
4727
7755
5437
179
11784
7345
2350
5637
5691
10574
5149
5986
3532
3710
7519
1821
10322
2984
4245
9510
11359
2399
7313
5010
3624
5339
11642
887
6574
138
977
8122
3603
7689
1017
5439
1609
5492
2507
6925
5722
2541
7858
4004
8590
10786
4528
4529
3838
6783
1206
1588
9317
6911
6251
3088
8612
8525
203
10337
931
11316
11338
4045
3286
11721
530
7789
10438
5707
3477
5053
11209
4521
4880
11610
10762
2175
5263
1417
4691
1308
5514
801
73
624
125
3894
4622
3929
11927
196
5872
11427
8388
1630
8486
11272
6282
7568
8813
2224
5701
2451
8252
4078
5225
8939
204
6405
9238
7958
10119
11509
11350
10248
2556
8195
4962
650
7903
5497
1809
1717
8353
5806
148
5743
466
4127
4180
3372
2564
2497
2316
2959
4740
2477
5700
5509
11869
4409
5173
4630
9652
9202
824
795
6809
6212
6453
6966
8750
4303
9504
10123
8283
11229
7625
8277
11541
5151
4379
11865
4649
2490
6245
4174
3439
4748
4341
5511
10277
7456
4191
6367
1007
7613
1618
11040
2107
1738
7565
10488
2153
8514
4330
4857
1938
3415
7596
1927
90
9093
10568
5369
9767
2997
5229
1012
3324
6363
10398
3290
8723
1891
10028
10459
4416
3121
1326
10124
8395
10040
516
6036
11738
10004
2846
879
7278
7445
2802
11755
4396
9333
329
8309
6000
4071
734
9296
11628
20
4710
4133
11468
5962
1256
5766
11119
167
3797
4271
2804
3154
4475
6241
815
2386
11142
6592
1484
10198
4660
11219
6063
5776
2530
4401
8258
11300
9797
11353
3628
8843
1020
9408
2713
6411
8072
9448
2994
10441
1684
5287
3242
1215
8268
3859
2685
2430
11800
7999
5344
9457
9543
4669
6385
6226
11486
11239
2190
8377
641
4182
11920
11268
1884
10469
11166
5769
9705
5166
192
2587
778
1212
305
10657
7321
8602
11065
10921
3650
9437
4897
9045
4864
10664
11701
6989
645
6201
8741
8685
2035
3388
10060
296
9827
473
7003
1190
4875
7468
5179
10467
7469
9245
1521
11344
274
9687
6486
10055
10725
9180
10310
104
8660
2566
9026
9659
1335
992
1742
974
1716
2546
9830
2570
9793
10682
5576
3433
3278
3655
7145
3874
2833
4706
5899
7980
4629
753
6135
9613
11230
11023
10827
8732
5052
431
2511
7229
7691
3068
6408
8299
3907
8469
9686
7065
4861
5818
3017
6306
1548
10865
5604
107
8358
5186
4949
5148
6660
11517
11835
9139
4453
1614
7648
3193
7443
1648
3763
4690
6956
3948
2897
4565
85
6352
10705
6741
5078
113
3084
2863
2676
5270
6439
2874
7208
1661
6698
2787
7761
10533
7213
4782
8545
391
3097
3549
7922
8583
6756
1797
5330
3827
9984
4736
8907
6646
8248
10054
794
695
10692
11634
11566
7946
2226
7649
11457
2403
4406
6573
3441
1187
8579
715
10037
11485
378
45
2536
8074
11910
4526
7725
9080
6991
3607
10723
8625
7801
10287
6519
2823
4005
4913
1563
11110
8699
10748
247
5223
4577
1228
3837
3622
11705
8412
1452
3706
6605
1823
10630
9611
8291
2342
146
2433
5199
3818
6343
4128
6042
3787
9199
10526
11026
6402
9562
10904
5862
614
1082
6782
7912
6755
8168
2183
9363
9662
8193
2914
2277
11077
10417
9334
3777
11767
5697
10254
6128
114
4391
3344
8096
1950
8736
9532
835
10232
3259
10305
8778
6474
2030
7299
2219
10962
1554
2986
10571
1337
9409
5757
5635
11106
7254
3699
4137
2368
8081
609
10947
6426
10561
6890
10369
6789
3305
4293
4522
8197
10817
1930
187
11191
4807
4847
10358
10115
1102
11516
6433
1517
2001
6766
839
6337
10225
665
10498
818
3467
11382
3126
8712
2686
10008
7157
6237
11404
7237
3027
3813
3998
8468
328
510
3458
11659
3205
5674
5658
11412
8121
5086
3724
9870
4101
2058
4338
5949
7156
3140
7585
8234
5975
11358
8098
8167
10110
10767
8352
11643
6017
8087
5346
1144
7499
8702
5797
7507
3626
1280
9281
2503
4600
1924
999
160
4362
5874
9391
41
3926
2039
2498
3542
8921
1827
2956
6851
7223
4885
7834
9054
9875
1944
5015
4380
10342
10295
7563
8152
598
10576
2397
3383
8209
3962
3197
9219
7496
5520
9609
5457
8821
1511
1249
6195
10848
4280
3181
9010
11759
7658
2822
8077
10774
929
9585
11436
9149
5558
4430
8440
10062
1427
3804
4774
6371
8681
4878
3022
2484
10286
10246
2635
7681
8705
1198
2448
7956
7175
10085
8269
6847
8432
9205
1537
11055
11051
1711
8034
1067
9273
1465
11585
7271
5377
10313
11068
4803
4190
5231
6220
5959
4095
5482
9713
1199
10660
8993
4975
3469
4459
738
5240
11669
7000
2501
166
8573
5324
5152
9994
917
3203
1238
10100
10837
4305
4651
1374
5505
9055
5417
11181
5243
9349
6293
2157
3098
1874
76
4131
347
6432
3639
9478
11780
10202
9906
7355
4428
6981
3359
10164
7791
3327
413
7033
5750
11175
4117
7358
9815
7487
6682
98
8016
5742
11707
11335
8537
846
2169
7552
6173
9067
6290
8053
3541
8474
674
8463
4958
11336
4752
7188
7253
2950
4323
2594
7849
603
3423
4804
6807
9394
68
11653
9100
5948
9583
5294
662
10155
10680
10649
6665
419
6652
2646
7757
5498
5345
3705
8348
6558
3049
9410
9569
9456
8510
6576
3284
9417
4383
722
11932
6583
5261
9152
4096
7171
4332
4156
3256
2886
95
6943
8798
7030
9306
3499
4404
10506
8719
5705
10631
11070
11205
2078
821
10690
8556
8294
5076
11284
4816
5866
8256
9664
2205
1344
11722
6303
7301
6639
4159
10619
2861
9314
4008
8645
3270
3425
4760
3659
816
11365
5593
8687
7959
3755
3686
1347
7942
1623
134
4351
9279
8263
11622
8649
1331
2385
3672
7244
10849
228
352
548
8480
7150
363
7522
1117
309
9469
898
10756
2723
3266
8760
4942
10077
10609
3421
6370
7023
2012
1882
1475
4060
5077
6895
9163
2063
9382
3143
2105
2835
3999
5441
10728
10457
5023
11303
11838
10080
9485
8865
9681
1252
11563
705
2883
2519
4043
11840
9525
8697
4551
8143
441
9132
11008
10444
7212
5567
7762
6954
4164
7407
4295
6458
5984
10909
782
7598
10813
1137
11250
7968
10916
11196
9176
1123
9838
5967
5394
11307
957
1503
1991
776
4062
6011
1544
7601
9329
7464
7952
7527
8809
10386
3376
6697
9508
5392
2285
7580
9814
2512
11879
9006
10059
1359
3817
5642
6030
35
6058
759
3740
10434
1334
7085
6159
577
3002
7854
9957
4855
4730
982
7520
9872
6932
920
10412
464
4328
1449
9691
4579
8733
10063
8136
11254
5717
8991
5556
10494
10291
3967
963
11727
74
2905
642
11221
4308
4697
1741
2674
643
178
1239
9517
4758
71
6696
9796
1519
7775
11471
3578
9595
1192
861
3047
6345
218
1768
6244
8647
8105
332
2743
8029
4026
3342
7987
1900
11542
8055
568
744
1997
6680
9145
8313
10550
11603
11415
4937
979
7525
4572
11494
11462
1053
9007
5055
3510
3788
6517
10464
3451
2523
1251
7097
5516
4742
2158
4360
7104
10820
8393
5039
11296
9972
9397
2479
6178
8730
5334
4815
6415
7719
3569
10242
5895
6575
10222
4712
10876
9929
10315
1254
4955
6100
10445
6213
2015
3119
5265
3581
8500
10569
9290
5411
9396
4972
3277
8181
7619
729
8321
8764
6086
8946
10708
8938
7038
7701
6621
4951
7936
6259
8511
10425
7142
11527
4378
6609
2679
10330
5598
6191
7731
4560
7136
6035
793
1902
1607
5193
3900
8851
9066
10928
950
11518
5974
7068
10943
219
6796
6900
6995
83
4867
10915
1477
11226
5480
11425
1473
7575
9509
6455
4749
10200
1678
5628
2738
2881
4109
4083
1026
9502
5589
6724
7763
6618
10036
4858
1044
4751
8885
7539
2266
11758
9901
8279
280
6442
8619
10850
5522
5772
10101
8782
655
1645
9373
10255
1217
4534
323
4613
11795
3524
7914
6384
5091
3917
10540
4926
9653
7686
5814
7589
3809
1851
4849
799
4239
6353
1332
5654
7490
11323
5351
5022
4648
4113
11099
4811
4410
2200
10109
4465
9357
5964
7339
8958
1401
5241
1583
4824
9593
6445
11604
7242
5161
9399
3374
292
6013
773
3187
3227
9377
6633
10384
3239
8418
4916
10637
5099
9731
9490
6705
1463
1139
9891
3978
1009
7165
2268
8004
4211
2228
2255
3322
4132
1065
10163
4711
326
688
8903
9239
5273
9099
4181
8153
11560
5335
3195
7741
442
11066
719
771
9845
10137
7788
11362
129
11282
5044
4531
5925
8816
3641
9967
3550
634
2978
2904
4561
8591
5582
5477
2638
2909
3931
2742
353
1947
11832
7189
6775
4664
7997
3081
11564
37
8749
8067
5662
10717
7498
2041
8824
6937
2593
6339
1533
1781
9248
8893
7102
3234
5977
885
7090
6774
1467
8970
10209
2193
2234
10800
11117
1980
8971
4249
6651
4370
11538
4750
10002
5619
5927
8240
1646
44
4805
10079
3619
1376
8333
10072
3057
836
8538
7348
7970
6963
8761
9407
2195
4679
1731
10317
7602
5969
6310
11431
3673
11172
5825
4107
721
5933
6148
10650
430
9229
9008
2824
8407
4454
3169
7492
7126
1718
9716
7270
10623
7405
8231
3993
1982
9246
8051
1897
1276
3271
1801
3361
7722
9079
7992
4802
10018
5634
5711
4968
7442
10274
3716
6725
4598
1833
7169
6793
11481
4088
8162
5606
185
3107
10156
2542
4287
4836
3741
4258
11449
5867
7985
2453
5709
123
10311
10379
7569
10594
3744
10711
1170
5168
6712
7094
7797
8019
8606
7138
6066
10027
6997
10802
3702
11041
11009
409
11333
10150
2753
11576
5854
5785
11826
235
11384
10166
177
8897
9730
6205
7967
9113
4821
4638
8696
4252
1070
2218
4392
10782
1422
9751
1145
5778
7913
8175
10654
6877
9582
11632
5126
7896
7485
8847
1321
6936
8179
4540
11033
6527
8574
5771
1292
6197
8148
120
3943
2919
2899
9809
11817
11084
3019
5376
3760
10278
2667
10956
6792
2154
3547
2922
7533
7411
1232
8744
11130
3995
321
11243
1480
6582
5285
4084
5940
5283
6491
1297
9849
5686
3708
5380
4236
5299
1313
10548
2826
10789
2054
9258
3616
6531
512
7437
6027
3548
6322
5359
10298
2354
8656
11928
4980
6300
3822
8887
7059
10883
10586
3424
2346
7187
5985
5698
2510
3144
9078
5264
3093
6946
3317
6325
8735
10452
9125
1957
2700
9958
10740
4442
6904
8789
1410
11046
1953
1999
5900
8490
2924
8186
4435
3490
5599
5221
10655
8292
1606
9969
8328
4532
7134
6858
8818
6708
10994
6242
542
1200
8555
865
5329
3636
4438
4627
2189
5836
2421
8886
4255
7387
9494
7732
751
10542
6309
2568
987
3386
5614
8222
6624
6069
4361
10357
3167
10780
4571
2715
2598
1813
3428
1888
4146
2468
6277
9197
11749
10354
3220
11662
2649
4800
4139
11076
4827
4140
11058
11123
1345
7823
5083
7371
4359
10845
6740
11115
6821
11745
1644
8425
5626
4261
8979
7363
3398
10126
1728
1703
11770
8042
3185
3313
4229
2425
4086
10131
6023
7306
11806
9513
11159
7567
11082
5735
5870
7089
9902
5731
5912
5260
5425
2629
2235
7141
9264
19
9860
7515
5500
7955
5006
9666
5192
5401
6103
8064
2270
7194
10184
9726
875
63
3980
5256
4441
7514
8862
822
9444
1576
11356
10979
11606
8203
5070
3623
2869
1083
8253
11331
11121
3465
5382
4661
5719
9762
7557
8146
11290
5476
6059
3289
4597
8302
377
6720
9089
11262
11673
1203
7808
7216
11158
4376
1499
5116
6596
10607
10203
10544
282
9261
4419
5322
11478
5430
5128
5608
6812
2832
991
2582
2067
1926
2414
1073
6866
8343
3923
6656
2746
11912
11881
1124
10462
7002
5201
8001
290
9938
7413
1458
1508
1491
1439
5660
8274
6068
5786
9085
953
7637
1311
4506
5653
5135
11824
1558
3963
1131
4636
11674
9821
9575
2089
7259
8972
3986
6278
11799
10879
4091
11232
3021
5590
6386
7830
9016
6654
4499
8849
5554
10076
6206
10125
10496
10408
11372
622
9774
7180
2203
11889
680
9974
3094
623
5581
9195
4647
9121
3873
2370
5453
7671
2811
9733
5995
8079
5672
8267
1138
5620
11719
1149
6600
7544
11329
5525
5547
3823
8684
8230
913
8278
11810
1186
10290
4633
11039
2002
8466
5577
10978
825
4170
4843
2256
10933
9720
2557
3258
7458
595
11325
6284
1223
1904
248
4364
3987
2953
10753
10522
3638
8966
8768
1942
5230
8363
8858
5973
8817
2578
696
541
2114
11760
350
5963
9850
7389
4496
4201
6055
6630
6029
11248
10159
1369
7929
7092
4418
6554
11363
4602
7101
8648
4397
3189
10859
6723
989
7396
1267
1336
9920
6879
10617
9801
3780
11434
5106
9022
2851
8800
3643
2137
4058
2949
7127
6121
10362
7556
1318
9688
11063
527
6507
5702
2996
5485
10264
103
1307
7663
10007
1915
3367
11347
10917
5089
8149
8729
7745
9511
10400
7342
10043
3862
9271
29
10167
1349
7636
6735
4930
1301
4335
6157
9621
4546
10075
11143
958
5233
6397
9036
9854
10228
10856
6289
3045
2244
3473
9981
1921
2836
8662
7639
684
849
1877
819
5414
7035
3395
3440
6750
495
4584
10862
5583
3852
1226
1286
6297
661
7776
4429
2957
8642
5125
6602
9977
2161
470
6686
2918
7807
9835
3217
775
9243
7018
3908
9505
5972
6780
7881
5405
3663
3482
10551
1651
6727
7578
7727
10771
4275
2340
3982
1151
8529
1850
6562
6214
4761
11096
3871
6788
1522
3646
8347
10235
6593
3593
6156
653
7376
10858
5536
423
8664
3163
7673
1314
657
5319
10316
9842
4155
3085
8403
8323
3152
1964
9605
6020
8214
5746
11031
7060
11024
8725
5824
5349
6500
693
10216
3393
7086
10984
10570
3262
5892
9052
7504
4720
8627
4218
1398
1812
5716
374
8910
10614
8218
6951
10103
8496
10683
1488
658
3436
469
6747
10022
6131
6979
11184
2369
3285
8597
9012
3089
7651
3244
2936
4888
7330
4533
10808
58
89
9034
5527
2070
4264
67
8716
5676
5803
11578
6031
3612
9312
1810
6462
7447
2765
5938
6661
9883
7555
1134
1910
1010
11777
3248
11267
8088
8502
934
9344
7564
6795
3174
362
3005
5178
4552
10890
4126
1142
523
8257
7352
7730
7322
10234
9673
3768
1617
169
7367
10482
9538
9775
5489
6882
11906
6414
11591
6185
11103
1119
3858
9244
1501
3237
4733
5226
3883
8536
7040
5026
2516
4614
5643
4169
7080
2900
7890
11480
854
396
8158
10463
6296
5484
7915
5572
6876
9522
3122
1000
5877
9138
8061
7796
2989
5461
9606
3690
4325
356
2048
10893
8515
6744
7107
6616
8640
11410
5666
254
9696
8295
4797
2327
7506
9060
10128
8856
4481
9547
8380
9820
10326
4757
6544
2265
3141
1632
10801
10625
5585
3825
7479
4274
7448
11171
7876
9834
3909
7809
872
11170
7234
7452
11287
10757
11931
8578
732
2690
8790
9722
7770
3557
3730
10212
7716
2912
9288
4216
1917
382
3103
10942
4795
10215
6933
9171
2656
10937
8386
7853
3800
10738
2214
3795
5353
6264
2326
8409
2878
9822
8427
10419
5600
9778
9039
9628
2173
8909
9777
10803
11314
7706
2888
8587
11102
1925
3997
5793
8324
351
325
10476
10520
10788
10602
4786
1169
8562
4594
9136
11291
7901
302
8327
6247
5327
6420
10599
2675
2465
6581
5915
5372
6473
6232
2334
398
278
1700
10176
1977
5665
2032
1025
9765
9861
9358
6711
372
2963
7518
11222
9548
3391
7780
5068
647
3517
731
7669
7617
7179
6450
649
9675
2552
5024
5932
1642
4620
4046
1011
9360
8282
9446
10122
7860
8618
8212
6975
6597
10661
6046
335
191
4948
1771
4150
2645
9412
7049
1339
10783
3889
1487
5828
713
2207
3418
299
2393
106
7921
9307
8118
507
8187
2990
3299
7611
3903
616
7197
6261
2770
7201
6763
11375
9813
5109
10597
6171
2551
9186
4231
10702
10431
3310
5760
6990
2898
1699
8611
11626
808
10135
3177
1210
2492
810
9158
7740
10759
971
4194
10061
5205
11034
1319
6266
8530
8436
11149
2648
8233
9326
6547
5248
2419
10672
7204
10980
10959
2612
1008
2595
2908
4021
8014
5045
4658
9047
4136
1230
9102
2664
10046
11502
1380
6670
9987
3078
1899
10402
9512
1750
8265
6176
7424
5804
9892
11453
3194
6913
10852
5908
2767
10676
7096
5060
7105
3230
9419
7457
2704
9305
6009
7549
7207
11487
8838
9651
6133
5929
7353
207
7576
4869
7743
4722
3896
5703
826
3559
3602
8788
6430
3855
1469
11424
333
6971
9183
4575
1231
6070
5920
6994
4922
906
9710
6390
9917
6267
9252
10175
10621
11852
3255
8114
8635
10409
390
9956
8445
1163
6787
10500
5612
3707
11224
6659
8672
5280
1735
10554
11724
6746
11134
3773
8346
8003
10045
8617
237
3183
5819
11274
6891
9780
6189
9254
10546
3778
11179
3450
2170
8859
8337
5918
5917
7047
2735
6199
9885
8720
2198
9839
9803
4284
2447
8011
92
1672
9934
5728
1050
757
11124
7723
10273
4771
3733
6126
5988
10744
3109
7638
10272
10349
2778
11112
1584
8631
8949
689
7805
3920
3175
4866
2736
1391
384
10190
8470
11924
3882
4819
5337
6478
7412
9847
4735
7071
7186
8057
967
8060
6718
11768
8446
7239
6978
2309
2894
5545
7203
7863
2033
792
10710
5056
2583
1577
1729
1622
7318
3877
6472
6248
10333
1804
11708
1125
10704
7511
4253
11260
5897
5601
1793
9473
3079
9702
6865
2464
926
2547
2576
4014
3434
11394
9996
11733
1631
4578
2061
5421
556
5787
11671
7209
11211
8501
9212
10064
1855
8519
6717
528
2248
7632
5844
10146
1844
3104
889
3910
446
6240
5782
2724
3651
7106
9253
5648
7021
9880
11129
4157
10282
341
6922
8163
10930
5879
11280
659
6790
1244
2104
4756
584
10478
7470
1913
3588
8249
487
7883
5528
12
5950
3306
790
11505
5659
11597
11368
9384
6872
4513
2632
4297
2229
9786
3442
11586
9402
1035
3586
4267
4981
3759
1627
209
8540
882
6200
10352
7620
8280
1594
3983
8653
8869
3110
139
6950
8968
11612
755
428
10712
7300
4199
6393
8090
8969
4317
1629
9213
3606
593
1213
3038
9420
4279
3453
1028
2332
4456
3563
7795
8981
2744
498
2757
9989
11169
10304
8379
4794
11083
11367
4709
2182
9833
2045
6147
8506
1209
3351
7139
4769
8940
11252
6436
230
4934
6940
3249
9832
6887
3328
7857
5625
9088
3166
5544
2410
535
2515
5675
11556
10397
3164
6119
9196
1636
5348
4618
11493
11393
7167
6004
1275
1598
9853
6218
2579
10056
6401
3521
5130
9443
7476
2981
2760
2584
9948
7302
2621
9063
8637
10998
6087
3457
9236
1826
7460
11500
483
4034
921
11808
10588
9905
10391
7174
3878
6110
6096
4557
10021
2298
2671
4991
9671
7282
10734
2937
477
4
9539
6169
1084
2798
3860
46
6327
619
3201
5532
6286
11735
8138
8882
891
8281
3062
11053
10447
5490
10861
7698
7227
10490
6461
11275
10041
7394
10507
5651
28
10355
81
6728
4471
3574
2144
7550
2119
5744
2422
7720
9109
7198
4125
2698
9436
3666
11717
6894
5723
1578
6553
6899
8842
3332
381
3528
1507
7826
807
6061
2718
1896
621
11525
4032
11000
8017
2689
1914
3288
8988
9769
8221
7262
4056
1328
1626
8307
9788
9218
3966
9571
3600
10844
1451
1763
10925
3703
6348
6884
11176
5795
10067
10249
1049
9979
8048
3514
11753
4130
720
201
10598
5027
4314
175
8860
10497
460
1550
7291
4881
6471
600
8384
5054
6095
2539
9194
8914
6151
3118
7963
4433
1421
739
3478
6816
6986
1955
6529
11570
2254
1523
1298
10553
9657
7064
8643
3743
3498
10552
6145
2864
10534
2124
8560
6996
10456
5941
11444
4143
2496
10685
6649
9308
2066
101
1757
5630
2432
10918
64
11430
8326
11199
3944
10628
5957
7082
5980
2038
7656
1696
5953
7835
7726
3123
10794
2378
1302
9150
11155
3389
364
11781
5591
5035
9173
5931
11579
7668
2720
9895
8920
9438
3196
10070
417
3867
4995
9971
5596
7760
1712
3459
10281
912
11056
3884
1489
9096
4772
6730
4145
8244
3959
6559
5976
3101
6826
6010
8651
11345
1063
5779
5017
6127
9228
11827
4090
336
7703
6719
1697
5066
119
2071
5855
3462
5833
7103
2772
7079
6867
10521
9650
1024
2472
1690
8700
10518
9341
3065
4470
1536
10948
2571
7993
2087
6751
5290
11925
853
8070
7898
1442
4356
15
3276
5916
11022
8290
7984
961
4964
8605
11216
4002
10387
2838
2113
493
3582
9975
10591
9857
2732
10529
215
5907
3373
6804
9518
1059
1649
10214
7531
11851
8575
11150
1802
2187
1236
11322
9040
6685
11351
9091
11165
1242
11212
7607
10321
2979
8284
5454
3063
5187
197
4241
4911
4704
640
3345
7240
9263
285
1689
5303
4923
7717
1968
638
5350
11064
7627
522
10713
5588
5028
8030
7672
8399
1722
1346
4810
4000
2290
4785
8044
11210
2412
5557
4147
7366
2773
7074
11811
2291
7781
761
5160
5390
8183
9146
7046
10516
9639
7439
10415
2983
1201
10829
9587
4051
2139
2643
10976
11577
7850
6287
501
8106
3832
9501
11019
8116
3560
7595
399
6588
327
1943
7273
2156
8868
1746
9728
871
2948
10099
4072
10531
9309
6120
4019
7715
11045
1708
3432
3856
6
2068
3184
11044
8528
5360
7091
467
4845
8825
847
4183
1283
6889
725
376
1171
3030
4987
224
9714
7945
5127
11302
5293
11452
8650
11716
8137
2357
2191
8325
11678
6869
241
7100
10237
6479
6927
8654
9615
5252
9620
11203
7831
749
6644
1413
10388
10346
5727
9362
3444
10633
4606
9087
3035
1002
4645
8962
845
2236
4739
10189
2086
2491
10395
7832
4632
5326
5683
7910
8452
3799
2699
3013
7007
6732
2544
5255
3657
1936
3307
10882
1450
4573
4822
10530
7759
2745
3250
4784
2677
1608
842
3263
3634
5641
9755
1222
1939
10815
927
9299
1822
6056
8598
3808
6230
7530
6803
5365
7693
1268
6379
9221
1112
9170
3445
8415
8449
1723
1159
4374
9759
3253
3241
6508
10183
7314
2821
5120
4543
3746
7385
1841
1540
3865
8082
6546
10320
3599
6758
4272
10670
8543
1409
11807
8314
993
7771
8661
8899
8641
7438
1559
11089
2093
11456
4437
11320
11545
1471
5578
6671
11479
8241
13
3198
9867
9142
5610
1497
9042
3272
2940
0
371
10818
9750
6085
11839
8009
3774
10381
4655
9884
7440
8588
8180
7735
1165
10416
2828
3552
1811
1706
4611
6130
6113
1596
10966
11691
9632
2663
6451
7865
1390
6965
11908
6953
2401
9768
9059
2797
5487
80
2306
2261
8482
7558
7982
564
1227
5451
6208
9319
1202
4519
10095
10532
9018
5560
9672
3892
7586
5203
8901
3312
1863
5276
10017
2305
7112
954
1490
4863
7534
2532
3671
5901
9322
9383
7657
1358
7305
2242
354
11341
1441
1895
4322
10952
5942
4946
5517
3613
9794
6737
211
1472
10026
4100
2998
3785
9889
6760
10074
360
11069
6344
1397
10504
10555
109
281
11380
9564
11010
5861
11308
242
8527
1208
2766
6034
5890
6818
6881
2312
10755
6396
8594
84
2121
2493
2877
7451
4617
3028
4276
10413
9208
4568
2548
4507
4668
4883
4114
10129
2164
3323
9680
7844
2865
11385
3810
9591
27
9425
4768
26
10626
2483
10667
11552
6149
10195
11521
5677
1180
1038
9021
1747
10039
9206
503
9064
4738
3575
9460
2982
9193
1679
10083
2438
10950
6280
4666
5841
1461
11703
5204
9411
9247
560
3989
7769
10325
5970
2589
3435
7034
3525
994
9546
2220
10688
8780
4725
23
6108
809
3946
8270
324
4340
7965
8667
8045
2243
9474
1060
7610
2084
8080
3957
562
1714
7130
9191
1188
11568
5357
2759
7072
2597
9014
7337
9837
9450
3696
1378
9451
5865
11450
4119
2985
620
7287
2819
3061
10455
7695
4639
7711
6422
6040
1481
5378
3295
3448
5098
4592
10691
10773
5763
5538
11321
747
3698
10323
4028
2913
5343
7245
4927
420
1128
8526
6614
11794
6043
4502
784
3544
2168
683
10332
9162
3553
901
9293
8857
11550
10366
565
2221
2639
11257
4300
2901
2711
4650
11233
7338
8235
8815
3257
8850
2850
3756
8646
6389
11498
8934
7039
6985
5110
3751
5356
10695
3695
2094
6217
1538
2549
627
9298
6475
11761
6648
5111
11420
6048
2324
4663
11590
10138
2682
7868
11680
802
3608
8013
3642
2769
5847
1090
4715
9503
7785
8695
1293
1667
2870
2469
678
9871
6317
8303
5164
5131
7379
2954
8492
630
60
4262
5271
11876
3076
4907
10489
7397
10647
2825
8504
543
4542
7753
5999
9804
9960
2585
214
1162
4221
7817
10157
10524
2550
10382
6164
6093
157
8173
8924
3653
3629
9406
1455
6749
1861
7473
5393
4248
5249
6456
4098
9266
7466
11737
1506
4047
10636
5284
4408
3914
11614
612
9719
10983
8422
557
2896
3805
892
7481
3265
7917
7214
9115
10097
7802
2197
2906
4209
9461
10117
4089
5311
9616
3449
1846
8644
8781
6139
11649
2741
9075
3801
11899
3841
2349
2717
11595
1849
3936
5981
4148
6892
9277
2445
9270
1562
9070
1147
2409
8559
11871
5602
7421
7813
3178
11647
1778
5171
9712
7166
1096
2958
3240
4242
7628
8967
10423
2330
4646
8930
4283
8250
7767
5781
10668
2554
10539
3380
6142
4294
11101
11801
4135
8777
5869
5880
2282
1143
11551
1098
11888
7869
814
5209
4707
8626
9635
1272
11319
4154
9442
10908
8674
5894
625
2939
1985
11236
2294
7266
5323
6158
11830
9566
2382
5418
11304
8322
11463
11698
3617
2691
1934
2991
3233
6153
3427
6202
8458
4990
9791
5464
2331
9114
6764
5613
36
2174
9553
4188
11085
10986
7712
8219
6595
3587
806
5338
4527
416
8638
11081
5328
6115
11050
10239
3314
2776
5402
9618
1382
5170
5734
10703
5031
6256
6823
7905
8157
69
5706
1118
8028
2348
10471
318
11504
10560
1961
1745
4686
8776
6833
11200
7247
54
5738
9816
7393
4953
2143
9498
6291
4570
5951
7327
1426
8092
3316
5389
7928
1808
4956
1807
1108
1399
251
9828
7483
7319
5279
973
3130
7973
7975
239
4160
10252
7784
4634
7297
3331
7010
555
964
9930
10616
3052
3662
8686
5687
3115
1865
3835
1993
5102
1077
9370
9542
9106
5678
1951
149
10364
7128
6054
8085
9028
6907
10365
7433
2081
5479
2500
4986
2338
5543
626
2926
5444
7014
3727
952
9454
5188
11392
222
3092
5926
899
2923
5082
5112
10229
9354
9225
2148
2055
4175
6806
232
11619
3075
3594
2317
484
9487
9283
7871
3269
1327
9573
10964
9418
6275
1211
1885
10733
8629
11235
4817
5858
4444
3023
11091
7713
4983
11507
8746
5342
10558
7948
1799
11723
2637
1555
9318
3238
5029
9541
1845
3438
2537
11111
10816
3039
8338
7084
2517
505
33
5019
1556
2092
475
10855
4288
7951
8784
8184
4773
7416
4462
4331
2733
5227
1773
2968
1092
9555
6736
10581
1817
1161
11279
11266
3738
1116
7005
7721
9046
9230
6028
2729
8038
4826
3072
4825
3264
1366
8740
9465
8544
2213
5412
617
10658
1004
2215
3394
9596
10605
3996
421
11167
11709
10418
11241
10765
7674
2264
386
6075
375
3260
11357
7630
5316
4657
8243
10066
4524
9577
7122
2800
1959
5087
2429
2592
10204
2678
9836
4052
6318
7702
3988
3179
4220
1527
6905
4781
8237
9802
4422
51
1972
3562
4118
9604
8493
11208
7191
4085
9400
7455
5138
5745
5061
3570
10429
6359
10799
8630
9536
10142
10648
843
4719
5235
11923
3676
3762
233
8111
7804
11120
1299
7526
4957
4087
8820
930
10580
7631
8546
774
2543
3888
8895
6781
6190
7374
3014
6088
5398
11162
6231
9711
3031
4162
10990
4152
8524
9740
258
7375
513
7465
10809
2476
5242
1564
9044
7347
3192
3679
11544
2353
9134
1994
1158
1179
11588
11057
5611
2011
2752
9753
1981
8498
8998
10945
9581
5434
3008
2436
7146
4764
5040
5157
6358
11005
3417
7131
851
6769
4073
1677
3601
4823
10493
8829
2533
11095
3513
8582
5893
6852
11894
2000
8200
10640
8356
5426
8936
2599
1869
1998
11567
3470
11006
345
1306
11328
11141
1375
2112
1941
8402
4553
6676
10005
1104
6024
10618
108
2879
10885
10259
3355
7902
3591
4659
6001
1751
8041
10145
1945
9745
1694
6340
7430
4982
4741
5566
8228
4985
1835
2928
6138
2710
11483
7325
6540
2394
5049
2238
4676
436
8142
3853
5495
9746
136
7419
10180
2026
8023
7211
11114
6210
4530
2775
6354
6360
11192
2495
6052
2381
544
7825
8392
8400
5466
1317
4961
1611
155
2360
4394
156
3102
2581
10881
1758
7205
10821
1055
1573
10048
4566
9708
10884
4411
3831
1720
7233
2339
1979
8075
9823
8806
11416
8731
4587
923
8911
10050
151
943
4189
8615
8792
10453
10735
2932
5081
9367
3229
4345
590
2167
8165
6664
3071
4596
965
9950
9580
6044
9772
11297
6364
4635
3737
8721
5150
10523
1493
2450
6016
8666
4163
8600
955
10042
4678
6454
11789
7087
1792
2328
2364
8904
5371
10684
10537
1474
4894
4348
1191
9430
6083
3352
6392
9104
10127
3772
7843
10270
9164
2529
11278
6489
597
1640
7935
1479
9215
4901
3356
2655
8665
11503
995
11828
10250
4832
11428
6039
924
1502
9129
7024
3971
3117
10880
406
3188
3739
5435
1675
8854
5404
8022
983
6229
656
6992
10218
394
2379
11819
7909
2670
9527
2322
8172
4973
6969
1383
5183
3320
9464
521
4017
4685
5564
189
9965
1195
637
1290
10001
7160
9843
217
2486
5670
10888
3940
7119
6062
6198
11411
6465
5955
9729
2860
6811
2622
4549
9061
2377
8942
10013
1780
9597
6835
6104
1423
6366
4115
1880
4868
5494
10589
7183
5860
7577
11073
4382
2754
11844
2155
6568
5856
2980
652
1975
5232
10374
10372
870
7462
1129
5905
7401
3223
10895
4186
2714
1673
5321
9204
8477
4207
8097
8722
9422
11514
11764
8963
6501
2367
4102
449
2037
2160
3849
1386
9037
10499
2246
3054
6097
5592
11013
5650
300
11850
6072
3990
10133
11242
174
6919
6569
4604
6032
9027
4788
18
7524
2722
3246
5159
11240
452
1434
10624
2184
5935
7700
2180
10153
1021
133
11530
2351
2654
6687
3006
5387
9531
1447
4282
8156
405
10172
7275
100
3150
2560
762
3551
6739
182
7015
6161
8296
5679
3357
10579
7248
4129
2971
3985
7961
9227
10760
3105
5663
2702
3420
1840
7810
5312
4585
2951
4780
9831
1843
4539
11383
9217
6416
4928
3915
2387
7472
6298
1013
5767
2250
2527
11312
9723
8551
3972
11700
8024
7939
6906
7752
10505
1333
7859
415
8191
457
9693
7626
3232
7320
2947
10299
6235
494
444
392
2109
4872
7828
3070
10271
2816
7230
10635
10768
7962
6779
9280
10779
7336
10403
6427
3419
9181
11437
8787
7017
6874
3725
8462
10795
6228
553
7480
7864
6908
3218
8389
11692
2352
6464
8166
4372
4482
9214
3534
3535
5062
8287
2659
393
7269
6657
1079
6888
1343
11202
10513
4731
9155
10902
2788
9926
10689
2920
7280
10971
11903
6645
7432
9353
10944
11757
1737
2458
1892
5524
10385
1312
183
10044
7402
6535
8755
8202
6482
707
1733
11730
10663
5816
1054
5095
8822
1367
4865
10483
2075
1956
746
6594
7847
10732
5033
128
7521
9285
3020
7547
6002
7346
10265
7120
5857
7938
11147
3571
864
10929
4828
10292
9350
181
3486
8441
6082
908
9
3053
188
2721
7991
8547
5423
11857
117
8807
4702
8285
9449
4684
5286
1305
6333
3149
2102
3654
6641
903
11711
6709
7900
959
559
11515
838
1072
1864
2499
7392
3506
9864
9185
11825
7335
4168
3750
3199
6357
6837
5946
3055
9697
9172
5050
4450
3043
5094
303
3830
10846
7226
4605
2356
11526
9486
8520
9365
3784
10681
8751
1918
5107
3709
6683
1363
4198
9041
3113
1241
4259
4238
681
11448
10300
1454
10557
2044
11018
11484
8089
9310
8997
8027
1761
11847
9295
8516
2749
9669
2043
1674
4744
10088
1740
6714
275
171
10170
5733
11729
7444
6604
6802
8433
2777
10089
2272
4550
10970
4476
5846
4548
289
9364
3456
11788
8900
9964
4516
2884
7378
1204
11012
8132
7714
88
10721
9107
11921
1172
9345
672
4412
8071
4110
8758
6561
3341
11374
8465
11207
317
6170
10940
4643
8451
3371
4842
11499
8002
6898
395
3155
2031
6022
10743
5562
765
8875
5158
11645
997
3949
8420
11732
4918
11289
7293
2853
6155
7841
6174
3630
804
4851
629
3583
6707
3326
6457
5309
5737
11223
3680
7878
7137
6886
10564
3281
10832
4779
7020
9973
11458
10841
10147
11151
11004
6225
2347
10428
2283
4193
3294
1248
4048
11015
1309
7829
10638
10279
190
137
4862
2844
9432
5616
5073
591
8078
11592
4938
5318
1324
2887
8128
10957
7652
4149
5469
2504
11469
9222
1575
9048
7733
4695
6292
1392
4979
4599
8159
2840
7420
3919
8201
402
4395
2975
9684
10656
4219
9491
10896
11334
5555
9098
11529
4076
10651
9590
5493
5108
2929
6617
3204
8877
8533
9927
5399
2128
4640
5725
11128
11715
3214
4724
4562
6186
2525
11841
8880
7343
8658
11293
4230
9959
8634
3315
9159
10420
9913
10678
6279
6417
770
6281
3446
11713
3851
7728
1271
5792
4662
4763
313
2308
11422
10987
6136
4906
3814
4653
11629
32
1176
7073
5258
3798
8737
4626
7384
11388
5190
6897
2747
10905
6423
5807
6926
4228
5947
8344
11718
9818
8759
7093
403
3340
6842
8052
3368
7176
10946
11909
6982
11872
1692
3497
9876
3933
2097
1929
5961
8774
11812
9599
10185
319
11197
1130
5645
7579
10116
4092
8671
8160
2010
3904
8069
5446
4966
5238
7677
448
8101
6263
311
357
8977
11258
1325
5501
8182
5395
726
102
7536
4723
8448
11843
6429
5450
9667
3749
11395
5333
3890
1250
8655
4307
888
8207
3496
7986
11631
549
9101
8876
492
5175
8419
11003
11401
3137
5486
9610
7670
10687
4488
5910
9415
4099
4093
7013
900
9342
1064
8342
7897
10927
7121
8691
561
5079
11547
10449
1032
7995
8312
3108
6511
7947
9265
6631
7646
3881
9259
3318
11916
1599
7078
3226
1243
2383
11771
7362
9951
79
301
4124
6914
4892
9198
9475
4472
5467
11528
690
6635
5021
11877
2210
9038
8047
4874
3595
9426
11028
5220
10328
4497
4642
10492
2852
7004
9561
10181
11744
6512
3620
5362
7886
8031
2454
9533
4445
7250
6589
1106
11870
4882
9297
4732
5210
7463
10920
1446
9020
11842
6974
8913
7083
11389
8752
8453
7907
3362
5808
5100
2287
2764
8224
1141
7587
8471
8678
8455
1153
6162
1992
8442
6483
4820
7510
4994
1755
4595
42
2064
6428
11451
9966
4491
9727
11464
10091
8727
293
4841
2789
2827
998
365
6577
8410
11786
3379
8953
880
3489
25
9331
1688
6172
1613
4921
4447
6334
4414
5823
7754
11675
1255
7178
8316
1862
2620
11895
5873
2276
1754
1253
8607
6321
7768
5247
284
1074
11109
5388
3202
6459
11309
1371
7833
499
11572
8799
9634
8007
10892
10644
1338
6626
8508
5118
8541
10334
7981
697
9118
5449
7516
730
10025
764
11489
3050
3001
2206
7875
8864
4192
6754
3897
6798
2117
10485
7349
7574
5791
6494
4304
2514
848
2005
9944
6018
10345
837
1360
5093
7660
7042
8110
6141
3857
8965
781
3491
11495
717
1920
9758
7061
344
575
6983
3410
4500
2163
10577
10196
5051
5896
3597
3576
7840
2812
8808
6254
11859
10484
605
11773
6067
10776
10134
5515
8115
7599
380
10989
10992
10643
11201
7758
682
4215
4247
1557
2771
9111
2624
1101
2946
9375
11581
5075
3694
10912
1388
5569
10996
3303
11306
2781
9537
11220
2407
4020
2455
4024
5573
11763
4656
1848
7161
9272
6328
4327
904
877
9677
4714
2036
4876
2857
6076
2249
788
1040
3722
5433
1173
6713
6302
5364
5595
10187
3850
4237
1800
7867
7953
2098
1264
11854
7523
7426
11820
4318
9077
2706
10491
2313
3633
3304
4240
9073
11340
1500
1625
10596
11849
11164
691
8802
1664
11459
5416
1973
760
9643
7095
9953
4001
6238
7289
9811
4425
936
946
1875
11491
1431
7050
3977
9946
3961
14
8814
8947
6446
2095
7877
7906
4950
10411
3329
6112
7088
5539
5310
3431
4792
1743
10903
5259
3275
7697
3924
9192
4075
4890
5213
4153
2090
9413
1407
3051
7885
6351
1730
8414
6114
22
3046
3360
10113
8961
9742
462
2134
10319
5773
7799
6503
6356
10701
6801
4067
3546
3139
10674
666
6404
10793
2216
10244
3010
3158
2
8375
6196
8873
9603
8948
8406
3664
2815
6064
1806
2774
4033
1854
1111
10266
2079
8831
8000
5320
5579
11423
4178
6008
11030
7822
11898
150
1539
11313
7605
8040
8707
1164
11866
6587
9800
546
10257
11911
5136
677
2867
3429
2269
5597
10805
5363
2862
2684
7635
8978
7272
6722
8227
1788
7818
6868
1725
4896
11346
2100
11555
3670
9337
3173
2586
2110
10567
5237
9235
142
8177
1911
10149
10179
7634
7688
11317
1889
8866
9744
767
8890
6336
5510
4070
1182
5463
7041
1903
9381
2657
1120
3845
8361
1133
3886
2534
3964
6700
3261
234
9226
3430
1194
3640
11136
2217
5813
4909
7053
1775
10999
9535
611
8499
3631
4654
6968
7333
4801
10965
2558
9336
2943
8832
7838
340
10148
1175
2708
3349
159
2222
3095
11174
3732
368
116
10130
8226
6564
1031
9291
5533
10010
7571
2028
7597
3222
5928
8561
3806
6947
10973
2083
7172
4477
1660
6323
7653
10730
7684
6701
3952
314
7221
2165
61
135
11190
11032
8756
3803
10019
7135
1574
5695
3765
7718
6160
4415
7202
10610
10549
10240
8569
6844
491
4185
7116
7449
7819
1582
3067
2955
4349
6984
4057
1610
5838
1873
4213
10473
11087
4074
676
10769
9848
5636
7218
4203
515
10105
5409
91
5474
11695
11037
4260
11315
4833
5059
8891
9554
9782
11475
10314
6662
8956
3396
4525
8982
6706
7312
3572
3024
2420
11269
710
6745
2801
9002
2319
9805
5775
9143
5956
10666
1542
10519
3848
6972
11648
9916
6187
654
3689
11403
9638
8616
10764
3134
4621
5176
11218
1288
1736
6960
8444
11559
5921
1157
7925
5181
8144
4693
10913
594
8232
195
6655
10443
279
6915
9630
797
1987
8884
8986
7265
10233
6463
298
2042
876
7983
5436
7028
1638
6477
9130
610
4206
8581
11327
7058
9321
8531
9976
2782
11677
6638
11752
3377
1430
8289
2335
8570
6964
7501
7904
5180
7744
9161
3523
8376
10247
5268
2930
1579
5208
7351
11640
6566
5438
3339
10863
5442
1568
4038
8065
4681
1639
2239
2607
3293
5526
7307
8185
11837
10377
10213
7284
8836
5465
4483
5456
8211
4387
9715
6856
7790
3912
990
6845
4910
5943
7494
3829
1976
5428
8916
1721
1814
252
8223
132
5460
11472
9549
7290
8959
6808
7497
4601
11663
6041
2365
7377
6332
2123
3363
7685
2225
11736
5777
6223
6699
2027
769
225
9656
911
3637
7765
11438
4555
8539
10029
4509
8010
4263
8844
828
602
2794
10140
3407
9110
4665
10622
93
4615
10174
1543
9904
4112
5684
4667
6243
11246
10968
3176
9601
6690
817
11845
2660
8675
7943
3414
11654
4010
1373
4754
7315
9482
10869
10086
6570
6831
8102
9401
509
8550
1420
3913
5289
7870
8726
1996
2300
5799
10936
3752
4265
10410
4390
2961
236
2751
5282
4798
4251
6051
6929
6150
8839
6304
3775
8286
2605
956
5472
9692
11855
9300
7529
7882
411
443
9623
5257
2007
833
11557
3728
1765
5902
3754
1534
8236
7545
8985
6368
6349
2842
5752
6715
11355
11002
10699
8779
10208
6673
7933
9269
11132
742
6942
3668
8564
9563
6734
1789
5144
10720
9441
4612
9846
7029
2091
1460
6634
1150
11440
231
7535
5358
6814
6524
8428
5354
1509
4250
10268
6074
1448
1075
9654
3648
2600
1683
479
11756
2633
7459
8194
4177
5251
6102
8369
7031
6326
2018
8580
3711
9237
5481
6523
6772
1580
11778
5047
1320
6117
9346
9030
5065
11263
6689
8558
5800
6536
6944
11666
11873
1524
2880
3127
5459
6912
11930
10696
5002
4515
11108
3330
884
8472
8795
1404
8713
9516
2891
8592
6125
1274
1838
1652
9328
2074
8922
4417
358
6007
5584
9189
10424
9992
5123
4623
9908
11702
925
3974
7994
7324
5537
9009
11686
10465
3935
7528
10093
1837
4464
10646
3106
6840
10193
1616
2024
6629
8791
47
11414
9428
3069
7751
1852
2333
5191
1676
8119
932
2561
8320
3273
7316
6049
3885
8264
8112
1066
4672
2395
11797
3512
8803
304
8894
7048
11059
1762
10935
5990
4944
2508
2830
2903
6045
6962
3136
9679
3066
4319
3766
5503
11419
11405
463
8636
11512
7354
3516
1085
6871
9371
10511
5954
5332
5153
10414
5009
8676
2442
10556
10011
11407
8620
4898
9455
4386
558
6973
2768
2106
9092
7540
4919
7803
8076
3555
4718
563
3343
5939
6762
9703
312
8476
10833
2616
10595
2987
7812
6584
1016
3970
10761
1068
11607
1394
3502
2916
2141
4673
9584
10078
8855
580
2808
7403
2320
9990
11477
5034
1681
11699
3142
7662
3059
9249
4746
3484
8992
1909
10206
6957
1624
5638
1240
5987
3422
4931
1615
11513
6003
9165
2603
8572
1986
9084
8266
2988
1342
7583
10032
6146
5305
10951
2129
9301
6598
5292
11601
6487
11902
9817
11139
9763
8680
3697
791
6373
4039
8164
3026
6380
3975
10068
7707
6903
3726
3566
8811
1784
11706
6033
8689
1898
6372
10814
6089
1437
4030
4829
8355
2692
5506
8925
8663
2969
1269
8351
8954
7350
5540
8841
173
11783
3336
8062
785
1322
5512
6505
5483
11
1525
9488
4765
1707
3209
10344
4480
6222
3411
10509
10020
154
388
6518
8254
11593
11618
3128
1496
9665
4808
2481
11731
2831
7642
9923
1466
3614
8608
7368
6209
5640
4582
7009
3960
8368
267
5155
798
10230
1365
11904
152
8711
8473
458
7978
5657
8374
2693
6902
3165
9991
502
1089
10923
8381
1456
9888
5317
5266
4144
1415
11798
6761
7749
4900
4205
4818
11369
6920
8673
3437
8043
6276
2284
1886
8589
7454
7148
5167
1088
3564
852
10807
4564
6180
6875
7920
11571
3034
3955
11582
6369
310
10985
7019
5609
8682
3674
8595
10012
5629
1127
2279
9640
3669
644
3387
10954
711
6538
8929
1637
5754
5041
9458
6419
2013
10487
11621
4373
434
11140
6885
9284
6391
6498
2696
30
10874
9023
5827
273
7814
10919
9607
4306
9866
5140
11052
1395
1433
9056
894
8021
1284
1196
4431
11569
947
5072
5315
10897
9689
9256
5751
3682
5163
1285
6848
11536
6748
8633
2398
6545
7113
9385
4848
4893
6078
2260
6813
11917
1988
2136
1932
4631
3251
1107
7193
10219
5788
10168
11684
6822
9095
2613
7373
11474
5448
5030
3934
1901
9760
5842
9005
1893
5615
11891
2435
10158
1691
10422
9928
3247
82
582
11751
11144
49
9090
5586
10715
9274
2807
1779
2709
10092
10900
10426
202
11605
17
2642
8037
9887
3162
1513
9655
646
5971
468
4688
7675
10575
2427
11787
8391
5802
7972
5491
10106
675
3731
8300
2135
4759
4593
9141
10706
5420
6152
10231
6549
2960
6552
6466
633
1189
3000
9379
1281
9187
5298
10797
6227
10601
2076
70
4273
2310
10035
6219
4065
10294
2641
11683
6632
4042
4873
7779
5001
5478
8049
9390
2734
11670
3981
5297
6710
5891
4589
7236
11793
2750
9153
5234
745
4036
4478
1400
7098
3677
11281
10404
850
1709
10790
8604
1353
9706
5013
10194
8624
10383
7158
11624
4486
7537
10673
6342
72
4839
4708
4590
1839
6495
9863
9983
9431
7899
890
1304
5523
8012
11330
7380
11283
573
1056
8714
4426
1036
3537
2748
2355
8867
9557
11080
9340
11399
2065
2602
11537
668
3536
4066
8298
6418
2716
11743
8210
10451
10745
1262
4895
11893
4508
9840
3868
9378
2482
3500
9332
3245
6449
6601
5859
7861
1710
4339
6443
3930
6825
6398
3665
11886
8362
11748
9507
9874
9484
8150
6716
7644
869
11896
9576
144
2162
1520
5713
10675
5219
1547
10108
4246
3721
8927
4677
3717
10261
2977
8196
1246
3292
5631
10741
427
5863
5853
3190
5796
5200
8852
3041
6590
7341
8827
7794
5355
11470
2062
5656
8054
6435
2402
6976
7235
8147
823
11860
11815
9743
1459
11856
11901
4050
4569
1766
11074
4960
820
2893
4451
276
7281
11131
1071
5046
7484
7381
5998
858
6695
8094
5741
2553
4809
1093
9718
2611
11245
11092
3112
6383
10653
11154
6476
11352
7932
1058
7590
3120
8357
9985
4080
11391
3468
10812
10960
4290
9739
5384
3405
5810
4796
2618
5084
1350
259
2712
1027
4993
3404
40
3476
7570
9126
10613
9435
2810
9998
2366
221
11439
5018
5250
4400
5300
728
9645
6679
7268
5552
9735
6273
631
5944
3004
4767
10393
1628
7390
8354
9368
4214
9558
1051
9323
4121
5090
1341
270
4424
10082
1600
4336
811
4976
1704
10834
3268
4729
7996
4607
3770
9756
10440
7285
3301
7147
11637
4468
3212
1329
8008
6050
9721
3932
10910
3384
6691
6668
2252
5216
3645
7998
4122
7573
8332
1030
11816
2146
10160
5876
11750
4022
8297
10341
1653
8336
10796
10634
4270
9343
547
10107
3802
6952
3789
6667
10559
5115
4947
334
1570
6857
2634
5966
8125
539
5383
5341
10221
9649
5239
6410
11465
1819
7954
2502
8018
1529
9877
4628
9943
9678
9781
8318
8068
7517
7621
9148
59
437
2149
7124
2974
4041
9325
6841
6526
3309
5884
2046
11299
10136
4787
1881
9035
10731
2494
8334
2223
4402
1370
6970
1478
4393
7866
5117
2907
4489
4992
10014
5906
10338
3375
7006
2562
685
1086
7238
1551
918
6399
4924
7329
2166
4728
439
3554
478
4538
6777
7332
1949
2289
456
6726
11378
11802
1429
8488
3632
508
2921
3215
6585
981
3347
4887
401
2202
240
4929
153
2275
6771
6374
3206
7436
3461
2006
4321
5373
2608
4799
10934
4053
7340
10988
11613
9709
8424
9540
4775
5765
5427
9137
8192
11890
1122
2474
1569
5403
3083
1185
2052
3615
8728
10894
6548
10864
3635
7037
7225
6316
7185
4012
3208
2466
9636
8083
9168
7774
4925
2405
3515
6542
4269
6403
4200
11814
7930
4172
8140
4886
10442
9674
8238
6955
2133
438
11231
4670
9156
2111
2415
2267
8093
3483
5652
11549
3701
2964
9224
3769
8408
3734
7724
7168
11741
3688
700
7927
1414
2179
701
8535
4859
1348
3012
9466
11105
664
1759
11862
200
11361
7512
10030
1081
4116
6118
1099
6738
3847
4082
7294
4726
8785
4224
10450
6860
8272
408
6778
5308
9506
2817
4689
3354
6469
6514
8339
5206
4179
9440
8103
3114
6124
7063
2567
8521
3675
3480
6324
97
2927
4696
11185
6539
5272
6468
5898
5886
3866
11523
11651
1989
4187
1682
8301
10407
5621
2740
9287
2463
636
5291
2302
5739
9311
10615
3291
6863
3036
5550
11611
5367
10057
7474
7450
11195
6987
8941
99
9380
2522
4510
2096
2108
7729
2623
9116
736
3132
2952
3096
3973
9275
1265
9732
4545
1034
3518
531
1126
1057
1935
966
2273
8874
5513
6606
10718
9935
7623
10141
8199
1167
2025
11765
2661
6167
10475
8350
4013
996
4210
266
3531
1526
8487
4223
9416
7746
11067
11818
716
5440
2784
752
3660
5936
6591
6834
4535
3231
7815
1767
9859
7192
6516
5012
6666
10033
11426
11397
11834
6165
9918
286
2301
11900
3714
7891
7331
4343
916
8834
3337
9602
7690
883
8743
7513
7395
4420
5254
4299
1590
7428
4608
9717
2457
8950
6407
552
3911
6192
8134
10132
4208
6308
7251
3764
338
4703
1782
9062
4460
8935
7543
6647
9792
8373
5314
10669
6019
5114
9303
10941
5007
4069
6530
385
7508
976
3129
6853
9372
1468
3790
1842
2344
9785
6731
5067
2933
4675
1954
5119
8835
9939
7044
9798
5878
3723
10458
9736
86
5671
11332
6817
2271
4421
6810
2672
1604
1015
4427
567
1983
11720
1178
6006
5770
6204
8460
10785
3568
9878
1783
10878
3037
1749
9386
5198
589
8430
9903
8960
6961
7618
2761
6132
4474
7132
3875
5534
1387
2263
6090
3692
7152
11918
6025
8757
7502
8613
6658
11589
6470
1078
8431
6460
10047
11301
10627
9819
5064
4104
3543
223
348
4302
4381
6098
5275
11071
7370
3533
8404
11679
8204
11265
5574
1825
6350
3216
11156
581
1663
11853
588
5922
9082
3556
11455
673
10873
1494
9376
9127
6520
3
3511
10371
8130
3400
11543
9268
7359
5447
9592
10508
7108
9320
9907
7478
11660
5410
11791
2758
11882
6499
6285
4547
4996
1818
397
3565
8335
1045
11734
8215
2935
10898
6447
6299
9072
4965
1069
9167
9000
10227
9947
474
3463
3928
1719
4877
2085
4268
4899
10087
5561
5868
7012
9074
6182
11442
5732
9738
6409
2999
1572
8370
465
3745
6179
750
2640
5623
1586
5531
6084
7643
21
11522
8826
3681
2577
6134
9911
5133
3678
11482
6873
6207
10171
7434
7548
4806
7155
11926
9909
8976
10938
9499
4059
10210
5036
5887
9201
3644
1505
11687
10924
9921
4344
5721
1443
288
184
5983
8033
6502
1389
3647
168
5762
11726
5519
9551
1485
4369
3003
5222
1666
11137
4588
3598
6355
10169
10819
4850
9144
4176
7298
2392
4111
2003
4094
5202
9232
3529
7538
2116
5295
1671
6441
6578
283
6859
5455
2966
3025
10754
4652
10700
361
9647
10659
11354
3621
6123
1905
11228
1052
9894
8745
1237
5885
9175
8565
687
2131
11665
6181
1168
11476
1003
6579
9131
3958
4353
7562
4963
922
4504
6931
11227
2627
9749
2518
8870
8509
8383
11007
2345
1552
4320
7664
8205
1605
670
7667
10188
8457
6622
9387
3508
6221
4463
3979
6014
11180
1906
9698
2416
1553
4469
8151
10367
8848
1080
11100
2478
1602
3210
723
11025
8396
7600
4342
1512
11400
11602
2902
9942
6800
4077
7286
2473
5830
1260
9556
11548
7008
9670
9123
297
9565
7388
6270
8710
3481
6642
740
3091
2856
9050
2793
265
11742
9452
4025
7408
4586
5215
5952
7604
9103
2728
2281
11657
3308
1372
8989
8176
2408
8767
10207
2321
2683
10201
9108
10120
2374
6759
10031
7988
6012
2739
7288
3221
5559
10578
1515
2361
31
9031
9294
10009
10308
686
2791
827
7748
6497
1591
78
11558
986
3172
2241
9076
4793
10396
287
520
1444
10573
8319
6543
606
3236
10600
6599
7486
7742
4165
1966
11060
4610
9770
1440
6917
7911
9633
9405
1136
4680
4204
3044
5668
3844
3950
2615
10932
11913
8739
3876
11090
77
11461
10224
9120
4108
5784
7593
6376
6183
9398
4692
10698
3042
5504
339
7143
10336
11273
9545
6382
8926
11532
3213
4324
2726
11088
6188
8229
5530
24
800
1984
4466
2580
6767
5747
5306
8576
7232
1368
3452
534
5400
855
11630
6347
2609
9209
7417
945
7491
11305
5302
1916
8126
6163
1377
8109
1135
2127
9515
7025
11813
2142
5541
7077
11138
5991
10481
4385
8987
3811
7836
220
1504
5756
9472
4713
2247
11029
2004
11779
1364
840
8833
8026
601
6674
7361
1300
9807
5097
5661
11725
10439
756
4399
9824
4558
7110
1990
8239
3381
9117
3509
9882
1701
2188
6488
1436
5680
8310
9433
1154
94
9083
1824
8015
9424
5563
10967
9699
2040
8198
7070
10466
5296
6331
7692
3976
4939
8099
7892
7581
8434
57
5580
4920
2636
5682
11435
8878
216
10512
5069
10847
1931
10297
6883
3893
7344
8523
5063
11256
10697
5415
7257
10875
10739
8599
10096
5822
3956
9210
11508
10269
10111
291
11704
9868
11409
1883
9752
5851
11667
4603
648
2845
10307
2925
4514
245
1352
11107
9151
1233
11762
2858
3691
4196
8549
1037
11554
9289
1791
3064
7256
968
7246
6509
8104
4959
6637
9388
7608
3538
4889
10887
6692
10854
4312
5267
38
7553
5121
1940
5632
6934
2358
3494
11078
1816
10284
895
7274
2872
4854
8775
6613
9858
7263
8905
11217
1091
11048
10517
11887
9094
2295
4999
435
2559
418
8783
2426
9922
1424
583
4158
2945
2257
1545
11905
8669
9897
5805
1566
2363
1633
6786
11349
7055
10914
8812
4413
10746
9356
7125
10709
7467
6021
9477
4375
11288
10527
607
3475
11805
7114
4355
10792
488
7243
2818
10545
5521
5475
6916
9445
10525
8262
7739
4234
11295
2016
2115
8367
3087
11292
10052
11473
7851
11583
306
10327
9286
5008
10572
6116
2485
11914
7561
5197
3135
3704
4625
10034
7676
10632
1435
6320
8974
4161
10677
5162
3953
4753
8693
671
4743
2520
11188
9262
6105
2296
4971
4699
6862
9829
11868
8459
11821
3833
9690
8507
7683
7423
8120
5837
3082
379
8155
7894
11215
3994
2050
907
5057
5368
1419
96
1858
11884
3590
7884
11204
8206
1647
6776
3589
2452
10331
5768
9862
5605
3927
7666
1872
10822
2057
7609
4455
2196
10777
698
11636
3090
6026
4969
11689
2099
3895
7453
6537
9250
8766
7542
9519
2049
841
735
10510
2130
10251
9122
11728
7887
10931
6878
6490
9988
10541
1857
2388
262
8694
1221
8382
2418
11021
5419
3545
9661
572
3901
6607
1670
330
4358
8952
9570
3416
4458
8413
10707
7816
7551
6305
10144
7977
5347
10448
3016
6910
11135
9734
7940
11417
10236
805
198
11697
6768
5903
213
5646
1656
6928
8135
1482
10838
8840
2538
172
10806
6930
5185
1225
4641
4616
8621
5025
5281
6253
2513
3086
10766
8845
4512
8853
2471
6288
10301
11011
6532
2245
635
8704
4054
122
7181
859
3487
4941
5627
6580
8734
3454
5633
6938
8871
4700
5798
3228
10608
1748
1405
1601
1087
7219
206
486
9147
110
2371
4289
6988
2799
10781
9627
1831
1412
11072
6773
2604
2658
2072
8371
39
10350
8397
10926
970
9242
7489
476
6939
10515
8819
4266
933
8622
8554
11271
2318
7824
6702
5104
2440
3157
4998
7696
11524
1561
53
9776
566
6400
919
9747
7360
6948
3687
11173
75
2125
3767
3464
11038
8923
7279
10716
11639
10719
7873
34
942
2019
8423
9795
4783
1786
4016
9963
1140
2707
1621
7682
6850
4770
11510
10975
6843
9051
6733
9233
9521
56
4195
9881
2574
7184
2233
2230
6571
10353
2060
7036
10226
834
7144
8059
11270
11182
1937
295
5726
511
6143
4501
6203
6005
8259
4079
6694
1105
7979
8503
3834
3161
3029
256
2487
11259
7736
9898
9366
10535
8747
4576
4467
10714
7056
10843
8035
1235
9459
2967
3609
2506
3443
6111
10038
1769
3009
4212
7295
5850
5431
7647
3843
1019
702
3401
1693
6681
7477
11027
6993
10392
7326
9316
6675
3842
1514
9995
9467
1597
2631
1408
11861
1393
1922
6216
2376
1510
4917
4484
8955
6319
11042
4142
9231
7800
10565
2053
4226
4173
8553
11546
2460
5277
6643
11598
9003
5546
6262
7710
2304
10593
9865
11490
6252
264
7572
3501
4292
11620
11623
4326
5909
596
4232
699
3287
8861
7990
316
2362
11693
6274
2126
969
7027
9421
2628
112
7365
10238
7304
5715
2461
5313
11638
1867
10528
6060
9447
6586
694
11776
10737
2204
2762
8246
3713
2847
7614
4350
4432
10318
11326
9761
10752
3527
9053
3942
8091
4879
8439
8563
5809
7069
10853
10405
1518
2687
10851
5352
3365
10173
1132
9135
4197
5385
4871
1220
2820
9278
5288
4492
1402
5016
525
5699
10373
897
6653
9806
8216
5997
951
3758
1643
10868
9524
6440
9560
8245
1041
3747
8417
2192
8652
10102
4388
4493
6627
4844
2443
2965
9914
7482
5714
9676
229
9112
8690
5529
5549
2934
5124
3011
9978
7383
8715
9893
2258
11277
9177
6047
2970
308
6551
6265
1259
9886
4674
1859
9925
8915
8494
3358
261
8888
4846
7641
10263
7425
5535
1234
10454
4023
4244
6480
4377
3779
1018
9489
857
4037
3402
10642
779
9463
9550
9787
1029
7429
5331
5704
145
6557
796
1356
692
3783
1868
893
5113
5172
6268
11531
10477
5848
11020
3138
2941
260
5080
3160
529
9694
1794
11421
445
2839
4363
6037
2172
2325
3880
1282
786
162
250
9476
7622
5568
8006
1960
4505
6672
8610
6923
8837
6805
6941
8178
8586
10280
5471
1856
985
10003
7704
5708
255
1381
5821
10981
1908
6144
3965
11829
1245
9124
1146
8828
8548
599
7665
1847
3618
4222
9348
10437
9276
6481
9495
6533
10974
11402
2151
3479
5101
3916
4296
4354
4044
11127
10162
6797
2596
11342
11754
2140
9179
11712
829
1879
8170
11929
10191
7252
10024
5690
8512
11014
984
9496
3729
5575
2992
6307
4423
11534
9260
3821
4498
6854
9700
400
5840
10260
4814
7798
2122
8311
4298
11685
6467
4932
2446
737
6828
11098
186
2088
6224
11441
9404
4405
3153
1361
6080
11627
9624
8390
8754
4068
8450
1870
8762
10324
5105
238
8127
5553
1571
11682
3540
1303
9069
10376
9931
3074
4903
244
4494
2805
11238
7224
6663
10199
9207
11016
7495
10997
8794
8668
6752
2647
3466
9579
4791
8113
2855
2911
4064
718
4574
11443
9166
7220
743
538
1887
8670
11796
8058
9725
2480
6836
6073
2459
1744
679
9685
2286
10486
8495
881
8679
10606
3283
3080
9105
11261
4687
10872
5366
11804
4997
5413
6611
1362
2437
3539
4254
1963
551
10842
7821
7260
789
2211
8918
9936
2008
455
164
3954
1295
2444
322
3627
6998
2652
10303
11710
8073
4346
471
6496
3455
9483
1425
7163
3887
6250
550
6106
10165
2380
8385
2237
4852
5820
5871
8703
6038
2176
7276
10662
10958
87
1076
10547
10949
10563
2882
1001
1047
10686
11599
6234
2565
9241
5996
10351
866
533
7309
7264
2873
1541
5195
10178
9608
7772
7960
7879
8124
6977
10016
4734
10356
9361
2680
8208
11086
3854
5994
496
2526
5724
8271
8123
2439
5458
3906
8883
1291
2456
7001
1969
143
4520
11501
9961
11656
586
355
2695
7908
2375
10652
6437
10335
9203
447
8276
2212
703
1097
11775
5278
3077
4776
6753
4233
4061
8359
11093
10468
5542
6361
7051
1650
7766
5470
628
7747
5103
11672
8461
10751
4694
2240
6122
5930
9004
11562
8623
8585
5174
1878
3700
2650
11160
10886
8975
4904
5381
3058
8709
1860
8522
2665
5058
11079
6431
6967
8933
7398
5681
10143
8568
6492
5508
9629
1965
10394
3243
7052
3815
5913
909
11864
9826
9043
307
878
11418
5189
2404
11390
7170
7734
4167
6560
11511
6619
130
8688
2297
3125
1585
7303
8145
7081
1820
9389
11373
5904
11617
5832
1486
8479
5736
11831
10399
1457
9568
9015
9081
450
10112
3282
8990
1772
2417
727
10154
4556
8632
4227
8275
1216
1876
1495
7591
6312
11168
3656
8293
10293
1100
2931
3652
8945
10104
10474
2017
9119
2973
613
9896
3922
1357
4952
4495
3147
3579
9097
4278
949
8534
2813
2780
6249
10939
11454
2843
9912
8932
7066
1115
2314
1549
8429
3992
4567
11772
3492
7195
2803
6864
11608
5644
9873
9598
2009
147
1453
2626
11633
3252
6742
6608
2428
4029
6388
2575
1354
4040
5145
10592
6311
1635
11364
867
11097
3605
7546
6448
3761
1396
10694
10639
7615
10991
3794
639
9347
6194
11446
7566
412
7222
3938
10501
1219
7560
1464
161
5881
8161
9033
6094
11432
