2302
6727
5442
2848
11902
1110
1254
353
10825
2794
919
11276
10418
8601
8391
5792
8482
11634
6921
5858
9248
10395
1211
6830
6789
4977
2292
3285
8382
10576
516
1825
9651
9368
6374
10297
7539
10488
6841
6877
1572
11205
8186
1504
2692
3539
9601
7878
6419
8230
920
2870
9219
6601
7964
1061
4092
232
7617
7966
9061
3075
1962
1846
3573
2556
2717
8401
7182
7035
796
6640
6715
2211
7601
6793
11569
11880
3098
6611
6057
4216
11116
10291
5253
3336
1404
8887
5495
587
7481
6326
5517
6450
1086
10478
9427
641
9396
1639
339
10339
5106
5142
5218
2472
3758
845
11227
10406
11297
30
2800
2270
9454
9264
8127
10088
9397
9303
576
3087
6554
7356
1143
2392
9201
3770
7992
4422
2477
6583
8978
3827
4193
1632
859
11356
3693
1996
8848
7722
110
11724
410
11683
1851
8680
9928
4812
7390
4872
2239
9472
7968
4817
9249
310
1671
9577
3677
2481
3525
9115
5712
71
6232
335
10962
2052
7947
5930
4886
9258
5997
11352
8738
1749
9497
9199
4700
10274
6172
3803
9610
1945
10014
6705
11580
10553
3117
250
11216
1592
1304
4456
4490
4860
11261
7144
4854
7343
9276
9735
1068
9380
938
9630
11889
11349
11747
8060
5532
5147
7569
8548
6344
8063
9998
4416
3902
10710
1054
5693
2456
283
7124
7076
7936
4429
6420
11468
7879
5439
7292
1046
2994
3170
617
6763
4023
11154
2455
765
2230
1913
8507
4694
10188
1012
2606
2503
2057
11846
309
35
6049
10099
1540
8481
8862
7938
9725
11226
2110
1377
9859
9866
7061
6599
8120
8122
9895
6736
4613
2998
5590
10385
7965
8953
8138
1532
4826
2844
563
7637
10707
4893
9768
10172
6059
622
1806
672
5029
11825
8290
11620
518
1744
1088
235
11761
1681
10724
7366
2694
4809
11458
5931
799
3188
780
9666
9422
4115
1882
3710
5158
4880
3164
9136
7298
11046
9607
6903
524
934
6348
3271
6975
8531
5714
11764
25
56
1487
8599
59
6378
5299
1464
9082
1931
8703
9702
5666
655
10549
9271
7350
7146
5652
11919
5232
3674
3458
8250
6171
880
1074
6650
9048
10444
9471
10538
11421
2150
3596
10946
10574
5402
11794
10040
10767
6535
5866
4768
454
8805
3160
9135
5406
9465
9426
3389
9184
11066
2371
10839
9244
4392
9825
1549
6411
5441
2769
2389
2063
11789
5576
11430
3892
6137
4053
1448
5588
3973
817
5223
1403
11782
8929
6083
10273
8226
3490
1598
10118
6468
6677
3276
10687
4453
5554
10025
2242
7916
11861
1810
10883
10635
6363
9921
10603
1257
5990
8395
3420
6840
8340
1392
10280
11181
6027
2152
10491
5870
8225
11081
3212
193
4260
1650
1082
8274
6985
8542
1600
4717
11199
2817
291
8981
6544
2804
1551
6325
895
5096
5039
7608
2703
244
9455
6577
4210
787
7320
9317
2430
4084
457
7712
6523
3293
4138
10069
6479
7849
11145
3517
2039
3567
11537
7729
3700
710
6088
3670
6416
11823
7313
3350
7612
11039
2210
532
11704
10998
9750
3756
10740
2865
3662
848
9155
6457
6507
1961
6702
2580
1770
8459
1255
9046
5781
6357
10856
10112
11237
11262
1009
2281
4120
3104
3055
10061
10971
1386
10311
7868
5701
6235
4831
9887
9237
2827
9307
11481
11805
1715
6352
2960
9202
11491
2252
4435
3486
196
7935
9200
1425
956
2671
7793
2119
8547
11267
1784
8089
9872
4044
10187
4377
5084
10215
10986
5623
5024
1222
1083
2778
7270
5382
5848
1424
900
1509
8022
890
10351
8842
4113
711
5270
6425
199
5600
8909
7921
11373
10797
9473
2993
4552
8421
11032
46
7588
9190
4493
5616
4427
11515
4228
503
6829
4012
8013
2864
3324
10048
9873
11926
4318
4661
2314
11401
383
4662
7015
6938
9526
7778
5762
4609
10829
8150
3237
8370
8835
3072
3853
9525
9306
5850
2898
8348
3206
1337
1525
6638
11272
11141
6395
5116
2842
10051
4517
5433
6184
1399
10963
2453
4916
7103
7354
8324
9439
11821
7194
2305
4157
6686
393
3061
6195
10371
1055
642
8294
4527
10318
7784
8865
7624
9655
8849
8906
3888
9381
4799
4390
6795
4187
222
60
1150
913
4277
10319
11692
6828
3082
1829
8763
13
11528
8228
11106
9945
11447
11306
3243
4438
8916
9781
5255
6591
4535
7094
10917
9145
347
5246
9468
662
3010
6472
10508
7404
7261
8579
10642
2417
1856
10204
8813
8734
7536
9733
11103
4569
1830
8876
3601
3718
3365
7204
10920
8616
11245
849
1483
5275
4233
1705
10523
11527
3224
606
8262
6268
2524
4945
4824
8754
2366
9894
3749
6203
468
2137
7681
2300
4935
11851
10941
6263
2195
10811
5069
2099
9478
1212
8300
6422
1550
3588
6959
2435
4067
2127
997
11668
7882
6950
2988
3219
11866
9171
10054
10906
9641
7586
5118
5219
5610
4987
8757
7437
498
9453
7828
7054
1112
4626
3136
1520
414
3647
5849
11754
11748
3924
10334
4931
10208
10486
9432
4841
9871
7770
8943
7903
2530
691
6545
11291
2796
8206
10894
6277
1449
7998
3099
6624
6250
7977
4670
2177
862
1665
4607
7720
3809
951
6666
11896
10
4464
1840
839
5196
1812
1818
3675
1220
9319
1607
7789
9880
3948
4682
2106
11114
3516
936
6773
9079
10149
471
1349
3502
4582
6863
2045
11422
7895
9179
2662
2223
11877
9286
5340
7857
4208
493
730
3041
4675
4865
7832
5437
4378
5759
1270
1123
1350
8730
11672
206
2421
7454
4444
11314
9053
1476
11466
9739
4948
4364
3127
9182
321
3163
1965
267
9531
11012
1335
8405
9014
9081
4563
11304
2339
8883
7485
6167
1589
9579
2515
526
9652
10857
6703
2568
4395
11326
8526
5911
7344
7332
5636
3247
4839
1457
5798
6865
5086
4591
6451
648
3482
4548
11031
8023
8236
5463
165
5492
2394
10693
2733
7517
10046
6054
4160
1185
5157
3487
8088
8139
4710
4004
11462
10079
7315
1032
5059
9654
9737
3519
10645
3635
4553
11355
209
10751
1229
8331
2028
8438
4540
10779
5199
8162
2130
10816
11067
4161
7874
2132
5683
5
1173
502
4342
2872
3909
4754
9095
8545
1141
7271
8630
8914
5907
6179
1089
8117
9882
5787
11847
7571
8930
2215
1002
1085
2296
10140
6770
5723
7772
7127
2767
11079
4654
11278
6331
3231
10113
3312
1720
7176
10768
7286
7280
7155
11256
11622
4878
10021
3298
4199
9000
6393
7096
1543
5262
728
10296
3884
6656
1491
3251
7178
6029
4691
5992
147
11354
1630
4698
9634
1621
6735
254
8675
914
4587
5073
8053
3624
2600
2935
7368
4223
1765
1114
1827
1428
9537
1199
10534
9367
10102
5386
8025
79
2752
721
1751
10507
7418
10762
8176
7381
11208
4539
10640
4212
10111
3850
429
3241
9096
1979
11087
9388
400
11459
9259
4179
7153
4330
11567
3435
9663
5970
6205
101
9749
4469
10758
5790
10688
3453
2657
9245
5567
10484
10432
11374
10460
5169
11702
9561
4200
5347
2420
2738
8960
1982
8947
11
10699
3796
7477
10217
2716
6017
7782
2604
4855
6361
8014
7376
8844
9917
5184
1534
10921
3250
8437
8156
8393
4295
8860
6660
2070
3954
3715
11108
1653
2883
689
3678
11501
5070
5696
6012
953
5508
7427
4606
10002
7524
9101
1258
6982
1764
9704
4615
10761
1821
5094
9111
5646
9487
5892
3871
10465
7240
9180
3778
2599
11588
3375
7180
9159
4423
9969
7166
5429
1976
1586
4183
11429
9533
6952
8265
1458
4075
6444
7985
8989
6827
2184
4050
3255
1999
10095
11273
5055
5180
2005
10372
10292
7745
7171
9320
9003
68
8313
153
11752
9279
5865
1397
1646
6174
619
9794
7062
3548
5956
5170
6338
10411
3254
6336
8247
2807
9107
10641
7734
6351
1271
7961
5514
9532
3069
11923
3929
80
2245
9511
3261
9767
9923
4250
1867
3759
2022
5778
10865
8062
9521
10392
3168
5268
1311
1599
6972
2301
406
163
10186
2642
510
6989
20
1858
33
2964
4910
1529
10087
10283
6836
8907
851
6843
8944
1923
3543
5405
3930
8949
1035
2871
11073
10092
7855
1767
5574
4480
855
11606
131
2539
10887
10402
11659
592
176
4518
6857
9766
8006
1438
9484
504
1820
27
5678
2108
5457
9261
7045
10148
1332
4421
7005
2474
11868
5318
2909
10870
5233
2685
3354
876
11909
1574
686
1773
1666
5015
2602
4894
8392
5273
5582
6522
3810
1729
11342
371
1649
7071
11339
8593
10879
11839
8215
4270
1118
11290
2661
2899
4176
8041
10270
3283
2732
4565
7423
1309
8594
4107
6723
5512
5549
4543
3946
8124
7267
4408
9154
8640
3429
10727
8677
6854
11780
5216
1279
10072
4840
683
4008
4400
918
4415
2554
6657
2754
10381
8390
8051
3951
5186
1033
11485
670
39
2584
9993
2648
10648
5730
4795
3685
10279
8787
1719
6511
548
7958
9466
5068
9158
2345
3423
7711
48
7625
5581
8678
8732
6160
5470
91
9708
11811
8500
6931
2384
11563
11636
8662
3013
1122
9483
11033
2221
3181
10053
9941
6567
8016
8719
7210
1566
5606
8804
11150
5293
5873
9305
3703
5589
3128
8121
11121
6242
4775
4753
7696
7739
7415
1060
1693
7512
1955
6757
4787
9604
11137
6036
9297
9313
5739
1415
2224
10849
8423
3042
1545
7066
5011
1029
5095
4063
6132
9578
5252
2664
8424
5473
11857
982
5675
7236
11513
7659
10629
7765
10249
6388
8118
419
7829
7934
9002
6838
4857
7294
1081
897
10356
2459
9851
10606
2350
6726
10824
7781
337
6885
10075
10880
6519
4441
5547
3918
482
3750
2822
1486
8631
7223
5217
4683
11394
752
219
3112
29
4320
5939
5088
6300
2847
11783
9332
9552
9597
3028
1537
6824
3998
5058
8021
2141
356
3523
2884
394
4922
2942
7757
1555
4868
6473
8245
2734
9462
8133
11346
3742
8537
9143
10584
2892
11393
7763
3538
7230
7694
3509
8581
3798
4017
7030
7043
9173
9842
7494
5633
4915
8433
4551
10495
5408
10831
7940
7021
9550
1098
6191
6021
926
1400
1759
8493
5332
9225
9744
11412
4825
3034
9798
4119
10237
2728
9358
3310
11105
1588
1064
2356
2675
5051
4257
11441
213
10086
8574
11870
5704
3818
8653
602
2514
374
2001
492
3981
8019
8600
3901
6600
1964
11920
3769
7359
2357
11660
1519
4534
1065
7652
2060
2415
11524
290
10562
6246
10378
5953
579
2375
4258
2529
5917
6334
2442
5501
1694
7843
623
2466
8502
10977
5638
8933
5119
11566
7871
8621
7193
759
3172
2750
1398
10496
1157
8033
8213
1184
160
4961
417
5451
11268
5864
9033
4889
10548
1049
2832
6221
2322
6337
9152
10840
847
6896
659
5290
1602
11052
11651
9324
596
8946
7241
242
694
7420
7174
4711
3534
10861
6915
6754
8990
9041
10529
10848
3815
7192
8963
6190
4819
729
1794
1877
8145
4072
10994
1614
10809
2783
5585
8740
9534
9359
2546
8658
4608
6713
8161
5348
11284
5369
6161
4398
4791
6278
1189
4249
11348
8142
4149
10440
9102
5775
4471
8123
2980
1017
2011
10322
901
11428
8708
5153
3947
3727
9064
134
4306
8752
6398
1100
8546
5831
1575
3126
2058
4328
6813
5078
4575
10474
5909
10295
11903
8900
5041
6080
10551
11387
9413
7152
9051
3202
5741
7717
3745
3133
5968
8619
2628
10139
5320
3699
9778
11667
10898
6001
2771
3217
1718
5173
3999
10692
7044
239
740
9944
5551
4082
6011
8171
2512
8277
1023
7678
4251
9777
9052
10722
8892
9063
1164
9110
5833
11218
8779
8342
4811
9336
3166
8783
8897
8796
5879
7006
2789
2516
811
9129
3724
5676
11500
3308
4564
2408
4689
6922
89
2799
772
4746
8260
9392
6264
5141
5688
4385
5543
10390
8366
4583
4722
1619
24
4321
2004
6494
4268
7346
1241
11265
10180
7631
6122
1477
1993
10844
1104
11195
572
10505
2262
4721
7603
3052
8968
3515
1506
6625
11626
2289
6633
11177
10685
5060
4144
1862
9852
11585
818
4162
11617
10313
1726
10222
8030
8700
3442
6574
2484
3757
11302
6816
2729
5260
11473
2008
2558
8443
10328
1552
1928
5412
5446
10654
11061
1707
4061
9755
8187
9366
2438
9477
6632
2103
4083
2492
1048
8712
294
11773
1101
9458
6212
11310
4810
5132
9763
5525
4882
9066
10350
5152
7106
10632
6721
6448
755
4520
2367
8584
5469
6339
5001
8954
5767
11135
9210
9343
8649
5482
8425
2818
5618
8198
103
8559
7707
814
6009
6360
3396
3186
9430
11872
7186
2653
10821
4281
8178
1676
6872
3070
2931
11435
9191
5650
9105
5888
688
4899
7426
8853
11411
1080
8241
10070
10803
2498
2917
5376
6101
9585
4978
4821
328
7206
3492
6210
5227
5751
4703
634
9169
8951
1362
9803
10915
5715
4302
11690
10611
10401
1276
1933
8410
3919
11347
3822
9765
7786
10225
10472
5698
7699
6023
11072
9021
5487
9686
631
4718
992
2557
7830
2744
4383
6152
11763
7248
3278
6488
1725
4957
9298
10545
7593
1742
10904
7585
7362
8602
2781
4141
6455
9611
9558
6699
10162
1755
10081
3415
701
4410
6313
7646
11003
11555
8850
9153
1684
2487
5248
4093
4531
2145
7025
11536
4908
9657
8191
5948
3913
2704
9994
1834
7606
6613
11508
6484
9703
6580
5635
8152
1296
7718
7074
3980
8271
1069
11169
9530
9206
11068
1455
10565
11311
8362
7336
11548
11410
7649
4976
5856
1597
1159
9961
883
8495
8320
10224
1768
8814
9398
180
8595
5783
8635
2876
7919
10664
5673
2851
5350
8280
4516
10577
9715
1097
9811
11454
5902
9572
8027
11364
3491
8098
5691
11375
9997
6138
10250
11201
5964
1510
958
4046
10047
4545
3377
1564
657
7487
9050
4431
791
6908
10593
4895
4170
5571
128
63
9157
3965
240
11233
4877
6733
7620
9440
8484
5126
7291
10567
8408
2861
7055
636
10423
1769
4292
9538
4951
9011
238
2323
201
4097
8444
5657
5421
2948
7771
832
7750
4263
6329
5504
5919
10393
7869
11561
1217
6028
9094
856
3621
3485
7272
3454
1866
11681
8057
10104
10627
9563
1410
8396
2608
3817
73
9273
11111
6501
8343
8580
1125
3493
2407
4629
5481
6165
10071
11234
769
6524
11115
11706
7405
7685
10966
584
159
9907
5498
2327
7023
1013
11619
1640
388
11657
699
11232
2101
9080
4728
3346
2630
7475
9858
11483
11035
11624
3979
2581
3720
3868
9161
4188
4413
9007
2344
8266
1803
5236
2528
6672
5494
7987
11344
3761
4827
8400
1559
1417
1453
6307
2232
4030
3849
5777
4152
6651
7642
6485
1045
5097
6683
11402
4851
8286
10557
2329
8512
7050
5020
4744
4303
9927
11541
395
7820
1096
4820
515
720
2129
7425
11038
4346
5371
11577
4858
11242
8368
4036
9463
7082
3443
677
2995
5381
5171
10357
10537
2976
11465
11207
1446
3967
4339
9448
8147
10338
1712
3119
2136
5133
11905
289
10324
10308
9904
6353
6368
4381
746
5803
8786
4988
6514
2192
667
2835
10608
9247
2437
3080
2731
5944
105
9389
2504
4344
11294
5258
1213
5737
7505
11474
4850
11053
10067
981
2471
5426
10135
9889
6341
11845
5665
7225
3142
2849
11117
2991
2888
8952
3319
2317
7939
10452
2117
4513
3740
8316
2388
3301
7351
6621
8781
4271
6284
3912
8073
6760
4659
3009
911
4881
3196
6996
10759
5979
3399
6986
9374
5644
11370
2508
5028
6689
6476
8311
6091
466
1904
9123
10873
4823
8112
9149
2034
4201
665
6745
10832
2026
9499
3001
3556
9732
4151
6772
3006
5617
6185
8451
5572
9567
601
6954
4462
10827
1252
9632
10450
6321
9010
9857
1246
3045
1038
2337
19
8054
867
1078
6977
5559
2189
428
11305
3316
3111
4863
7993
10278
5285
2702
10446
10066
418
432
10228
8248
7665
8441
1411
8736
6992
3905
4816
10226
10519
6595
4530
10176
1168
3511
9467
11133
3550
1647
8012
5813
1433
5735
9075
9853
3821
11813
11406
3132
378
7549
2282
1627
783
6343
3137
6099
9508
8824
3806
11021
1947
945
11631
4319
5375
8462
7283
7884
6486
4287
2012
5518
365
3106
7730
108
9479
2076
5195
4382
1673
9623
10539
3775
5726
10983
6693
8319
3722
8137
11878
11694
2641
4750
3611
9334
3471
10422
8586
11684
11484
8577
550
5653
11630
2634
10623
7126
7648
5022
3514
11184
6051
7058
7131
6417
7246
6626
1946
6216
5050
11343
10691
11449
7483
9088
9480
4660
11498
2747
3952
11489
8357
1591
505
458
6292
1615
3911
10796
7167
1937
10607
364
2429
1208
3161
9860
2968
9723
522
8819
2918
9566
6671
9602
11682
2810
1329
5598
4420
189
9898
1874
7340
7358
4128
1145
8211
2179
3568
8132
10194
651
2588
9035
3060
1916
2722
5003
4590
9738
10120
4006
7875
1434
10370
1315
1753
2943
5294
5436
4403
3431
5668
1030
3592
4458
1782
2276
11665
2126
7550
4906
5155
6834
7303
3373
3408
8035
5920
4929
7311
11924
9809
10533
3327
4103
3227
3971
5728
11931
4836
150
3269
10304
8926
11522
181
7687
8540
3510
3763
11417
5828
3528
9493
8609
7622
965
440
11445
6630
7756
11336
8259
10013
8131
270
3595
2355
3249
381
4052
18
2933
8288
434
8731
6237
7296
7923
1153
6489
9257
2340
546
11662
3392
6652
6154
5489
4581
9315
10490
8472
7813
946
4022
7293
3520
11596
3147
9348
10613
6826
5322
10131
10532
10967
3663
8725
6214
9185
3867
7499
10614
10419
9226
4668
8612
5812
6437
8458
5497
7632
4167
11113
9973
368
10571
10093
8950
2284
9328
6730
2843
2093
11219
4998
4205
5339
4494
4939
7266
4902
5991
3418
1155
6356
11921
1126
2307
5935
3569
3782
5390
4896
5982
5603
3637
4849
7915
8564
9142
9503
305
7701
8928
11922
1667
2592
2104
4110
10473
8974
9691
5145
207
2961
3266
1783
9437
1014
1547
824
1503
11490
7301
7945
10155
6619
1369
4076
9314
3834
11918
10595
8347
7834
460
3467
6381
4388
612
10945
7852
6874
1495
4482
3923
10242
3956
9194
9181
11380
9673
11165
10978
5613
5851
793
3751
7318
11041
9886
11576
11058
1389
2095
2904
10239
11848
2571
3738
5188
6282
5916
9835
1930
11535
4105
4015
5115
6966
4759
4844
3723
10647
8770
323
10193
268
3113
7635
8233
6119
6980
11024
1171
4172
8207
9937
9308
4930
2288
10175
2668
7047
11167
6680
9782
1920
6384
7899
1922
5314
2051
11055
11517
2433
6720
2079
4213
9443
5894
674
9091
10633
5256
1987
10897
8020
8936
3666
6056
5707
10267
11330
9955
7221
4600
8275
3865
10138
1190
7185
4774
9612
10808
3648
10901
4297
2730
7544
3451
3579
6691
6592
157
6512
11710
6052
8855
3838
11132
7626
1771
11801
762
5129
9414
5002
2578
1409
2373
2261
3844
2575
8193
6914
11333
7486
9574
5148
6251
5687
5974
4996
4353
2517
10333
6281
5897
8321
141
734
6529
3547
1238
6852
2737
11759
10695
4690
9705
8801
1063
6965
3495
11676
5053
3105
5867
6067
10457
4086
4617
3432
8511
1320
424
6367
6806
1331
7700
6125
7762
10931
6228
4797
1563
4327
8434
4806
11059
5924
4056
3500
4741
7138
2779
7447
6262
2038
11829
8428
5472
7627
4000
1696
2
5359
4028
11119
6441
9575
2190
11166
162
10518
2959
11250
9856
1058
5432
10116
11026
6820
1735
7663
2023
3155
1747
5286
5364
8864
2253
5619
5356
1662
4477
3348
4738
10367
6463
2553
4792
10513
5037
5500
6525
6318
3344
9074
2698
2753
8582
5938
2979
9450
11908
7898
826
8217
4699
10089
5612
8387
462
3417
3894
1327
5978
9548
1921
455
9469
9233
5005
6259
6229
7723
5530
3839
7547
4440
5197
525
11210
9719
10502
11594
1113
540
1230
10924
4307
6055
11751
5527
5621
1285
10003
5330
4278
4639
10902
4737
11822
7946
3258
4370
6098
5282
6609
11126
2823
5000
307
3078
10639
5317
2548
10766
2755
5780
4341
2944
3672
7531
11625
3851
1070
1786
4460
5247
8047
251
1898
4515
6804
2406
5453
9331
632
1198
6211
2913
9037
11340
11867
7435
1280
3077
10213
1838
3379
4838
2385
5839
197
281
5193
1040
5397
10528
10530
10784
8718
10900
7436
11756
1686
37
5385
78
7860
7274
2897
7159
10455
4829
2903
396
4731
6984
715
7116
6249
1026
4740
1170
8890
11022
8200
6987
8413
1518
8894
4964
1233
8074
9893
10463
9902
9687
3357
7761
5316
6653
844
5876
5602
5295
2178
6038
1536
8232
7656
3338
3866
3799
9281
11203
156
3064
8130
407
10344
9678
2144
1677
4185
11191
10038
637
4658
3284
345
9659
6811
2220
380
8253
5389
6734
1283
11893
11559
488
3726
1196
483
2900
2199
3329
1092
4743
1905
6825
9187
2996
11666
5785
5788
4066
8009
7495
2376
11514
9696
773
3623
703
3232
1956
2334
6568
2469
3847
3985
8143
3575
6349
6474
10389
1295
7573
1383
4911
561
326
3995
10586
10275
1195
6104
9266
8079
403
10536
5110
7443
11679
1758
6247
5080
2902
3017
7205
11155
10859
370
2563
533
1461
10052
9124
8291
11712
6373
1641
2879
3244
4134
7970
2890
2264
5871
2612
3194
6177
2393
3272
9925
2378
8555
816
4126
6604
11504
9689
11279
3450
5355
5042
10928
10990
7787
7973
1365
11249
7643
8592
8794
10282
5052
8966
3325
10556
3274
7854
7191
4245
1777
4856
6890
6924
6983
5560
461
8870
9949
5017
9423
3103
9834
4294
8569
5836
11161
3774
11359
2658
5899
5604
7456
7034
8760
5669
8962
907
3748
1197
7078
8214
6328
4363
2359
10780
11553
2175
1952
11765
10988
11558
8261
4222
1079
4098
4276
4106
7036
7742
11486
7101
7848
11438
3326
3598
7515
4449
8052
6287
6043
9193
5447
5465
10895
3029
5307
8668
624
11507
6445
3615
11881
2758
2082
892
7302
9029
8628
8409
5229
8773
9793
1944
3535
3574
1050
1379
7792
11010
5594
8419
11803
1859
1351
2212
3880
6013
8987
7533
3876
5230
6859
11020
6894
7896
10822
2419
4010
9040
10644
4818
4772
11820
6135
10956
891
10810
236
9214
5366
2982
2513
8701
3476
4519
3587
5076
284
4433
11385
11842
11632
1766
8648
6383
10520
10435
3829
2672
11144
5936
10216
8305
10935
8728
11582
5686
4785
11071
346
10493
2967
2287
2053
8901
2064
4888
3386
2923
8420
4058
3425
6594
5791
11258
6673
4727
4143
8806
10756
9747
5087
11085
10306
11048
3440
6414
4663
10830
5012
479
69
8746
6198
5430
4770
7056
5471
2793
8686
8099
11423
8344
5656
2742
10903
6064
2862
4372
2163
253
6095
10223
534
1498
1951
10248
11224
4776
4414
10361
4404
4062
5146
6342
195
1442
10404
2206
3820
8335
610
9787
9017
4069
8669
9528
10343
3644
9133
9167
2746
9212
3843
11573
6842
7597
8076
5149
2500
2938
7278
3295
4315
8040
7591
330
6390
7614
8815
7431
9267
3256
4411
6037
6269
10214
898
9170
6260
11493
4649
10191
10671
764
6151
10968
8317
11433
6168
435
7059
11496
10417
4730
8800
10700
2667
5884
3198
7974
725
2236
3
9113
3364
7740
4021
11549
9785
11707
2646
4209
6181
8240
7417
8289
3706
1892
10438
344
6429
6206
8991
10464
8487
3959
6741
3576
3468
7796
2134
3712
1323
1927
3084
369
10133
10044
11157
7057
5398
9301
1685
2142
7744
6443
1919
8529
909
7157
8504
4481
2069
11769
7580
2544
3093
10083
6106
119
888
2591
7460
5984
6947
8446
4597
750
3240
11916
1374
3790
7749
2863
8832
11136
8210
8310
2874
11288
4671
1736
4273
10011
10867
6031
8585
1109
10982
6920
10449
11453
3209
594
6718
1737
1698
6665
6096
11307
4692
11562
6317
11532
2501
6759
2174
7458
5579
23
1057
8749
4620
7942
941
10788
3607
2907
3874
2585
1644
5702
9393
4156
8026
10173
10951
10429
2946
6558
11742
1163
8717
8637
11391
9885
6350
1443
3824
10745
6490
9571
11595
8354
9295
873
3546
10285
11838
2470
8571
2125
8784
10511
1385
4376
1395
6973
1117
169
10628
8474
297
11034
10969
9799
3131
465
9621
5056
4859
7797
8194
241
6941
2235
8055
2829
1861
4091
529
77
853
1512
8979
1843
7835
7783
6951
11600
1860
861
86
8308
9848
521
553
1836
2905
6124
8010
2586
1462
4345
1010
2596
1207
6910
5187
10008
5682
10399
6964
2225
26
4279
8976
9694
3040
1265
943
9748
8676
11439
285
9361
5066
173
3765
11907
1158
1908
11539
6399
8918
3507
7991
5035
4065
4024
5821
8573
11383
5245
5474
2605
7534
265
8185
1219
7451
1873
9982
7002
7897
3474
10747
10514
11091
5049
11078
6327
1741
11605
1752
4716
3639
11104
11293
10109
5159
6492
9085
7416
1154
10881
10599
7122
9253
8263
11193
9938
11200
2007
1762
10752
2759
4558
11164
11289
9821
5510
7403
5276
11334
3988
11686
6610
8880
508
2814
2723
409
4630
5987
11308
2349
3920
8244
924
7703
7147
9884
9339
927
3413
10152
5250
9656
4288
1924
6147
8330
5287
10510
2541
7708
2532
11633
3953
10596
11884
5754
6258
4732
2161
11812
52
6582
5703
93
7102
9637
5591
9246
293
2234
8527
10145
6692
7560
10512
2431
11360
9801
5140
1264
4953
8473
9516
1142
8445
6223
4742
8292
2318
8611
10354
4588
1218
3984
1872
536
9742
3893
812
2109
10439
7556
1823
4920
8999
8650
9661
3907
5801
5138
4560
10063
605
3032
996
11365
4217
8212
10320
9587
737
3896
1132
4405
154
10638
9909
7003
8361
5734
8486
6170
2480
1465
1570
8567
7845
4928
7370
2577
10229
7080
1932
4940
1628
8996
1900
314
11833
8825
8626
3620
4786
8338
1886
3664
9460
7120
3931
1978
10944
10526
1373
3062
4837
11309
1774
3200
5943
2055
11017
7347
1011
10517
7956
5662
6220
4510
9646
8069
1760
4326
332
9648
881
8238
3529
11054
7484
8789
4265
9596
7378
10494
5242
511
5755
3385
7379
6108
9156
6469
10018
7532
9966
7893
4071
6176
8791
5403
10032
4932
4985
5564
3444
1447
5209
3840
1636
538
1710
11671
570
10748
9042
11077
9239
2160
4584
4760
8945
9223
6862
6878
10254
11110
5545
4979
7914
11897
2686
9727
3479
8793
4236
6648
3772
1294
1289
10958
1135
11331
6379
1733
5541
11928
11721
10719
3960
3355
3011
2579
7554
10091
11579
350
4579
7434
4757
7774
1138
6940
11743
480
9255
3074
4646
10506
2135
9984
8219
5065
11603
2348
7118
613
7960
470
5731
607
5648
10346
11646
3878
5124
5949
8840
2656
3852
8322
10676
6832
7709
10980
6296
3855
6917
568
1169
4503
11146
6769
3941
10059
1281
10862
2123
5843
10459
8938
583
8110
4561
8116
8777
6146
944
724
6094
8674
1554
8466
5906
8550
6891
475
4298
1949
3280
9822
7944
4095
6433
1637
7975
436
3410
6615
11206
8355
5191
1953
2987
5329
5522
6861
5706
8378
4748
1205
2361
1128
6270
726
599
10999
5805
6923
10123
3669
4348
4942
6041
7401
4181
2896
2231
3292
9386
1274
5393
6785
10802
11572
7357
4369
11502
3937
6628
1890
5578
3267
4676
445
3140
11542
1419
359
11019
2399
7716
6465
10976
5835
1845
11545
11497
9903
1000
5099
2540
4366
1683
7883
2748
8333
5859
9350
187
8733
114
5175
5327
8645
7464
3294
8234
1406
2067
9390
7308
10349
4634
11796
800
626
6002
10916
6446
1059
7677
6944
427
1175
3975
8711
7894
11043
9260
3785
2188
1426
2228
4114
5417
833
5251
96
7910
9593
5213
2391
481
649
8902
11047
3732
161
1819
8975
11188
11913
10128
8083
4640
2105
1165
7333
5105
1102
9905
8136
9640
1799
8175
4194
8346
5745
8822
7247
8483
9752
7421
967
9114
4917
2473
1891
5077
10085
9093
1959
3387
3992
7990
5192
2321
6243
10842
2193
4542
9084
3498
3101
6542
4445
6864
2257
7768
8868
11781
6563
11432
6916
9057
827
1345
10636
1668
6025
6955
2949
421
9706
955
3721
9208
8414
5645
5747
1071
2398
5419
7841
6963
1481
4226
646
484
7725
7645
9076
5334
3659
4336
5479
8298
9456
10578
10117
2644
6358
5111
4944
11015
798
2148
8891
4079
11858
8566
739
5377
5659
1308
9504
7621
7438
3447
1282
3083
11023
5172
11664
7081
7275
580
4507
4729
9100
2009
8727
9376
11609
3363
11231
716
1130
5174
2856
9031
751
9215
6034
2625
6257
10379
4568
950
1894
1842
6710
3335
7812
9162
10955
11652
4644
4873
6142
1344
7024
10326
10546
9250
7393
2533
9404
10234
11083
8755
850
3673
2332
6605
4351
8246
3090
8795
3968
5461
1857
7686
190
1494
2595
11860
11298
3925
7026
6926
4566
7715
7596
2792
10007
11815
6791
10598
11127
4078
3434
3764
2219
2875
7108
9788
3236
3124
8771
1407
2447
2768
6608
7213
6664
42
11741
2710
11338
9874
3092
11627
6192
2549
9846
11574
6200
3982
3483
9808
5814
11895
10501
3506
9077
7978
7693
55
9038
2465
10697
8924
11655
9595
4465
1226
3650
248
8461
4130
9218
6596
258
1326
3641
10198
6418
788
6537
10185
6614
3146
4335
4495
7611
2763
11854
11186
10277
9647
4557
8174
1454
669
3003
3963
8231
1005
11300
5424
3762
7788
5057
6513
9950
8417
1716
3426
9327
1587
2409
3788
4246
8028
7526
9371
2364
1778
9395
1473
227
11621
3462
4158
4532
7245
8082
4448
9431
1042
1895
6786
5819
7702
3167
7397
6887
5440
5654
9959
718
2527
9758
10984
11688
6103
10991
6925
3733
3559
5690
1724
2405
2074
695
3629
7117
5360
2118
5608
3073
5647
7235
9855
5999
5211
8086
6823
2551
11125
3634
6696
8309
5557
6073
2087
9505
2030
9815
3656
7858
1942
5711
249
11147
10434
10973
3955
4712
5114
10122
4619
10535
3526
3589
802
7927
7012
9643
210
11618
5868
9908
10264
7900
6777
2720
11793
3154
3448
8810
6470
11790
5580
3969
11865
10712
3352
2461
9562
204
2268
9434
11434
11415
2122
8899
1893
3545
11586
10276
3527
5772
8524
4240
4227
10665
8081
11518
7743
10294
90
7288
666
2735
11915
306
11834
11570
10592
7673
9564
3248
4466
5661
8523
939
2377
260
6808
3707
7232
3582
7521
9373
1943
2283
4866
2387
5913
993
3427
11649
11852
4291
212
7161
10846
5016
2120
5565
682
8078
6330
7540
11044
334
3158
2682
8588
7737
1478
496
545
7049
1580
5929
9229
6581
116
11910
8255
61
4544
9147
3153
9698
3362
3455
5552
10657
7662
785
1638
452
11324
2699
3238
5977
2050
7009
1826
2854
9617
6778
1664
7349
2272
3927
5107
5885
7920
7780
3059
829
1215
3725
9407
977
9412
4962
9919
5769
1437
5373
5599
3260
868
679
4667
11404
9337
535
97
9827
1019
9586
9542
11025
8182
278
5123
1394
1018
2535
5009
957
6663
8856
8160
246
6779
8774
9009
8432
8634
4473
2689
3412
4451
9828
4794
3411
1623
3835
8103
10726
7187
2666
5628
2143
9086
6868
9584
2295
7831
9514
4762
11807
4349
7249
1384
10760
6271
8080
1051
11892
9936
11178
352
3801
6062
2341
10197
7811
9775
7907
692
8296
2427
5614
6236
2448
9296
7851
9068
7329
7498
10157
1739
9560
1181
10773
4708
6655
5064
5349
9196
8530
9569
8129
4474
8327
5863
1601
10585
6018
6504
10554
6618
1466
1625
348
10656
11726
10947
3903
8376
2086
7909
7584
4005
7198
8681
3553
776
647
3590
6199
6306
11086
373
6113
620
3430
1263
11452
7548
8463
8664
4833
988
3390
6867
9940
10522
3465
4832
1094
10287
1431
1792
3033
3054
2824
1939
6850
7509
1022
3403
11152
5026
3239
10591
10750
5144
555
329
9230
11611
547
6783
5689
10068
9024
6405
8056
1259
6186
5976
7064
11700
4576
6612
3314
6447
7218
2770
8910
6634
9435
10352
10610
5006
2837
3180
2328
1526
319
8986
9540
9513
3993
7001
10189
3151
6649
2003
7941
8765
10058
1837
7931
9352
9078
9599
2690
4747
7257
10889
3005
2841
2191
9139
5224
2647
2776
10030
6482
8927
7039
5278
3978
2275
7502
11647
2250
6807
5008
6747
1405
1493
11189
3983
3897
6141
8988
6643
8886
2395
937
4994
8707
1781
5934
1108
5296
6370
11158
544
2696
8977
1340
9333
298
8955
11732
5658
9915
8961
11623
415
5596
5458
9756
4635
8541
8369
4505
1568
6182
10878
2382
2681
11850
9615
9624
10960
8475
11817
5520
9863
4735
9802
6006
4259
742
10812
1120
9198
490
3882
10742
2663
7474
10605
1761
1502
6939
6308
8689
9588
2111
4674
11685
7135
7028
11399
2428
1610
3026
9032
11122
1496
6286
5032
5784
9283
2325
10550
8199
2811
3854
11159
10907
11714
8516
6780
2383
2633
1468
2574
7369
10543
11076
5156
10723
11139
8985
7741
5478
9931
1687
4484
3622
7513
4174
9490
10441
11648
2790
8476
5834
1273
316
10961
6551
7452
6019
3877
6682
9054
608
1577
2411
7690
741
5685
5468
4947
3022
2534
5427
10456
6714
5443
9682
11478
6070
11221
3926
6239
11722
7306
4104
401
5809
2114
6145
7284
4734
2037
45
10959
11107
6440
616
4572
11731
2124
6304
3404
10995
2446
2075
3480
10975
6521
2401
3265
11366
223
11350
1717
4972
5758
4163
1161
7220
633
2669
3599
2559
2410
4680
9780
9044
7497
6382
8085
2167
9576
5955
155
1697
10572
8639
6538
6712
1318
2441
3419
3358
9718
9377
5611
2697
11656
749
8283
9762
11734
7209
11899
11687
10823
3887
5034
5926
1186
1432
6737
5937
4393
8591
5486
6548
6085
2930
7398
6143
942
6738
7222
4136
3612
11260
9914
7139
9724
9700
3794
1262
7800
9675
7538
10706
7836
3858
915
2819
10286
7590
1482
9197
9669
9899
8352
5496
2726
879
9128
7476
10107
4695
5829
9840
9278
1413
179
2439
8031
1310
4102
5445
6063
1269
3783
2434
820
6397
3178
7168
10409
4439
4290
2678
1328
5719
11533
3780
7269
3407
3288
6164
8893
10770
8534
9119
1250
5817
3630
10819
6839
10190
4029
9776
3337
7904
2713
5900
6118
7602
11424
10498
6945
7655
2424
7038
5279
5841
8252
3914
1322
2795
9441
5782
678
5764
94
9485
3696
1703
4038
2990
2311
2280
5753
135
7254
4529
2683
8641
11565
903
5752
10634
5454
7640
5181
5721
10757
7382
11248
3305
10864
4887
6130
3816
2741
4642
3586
4368
7282
2611
9772
1470
10207
1001
7862
4442
2545
279
9912
9529
11379
10922
8983
5670
8735
6597
8549
1016
7462
9664
11831
9118
7802
3014
122
7412
1714
3665
777
8762
4949
2475
4984
10957
2569
9920
9613
4180
10329
2062
11703
5331
3380
10106
10022
1268
5908
9968
3175
5101
4891
11275
5267
4610
8499
2467
1393
8709
11512
9220
2969
6309
4666
1316
3784
2412
4982
2368
1998
4387
2610
8075
8312
7563
11890
1115
5996
2216
1565
4843
2908
4215
11853
8406
3536
3141
9382
408
3102
6937
10651
979
813
1954
5776
644
5150
4040
1360
9878
10769
697
1240
9073
4959
1429
10775
6935
11713
4509
10027
9849
3369
4706
8045
1991
3972
4081
4677
99
11835
11254
2507
10875
3089
2760
2400
8729
7528
7971
1361
10672
4705
10619
7565
3938
9958
6333
2169
10908
3958
8683
6546
3845
5337
75
5205
960
11007
6564
2310
4455
1887
10016
11787
8416
6092
10985
9841
412
8940
7414
10006
4070
6136
10587
5093
3836
9311
6366
761
10163
10321
11705
8695
1414
10643
5601
10301
4312
7736
2131
9805
7154
5998
11315
5577
11238
6380
10855
7129
3863
9864
3356
9591
6401
743
7983
1162
6797
922
7688
7682
1488
4814
4779
2928
1062
9459
9355
6765
6042
1787
8656
1711
3628
1380
4211
7125
5061
5346
9605
6571
2201
4304
5338
5259
31
5351
3734
1535
7428
9965
5272
5485
4129
7864
10783
9760
3176
2857
1505
7104
9362
11467
10331
11824
8426
2360
722
2560
7234
7582
228
9160
9553
41
10445
4096
2911
7480
2006
8224
10754
8251
8439
6884
1936
2593
9402
8485
4241
5176
4870
7200
4625
1480
11715
10744
4196
6918
6631
1885
9975
10679
1178
3360
1129
9496
8685
6169
4498
2782
3585
8430
11828
3027
5361
5544
0
3692
5535
5927
10714
11040
5615
7163
2499
3828
1796
10667
9952
3632
6971
1177
10730
5804
11299
3351
11101
7576
6979
3991
5718
7348
7165
9351
10005
9429
10315
2204
8457
11202
11367
1225
7088
7872
2651
4739
2583
1969
7353
2115
7679
10852
11264
11740
8714
1579
11088
1524
1772
7847
2620
9812
2615
1239
7341
9888
3472
6990
183
262
3594
343
47
4206
7114
8875
3934
9087
7195
274
6616
638
5284
8920
11089
4702
1906
8617
5257
7748
6180
8792
5887
327
4140
8904
11170
9354
9165
8332
8015
3165
4504
7324
3518
3617
10814
2833
11358
645
3393
7917
3886
11695
4049
6697
2482
3606
8388
10663
5128
437
8823
5435
9216
3549
7823
2214
3397
2468
38
8091
3065
7268
2510
5958
6819
8058
6149
10212
6746
3997
11286
9850
7289
9026
7805
372
11197
10470
3626
1047
3463
1750
9570
10561
10130
5302
438
6298
2502
1863
9168
8846
1721
10077
1317
5240
9280
9627
2953
11494
123
6800
840
1583
9013
11521
3349
10004
10981
8339
98
4039
4020
10337
6543
2631
6729
3610
4580
11770
11540
8011
9424
11674
245
9364
2200
8268
1343
9403
3321
7574
3125
6290
8660
11148
7557
1028
875
5306
6559
5994
72
3214
6400
8587
2445
8739
6895
2016
6238
6105
3323
774
10169
8114
10289
3773
6695
10244
3218
8183
10302
775
3311
2098
5081
7402
1036
9399
2643
11318
6123
10713
342
7253
1039
9924
9449
9551
1355
8385
5425
11477
11760
7873
10806
9790
11550
4679
7160
11175
2526
571
1353
6798
10293
446
6775
11525
5342
1985
5365
449
11723
11906
1972
286
2774
2765
10348
7330
2743
8583
3035
738
4973
5392
9518
6934
3039
2775
1288
2176
377
8264
11241
10863
3309
2056
9120
9099
115
2092
7775
2840
9506
9065
3050
7880
3488
4127
8556
4567
7031
5592
11084
4966
5301
7751
6956
1020
912
5048
4111
5694
3428
7488
1204
1968
782
3848
2315
8744
1734
9275
10330
1156
4693
1571
8394
4686
10246
7504
2426
7817
9956
8467
10847
9346
7189
3315
1224
1997
7777
10755
6345
8496
6927
1293
8
4459
8449
11192
5249
9163
5733
893
1381
6478
3631
9482
8905
2945
107
5206
16
2607
9769
5113
6550
2714
4171
5947
2397
6230
261
188
8510
10725
9122
3046
5546
5562
2636
7128
7004
11864
8618
3747
527
6007
1091
5794
6904
11042
8389
8269
11587
81
6048
1848
558
1075
3330
9792
5945
4562
5401
1986
5513
4648
4637
4688
7861
501
6252
8490
2940
2066
968
4764
9609
2983
2695
5333
790
9020
2910
8820
1745
8829
2880
221
211
3890
65
7142
3655
3207
6302
10271
10793
10772
735
598
3857
578
3320
2836
9638
6421
5277
148
5738
11319
4599
3608
9810
7172
1995
1375
1914
4099
1301
5573
929
6371
6069
8169
863
6315
1706
4409
136
5054
9556
5952
2133
5455
7075
1590
6385
448
7876
11223
1888
10594
639
885
7162
8381
9713
6183
2650
4807
2336
6792
3776
10815
144
6157
8704
9746
1847
6873
10573
4669
4533
9293
8957
2589
4418
2701
4195
3489
4991
9290
2978
7981
9004
1669
8126
3532
5244
2916
2036
2113
3605
9991
2346
822
4958
5391
3792
2616
8302
1581
10467
8113
11730
7972
7307
7073
8561
11925
8165
1815
9951
2921
1180
614
2868
11060
5231
7181
11758
11637
11064
4736
11270
9489
2149
7027
6976
8386
9069
10323
11269
8506
9385
9814
10681
9618
1516
3367
2613
9500
857
1044
5428
10503
7406
11859
4077
6617
3291
10569
2372
9058
6030
8790
2536
1444
9515
9614
5793
10527
7567
11901
11873
1576
5624
7529
10653
8613
4981
6234
9783
1003
11885
6285
6787
3768
7721
668
11836
4802
4892
10923
4685
11534
4598
3079
10100
11396
5168
8227
9877
2721
4247
618
4773
4975
9971
3211
4190
654
7372
5407
9071
2784
3646
2000
9222
3473
2718
1675
7457
11519
6796
3307
3522
10146
1131
906
4555
2354
3895
9256
5981
2043
4798
7413
4965
6111
1272
4909
8223
2764
1194
10659
10621
5595
5399
10521
10154
962
10737
11800
8479
11776
7589
11733
4999
7472
7072
4051
8538
10670
3297
186
10807
9911
8799
3229
3860
10362
3990
2773
690
1660
5558
10240
1629
10525
1339
2290
5450
11277
7459
8001
4043
5160
1245
2895
1479
10115
2436
1754
1917
2222
5880
6948
10259
9726
4362
6387
4733
2027
7706
10866
11451
2271
9728
4329
10925
7273
6810
7951
4594
11698
975
6585
10801
7984
7479
6079
4767
4631
1087
7252
4496
11804
1661
7051
10877
166
7013
4781
287
7764
1338
7231
6821
10127
3441
10134
6340
8104
11403
8101
4237
9606
7747
6901
7262
2020
10017
9287
6480
2801
10612
10950
14
8721
2240
7692
4605
1542
4060
1960
3405
10233
5962
11575
4701
1659
8351
3642
10500
8221
9883
5102
3949
970
5811
100
8750
507
5667
3378
301
6496
295
3076
11009
92
5847
2859
2878
10388
9844
9862
4525
7109
10492
7196
423
7202
6499
112
9211
4918
6454
6449
10073
4511
7933
6576
5677
11229
5477
6708
11345
5208
4643
8651
5770
6788
9272
9582
6316
4652
4592
7233
11388
10036
7912
2834
6068
1237
8644
656
4426
2777
1261
3115
2403
4347
9349
1980
8164
6434
9954
6226
5539
5083
9774
5018
5491
5986
1450
9438
4845
2402
9535
5280
10708
978
10781
205
4087
7017
10336
3661
2654
2761
5030
10841
3603
7962
4963
1594
4365
5789
6849
5575
4633
5269
7579
11499
3976
9616
5985
132
9268
84
4432
4508
10558
9221
1166
10125
7615
8356
2205
974
7543
1523
2381
1912
11554
10952
3143
9833
2044
8543
8279
3906
9310
8384
9695
2170
652
5895
8558
7967
9690
7345
4323
184
11214
2537
1183
3861
4350
9650
6128
10290
2047
1881
9796
10882
11194
8304
1313
10037
7733
2828
7628
3460
11005
8278
3719
6913
707
3322
7011
3813
564
803
10403
1654
4720
7112
1713
4352
1260
7575
8272
1330
8064
6253
10042
8766
168
6355
1499
10227
1811
4574
3021
4571
2025
5367
11882
4317
10263
11551
1176
10630
11028
5452
8155
8478
8665
1679
6362
6930
3199
11593
9714
2443
3395
4235
4094
5341
635
7276
6266
3226
2088
6732
11717
11427
10690
10568
1626
2542
11323
7299
693
2386
6526
11530
6075
6193
6803
1807
9716
7930
2002
7105
3513
11138
11749
4182
9172
7794
3746
2497
4804
6481
6871
908
3616
1471
4452
3263
4834
1595
82
2094
11050
1376
2483
7653
5292
2609
5820
3752
760
954
2151
5922
6140
2096
6520
9098
8632
10798
433
5620
1584
9826
11409
6372
6707
1899
10715
4485
2488
4927
11156
8520
7321
11196
3452
1073
1670
7211
11642
5824
8518
6275
11564
719
9830
9235
5207
7785
10582
8107
8454
7468
4074
5178
1210
5499
2869
11658
7605
6213
10673
5531
202
231
11016
1902
7507
4230
6752
1797
11443
6086
8992
1277
2711
10316
7355
7535
8306
11051
6552
10000
11663
9816
7384
9134
4045
10914
10469
11503
1084
9879
917
44
2029
2217
10860
6898
9357
9658
6505
85
7545
3957
5362
4244
7825
7448
627
6506
2254
8808
11171
11644
1459
6870
5796
2041
11871
9288
6794
8501
6532
500
9089
7238
5724
4430
3753
1107
4311
3400
1533
2715
6045
4139
9865
7859
8706
1201
7361
11335
1878
4
11263
7892
2881
7581
6774
3604
10734
789
4523
5816
8284
8710
11444
860
9981
1763
9795
8179
9108
2725
2476
11933
3933
6074
10253
8061
3668
3449
2263
10165
932
4402
22
2209
6061
7465
10266
8087
11837
10241
6462
2523
8821
3814
4337
9345
5374
5297
1401
6690
7469
8654
3885
7365
7890
9049
4898
2269
7753
5684
3652
9174
11670
2450
8201
10196
10347
8494
3205
7032
8671
2172
9369
6749
9043
2233
1124
8908
7170
4231
4262
8036
8838
6575
7089
3406
1678
4461
3381
8935
10199
10103
486
9447
2218
10405
6743
8652
8489
6919
399
386
11018
10415
2260
7779
8115
8570
7093
9832
7217
120
8301
5988
4269
9394
2293
3328
9712
8399
7731
10448
7922
2061
7833
422
3741
6310
8090
838
1492
10626
2171
5989
6487
9979
11581
8536
9090
10705
7587
1941
6639
11691
7954
10479
8836
8857
11526
3503
7091
2452
5363
8514
4204
3382
3156
11357
2929
7440
10310
6369
3779
4305
4803
142
3713
810
10721
1216
3682
10617
7989
8158
8817
8372
7352
9408
1139
7339
7808
5973
3025
203
426
6162
4047
5720
10683
1622
6
1090
6377
8828
4399
10020
931
2246
10010
4261
1788
3282
9121
8742
10949
9265
4401
4903
1911
3235
10363
2285
6725
11697
2294
11510
1557
6799
9238
9445
7019
4697
4283
8017
1722
6109
8202
1072
1966
4478
8615
6280
5699
6572
8196
282
8282
6988
4009
7566
1730
6324
10487
3736
7948
336
2525
963
3619
1795
4386
11589
4624
7228
5709
8776
384
4905
6565
8851
7377
198
2687
8508
11814
2049
8608
2390
4714
5414
10119
1402
4665
11628
6719
4828
7738
5413
1611
9109
4359
8149
7471
8141
3317
10332
8693
5586
10166
7264
229
5045
5303
1596
5291
5220
4316
7052
8885
6207
8315
4900
7239
597
174
7212
5043
8552
4835
7177
9464
11643
7583
6875
7697
5932
9517
6502
10232
11516
5630
8713
4197
4132
552
2173
7672
10694
684
4057
1643
4131
9365
11369
9070
9027
4406
7392
1511
11819
5555
986
7840
2924
8044
2286
11750
5705
5713
11099
1970
8881
10997
3388
5372
2992
7190
5215
6846
7424
9329
11696
4923
9523
8034
1984
8404
1290
9330
11737
191
9547
835
9520
2700
11709
8624
11328
2046
11614
709
6517
6227
382
3100
5387
273
2547
6946
4470
786
972
3524
444
7684
10850
3640
3108
2688
4124
9019
5763
1418
4232
4135
1544
7014
9581
11271
5869
4489
2614
6889
8273
2936
10413
1779
7839
6082
4528
9030
9670
5021
4684
8913
9269
1006
5312
2033
8048
4586
5266
11332
11301
10601
6642
6722
2213
9326
11418
6471
5313
2803
8084
11283
4333
296
825
2243
10096
8911
8532
805
3558
9729
1037
8068
8697
7184
9062
1435
2324
8699
5748
1692
1314
959
7819
6881
9543
3823
9166
1202
2489
8180
621
167
8154
3095
252
3270
11843
4173
87
6039
1790
8715
3057
9501
7806
11610
10620
7925
5877
11898
11129
4914
2629
3195
7492
10416
6267
9059
935
8125
7391
11818
8379
485
8521
11011
514
8100
1244
2632
2196
9779
3275
1103
9800
9138
6856
3986
3964
9274
4512
8153
4937
11464
74
5625
10156
11082
8222
478
9989
9292
10678
2065
1228
4952
11505
4155
9967
999
9985
10893
300
11479
916
6584
1850
6066
2622
650
10987
7281
3842
7630
2081
6426
11544
8973
8878
2413
1463
8105
355
4867
7710
7506
9631
10892
9131
9470
11552
3015
299
9192
8197
117
7309
10358
6688
95
10029
9992
10736
11584
7877
6556
130
10288
9823
9824
8843
322
6844
2358
5104
10817
11008
4618
5857
10590
4549
3970
1460
11450
12
1989
11795
6967
4380
7136
9831
4186
9957
7675
11744
8422
2505
9175
9016
7732
2078
4148
4121
5167
8135
6241
4373
1833
5950
681
6461
870
8367
10410
8724
6882
8375
3497
2258
10499
7107
2422
11372
7618
10771
7079
4751
5744
2619
5800
9976
6909
11425
351
6623
5556
6459
5395
2183
804
4707
3299
976
1106
9372
998
1111
11654
1814
2813
6716
8024
4805
3086
3313
3233
4846
1359
5830
2626
1467
7542
1883
11030
2304
9983
171
4611
560
4941
9608
9963
8867
8858
4214
6661
4765
10869
8000
11762
1172
1539
2100
9784
4285
11718
676
3150
1043
11259
3578
2590
1484
8177
5221
2320
3743
2353
7018
1634
7541
1910
3220
8807
8097
3864
4848
10462
10541
8397
4704
3049
5067
5743
7115
6100
7000
687
3225
3730
7219
2330
899
10927
2374
1648
7599
1391
700
4678
9771
6676
3149
8293
360
2207
896
247
11285
8096
11198
2674
8148
539
7826
11855
10579
3433
3096
2203
11456
404
11395
5460
315
4090
4745
1870
7908
1024
9806
771
574
2882
7714
4997
8111
389
768
7844
3654
600
4604
6293
7613
178
10426
2418
877
9442
6991
10247
7149
4501
6076
615
11098
3179
6598
889
9580
4636
10105
4755
6540
8785
792
10437
9583
8984
4286
1746
11875
1992
1994
2457
9701
4758
10284
11172
6902
7790
6127
4146
5826
1977
9948
6767
8692
10763
4379
4428
4322
8318
8242
7804
7633
11455
8440
11869
5910
2208
11689
6359
8604
5756
192
8627
1302
4299
11830
11151
8077
9620
6771
5431
10203
11699
1983
10858
6768
3856
10497
7727
11182
6386
8839
3771
1822
10717
7316
2601
6968
3826
4521
5134
11381
8812
8873
8797
9764
6869
3277
1652
9913
4876
2997
904
5201
10023
8667
7461
8383
9406
4487
806
2181
2155
4026
4954
766
10698
2251
2521
1728
10649
2958
5708
8993
2639
6602
10221
9148
10482
10206
11371
4397
2518
7069
6530
8365
10167
9813
6408
11604
10696
8184
7503
8038
11841
4189
7537
11785
8722
7285
4202
3051
7553
3152
5283
542
4178
2652
9565
7638
5036
948
5609
11303
10168
8761
630
4479
363
2351
3873
9299
5288
1901
5655
6709
980
2582
11629
7338
10682
6510
11771
3023
10121
11607
2519
6394
3996
5423
6860
2326
4506
5940
2229
11639
4656
10918
4853
4483
10458
8778
1133
7651
5912
7680
127
9837
2756
940
104
9112
4164
5722
3246
6050
6562
1775
4842
1948
11560
430
9251
5384
264
2877
10451
1452
2085
9906
6667
593
4645
5109
8659
8964
643
7141
10552
10065
113
6753
831
3436
6566
6254
9451
11482
8756
7814
6261
10890
1802
3658
2719
11398
842
2786
1348
3684
6761
1732
7623
2708
4638
4220
4641
1378
4847
2977
8029
6016
5326
11442
3187
3974
3279
1605
9347
519
4554
1808
3542
517
11109
376
441
4955
58
4177
10662
4425
9933
7133
451
4389
443
4238
4933
3012
5983
8937
5761
8032
8525
2303
4334
7419
4280
1341
9720
2816
1604
7140
685
4264
476
6301
2934
10540
1248
9227
1370
7203
9753
311
7514
3800
3318
8912
9130
8589
11118
11844
6900
9419
4153
9507
2724
3561
6047
1831
5521
10001
5760
10515
10443
8092
6442
661
7754
8373
7705
7902
11736
6892
3521
7592
10272
8847
9008
8192
8753
6460
7924
2705
7759
6560
7490
10202
9988
11669
10600
9722
11735
4001
10101
9056
5891
1672
7776
3643
4901
2624
5506
5807
714
1935
10171
10580
556
9475
801
8879
4808
7016
3145
5561
8455
9930
784
8303
4243
5779
3609
4033
385
10398
9034
5795
9568
11673
10589
411
3544
5915
5808
9344
1149
3372
6114
2679
4252
9177
7322
6208
7250
10298
5886
8854
3872
10170
778
9137
7337
5328
4956
230
5261
6403
11888
8716
10733
6880
6674
7314
7099
6837
8170
6711
5108
9536
5323
10345
6044
7735
10341
8614
8323
1879
7937
6015
2785
4771
7208
7815
9005
6274
9224
7773
1971
9335
10033
8353
8497
1674
10480
7169
7466
11729
5901
1095
3830
2014
3197
2815
8691
11063
6222
3533
7760
543
495
125
11037
6578
4016
2712
7752
1278
7243
7033
4357
8337
11209
11097
2645
6518
11538
8720
9789
3157
10516
9262
2425
1731
3807
7410
5972
2655
4614
439
8042
1420
1776
1633
88
3729
10153
2893
731
2432
3094
5842
3037
8159
11546
6244
3333
4875
3638
6389
11728
10192
320
6886
7020
8429
10108
4621
9232
9028
949
3714
2867
7976
5125
5038
2797
11480
1569
7256
11557
5822
3273
1624
10650
2751
658
3121
2490
1864
3461
7657
4800
2458
523
8173
11879
1585
7913
5344
9770
3875
4904
7489
10871
7042
3478
5903
10765
3030
1562
11777
2538
11102
6590
7227
947
5476
8998
6427
9743
7689
5697
10970
10933
6497
10940
9457
10964
1430
9962
5179
6375
7411
11045
367
10794
6209
3530
7676
1152
566
11460
11599
7439
5651
8216
6008
4267
9970
9916
2013
3916
3859
5085
4925
4454
6848
7375
4080
1366
4042
6392
2739
9901
1593
6335
11641
3287
6467
3464
5845
3657
1179
8872
8598
2128
9649
10183
10996
4524
1868
11675
11650
708
4002
8726
834
6491
3383
3038
10407
2684
2363
4537
4108
3114
8190
512
1663
3667
3679
5484
2791
7374
6458
609
10031
7295
1631
143
6020
5550
6093
5765
1835
3737
8694
9594
271
4154
2820
2963
11755
11461
5536
7067
9960
8093
8128
6014
2102
5717
2071
663
4943
292
5308
4165
2084
1573
4526
4713
9234
5493
10309
11601
3144
10019
9672
3962
3204
8039
8488
7008
6790
6547
1292
9083
8285
8005
11725
6438
5941
10141
4041
7092
2140
354
3760
10818
3572
304
1008
7063
10177
10012
3942
4578
5063
8747
10299
6681
8336
2572
6883
9178
3148
8758
11440
7150
10588
3695
3302
2380
4885
9625
828
5881
2858
7300
1372
9341
9589
3215
6423
1789
7511
2485
7837
7510
8235
5254
763
611
4852
5622
10718
8830
11786
11176
2573
5271
9072
2640
7523
4221
4224
1907
3384
7090
137
11774
7755
6294
6248
3286
10993
11377
10764
10447
7389
10789
4788
8934
11757
6279
9012
2788
5854
7994
4407
1609
1363
2665
6452
7478
3066
5946
450
6291
5736
9277
5542
3192
3728
6557
2885
9935
990
1723
1247
4475
8563
2894
3120
10132
9486
7455
2309
758
2365
4778
7654
5164
10374
4869
10826
10260
1234
1541
6999
11487
208
3939
7801
11247
50
9018
8442
1839
2274
8249
973
2919
7766
7600
4919
4025
145
7373
3259
8834
67
7525
7519
2369
10026
11382
8480
3537
9645
11070
10129
11321
2333
7629
2956
5182
3614
3245
8852
6534
4912
4019
6995
3989
3744
8528
10896
11057
5570
557
7552
4059
10937
7441
6586
1582
5289
8625
6354
7237
4595
8456
11094
5448
928
5838
5411
2247
8994
5883
6675
10136
4436
387
9203
9628
3649
2787
10211
2906
6295
8503
6998
5507
6527
10160
7380
5112
5004
9400
10475
11149
5190
2970
5993
2740
821
6158
10164
2927
4879
4500
5420
1785
9946
9929
4790
2802
9786
4502
1701
10559
8688
3704
7446
841
431
930
2112
11883
7674
11124
2677
9600
10200
6413
3928
1249
5957
1475
11225
11693
6117
1099
10340
3705
1364
7658
2054
10433
2343
8969
3177
2709
6189
10778
9289
8696
5526
1508
9127
8833
4253
129
3162
2227
5757
1235
266
7098
6040
2780
6322
2312
680
5027
6758
8636
6607
10307
1616
2147
3109
9205
1517
5416
7508
2048
1160
7463
5766
10575
3557
397
10182
6477
3512
7110
3708
6928
4169
6508
3331
3016
375
4394
1321
4122
8371
9207
10218
7496
392
10420
9391
9876
464
4874
28
11930
5692
11075
6188
3812
7041
8505
9817
7932
10936
11173
7641
1472
3552
5120
3651
11337
8888
4573
10701
4497
11612
4719
390
1522
5243
2464
10785
8723
8845
11766
5311
11419
9316
3216
5889
1884
2226
4536
226
11571
1137
3223
7609
3081
10547
2423
11174
6219
1
9710
9176
10265
1813
5456
5228
2249
4577
987
3262
952
255
6102
2021
5846
712
625
8258
11384
10912
139
2042
3735
869
1655
10711
10219
6942
8661
9683
2830
5151
2396
6126
10258
6131
6907
3787
4907
10563
3531
269
7616
7215
4980
5345
8448
9241
1957
4027
5674
4550
1388
5971
4761
3446
5632
7207
1387
5963
528
5925
4926
5806
3394
10396
9186
10948
8638
8560
2068
499
3183
10412
1849
8775
2565
11074
1561
8314
10489
2922
1093
767
966
983
7197
5324
1144
6704
66
3097
5415
6217
6647
9980
6893
5315
2806
1940
4986
3793
7901
10851
11488
696
10989
5568
7065
2846
5354
2649
1617
6173
6635
5862
1077
7260
5516
3044
10376
8673
2920
6323
8239
8328
4913
6402
4968
4616
4612
4724
4109
9492
10097
7312
9494
815
6107
5380
10652
1556
7856
2313
9270
7551
577
7325
338
2463
8109
5640
4681
10314
318
5368
8809
4655
3189
9410
8551
10039
8942
3795
10481
1336
1300
6435
11640
4725
10394
4274
1682
317
5189
10891
233
4325
1015
2090
567
7719
10436
1553
8144
9370
8002
7331
3702
9023
5383
10732
1151
11914
6533
6112
8859
9055
2089
3940
675
4225
5210
704
5025
8931
6851
11472
6305
2338
8841
494
1167
8959
10618
797
5483
1352
11420
7385
1699
10159
6053
872
4343
6646
7650
2416
3602
7949
6194
8307
878
9549
9060
9555
2939
7433
11397
807
5304
11282
10421
10716
11153
9680
629
11598
1800
8533
10702
9409
5860
11128
6670
8358
9819
11322
9282
8941
9132
1876
7305
6346
5540
10195
2040
3134
2291
3915
4219
6010
11772
6003
6115
11069
1203
1690
6376
8767
4064
5844
5163
6024
10236
994
7660
1871
2932
3944
10150
5882
6906
11437
9890
5502
2635
10230
2950
10720
9418
5914
472
3201
10269
3371
5637
6645
8633
4313
8181
8106
8764
3304
8326
10256
653
5786
11004
5127
8345
8965
9854
794
8915
7644
7891
5475
10938
7085
7100
5422
10144
5519
3899
1342
8925
1243
1950
4546
7838
6273
3171
10366
9379
589
3185
2342
6084
6495
1855
4419
106
3138
275
6493
3917
7224
1702
4300
9481
9972
4749
6678
11179
698
2745
8094
9642
6464
2241
6668
8629
8151
6483
11583
3359
10666
185
3398
5225
10380
218
10624
10151
49
1514
3289
10178
995
6698
220
1780
6089
9668
5274
11816
10137
2873
2915
11874
11719
9541
9228
3228
8243
702
4145
1358
10158
10082
1422
1909
7265
491
1368
757
573
9922
5400
1691
6311
11701
9633
9677
5154
11204
2138
11405
7957
745
2826
7179
3593
8596
531
9433
10669
7396
7846
3804
5605
11130
7164
9544
10386
10800
3221
4356
10220
175
1975
11313
7842
6858
10680
4314
5923
705
10709
5515
8209
11065
1967
779
9106
4897
11363
10753
10509
3777
3122
10729
182
2157
9047
10668
736
3687
6953
9926
6196
8102
11413
325
3056
51
8690
4085
4715
9498
6116
3802
8460
10110
3401
10965
8464
3118
2617
7769
11183
1853
11092
1844
753
4993
7726
9622
1507
10743
3496
1990
1709
8519
1500
3671
6498
1253
10342
1021
5523
4068
8468
11246
3698
288
5139
8515
2693
756
11745
3499
10255
11329
10911
8967
3565
7263
971
3766
9213
3213
7610
10074
83
8166
9411
9375
10661
6845
6120
6528
10787
9209
8071
7821
6835
1875
8452
2603
11093
11556
3071
7342
1548
9252
405
10686
263
1221
3891
7889
8863
2306
6276
8682
1456
3456
6685
7905
4522
5928
9869
4657
10369
4883
11255
902
549
5185
4960
7399
8980
9559
3437
9387
9845
1031
8095
5079
11013
6805
5136
9164
3633
6129
10905
1256
2511
6224
8220
2496
6155
3584
5203
10930
3067
11471
11431
10674
569
7795
2901
10094
7767
9217
6515
1324
5896
2850
7367
6332
5409
2986
3123
3694
70
11426
9736
11591
7982
32
10471
2297
8698
6283
6430
5861
7470
5202
5967
3781
379
9619
8568
10886
341
8923
9405
6215
1934
5204
6087
8168
8670
2925
5404
1490
8643
8702
1325
10602
1371
11123
8374
11523
9446
5089
7561
5046
5396
2319
7728
9001
6961
10777
3208
10382
4018
9039
4284
9875
5212
5626
2638
2673
9861
8544
11253
6090
1231
1306
9240
887
11492
1192
10953
7290
4375
4118
3088
6622
4822
3193
6144
4864
11929
5161
9891
473
3701
2707
5563
11400
10161
5235
9999
456
5325
1869
3577
8146
3018
4450
5965
1421
7969
6606
2989
420
11653
7516
7086
9717
4192
10281
216
256
5583
4112
506
5264
7493
1805
819
4696
3391
8270
4116
9527
11389
7666
3508
11134
6159
3597
10792
7364
4871
10114
3786
8772
3376
5597
4309
1396
102
3234
10929
331
149
3347
1816
3580
7578
1303
9263
11416
7943
8350
8655
10179
591
6516
6933
7442
3332
11096
8877
9868
5281
11392
6717
1004
10476
5010
7888
9554
5449
43
5642
9934
5799
1515
4709
9461
9734
6740
10790
151
8229
7522
6272
1973
3169
5467
10098
10377
1974
11190
6750
10872
6929
2299
1214
2627
10028
673
8958
9978
4589
7113
7132
11645
8119
4254
8748
8360
1312
8741
11568
9025
1127
8679
2277
6509
10531
9356
11904
8939
9667
9731
138
3007
4007
4361
4125
2244
11680
2153
8050
8572
1657
1606
9312
124
2059
7097
5047
9881
1236
830
303
6289
9721
3252
5074
340
10454
1546
11767
9546
1740
5511
6627
4073
3129
9836
7928
3690
10542
1485
2912
3921
10325
3043
11251
4627
4967
7258
1227
1658
8003
6724
2812
10174
1298
5135
8218
5823
530
1319
6782
7323
551
5222
6781
7870
10564
10910
8380
1408
3501
7087
7952
10468
6569
9116
537
2335
10261
7664
1809
7068
3563
11029
1738
4673
194
5569
3767
8287
3680
8871
4035
5700
4203
6201
2331
57
7668
10400
8256
8325
5529
925
10305
2352
8922
5672
4884
11446
11638
2164
9679
923
6071
6899
5918
1474
5725
866
5607
2259
3869
2158
6265
10932
4159
11856
7518
5643
1193
588
6058
8646
366
8341
3870
4367
2491
11095
11274
595
10637
8267
2077
6439
2973
2951
5040
5969
10746
6409
6314
9067
2838
259
11325
6347
4491
7334
3477
4784
6163
1880
8687
10739
1140
1076
8469
7803
5980
5742
9754
7881
7029
8072
3416
7060
4457
10658
4296
4924
3036
5634
7148
10544
7040
5265
2957
7853
3862
1427
808
4488
10804
11891
9309
7022
7818
11448
2379
781
11001
6822
7111
4570
10703
7520
9428
11185
2999
6960
3555
4437
1242
3645
1416
3683
11810
10147
10835
7482
1134
2146
1188
3257
7863
11802
7226
5898
10408
7670
9953
7865
3910
10391
276
2495
8447
8297
6097
2831
11799
2706
2139
4782
8972
5122
590
11243
9126
4032
3469
7824
9141
10974
8276
585
1390
11808
6320
7304
8067
2097
1656
6831
9707
2198
10954
10876
8498
3494
6833
10555
1528
4031
4769
3904
7188
7997
3345
5533
5162
7444
6662
146
6153
6974
3008
158
5875
9674
3424
1700
5100
1053
5878
6700
4622
11378
7297
7400
7449
5729
671
7501
10979
3945
9635
6755
5740
2255
10684
10057
4054
5459
10024
6814
11894
3689
3987
7430
7980
5810
9843
1618
5200
5818
11390
5357
4499
40
10704
1620
4003
5629
172
9502
8007
1146
8811
7810
6751
7809
6784
9195
581
1347
836
140
9189
6436
10884
7453
3717
9804
7134
3950
7199
3505
1531
8049
9236
5961
7084
4256
8453
5750
1642
6412
727
9146
10353
11678
11361
164
4492
9322
6553
9807
1121
215
10942
4647
5716
8663
7996
7130
3116
8610
4358
6303
3058
11222
2451
6620
6593
11090
3438
6424
6658
1727
3264
10368
62
9910
8163
3922
1832
10728
11876
4726
6255
1356
11635
4938
2180
1608
5019
4664
7183
11408
3110
4412
8189
9932
747
10834
7467
489
10609
9045
11506
3484
8657
4340
8780
7491
961
10774
11000
5444
5832
6431
10934
6570
3754
9741
10359
7691
846
5774
7360
4766
5007
10926
5921
3831
7310
10045
9603
2018
6218
2121
9321
8359
9974
7999
7137
7607
1981
10078
9942
11131
8377
2024
8782
10566
7383
2676
11162
795
3994
5660
4447
11463
3932
8895
1988
7758
3691
7123
3791
10776
1793
4150
4266
2623
1748
10238
10431
6748
9626
10631
9697
8108
3053
4756
2107
8622
640
5319
9943
5534
7242
4541
2347
11353
905
4777
4234
9693
1223
865
559
3755
10453
2316
5378
11753
11797
10735
302
6365
8402
1938
1041
11932
7173
2570
11240
1958
9685
1841
11784
7885
5263
2019
7698
6549
10741
8470
9150
8874
7564
5117
1232
7683
4242
11779
2238
7450
11212
1200
8896
9699
6004
11597
4272
11788
3564
4142
6466
11049
11036
6288
8882
6032
11708
6541
9144
3019
10243
6728
2809
6911
11616
7568
5103
10795
10049
5165
2561
6139
8205
3789
7558
2562
11738
7121
5098
9510
6981
628
2808
10041
2165
8997
8788
5995
10064
2248
6404
5198
3182
9730
5121
2522
7156
2762
3618
5305
3203
5566
11720
10504
8956
9417
11316
277
4472
8065
9900
11613
7955
11217
5300
7886
2887
5226
10364
3540
7595
6456
11849
3811
7335
1136
2947
6396
4651
706
1066
10235
3173
6000
9665
2825
4301
9401
9425
6659
8932
2564
8576
1412
11520
509
3342
7429
1439
8070
8554
1357
2083
6555
9692
11547
11768
8195
7387
6531
3825
8831
4396
1743
2080
5649
3570
2159
2454
76
6033
11351
7562
5959
9676
8666
4467
5143
10799
2440
5852
9378
2637
6406
9573
8562
9
1915
4147
7037
11590
333
7145
6888
9140
5749
313
402
4934
3600
7328
