8054
6562
7365
3108
11259
6065
2479
8083
4189
9443
3425
2840
8359
6263
7317
2061
7970
3089
6351
8051
11742
10720
1450
5101
10138
3991
3359
2483
1131
5697
7543
1550
6011
7071
10115
4852
2555
7901
4893
628
11807
5725
9358
7288
3495
7680
2399
3648
5605
4945
5213
3646
9221
4933
8934
2983
155
7884
686
6089
4117
8807
5598
1434
2737
5677
5901
2464
7592
7635
4891
11741
9489
5418
5088
9986
5051
8709
5193
8180
2042
9441
9319
4105
54
1387
11104
4667
8674
6151
2270
10622
5763
9343
6537
7253
11262
10145
2311
2124
9513
3934
11440
7280
3945
3319
1266
8273
8553
9539
8138
10204
5458
11744
11595
6602
3578
5964
6793
10948
9127
1074
8431
67
3192
7934
4077
8317
6075
8440
10564
11285
4186
6701
8262
8793
3850
2477
6355
9333
5949
5208
10825
8068
6588
8801
9527
5401
8736
8
11279
4615
8666
122
7214
5631
2543
2480
3345
5548
338
9564
1159
2466
1032
4419
7656
10147
11217
1048
9007
3693
3164
3102
7092
7677
7497
11362
3312
9509
466
3069
10818
8357
7041
8021
7890
8492
6082
2764
9700
5269
11342
11618
9361
3382
5295
9235
7237
6312
8803
8963
6902
2208
5851
11824
8260
9926
10095
2028
9987
614
1605
11720
5466
6520
253
590
8587
8231
3269
3007
8809
9607
3898
8527
6202
59
4081
5527
8466
1305
3543
5137
11793
1144
6545
2133
1331
9212
3397
6282
2640
3109
976
3063
1962
11121
928
1426
4086
1555
286
2250
1937
1462
1565
6270
7902
5390
8360
9645
6434
3407
1271
8652
14
730
9033
583
8488
11649
8178
1587
1933
3942
1351
4359
4982
5449
1460
9092
7461
5209
7444
3018
9086
10808
128
3752
9060
5015
2381
9205
11265
9285
2894
985
11092
1579
5037
6607
756
10732
3669
10969
7808
1560
7627
10758
4257
8770
11734
270
5160
6444
2609
11468
3764
6573
3722
5493
4495
5230
8988
9899
2819
6364
3232
11136
4482
11132
8855
10712
6653
5383
706
8300
9230
4676
11223
5721
3166
4509
10685
10694
864
11069
223
7753
3086
5072
4496
633
5826
10743
511
11511
9307
9137
7318
10455
10717
10370
10849
3288
3836
9014
1617
10354
9991
9820
10916
4410
3675
268
9469
5866
2797
8062
9939
11052
11437
10558
1030
4812
2022
1218
1884
7138
11775
1106
4024
1716
7961
7605
606
1993
8441
5681
1906
10618
937
1091
7724
20
10786
11724
3178
8641
8116
10298
343
4839
10126
11542
3432
10205
318
6586
4329
7072
6084
9226
2439
2539
514
3517
9873
4241
1473
1634
7463
9048
7576
9106
7478
10871
1556
11027
6914
6964
592
2233
10516
6698
8754
6197
11067
4494
7699
6967
3055
1261
11258
6927
951
9139
6757
11353
7313
7199
10137
2373
2230
1398
11608
10990
1090
1021
6321
7638
1770
886
3341
4613
608
1117
9696
8467
10782
9731
7835
11392
9659
9932
329
1445
11463
5103
8455
2911
495
7456
9545
4697
5880
601
8437
11579
8507
4068
5403
4400
7186
9008
5596
1124
965
10529
1611
221
2738
7080
10586
4236
6625
11003
10002
10163
8185
3743
11405
384
9396
3172
2257
452
3948
9675
10897
8916
547
866
6208
7295
6020
11706
2817
7564
7392
5363
26
655
227
5755
5847
10318
9436
3246
4895
8244
2287
849
2018
11731
7993
2025
362
503
11683
1497
7174
6541
5273
9592
11082
11351
9569
11461
6167
5628
9198
2963
8460
1786
9725
622
1072
6450
1719
7841
9130
10762
3857
6313
799
4781
1978
10934
667
2688
8757
1768
406
11794
9390
1690
9834
5896
584
6003
6750
4458
2087
6457
8648
6631
5447
8710
292
3235
2612
300
6570
7375
2102
9616
9950
3516
8522
3474
6708
1859
7720
10324
13
722
1444
1208
11832
5720
1724
11829
10391
10548
11585
3403
7617
10109
11666
5771
277
5938
5152
11137
8784
8520
8155
8082
443
885
1024
6410
8993
2031
4163
8208
361
11723
4041
11777
1483
3297
11280
4159
11188
814
7931
6296
1017
391
524
9526
9136
9612
2153
3690
10910
4580
11155
9511
3134
1059
6088
7403
2130
118
11340
3718
6250
5595
4322
11697
234
6148
4012
1237
11756
7263
5189
1371
4811
11271
4894
5569
11857
750
5121
5892
6276
11317
692
6942
10615
7498
3905
7837
1191
10005
8828
5830
273
4431
2056
3465
3630
7659
3873
2521
7926
3460
5071
1443
5646
4411
7144
10171
6906
9825
10617
5946
8689
5394
76
378
4452
7372
8109
1378
11783
400
321
1655
9627
5487
6437
7593
9918
10141
2068
1608
3990
9715
7128
3518
4418
2274
3938
2313
5874
9935
3287
3541
3871
7506
7760
8748
8475
2184
315
5751
1580
3699
5559
7474
3964
7704
8270
6426
6878
7896
7441
773
11373
9985
4514
4256
8289
1677
1474
1196
5876
9650
8220
4183
8834
4524
2046
1731
515
9363
7350
8448
7470
10438
1624
8720
2024
3466
5717
8879
7682
5446
4006
1427
10040
8947
7551
11313
8058
5979
2796
3999
2890
4728
10678
1073
11636
301
1163
11465
1944
2731
1948
4339
1066
6601
4463
10051
3916
11669
10850
11821
8284
2847
2227
5782
9100
11162
7176
5332
596
3756
6475
11459
6658
1093
2426
3481
4592
678
1341
1053
4310
914
2406
3954
4549
2527
10225
4847
3670
394
778
4087
8215
6868
1046
1684
9708
6118
2718
7910
7116
1156
10929
6472
5972
6882
8562
4823
8135
1907
1835
6904
9449
6175
879
37
7058
473
7340
11042
830
8267
11849
11423
422
8778
9631
1506
4641
1235
11746
4802
6340
6835
10582
7990
6910
9948
6235
5573
3462
3035
8547
1192
3336
8820
7358
5566
4007
11668
11718
2553
9055
7572
912
5182
11835
5534
1069
11001
6381
2577
6765
10020
7951
1773
10895
5990
51
4245
2932
9166
1422
10323
3256
8742
10711
5995
7305
7362
11168
5156
9646
6854
3003
4470
5053
8213
5910
1310
1925
8939
4318
1547
8827
1410
1173
2648
9452
1112
1635
5599
8338
9972
5368
2362
11139
4169
5047
9566
1281
6521
5612
7737
8786
3041
9234
3983
3809
2308
10570
5272
2183
6678
1790
11571
4229
7552
9271
3865
10100
7698
11436
1876
995
3777
10501
594
5207
6623
9554
6671
11690
10239
8671
5329
4023
4566
4486
3177
3686
8597
1737
9135
6655
10623
9051
2849
2720
8808
11215
1146
10049
5635
6378
10178
8531
2101
15
9879
7795
5082
11644
69
10866
9297
3061
4247
8795
4187
4627
816
2945
10451
4176
4177
5939
7789
9523
4030
4785
10857
6794
337
383
11227
5791
10392
11142
3503
6463
3698
1936
5356
6053
4858
5544
34
17
2644
3500
6590
6613
6327
8489
7908
6130
1052
4803
6028
3242
7160
8952
1135
5096
1795
1384
1438
2424
7744
10345
7673
600
1100
680
8245
11678
5118
7011
1303
5500
216
6170
5050
5694
9734
10044
3571
9487
8029
8364
2291
5781
2524
2492
2666
2444
8680
7874
10121
6772
3434
8761
4254
10483
2347
10350
5873
758
996
4625
10746
6365
4167
7084
6818
9876
1158
9349
4623
11428
5799
2382
7508
5718
7180
47
1170
10773
10894
5507
871
9144
7898
193
6341
7557
6972
1256
3805
10723
4961
10552
294
11103
8350
57
4331
6183
3530
3773
6828
7875
7678
6745
2336
43
370
9071
2751
9009
10872
195
11429
9957
5591
10679
2886
4905
564
5932
1037
8214
5678
8517
7544
1397
9922
1289
1551
9756
7590
2344
5887
1134
10230
10931
4583
8378
7818
3533
10500
6271
2662
10030
10535
10611
10508
1148
7616
1584
9134
4477
9919
11228
6663
3537
7512
8814
5013
5386
10279
2384
2574
642
6172
6660
5318
10748
4239
3450
5337
3860
9648
7400
1347
191
5157
1600
1509
2846
5492
4741
8236
7727
4705
11869
6564
6695
50
10700
1098
2549
7650
8238
3168
6162
5488
1667
2762
11203
10903
1225
7804
4573
7037
9598
8734
4383
10259
198
3082
6100
3883
9385
5499
1049
6836
1558
10265
8093
5584
10502
11827
4992
3329
9254
6853
7886
10830
6189
7270
1213
1670
8323
2032
390
471
8871
10673
1362
3882
6360
6809
977
10333
8053
10067
11277
10888
8470
714
5578
7749
1027
9877
9672
1344
7783
11594
2707
8917
8324
940
8023
5754
7586
2062
2292
10304
5311
6920
964
2248
4199
11384
8110
8627
5188
3011
2495
6301
4849
11686
3088
1689
1502
2629
4883
911
113
6201
10358
2058
5547
8209
21
781
9119
7834
453
4227
7040
3008
6872
2117
4129
3745
11573
10880
8182
8001
5130
8081
9073
3452
1781
5757
10656
8576
9901
1234
4334
3738
4253
8640
8076
9841
5750
10823
3659
6776
6788
2148
10824
1961
6792
1212
7387
2273
2678
6027
2420
1998
2295
4640
5708
7330
11528
5796
9412
9087
3708
8199
8482
4373
7416
8311
5769
6685
6977
3267
4834
8212
10012
6409
8975
506
7048
9803
8829
2769
7735
9140
11796
9794
5908
3868
8484
8383
11836
204
4595
1221
9499
6001
1785
2699
7287
573
4959
10659
3406
7171
420
6468
11912
8570
10651
5788
11616
9845
11820
10262
1844
10650
8959
1559
9532
8948
324
9538
8057
2209
6132
7689
10540
206
7718
2929
8108
7136
9916
10854
10088
6373
33
6297
9300
8866
7122
8066
3598
8646
4049
4361
5463
2837
3107
7324
3420
5440
3704
10486
5614
8681
2418
10249
2137
2082
11576
7419
7555
386
1051
565
11375
6962
4991
6257
11915
2180
6124
11709
1524
10536
9302
1119
1680
1804
8096
2978
11684
9325
4315
3369
1078
11386
8905
5824
3414
1430
9520
7155
5967
11565
5776
5634
10799
5001
11213
3581
10454
4141
3340
4303
7811
4954
190
472
709
10348
4207
11898
7717
9668
9026
3555
249
4102
3529
11309
1992
2437
10632
2534
4413
2826
8146
8696
9162
11834
7300
699
9323
9867
677
1980
11609
8374
8361
11733
6187
5437
2060
1613
11890
6436
5007
11768
7869
10805
8175
2641
2785
3156
2510
11115
6539
7228
3804
10755
2280
3021
8800
956
6597
6455
10695
2296
7995
10922
8885
2076
1379
4868
9518
8085
1627
5392
9573
10375
2798
2038
1985
6237
8528
3360
1373
3037
2379
4055
160
11464
11601
450
9732
10686
6905
4582
6618
11792
10254
5035
2512
3567
10146
4716
2959
7570
10007
11605
990
6232
9904
3914
5735
1516
11166
6267
4016
11244
344
1612
2964
7279
7051
7548
8824
1327
3960
3894
2185
4501
11059
5650
6302
5925
3793
11287
4713
11732
7581
925
5883
3526
8732
1099
106
8750
992
8995
652
4248
3048
8048
124
9653
6514
4761
7989
2045
3106
5814
9831
5960
4985
4837
7533
7631
3264
10745
6879
1165
1174
8965
11439
231
6217
10769
5663
2882
7053
2380
8540
2746
6507
2973
1735
8603
9284
4060
3133
2253
4476
9882
1161
9911
4529
8069
6861
3453
6763
3691
8565
3513
8494
3065
10480
1070
7285
7664
3779
5844
10282
4385
9098
1766
11199
10420
10369
7297
8980
6080
2579
5139
2358
10143
4504
691
11114
779
11564
8498
2934
7984
479
10983
2234
11877
1845
10087
4746
1366
3014
3970
7912
6246
5894
8343
2791
9064
6726
7500
8907
9556
5737
5093
6486
3628
10026
5481
5555
9203
10517
11349
6290
7529
8158
5850
6119
9103
4483
8478
4998
10788
6044
6870
3931
132
8884
2462
6871
5812
1309
3285
5933
2377
3491
3015
7164
1703
4669
2742
4725
2097
10444
7039
8237
9249
3940
2969
8937
9490
7844
9736
11883
6551
9462
6733
4941
5953
8139
445
2350
3747
1334
3919
3324
9283
10856
11598
9155
1777
9299
7706
2645
7928
11014
9784
8624
2559
3195
2684
2766
10397
1231
7129
3794
1201
4653
4966
4150
7312
1823
2007
3145
23
484
9013
6774
6593
8279
4692
5621
11016
4777
6174
5061
11211
8870
10102
7437
8248
8662
9152
2536
5326
6634
11220
8724
11266
5427
435
11499
10928
2078
6644
4226
4344
4548
9788
9189
4791
11024
2074
9749
3280
1003
10736
10964
11081
3413
4562
9244
5858
6715
6391
4969
4611
9061
6429
7785
5695
3261
9913
9393
2736
1941
9326
993
409
7746
6864
2368
8586
7356
9905
8421
7090
8500
10603
1194
8602
8444
6603
10238
704
11302
870
6503
11324
11021
1857
9262
2730
1761
6446
6163
10898
2282
8400
44
2759
3026
4929
4073
11164
5300
3116
6488
8016
10032
9636
10264
9757
6616
9232
4188
4147
4291
7075
10405
10591
4699
139
6356
4748
8585
291
6348
620
1120
7863
3904
8590
3418
4298
841
8810
7161
11140
5033
11050
9480
6683
10469
4363
1783
5465
9709
1791
10365
5396
4560
3504
10639
9632
9370
5107
4299
2329
1640
1140
2861
931
282
3532
9753
8836
5816
8469
1300
5413
5808
4197
3664
5617
9542
1280
8862
3762
3802
9907
2385
4759
4446
6696
8511
3822
6165
1359
11919
11153
7307
10994
1864
9783
10450
1015
4250
7509
635
9644
10942
5958
11294
8229
2235
177
9920
5361
3144
6724
4132
5274
1872
5202
1399
11096
10468
11868
6525
4660
2935
10396
3705
6609
9790
5997
2400
10383
7162
4149
11022
10729
617
10809
5385
6013
11665
6491
477
465
2679
660
8101
8325
6619
5040
449
11882
6691
8677
3765
3622
6233
8019
5906
463
4896
6078
4405
5863
10457
1720
9091
7242
7183
8745
2111
9183
913
11753
25
9835
9516
9440
10976
2605
7922
10217
2693
6223
11158
8962
8439
4714
7113
11549
7012
10069
3621
11154
10752
2164
4819
11522
3431
10191
4946
1083
3766
10734
5790
9044
1695
3335
2156
8356
5115
10224
9315
5307
1866
11675
8656
9960
1207
6098
4958
8419
7809
4952
10521
5914
6034
6286
11587
10561
1840
7687
3097
3586
4628
3409
8848
4545
6367
7230
2761
2560
6833
8711
11809
4462
5027
4230
2252
9771
4843
3845
5452
9481
6941
500
943
8114
4288
10001
7935
417
1588
10874
11645
8385
760
11175
7654
2243
545
3013
6104
9837
10494
3260
1592
4972
1442
3079
4682
7767
7909
10915
3921
2877
7625
7413
8060
3619
2520
2631
10958
3831
907
5546
1889
1693
3377
5192
5258
7911
4528
8202
9889
10524
2865
10514
10742
10662
9844
3816
11163
2460
4804
5462
6761
6293
10048
8554
7499
7110
4671
4122
767
6627
844
4598
2433
5692
9992
3519
7991
11853
2926
6599
7877
5706
2391
2948
3386
1749
8211
4841
7415
11913
10851
7859
9276
4243
6990
3371
1292
8341
4380
10971
2943
5167
8196
4968
6298
4465
10553
10599
4080
3252
10152
9124
10148
7715
3135
11687
2545
8197
7220
3632
872
6498
4181
1219
5308
7026
4108
6855
1012
201
8804
8841
4951
944
6994
9402
7038
2100
11072
3834
960
3564
4093
5275
3306
764
9290
10787
933
380
176
10008
3841
3428
9215
10907
11681
10149
923
10759
2490
6954
938
446
11580
6046
1437
8955
3562
6913
1226
2110
10408
7772
5360
5679
4980
6526
8933
1215
4523
11110
10050
7978
8072
8348
9218
4773
3284
3744
3457
5316
6309
650
11369
4143
7691
11173
1269
1895
8094
8252
6055
9238
7146
355
1055
3661
1299
1782
7066
5668
141
1404
10377
2154
10373
5970
8042
415
1606
11327
1692
2917
11597
10381
8996
10449
3290
6578
3325
8923
9866
924
11031
3930
10927
7686
11038
8434
10329
9020
7062
2371
1168
4794
5506
6032
10885
10060
0
7469
7431
2500
7411
6133
5216
1008
5770
7339
5714
3084
3933
1963
3333
4930
7827
4296
3725
838
2717
2364
11495
5570
7406
4920
4216
2355
8002
3633
1020
5973
10103
3454
197
6737
8679
2844
8292
7218
3486
2272
3140
5875
1867
7123
11680
6511
9496
1320
3309
7145
78
2533
1268
7894
3354
5183
11413
6366
64
9133
142
6622
7683
1989
2403
1899
10202
8994
682
9310
10655
5408
3275
11326
4551
199
9570
3514
9839
5146
1087
969
1666
8005
8833
878
9054
8418
7430
1945
6425
3609
4261
1817
3929
9179
527
11700
9871
8408
5560
11699
11804
3358
5097
9094
3952
5438
530
7165
11182
3346
8526
6093
10840
11929
7651
9082
3000
7226
8449
647
10296
2675
7363
8708
4264
9286
5872
470
5267
10966
5038
4182
4647
10566
5567
4425
11224
7019
2842
1368
1830
4708
11712
11567
795
7452
8712
7792
10132
1625
1402
7245
6054
989
2085
11859
8121
423
3739
1019
7758
2258
351
8140
10085
4602
3637
7282
9658
1537
4760
11131
8529
10495
8091
3851
10499
3741
9417
10407
10409
8535
9946
4035
854
8073
8872
3754
9550
2790
7663
8986
9493
1285
1679
8998
3379
9915
649
5044
10033
2392
3206
3920
10661
7301
3867
5338
10683
10573
9833
9426
5965
7069
4832
4942
4782
11635
2104
4244
577
1711
10949
8504
4853
7257
9077
9306
837
7234
2653
1503
5270
10747
6092
10680
5455
7055
7193
1187
9951
8579
56
8668
9822
6019
5149
10859
10139
8310
5252
5350
3149
11044
5076
4902
11550
1517
2905
2262
5518
6195
910
3989
11040
11450
5508
2425
2035
2361
3679
11366
5861
1604
2108
9777
10482
2843
5819
9892
11037
1154
7159
9671
11322
5989
6637
10519
4712
5173
7649
3825
7070
1896
888
2584
402
229
2639
372
11445
6171
8577
2927
6633
8635
6305
11054
1883
8340
6376
10083
7455
3121
8264
10221
11867
6156
3525
4365
4525
10363
88
5930
1931
6173
10602
11568
4490
5878
157
558
835
2665
5091
10868
5220
8904
4290
523
10227
8642
952
8856
3972
266
5993
9025
2285
11513
6865
10252
11787
2446
8593
8250
9147
4502
6851
11297
2438
11328
10216
5426
4198
8458
712
438
7669
4402
4866
3911
9801
6106
7394
6150
4795
7730
1143
3027
8865
9559
6574
8123
1181
4028
2186
8047
3389
5271
7211
7798
771
8315
7308
4097
3538
9977
8817
8474
7471
8678
1646
7833
9430
2189
1865
10924
3005
7814
3075
2461
9836
11586
11319
4072
11842
7264
11926
8771
10410
2080
1243
593
11899
3524
10356
2850
10588
248
6443
9381
6529
9596
6694
2728
7958
11073
5889
5699
2255
2033
7927
7201
7005
2481
4285
7598
552
7369
2986
9114
10321
1623
2809
6386
5284
2722
5199
9762
3663
5701
534
671
9459
1815
777
4323
4935
8379
11621
5624
1047
10596
6432
10470
7542
3792
11845
2011
2029
9011
3583
10852
11545
11128
9259
10389
9553
3067
4067
7584
209
1041
5166
5903
7047
4018
2920
9420
1286
6154
4665
9909
4977
4208
3326
5227
5472
10554
3033
5450
3655
7332
8607
9292
9906
2051
5705
7784
11146
1829
1254
6419
3844
9525
11590
9494
3590
8966
10064
1772
619
5666
10061
5141
1628
1991
3643
9193
4863
6892
5343
1042
538
6673
1809
8618
11180
2782
11781
9689
7575
9467
11363
9158
3138
1433
6389
180
10941
8737
8502
2994
3546
5470
4116
3707
3430
8510
3154
1466
11306
10201
8843
6002
6068
42
9685
196
7797
151
5987
6680
6502
6939
3553
905
8251
1312
10183
3416
6799
1376
3535
3963
2165
3328
9374
7516
6095
3381
1765
6506
8275
8978
4688
3372
11382
2938
1279
9047
3032
3257
11135
255
783
4300
8407
2057
1432
5897
10340
549
9320
6377
5815
2823
9996
4758
5636
8893
3265
4732
9720
11886
3937
4662
8906
595
8731
9049
1546
3980
3950
2864
5404
9173
10644
4421
84
5704
11296
2228
9851
2588
6656
8714
1698
10749
6874
5312
7212
5638
371
11837
9667
9330
6893
8999
3946
4219
6205
6704
6688
4830
3987
10616
8125
6
7359
11094
10834
8555
9079
10709
4044
1539
6424
11498
11292
4565
7031
10242
1827
1388
6885
1914
11308
8328
11099
5648
5005
8534
410
4752
8009
508
11900
10760
10532
2546
8028
5630
2397
10425
1441
6362
7333
697
6178
8166
3589
5709
4029
1026
8461
4154
6452
6592
1296
2881
4126
1730
2468
2044
8253
5818
9752
8321
168
360
1258
11156
6565
9199
5089
1819
8926
3727
4237
8925
6274
5105
28
4284
8726
3034
9346
4351
10421
11905
2694
874
11205
7152
8864
2370
8704
8402
7495
744
7596
2939
36
115
3656
11028
7496
9340
3006
7507
11074
10578
6762
2307
7716
3366
972
6806
1153
3763
3823
9097
9787
6091
562
8332
3928
9274
1202
7556
1652
8154
3343
4536
9764
5292
6500
899
581
8415
5935
2039
9339
7983
10507
812
2218
2052
476
331
4654
9693
7636
683
5501
4408
6115
10530
7768
9619
9944
3617
6908
6442
8887
425
5772
1984
9745
10294
1705
441
9176
2771
11269
7017
3902
6768
8819
5549
3750
1494
2143
4417
908
11098
4457
5504
9023
8964
5325
6842
8228
239
5423
4718
108
9970
3049
4378
1651
5860
488
6231
9460
1150
377
3547
10015
6029
5742
4661
7449
7503
840
3442
8637
5828
1457
8512
10177
348
11639
10704
9805
6408
8161
1873
836
2509
1727
3783
890
6193
9872
9706
531
9391
5483
986
8040
2443
3635
7008
5217
2931
10935
10303
3301
93
4312
9107
4327
11070
2121
10515
4846
9277
3087
9701
1951
2264
572
6731
9861
8663
5081
3613
4003
6048
8297
6497
11017
2960
10190
6317
2836
3411
418
1249
8306
3796
9886
1123
794
7443
3103
4406
604
8891
2866
1062
9431
8269
11045
6639
2616
2887
7111
8034
5922
4850
7460
5715
10877
5441
7137
3124
1709
11840
11409
4522
3023
9072
6292
6218
3584
7204
7547
9096
5855
11314
747
7710
2763
4387
2875
1238
2591
9998
5178
6548
6821
11029
5154
1687
5235
5250
8171
11789
6456
9492
1734
8973
3279
11646
5222
11932
335
8333
11000
184
6249
3353
3626
7490
10557
735
10629
2558
9966
11389
7367
4089
2192
9629
10362
4876
46
10901
9605
8041
7554
10174
3173
8336
4733
3311
421
2740
6706
6484
4305
5651
179
7063
11090
629
2343
1956
4269
7302
11588
10878
10253
1942
2685
4391
5801
3846
5052
397
4957
752
3982
5260
5474
10199
6934
6876
5944
6812
501
4916
4185
10978
7881
136
5233
1681
9019
261
6783
8518
8574
11009
2005
3959
6823
10657
702
7857
6337
4558
4643
10701
11348
1079
2657
10504
10075
11786
3660
7580
2069
9940
7157
2568
11379
105
414
2663
1350
6620
11648
5587
4155
7342
3212
1355
3862
10077
10157
4451
9514
3616
7142
385
3864
3955
1501
8617
2467
11063
4552
919
2727
8241
200
5351
345
2592
10258
9058
1527
5302
5257
10490
7043
138
2324
8394
4064
6062
2474
464
8564
2860
7364
7821
11102
9565
4403
9864
7347
8974
6547
3957
6571
3912
11624
5378
7472
8409
9971
303
7940
11610
9567
11806
4703
6621
2628
298
788
3249
7873
6591
10744
3673
9384
8063
7185
1253
5577
6016
7221
4133
3806
2144
431
1013
4917
4766
4021
11186
9324
10642
7528
1860
5766
7750
1001
11301
6079
1469
7992
7741
10497
10610
2072
11749
4054
10111
10684
1541
8064
9586
7736
11275
4806
1479
6689
4325
4737
1675
5867
10567
4686
3475
1886
11547
3833
7414
8055
3060
8559
6566
8376
7323
610
8592
3542
9698
2084
95
1484
8147
413
3605
2415
8881
4575
11707
1081
3085
11769
10000
3885
1947
5109
7167
1232
6965
1674
6071
1346
4965
6039
6147
10272
3467
7404
8265
1413
10302
5399
6402
2697
6280
2256
4262
9206
9910
4836
10320
6230
7773
10919
3471
2852
5667
4835
5809
8160
5341
10940
7510
8025
7853
8411
3759
653
3962
2086
6462
2802
319
5489
7493
9478
11660
11295
7676
9755
10985
9594
1324
6114
11901
11191
10800
9332
9925
3355
9131
4885
3320
10059
6030
10411
6996
2651
10130
7240
11455
4681
9956
9028
3143
7684
10756
1850
2136
493
10406
11500
10081
8773
3770
1394
4698
5798
3536
8193
5348
1798
5528
8954
5132
3527
8362
11336
11759
1498
7661
11209
1764
11685
10972
4517
2155
11761
5877
7610
259
11848
5888
5610
4689
1270
2027
1784
4677
11629
8981
842
3141
4636
1405
1329
8077
10541
9560
8363
1133
11589
8234
7816
6041
3623
6127
2530
2570
4534
140
4816
2633
1828
8143
2914
5155
10977
11123
8538
8806
1298
3523
9847
8758
6110
3351
9802
2989
10936
11214
4679
1747
1736
7965
4670
3522
2689
8390
10592
3370
4450
7061
11202
2263
10393
3772
11086
9265
9329
2152
11264
7491
5615
941
7391
10569
11019
7666
3482
7501
2617
4694
1480
4136
664
4488
10076
11471
8395
5502
1490
5915
5852
11243
1660
1807
8372
11443
11814
6122
7488
10269
5031
1710
5950
4810
10667
6979
10670
3078
9896
10241
10980
8924
2596
10387
5820
945
4388
6252
10839
7709
2661
7272
2407
3840
1339
7482
11172
9958
10527
1122
9898
11303
2508
6604
11894
579
3922
7921
1960
1108
1419
1518
7473
2813
982
5382
7614
11581
7169
10496
929
11876
11655
6243
621
4437
9197
8673
6427
2125
364
4983
850
8743
11002
102
9399
3053
7181
4642
1847
11485
7583
7059
10018
11558
11451
339
7545
7774
4928
4963
1977
5247
2855
11881
9280
11387
627
8589
11604
4127
1311
1814
5108
10263
2714
11727
6448
3449
6866
3554
5513
6661
4815
6416
1029
11812
2587
1626
6438
5843
6988
11020
3826
6304
4936
11487
6632
2254
1391
3958
5684
135
8910
5582
3278
3179
10740
2036
4838
9589
2003
9936
7971
10574
2743
2658
11672
6955
1169
9247
7371
306
6649
5550
3293
6674
3607
10764
10914
3629
3678
11257
4751
10414
1504
9202
1520
7320
10013
9954
6307
2450
1700
7585
2632
11178
1425
4281
8012
10277
9522
10643
4184
8931
2575
2901
2475
1513
5955
3694
9108
7393
11416
10932
4828
10435
793
1742
6826
2171
9089
8747
8686
4649
1492
1601
9621
2733
9366
9859
2857
9503
2389
3917
11670
3701
8882
9187
5357
11492
10792
6453
2528
1043
10954
11555
10710
7756
2525
10453
8894
4735
5393
1145
11129
8056
11860
1390
11433
6087
11714
2966
11397
5417
10858
11395
4240
753
6945
8765
2375
9126
6101
11844
6605
7885
9263
4655
2223
8501
455
1014
5400
4178
3218
10399
4881
11316
6049
1358
1476
3157
6848
5579
10658
9577
9984
11118
5934
8295
9812
4210
11694
9782
7608
9168
490
7842
8365
4554
1467
11058
9881
10366
2178
8831
10266
11434
11617
3022
5588
7254
7216
6067
4890
7166
3545
9595
2141
9606
7826
1970
11489
1589
10071
8188
4537
3096
4223
1545
6895
8631
8569
6322
1774
8594
5161
9063
5364
9435
10600
5008
8381
2451
7467
6433
1393
10293
9661
11195
6394
8850
4375
10725
3250
609
5848
6085
10863
4840
7852
5643
8694
9949
2787
7273
9883
8191
2026
8730
6346
7420
7131
7537
7328
1455
10719
5984
2332
548
5726
11283
6504
8895
148
5565
5836
7954
3092
676
8766
11112
11750
4238
1875
6334
4614
5253
4944
10583
5882
5592
5177
8302
4192
2748
2668
4637
8141
7538
9132
1264
4521
2071
3225
8683
10633
6963
7134
1901
8813
10631
721
5535
2918
6123
3322
1918
3054
8896
887
7276
347
6991
9062
3155
591
7177
3939
10281
5214
2445
630
245
3820
4538
10210
1531
8846
749
5654
4423
10057
8471
7156
4394
7397
3830
10380
4258
1089
8654
2814
8432
1529
434
5996
1138
1065
4743
6059
2806
9043
8043
6499
10893
2540
11376
349
6221
7888
9240
6181
10572
11216
4639
1932
90
4027
4874
2190
11390
6134
5491
4808
11507
3042
5625
3463
11778
30
6553
10995
9737
4539
2916
7742
11004
5381
9090
2134
1526
6336
9721
6840
11321
5664
2794
3365
111
1495
7599
10478
7427
5825
10892
11318
4663
3332
10707
4033
48
6677
8156
6140
8050
110
9669
194
1826
2535
1372
6070
3396
11843
607
10120
2755
5349
9486
776
5687
1085
2453
8515
9084
1485
9400
11457
6550
10211
7688
10419
4530
4037
2874
2482
2333
8480
4801
5802
6379
5140
2965
1456
11325
4956
1288
8227
7050
1663
5004
10847
4317
1176
5558
5070
6652
8921
1023
11870
4605
11864
6672
10119
6617
1751
6109
713
2780
1409
5324
10016
1418
8699
5807
2365
2870
5574
7000
4897
2572
11117
4767
10609
210
5538
11165
4542
289
7539
7278
7184
10133
2232
9824
9031
7828
1361
3512
2841
4764
5242
1274
4710
2995
1244
11066
9083
1578
6940
6932
5947
3186
1926
659
11126
9308
6354
7401
561
669
10879
8397
8422
8127
7824
7422
1308
5921
3398
7849
1246
9943
7979
6802
1149
6546
4659
3373
1954
4678
10926
5467
363
3401
10080
10961
644
5671
5226
4104
5490
6099
1903
1111
2869
6702
7109
5409
4466
8992
7202
8412
10240
2700
6952
3511
9474
8452
8027
2610
1564
3560
11880
9223
5079
2366
11307
1137
8822
7595
10150
1214
8404
9174
4138
8296
6937
3302
2669
4999
868
8552
10772
4827
2613
10156
4224
6976
6721
9792
6120
7862
7558
10528
2854
3243
5159
1429
1974
9146
8571
8614
2695
3122
2207
4211
8358
1136
3717
2987
7010
5519
8097
3030
528
3410
189
6544
8854
787
775
9068
8936
803
11800
309
4594
7920
1921
8853
1167
5562
10542
9795
7389
10327
1183
7743
6796
4259
8100
8672
5151
9519
4859
11093
6213
11659
9454
5532
5902
8575
6311
8845
2749
161
11267
599
8606
7693
4090
7851
10305
11591
4022
10955
2432
896
63
10010
1759
10209
10093
8670
6332
11161
2215
5125
4769
9163
8406
6839
10066
4265
4368
6476
10795
6894
8632
10821
10791
6194
6881
8087
7830
3493
4822
2637
4638
8546
304
6212
2221
1543
5239
9832
10946
11701
1643
7578
2002
3289
10485
1115
9194
5371
2830
98
11462
6040
689
439
7674
4384
5655
1209
2867
4214
4014
1668
7579
4376
4050
9413
7244
3576
9603
8334
6532
9501
11544
6495
3903
11736
8309
10663
8003
7188
6928
4666
9423
1401
9040
4884
11148
10245
5498
11496
2447
9563
2531
11497
1696
2825
1206
7492
469
8591
10336
4348
5406
8768
7531
6723
6961
2756
11520
1552
2542
4581
11931
6924
7238
8153
2457
10159
5760
5653
3775
1129
5940
8443
5711
10776
7589
11735
1267
6435
9941
1968
10652
535
498
6693
10975
11791
9335
1583
3052
9780
4579
2788
7913
7831
738
2182
3236
2590
10797
5288
5057
8438
2049
7739
7366
7796
1031
7959
433
9472
2146
7468
5856
9893
3781
6469
4039
7099
1038
11076
6283
11642
6829
9196
6522
10244
4515
5191
5881
8281
11470
92
7923
1203
2416
7073
6094
6711
6021
11524
4053
9006
8588
9379
5690
10628
1291
3446
5469
6490
8226
9208
9642
9437
4106
10014
3600
10870
4943
9248
8084
5074
7810
6004
1955
8282
3789
4209
334
178
4888
8582
4903
2745
3126
8216
3592
1127
9622
2563
10811
254
10284
5978
5862
9266
10028
6288
981
7368
10585
7439
6687
10208
6149
668
2739
9505
9613
740
3127
7027
4805
11085
11232
4911
11866
1806
7771
828
9894
9602
11420
10187
6880
4630
6889
10891
7700
1618
5838
3112
11332
4442
11109
902
4002
6973
7765
2300
6610
121
2267
8628
8782
7619
3031
4480
4164
6072
10718
5497
9004
5762
11197
6358
4100
6466
6741
9891
3270
6228
6581
6375
2516
10498
11089
11745
1386
7895
8599
3074
3733
4481
8544
10314
2199
4038
3757
1615
3468
11833
6628
1057
7097
522
9741
6006
6912
2517
7641
3897
6867
2930
1352
5611
4744
6993
3237
7521
7813
6933
862
8133
5999
152
2868
6139
7793
89
2055
3190
8092
4792
11335
10780
10761
6576
2442
11008
3968
4427
7904
10203
10036
11584
2489
1973
5968
9779
3072
11236
991
7255
440
4017
11261
5176
11559
6242
10479
8393
6306
10626
9510
2065
4645
8543
7953
8785
8697
5212
742
1353
8368
1251
3639
2166
6595
4057
957
7949
6766
10751
1632
3977
5066
4913
5353
2529
2356
4851
6117
6718
4626
5926
1597
2908
5773
10182
696
7009
274
10091
10728
5244
4520
517
4607
9850
4347
4170
6957
1837
7779
1922
8756
11795
7764
9562
532
2991
3291
11640
10006
5334
11374
5256
11403
4862
7962
9620
5900
2286
11515
6608
389
1938
6949
4685
10957
4720
5086
10911
9477
10607
10590
10310
9410
11560
1673
625
2557
7929
7660
9432
4469
5430
4600
9367
6467
7117
9870
1644
3943
10206
6992
11018
9287
4473
9768
5170
3080
546
1415
3038
1836
1934
6611
6909
8874
11839
8493
5685
8539
7248
5511
2606
8233
1754
1461
1421
10613
6331
4680
1536
1878
3233
7425
2747
1130
4648
4693
9169
6227
4612
2093
4075
1103
4484
5060
9164
1205
1452
6157
7997
8210
7540
5913
5290
11007
9003
3292
6732
49
9555
2303
11703
3337
695
11080
8176
5083
11873
1891
7969
1967
8203
949
11426
5537
5092
11682
10418
9580
3210
6035
6983
9624
11892
40
9897
1092
9914
8610
6017
3808
217
7126
8763
10781
1958
9304
3234
5727
7261
6751
4456
4738
5168
1328
11204
5700
1753
3147
3185
7988
5021
11854
2157
456
611
5020
8667
6629
7695
10476
11656
11448
11272
4606
4397
1028
8351
1756
5187
11925
2021
755
10804
10943
9614
164
10523
8280
4
9674
1323
4454
10492
6268
5289
3579
10984
1241
5094
9699
9260
7232
4313
2089
3200
5977
2411
5832
350
5322
9318
1435
9797
6918
2454
9015
1247
11607
3642
8293
978
5899
10705
1447
107
3724
6461
3123
9154
11105
4479
7932
5320
5893
8655
5301
11065
5014
5644
1332
6554
9682
8968
10440
9549
10860
1818
9016
1976
1665
4011
3800
296
412
6875
5743
10906
693
9053
4173
11887
6073
3858
8246
11716
3941
1581
5834
5795
407
1880
8000
9536
9172
11657
1792
11133
9362
8713
8481
4152
8045
10212
2034
9993
3310
11828
6717
2305
94
6705
1893
1935
11034
8476
5864
2398
7942
2573
2378
1622
8912
5589
131
2851
9418
9421
2990
5002
7284
4489
5785
1406
11606
3224
4088
10092
9403
9398
1408
5613
8738
9444
9690
6764
1105
5175
7103
158
29
1535
507
9341
2968
123
9001
3497
7582
1365
4652
10813
7790
5563
7655
8733
8224
7832
5228
8595
3180
3221
1229
10882
10194
2357
6641
6459
11650
9770
2732
8890
4932
11641
10122
2889
5373
11531
10790
5980
2203
3818
8017
4140
11368
9233
5171
5810
904
9204
4371
7172
11354
5689
8549
9272
516
427
6600
4251
7046
6136
9216
5778
8428
3736
11075
10431
11157
4915
4796
1855
792
6858
8903
2441
5515
3828
2163
4994
5686
5398
5658
3692
5080
4221
5853
7251
4995
3887
1530
5473
5530
7613
4062
11908
4440
2586
4800
213
5245
8922
9746
9228
11446
7511
10765
11743
10887
4775
9585
1330
6454
10332
4297
10434
11289
10309
10896
10820
2498
7665
1760
10395
10055
8396
241
10260
1653
6624
3798
11219
8380
3487
2982
2672
5372
269
3843
7602
2496
1571
1683
11381
6523
323
5522
7293
10247
3606
8878
8189
2265
10802
7426
8626
10022
10106
3689
7504
4631
4988
1718
536
8634
6863
10047
11572
11414
5205
11865
4008
2463
4218
10688
5783
4953
4276
5421
1317
10945
7477
308
882
5600
3191
6186
3101
393
7434
8088
4453
3797
6261
5553
2494
5432
10721
3171
10518
1694
5688
4137
3070
4242
1554
7014
369
1470
10715
11822
7996
7269
8367
2634
7939
5561
11385
10491
5736
7030
284
4103
467
10814
6738
10223
2625
10041
82
5575
5780
11329
4395
2753
8120
10173
4335
70
1542
5822
85
2799
2941
7919
3603
3316
5299
5543
6975
1179
7522
9761
8035
11802
4701
11774
4778
5136
2958
3044
6508
11578
5623
2077
9785
444
1260
11921
7354
4734
10039
11270
8254
408
5414
8812
9448
5019
3602
6577
5281
1151
1930
4786
9037
5317
2583
4330
6916
10388
9445
1808
7846
4316
2899
9236
5740
8945
10696
8165
3899
9409
8024
3787
8486
11268
2967
11160
8568
60
8675
5460
11770
9634
10347
9733
877
4730
6815
9159
9548
11300
4644
2961
9305
1824
6026
5420
9314
4990
1314
9243
10937
6606
6801
3711
7148
9744
7095
11150
3910
9404
5554
4981
11430
1239
7787
3046
4892
10634
5198
6256
3440
11654
9962
6159
3817
4971
10638
8485
8277
7526
6344
6575
11032
8151
3791
11458
1871
637
1482
9507
3913
9813
8513
8623
2660
10770
8303
9416
8802
6825
6477
2196
7527
332
79
5871
6558
10317
5305
1036
4447
7964
5568
4085
428
7708
7348
1943
8052
4194
732
6579
10677
1068
801
4848
10812
10845
4032
9352
4634
11541
8859
6107
1923
3445
3749
312
3356
5981
11087
3978
1326
1748
10547
2225
9615
11818
9547
11872
1277
7223
10998
8330
796
9115
117
4939
7847
5712
5296
1022
7374
10838
252
7448
8131
8605
10637
6473
3610
3842
11377
8427
1570
6647
1549
7523
1691
1566
4889
2159
7546
10361
2519
1614
670
8550
5775
5234
2784
2556
966
909
6666
3588
2268
1658
3490
7115
8170
10437
9190
1018
2298
5907
2858
5126
3863
6025
11424
3066
7200
11527
1088
10481
2318
8399
1577
3506
7213
8401
8499
9643
1707
7905
4047
10829
6045
3507
8266
11361
4569
3214
1508
984
4246
2839
7662
10456
3281
6198
805
8274
9947
5442
5287
18
3380
6596
8815
8503
2622
6414
11388
3992
11167
2401
11427
116
4817
10021
3307
2833
1697
8389
10316
7197
6862
342
6329
11758
11765
1822
1744
10493
7603
3139
4807
11762
10448
1863
10619
11689
6152
2845
1904
8067
10576
6746
2322
10385
9885
10660
5767
173
9730
4962
2404
3209
2937
967
7336
6946
2456
939
11582
8218
3368
5059
7322
5454
537
2832
10671
10113
526
7754
11408
7536
3363
5218
9846
7042
424
2725
6970
4434
2721
6403
381
9528
4684
11486
3774
11923
10428
10938
980
11449
6896
4978
2515
6254
6318
1841
9968
7532
679
11025
8613
4343
4294
9295
7637
6380
5905
11323
8524
6328
3889
2859
3559
7916
3714
6177
1796
4389
10046
3376
5952
9364
2334
10009
10334
10645
10043
7681
4860
7001
149
9257
2000
6182
11628
831
10164
11838
1964
2073
8258
2217
3551
9531
3167
3501
2754
327
3273
2047
5731
10413
11826
4004
482
10641
3832
4118
1095
8313
7459
2812
8463
174
1011
10739
9670
6060
8653
9857
9057
5956
10988
5482
9588
4268
2760
5793
9365
1800
7530
4657
1813
11663
7647
7409
6922
2413
4409
1924
5237
4949
6985
10689
3961
4873
3313
1199
2434
9990
6791
889
5340
9468
10135
894
4919
1172
6083
27
8687
5645
6155
4001
11233
10169
4346
11273
10865
8953
4987
5445
6458
852
2893
8122
2123
4472
4171
2088
8490
4206
9817
10161
11417
1758
8779
4314
4900
9798
10056
5753
9981
489
9710
10774
1816
2566
4593
2428
2680
6258
2674
6113
5431
881
3548
7130
1657
9630
358
3489
5180
1507
1139
2435
11738
5619
4531
6097
11614
3348
10035
7524
2360
10351
6727
6264
7480
2220
3091
7384
4079
9195
7642
7653
3105
8942
2008
7612
2723
8772
807
10175
7077
8223
4156
3710
3676
5111
9786
6582
6759
9781
1316
8935
4668
1917
7791
2682
11078
9530
2652
10322
11169
6921
9791
3768
578
6421
6982
2216
809
5604
11679
8169
8984
2879
8598
3732
1465
9372
7074
11474
2491
10822
539
1983
9660
10236
7093
11347
9581
11410
2703
9328
1609
5428
3981
7187
6058
883
6966
8661
53
7938
5124
11811
768
7224
2396
1672
11627
5365
10473
4500
2891
1110
2789
1313
7667
9078
9738
11315
7685
4233
3350
100
10231
478
5957
3742
7960
2518
9714
7944
8532
3093
6372
9157
7843
11557
11554
11810
8487
2710
3735
3374
4947
1464
6349
8821
11048
3540
2824
3886
2726
7690
8291
4487
5012
1888
11206
2775
10416
8473
1377
3988
6069
1521
654
2504
7819
6710
6023
6568
9483
5831
11111
1198
2105
7553
9500
10899
3239
2429
8104
3892
2129
236
10195
4031
11879
10730
4749
7408
2594
9046
6451
2589
10965
4436
2310
5022
2595
11116
5016
11751
9726
6141
2359
4307
244
55
3399
10606
9386
9994
8956
10136
11612
3215
9167
11101
9156
10038
8201
5263
10338
5395
3296
10398
11752
1561
7433
9849
10555
9983
2112
4912
7352
3131
4370
9694
1306
6926
1004
6517
8941
8413
7914
6594
436
6767
373
8126
1981
9175
2013
11218
3625
8162
5557
3001
5206
5975
144
2345
6112
41
3975
257
2041
9728
1491
3228
4709
2541
5765
6567
10595
4577
7640
7262
1979
3318
5054
2048
4232
2673
5640
5918
906
5986
11222
8457
10124
2779
9353
2949
8118
9446
6076
2427
11691
6015
68
2692
3599
7893
10098
4976
10815
2620
5800
120
8692
1833
2340
1132
145
770
11490
9702
4390
10280
701
10793
1223
3077
5163
9502
8078
10509
3115
10052
3879
10439
643
11851
3059
7205
8725
8639
1562
4616
8938
11015
10219
5034
2701
9112
3213
8059
9796
685
11533
3807
3043
1821
83
10699
3216
5580
5328
6959
3923
10884
8643
8769
11863
1738
4439
5024
2290
10757
7966
10233
2650
9921
11521
846
4564
1638
2351
2829
1197
5150
1348
575
4574
3473
11179
7436
5314
4768
1861
1152
7327
3995
4724
2913
612
11928
9334
7803
10342
7643
11596
8753
2946
10151
11456
8349
2222
8095
5215
10037
2326
6572
6022
7571
7120
7153
9382
2140
5517
9342
11177
666
2194
368
4345
6699
7747
2075
6950
11036
9118
665
2335
6712
6778
761
9252
4393
6536
895
3611
9429
1953
7465
7049
8148
7748
5620
10459
5087
811
9463
5954
4516
10251
6542
3645
9695
7247
9955
4289
8690
1166
7458
4833
5090
10918
8901
6326
845
5929
10844
10589
10726
3207
7734
8128
858
8414
3258
11918
7780
3640
5387
1325
10472
5733
1400
10982
9148
10090
4964
9213
5335
11183
5179
6805
8844
3433
4765
3361
1522
9378
7292
6275
9579
7770
11194
328
11120
2266
1412
9180
11359
11444
6743
4563
4879
7946
1488
7871
10386
5479
10300
2261
11401
7987
3672
5117
9201
11575
7210
4471
1630
6798
2690
7206
7577
9104
9969
7658
5434
4083
5062
10084
5927
6887
10843
5286
181
11823
299
272
8232
8243
2197
1446
9401
598
4249
4596
8560
6659
2277
6412
10176
5315
7937
1050
9617
4696
3198
1812
11673
2903
1045
550
2777
9250
8584
9758
10192
4924
11252
9495
3854
3835
2593
10580
2281
9102
1909
3812
387
6814
3895
9012
3814
1002
8727
11432
2099
4429
10045
5468
4871
4162
9590
4997
11790
786
2984
11503
11200
8664
1374
2177
9735
1757
11242
10873
9858
2880
8345
6397
6740
10445
9800
1714
4787
8136
4869
3352
3884
5043
129
720
7563
6361
1259
4306
336
1533
11815
4578
10672
2603
8144
9270
6714
3927
3550
1420
2149
6773
7104
6535
10185
2511
6347
256
8790
10364
4356
9576
1706
2770
518
3604
11383
11801
7207
6501
11010
11230
3400
570
6935
8353
6534
6417
5865
7275
2059
9641
3498
10118
5106
10796
398
2898
7956
2507
8688
4742
4130
4160
10200
3855
5985
10243
6780
11454
2523
11592
8111
6129
1913
2412
2936
5586
7855
1699
10229
4856
10963
8957
4042
2170
9125
6415
7514
8506
1881
3317
10335
5845
3110
10172
5009
7515
9388
3652
8774
11053
1128
10614
2598
4168
9337
10073
9153
2955
11355
7239
7513
6831
8977
9546
6196
6897
11569
4921
9303
9451
11773
5238
9200
2201
5920
1825
7298
8572
2820
9880
789
9681
4362
8198
7163
9608
11399
3785
6665
9036
305
1874
10551
5405
6051
3674
2602
8811
1910
11632
9458
10
10563
392
8797
7489
4445
1593
8416
10117
5713
6345
6005
4412
3136
521
11713
623
11808
9601
10531
8716
5942
1849
4754
5030
11721
10017
731
8693
3688
10608
5912
2706
3593
3859
5601
6169
2151
8985
2922
8464
8920
11692
8830
1369
3570
1230
7191
6478
11907
9145
2405
3383
7618
6220
10724
6681
9568
3392
7763
9742
6845
7215
2469
1293
9165
1919
1610
7168
7217
2600
3165
2115
5201
4099
3247
5647
10979
1486
9895
8004
11108
4771
736
9313
3534
5128
10544
11719
5143
8387
4266
2135
9838
3993
5185
6343
5048
688
1573
7788
9719
4986
7381
3926
4809
4360
10967
475
6259
5904
8620
6350
11185
133
6423
1077
5354
1255
2484
6951
719
5805
1193
8105
8880
10833
163
250
5148
2810
9740
7943
10581
7052
2331
893
8221
4096
9141
10675
3861
4790
1647
2315
5911
5680
225
3390
3751
4950
11476
3502
4428
9059
5010
4110
7948
4499
4283
8255
2924
10283
5510
6730
10784
8541
4324
5622
7349
6771
10027
2781
3113
8723
6066
2161
8721
11229
5453
71
11030
485
853
2807
5846
3050
4505
9558
4599
953
1114
10246
3869
5787
5362
6226
4340
5632
7304
6180
9995
9823
513
6207
2019
8900
9246
7091
3986
6279
1454
9863
861
1548
11885
375
5077
6843
7013
87
4729
9716
5665
658
2119
3924
4420
9348
9383
9618
2712
11331
11060
1862
2821
6278
5869
1463
10489
2862
4190
9035
3010
2139
2006
820
3667
8430
5439
8899
10881
3142
185
10094
4443
6121
3
5585
2486
6339
1591
11240
11091
4474
3146
959
8629
251
4527
11748
10951
10669
10226
9843
10261
7836
605
2328
869
4051
8089
10160
555
1200
7541
1940
11469
7054
9322
2923
7018
1416
1949
5475
4757
6716
10846
2773
10956
7078
7981
6295
3375
8997
11473
9433
4392
694
3229
2702
7757
4349
5313
7517
5722
11127
11447
10930
7225
5298
1870
9357
4448
7377
9759
4553
5397
3753
2552
5283
10952
11764
10905
10753
4604
4867
806
2792
3230
703
11043
1468
3025
8186
935
10549
9769
6782
7848
5675
5056
6229
4674
8299
3561
6192
6385
7968
3608
7335
5203
9002
7705
8913
5835
705
2514
6146
8868
7236
2734
4438
9760
7195
2696
382
10853
8791
6413
96
597
240
5556
226
917
6635
4518
8746
10950
260
6214
3687
8581
11906
7310
2835
278
10355
3720
4931
287
10274
9723
468
6440
2070
5186
2522
2962
6709
5707
352
551
3162
4153
2752
8342
10079
114
11717
7450
7721
3047
1064
2619
2897
737
9677
6260
2547
2299
3099
9029
3658
6291
10108
4550
3259
8715
7259
10131
6838
3344
3196
3935
7121
6810
2009
7484
3241
4584
1905
10861
3402
9705
10584
2096
757
4461
4914
11482
7219
11904
1708
4555
6923
502
9982
8911
9763
341
674
3703
9754
11623
9301
2293
3244
10255
9085
8657
5597
7713
3876
2353
8429
2816
1515
3423
2957
11441
9442
7634
6636
6785
4433
727
10168
7883
9105
11878
5928
4586
2607
10682
10270
6265
11698
11516
9775
10189
5602
4222
10003
810
4467
2998
271
2636
10511
6168
10426
7067
5729
6108
7139
4426
6509
6560
626
4063
9656
9050
8456
11525
8516
7801
7766
1010
2001
8074
24
11231
376
11207
2944
6524
8497
10855
11278
7388
2470
5924
6540
346
9427
6137
6753
6392
2671
10390
45
247
7432
4270
10097
4120
10597
307
1082
7246
2278
2338
510
10042
8179
8167
8542
2667
4783
5261
7065
3271
723
9129
8700
11505
3217
10463
2090
2131
10807
1431
2309
5734
1224
1740
556
5657
1969
2066
4098
10648
7624
326
9862
230
10923
7887
8392
10826
7082
11508
8751
6406
8117
1820
4707
4704
8177
4139
2758
7418
11930
8181
2168
396
9816
11725
10986
1725
1569
7566
2873
3712
7518
11046
5710
5412
4984
8200
8867
1458
2
8164
10698
2317
9347
7265
5983
4071
7487
7675
1750
759
11653
1793
6492
4610
6901
212
61
6953
3881
5698
10024
6739
9030
4260
8256
8760
3056
791
11400
7999
8454
5376
11552
9375
6777
11047
6817
1141
7105
11062
7423
11260
7930
1448
3657
3016
11622
5374
11380
9017
374
5153
6527
2783
6884
8659
1797
2276
9434
3282
5641
10832
9027
6179
1407
6395
2659
4464
9572
2372
4179
4128
8616
3634
9123
9067
6859
8014
5969
7562
5784
4770
7561
5898
4195
4146
11282
1382
4407
7464
7094
9359
615
1125
8649
3017
11535
3662
7982
7850
3956
9869
6960
9748
7900
11611
9438
2900
613
9610
9000
11221
9377
5345
1803
2459
10562
2888
1982
6353
800
1990
5963
6184
6009
3226
11766
3614
9338
6947
2571
7633
10019
10128
3574
6370
847
6827
4723
1642
6300
11412
2249
10864
9767
9143
4432
10889
448
32
9852
11715
295
4320
1802
743
6383
153
3058
4651
6401
4993
8792
11916
4934
1966
4449
4271
1190
10522
1898
8818
3488
7502
5738
6335
10248
729
3137
10295
2321
8174
6219
7483
9258
2181
832
11407
6676
2204
9294
7806
3251
4719
3441
11874
9934
2394
2729
10162
974
5174
5410
9504
169
6888
7108
3448
926
3111
10754
3520
8889
880
11304
5424
1671
5358
1104
2017
1842
1033
3294
3188
6850
5842
11805
459
6390
5854
9679
11539
5761
2947
1385
708
5379
947
4880
8611
11875
6449
10737
2229
7353
5478
1459
11144
2828
4532
7314
3193
10278
1669
9395
8958
11933
9609
395
1636
6760
1257
4191
6042
5145
6943
10579
4492
1946
7645
3767
554
3896
4826
9010
11702
10475
2092
5649
7600
4498
873
9628
9074
9830
687
109
11602
11472
2323
4844
11903
817
3194
5803
1252
6530
4113
9425
11638
5359
2103
10034
1185
2142
8335
2505
7118
4797
10268
11097
6561
11371
10750
10105
5259
11593
11113
2120
6294
4217
281
4263
2091
9529
1
2576
3305
7872
10112
5280
7778
3951
553
10690
2501
11011
9128
9184
8384
8403
7114
3308
2206
11249
7133
2872
634
586
7907
10330
5833
10285
1301
3893
11475
6407
9095
8596
9422
3388
6789
2822
6510
10466
5583
1295
2067
1121
6224
6405
1988
11286
7036
8103
1659
7361
1745
5131
2259
6103
2638
4739
1171
6352
10987
5618
751
1839
9842
9268
9227
5232
5539
3580
1726
724
6755
10140
2767
589
7481
8505
5916
6481
10129
5669
7346
10328
8207
2245
9855
6552
1472
320
10343
6033
10601
4175
8943
3412
11402
9678
11425
4774
3469
4295
4367
10908
9069
7190
2608
10275
8225
5789
6428
8685
6200
203
4215
4131
7714
4702
6849
4793
5064
9890
3666
7860
2928
855
4608
401
5723
10594
7112
9476
8163
10290
8816
8496
948
6860
560
8826
10848
147
11290
313
6096
11122
3315
9214
3971
1220
6725
5023
10134
4979
4960
3726
10346
9584
172
5691
5520
1423
10462
8796
325
11305
3036
3039
11248
10096
8927
11256
4123
7355
8070
9704
6729
6543
8239
5797
2765
11431
4658
10939
6675
4715
5255
10331
10512
10308
4292
3347
9245
2848
3129
9537
3499
215
9275
6422
11543
1858
3415
9406
4776
3444
2976
8798
932
3456
10798
11512
6253
3810
11664
5661
6516
975
8294
4570
4508
5909
5752
258
3455
7125
302
8702
8567
7615
5829
2050
8755
8008
8650
6775
5792
9923
3476
7315
5144
1126
6145
4066
1599
224
3073
3620
5114
8152
1572
4308
726
8031
2346
1155
3729
1676
11481
7550
9663
9540
5219
2241
8638
10442
8600
4973
5673
314
3458
290
4887
5730
11291
7769
11035
9113
6735
1054
8451
9461
4220
7644
4955
3152
7132
10125
5811
7607
4353
5642
897
11088
1534
8601
6645
8630
6518
4278
4755
3286
3435
10912
9637
9354
10666
6813
1732
7357
4172
6784
6470
4572
10691
2402
10917
7106
11708
9912
8982
3439
5102
9222
4824
2472
2485
8172
725
2803
2419
10533
9439
1217
7722
8695
38
1451
7534
9799
2238
1794
491
2683
5581
5018
6281
9121
2431
5065
901
1629
6555
829
7412
3437
1481
11705
5224
2393
10288
8752
10640
103
10004
10461
3811
8971
2676
11566
8318
4416
9657
3900
2910
8557
983
4379
3906
3158
11779
10436
6460
2214
763
7671
3426
6980
2493
9814
2211
2912
3681
4650
5436
9789
7726
1337
7249
946
5840
7628
9815
5190
4119
4533
8298
5593
9750
6824
10577
3595
5095
9273
1240
1160
10025
4590
7079
8967
4056
3508
5264
1340
10902
11493
9142
233
11613
3148
4025
8240
11771
5330
7692
11095
6883
6873
1307
1645
3404
6986
9182
11862
10735
2279
5859
5425
6981
1276
10384
3342
4059
1184
3472
6917
5310
8691
834
4672
242
6272
5169
4818
8777
2128
4632
5069
1342
4899
11633
5
10215
2212
3175
1712
8860
10144
10222
988
4619
3671
1882
1682
11170
8090
10665
6368
8366
8462
1590
3776
10778
11677
656
5948
2122
1911
8950
9640
11494
6483
8892
10301
10352
8658
3651
4414
4203
1972
2670
7639
11255
10621
11310
2687
4382
2179
9397
6662
4095
5457
7723
7056
10256
7344
5042
3364
1713
5857
3925
6482
10620
10960
9356
11797
1894
1853
2988
576
7752
9649
10446
2352
3677
7817
9773
11193
6989
5067
10693
2302
5331
10605
3577
4567
4357
11619
6289
4918
8173
8840
2892
1349
1282
9498
2950
3187
10158
11502
2954
3470
11071
3815
10806
7127
10681
1733
3557
5827
11530
322
5542
10920
9793
10989
10559
2012
2772
11662
9415
1499
6164
11861
6668
6247
8011
5540
8435
3515
10353
8762
4091
7815
2417
1242
798
2288
11352
8858
7973
11831
4507
7309
11320
3327
10452
10841
11311
7402
851
6489
8377
8521
8124
9414
8987
10505
7915
1364
11477
7998
10944
9018
11299
6583
2471
6803
9373
4430
4587
39
10630
9687
1147
6779
2925
1284
11726
1294
2970
4691
3870
11360
3556
4925
11246
4092
1039
3853
6374
10991
5294
3119
4304
1885
822
525
7829
11819
8410
2158
1728
4675
1061
7303
207
11152
11453
8609
9211
9419
3901
11124
10344
9185
166
8222
1620
4040
8369
2896
588
2933
1228
11896
7150
10503
2647
4459
10876
10477
3827
4497
10886
9316
8436
918
8972
10714
10068
2231
2374
3202
9045
11226
4635
4814
9453
825
1297
4070
10207
6176
11334
11391
1063
10474
4422
5841
6142
5112
186
10731
3563
7337
2811
7494
1440
11504
3197
2094
4519
10465
5849
9600
2615
2390
10733
219
5571
11100
1701
3638
4386
11910
1567
9778
5837
6209
6037
6316
3132
711
9652
5210
11534
10598
2205
91
9707
1722
1971
7021
3393
5526
2408
7822
10867
9884
762
12
10624
6841
6533
7179
9937
2801
10537
9975
10534
7124
1585
739
8190
657
6496
2224
6958
999
22
9241
4546
1040
9774
2977
884
4870
285
6557
101
8915
10412
238
5026
11467
11509
6031
8558
3268
6357
2621
9039
5011
6648
519
2242
673
1511
10692
2473
4568
1189
6587
5293
1514
4898
11526
353
9856
9464
8622
4541
388
5572
5380
5279
6464
10307
10432
3521
2906
6061
2562
1475
10593
9980
11372
2580
7087
4673
3790
7311
8976
5494
10313
9807
7611
1897
7701
4311
457
10993
8287
9686
11239
968
11620
6584
3932
3819
497
6234
8767
4624
1568
10443
5884
97
10921
3199
7268
9908
3314
11491
7
8022
4540
707
11357
11339
8347
11452
7325
10890
1101
7151
7976
6834
11378
11208
3685
2169
1084
1650
5551
1805
8536
492
2804
7020
8168
3872
4377
7170
8949
9853
150
2316
2330
9512
9804
1586
5976
5774
77
1367
125
2195
8130
3544
2202
2138
11788
11145
9848
7435
5448
7738
3240
9878
2113
11755
7899
7033
11174
6494
11754
4747
5804
3799
1500
6670
3585
1575
10382
587
3170
10053
8722
2010
4441
8112
8823
11438
624
1056
5485
11084
3321
4878
5974
11676
7291
9369
8739
1715
8373
3057
11728
1780
9066
10101
411
11134
8142
10315
505
6899
1649
6822
5099
11143
7370
10550
10153
9116
1912
11841
4618
2388
10360
1471
2677
9860
5747
6371
3721
8837
10962
10054
6277
1843
9160
3277
802
7447
10170
2578
3263
7373
10702
7035
8944
4576
6528
698
3120
6128
1950
1868
4926
7277
4700
8453
4831
10913
6626
2979
10086
2083
6431
5779
2363
833
8450
8940
8684
9743
6734
454
9963
7594
6856
8249
8719
5988
10900
9110
6819
3094
8446
3761
2114
5895
9225
1769
6239
8242
288
8863
9697
9703
9192
8525
7029
6944
10484
7360
3161
1810
5477
9171
3248
4350
7711
5025
483
5055
5451
8424
10072
4084
8312
5637
6342
7975
8729
4052
1396
566
7007
10697
7696
9953
11888
4922
1779
9256
8268
11767
4277
5459
9371
9482
7286
8930
8717
7379
3438
1380
3478
7326
8038
432
4201
11740
10155
8563
9868
3509
4557
2284
276
5484
6837
1512
10869
7289
9727
7963
2503
7856
5616
4788
11033
1788
2127
9188
10831
9680
6153
9945
3780
10232
11460
1007
7475
8046
3760
11263
9336
10337
3408
11398
1094
6211
997
8578
3813
10154
10777
10687
4909
6203
6948
7175
6056
4161
1743
2376
10862
5197
7878
1356
774
6248
6749
7591
1389
4617
9829
1596
6795
6808
7694
7319
10213
6995
4212
3552
7864
8447
7762
127
1717
9207
3803
8781
119
718
8561
3569
4798
2564
3424
1995
3647
5594
10372
3998
3009
2191
6744
4996
7147
4706
10904
7974
638
5662
5184
827
2383
11893
3114
8780
3081
9291
748
8580
9289
10706
1273
11532
11917
6369
9344
1997
8991
7892
7761
710
11394
6320
9411
2236
2327
6310
187
7672
16
11418
10819
10441
1287
826
6931
4937
10250
4589
11782
183
3238
8918
4338
5966
5221
1704
5241
11855
3451
3330
7173
3496
7064
8669
998
2856
2320
10167
7235
6559
1067
3788
6997
2599
6936
9312
1428
3298
9255
7378
8468
6797
4142
4857
5119
5243
10234
7597
5195
9181
3459
192
7845
4556
5746
2150
354
2037
10299
2004
5982
7807
11079
9038
9582
5523
5456
6240
11333
11553
1210
10766
8825
1336
5333
11068
745
8417
3090
2601
4280
4974
2079
3866
6513
8644
2430
540
808
9424
8573
340
3334
5303
7568
4460
2289
3918
2499
4510
5627
1345
8331
11825
4396
4591
1222
4144
7250
3303
9638
2244
4813
1142
11293
2219
5786
994
4293
1877
4010
11693
6969
681
3024
2409
11523
641
754
4228
6684
2341
5509
4111
7725
11757
10981
3696
11235
2744
5266
8026
2162
2800
3331
10538
1789
7776
9080
7316
6012
1009
3558
8391
3464
7457
8346
7189
4145
1375
458
5429
6010
6847
563
9042
1417
3427
11501
857
1685
5728
10326
7233
4967
1616
4287
232
3565
11245
11846
4571
246
5719
5246
10520
19
9350
3680
6580
10487
6225
11298
3276
10374
399
2342
7395
7267
6382
8119
6188
4886
6999
10738
6333
11722
5443
3387
1272
9279
8263
2478
5006
7479
7386
3492
6790
4711
4046
1188
9470
8013
3083
2915
11711
11785
5204
1360
3443
10430
5402
6324
4762
10291
3104
3266
7601
8107
8018
5138
6398
9479
11600
7135
5068
10828
11061
9149
6161
1510
7549
8006
2827
7799
936
6050
2774
2623
6654
10267
662
1576
10625
3985
9888
9455
7399
1248
8970
11107
297
8842
11330
31
4609
10394
1532
4864
11026
10447
5129
8398
6131
2884
9360
6160
4845
5794
10763
5098
8886
6323
4043
4763
11562
6471
10909
11772
7089
7731
3709
9552
8537
496
5236
6720
8838
2554
9253
4588
5282
6807
5609
11189
6846
7839
7719
1654
5891
2569
11119
9662
11658
5759
1929
7266
2793
6549
2902
10379
2314
7567
11422
10423
1245
8327
10062
648
1180
5158
7119
1505
2711
2565
1582
2786
1262
9933
2624
5606
7101
9278
3391
7952
263
4134
9219
4151
8660
6014
3531
7024
2992
4174
9810
10070
6125
9692
7321
10506
4475
9296
8071
5370
9887
4585
8278
5656
7670
7380
11847
3824
11852
4444
7794
5306
8909
7947
3461
3713
5943
3051
8150
4695
4082
4045
1678
5652
6105
11251
922
5211
3219
4842
7143
7805
2735
10271
5745
4058
6974
7574
1195
4780
2337
5262
10458
7802
9712
9298
3874
262
8619
7865
920
4341
9651
7985
2985
5058
930
8698
5823
1096
4820
772
4109
10276
2319
4970
182
9942
6703
4907
3641
143
5375
9611
3947
6447
11630
7925
8615
10996
5147
1619
2422
5276
9251
11358
7977
7446
10181
1902
2410
7396
2043
3299
2237
5879
6598
6255
7341
11337
6308
2853
2921
1787
10789
11442
8382
7889
2275
3837
2387
5545
4854
11884
2246
7351
5123
4354
6722
6363
2863
916
7023
279
7936
9593
8032
451
6143
6925
639
8307
3784
9717
9261
7410
6057
819
6238
6907
8219
2716
3591
2251
6204
3969
9827
9751
1755
4535
7428
4726
571
7525
9191
6563
7271
6971
188
1975
5741
9961
7917
6303
4736
2715
8205
1164
8741
7854
3028
7657
3654
3040
1109
3483
10560
4664
8651
5073
7648
529
10306
4908
3996
11147
8354
462
8706
4646
4543
5817
6144
8044
3568
8420
9239
9776
5142
5674
11626
3653
11909
1496
1557
5683
5839
6642
903
11176
7083
11276
3231
7786
2488
10674
9380
2455
10198
3395
6439
7032
3339
8283
1080
5367
379
8852
5503
9088
1928
5104
5521
3719
8929
9392
8329
8764
403
3208
10810
2339
5961
1182
104
780
10708
10817
437
6758
10992
8857
3668
7015
7382
4015
3829
6135
3838
5165
6074
11241
4107
1621
2883
75
8337
8636
3997
9497
8707
8902
6556
8194
1162
474
11281
6747
3566
6206
3683
1987
11479
3782
8290
8888
3915
9267
8608
8102
1908
3254
126
5998
543
8875
9976
7866
7274
11056
2040
6742
10471
4948
3205
3755
9220
5886
8272
5552
2532
1799
11274
6007
9808
8339
11776
1916
3748
9902
9917
2513
3908
6418
3786
585
10188
1478
2972
542
10114
264
1523
7107
9818
4779
1489
10011
616
4683
1598
733
10883
11546
2247
4255
2448
426
4601
218
867
10339
6064
5748
3174
5240
11615
7751
3627
10646
2691
3223
10165
6388
4861
5391
3801
7777
7755
8442
10771
265
7505
8405
10378
6480
5959
6754
3706
2421
9635
8728
1927
4213
74
8749
3597
6770
8375
6063
9587
8548
8869
2014
10357
4772
9684
9408
6900
8946
447
5821
8705
4401
4048
9676
4901
6890
2871
4180
5885
1006
3130
6857
6287
4435
7198
6898
10415
8776
863
9491
3601
2981
5323
5471
9475
5435
4821
165
3909
3582
11902
582
10400
7149
6236
734
785
7812
2618
11006
11190
10228
1113
5607
3262
10722
5116
1250
10104
2686
9070
8788
10297
10713
10433
2646
891
10647
6585
11671
6043
6420
9465
5377
2526
8805
10835
5764
3650
684
2705
632
243
5278
3936
1000
4358
7569
9551
4904
5225
8883
2269
5672
8301
4829
5461
9484
3984
1204
10947
1602
5254
3572
7972
4275
267
10783
202
2974
3539
2627
2260
950
4690
8799
3891
8192
99
6474
6984
7454
2147
6284
7281
954
9766
640
3967
9903
11850
3118
1664
769
4342
1721
10526
6650
3890
2719
8388
5100
4019
9541
6262
228
7867
205
4491
8080
4302
1304
2030
1216
1290
7440
405
9929
7451
2550
4074
1939
1449
10875
10654
3385
2132
5249
6820
10235
10513
8633
2020
1322
2487
9625
11537
6638
2312
7194
7068
9673
9931
3994
6646
1776
8759
4468
4148
9117
7840
11518
9150
4235
3002
3665
8426
7241
9583
2838
3062
2741
5994
6804
162
1848
10237
9819
317
9224
11130
7775
3338
5000
3076
958
6185
6919
311
5110
7022
675
10836
8676
2953
5806
892
602
8061
5744
6400
5758
1333
5321
7376
2895
568
9186
9076
10741
3966
1383
9928
6987
865
512
1076
10193
9405
3944
8604
2016
10292
5309
10668
3618
4717
5919
10460
11927
2909
6024
3045
11922
6241
7712
2940
429
3163
1175
8305
5971
6487
7861
3510
9524
10999
10218
8960
10703
10785
9666
10029
10107
11254
10166
4355
72
5444
5536
9473
8545
3367
636
6285
5937
1392
2107
5355
2198
11421
9535
6956
7623
3852
8098
7294
2907
11171
8969
11652
4512
824
4321
7800
11356
4094
62
3734
7707
4927
9231
6430
9597
1075
6978
4597
1034
6330
898
2023
2497
1411
6640
645
2654
3128
1999
8314
1702
7385
7781
8873
7102
7243
11480
2834
5739
7622
9828
6886
8703
10816
8099
2369
2656
5164
1856
2348
5135
9269
5991
8371
1403
10653
9826
10974
220
5036
4078
5682
1553
10488
11198
4455
6657
3771
8033
65
11763
10510
4526
3095
6915
10273
8789
1771
3176
154
8129
7606
10803
1315
2145
5039
7933
11184
9517
3421
11288
1637
856
3974
8990
1729
9854
8257
2109
8145
11830
1574
5951
4399
3615
4404
8961
10973
7158
3182
7283
11415
7646
8783
7299
6052
9718
4547
2808
8682
11238
859
2768
2997
8508
8472
9210
11914
5251
3485
7604
9508
6166
5084
5134
4065
7182
4274
9022
7740
11583
6728
1278
1688
4196
1603
8288
9237
7535
1965
2548
6216
11312
2176
11688
9964
8075
9447
11367
430
7260
7950
2551
237
10604
7060
2885
876
11563
3020
1879
9122
4337
4328
7967
4731
7209
3394
533
6314
5433
8433
11419
7882
7025
7383
7438
9997
3575
10404
1887
3153
987
5265
9428
2776
2354
8849
9034
1071
1892
1752
10031
7453
8919
813
7632
5732
1915
9575
7679
6315
8735
8206
2561
3253
700
8928
66
1058
7825
7897
11760
6000
11519
5505
10110
442
5028
6404
5194
970
3624
8740
3323
6505
1395
11631
4753
4872
