11862
10676
10407
6637
396
3290
1312
8156
9200
8652
35
943
2781
405
6034
5303
9870
3623
11723
3707
1165
763
11413
7474
4540
3116
1462
5664
7781
4954
2330
2929
882
5883
1587
8730
5273
447
11007
9213
4364
394
1099
6150
3227
2661
8626
1293
430
2490
7069
3908
4544
3589
2505
1988
9124
3869
6592
11207
10933
8201
4658
11719
4184
9488
4362
4982
2398
1987
7777
822
10339
8392
2373
8909
7088
4357
4235
135
7303
9966
3740
6340
1573
3978
6887
7298
10487
817
8233
994
6917
2813
4673
5998
5829
7763
8244
6096
7637
5332
3058
8094
3198
8635
1703
2336
3639
5129
11622
6873
8285
9729
5112
6973
10277
6900
1131
6557
2061
11412
4219
3397
7757
10468
1912
8645
662
6978
2625
6736
11441
10354
6112
5422
1513
8589
1615
10672
4549
9261
4487
7258
8443
9721
10909
7317
7768
5151
2411
8992
1649
5831
691
6926
11829
6546
4427
10384
7415
1416
7590
6405
3813
9433
6838
10120
2158
3785
22
8234
970
9485
1177
1729
8297
11218
1897
6133
3770
11565
8775
6233
2682
9691
5297
5671
368
282
1475
1583
3086
9234
10795
7865
11260
11228
6043
6363
6275
9943
4290
6908
10761
11153
9783
6902
9125
448
1941
7043
5539
1480
10828
7910
8823
4227
11744
1292
8434
6895
5980
11509
6782
10634
11363
9767
10169
372
4904
3264
10435
1073
11599
10310
5221
9532
384
3391
9598
5390
8637
3592
9444
5113
2977
5748
3669
17
1903
6819
2617
9387
7653
2745
3331
7123
5978
10227
11703
351
4141
5938
3679
589
7726
3176
5450
1260
3525
9317
9019
8370
10590
7510
11431
6510
11433
8137
227
9628
1544
946
4282
3253
6476
10203
7113
7914
5705
5562
8269
10853
4706
10525
9260
428
600
3748
9284
2095
10460
5157
1555
3107
5358
3518
7966
9681
2206
11564
6969
8253
4951
851
4245
11281
11778
2908
9680
2857
4465
4188
3300
6610
9146
2701
10816
4729
6439
8585
2065
10504
4464
2697
223
2492
11858
8106
6739
11683
9174
7562
9613
9490
2982
643
4519
3570
1731
2934
10804
4429
10084
5149
2965
9984
3963
5752
335
867
2939
8385
1253
10306
11799
11227
4355
8805
6993
479
490
4765
10482
6253
9843
7096
1433
5126
3389
2293
11241
10159
9911
10356
586
1124
2564
6795
6337
10952
9712
8837
7487
1753
820
8103
8891
4140
11583
7137
10614
4698
623
8236
8050
1173
8710
3191
1139
9103
1336
7861
1685
9295
8459
4211
9031
3786
3492
11394
2404
1356
7565
5248
2445
5206
8452
415
10935
689
9567
8957
10067
1297
1911
9586
8970
7332
4771
854
8659
4239
9216
9670
7951
7082
8649
1038
478
9701
8054
6394
5544
6922
7233
3195
11357
3042
9875
8959
9600
11569
1362
2403
11541
1070
2257
8663
3728
3804
8039
3095
4905
5082
4089
916
7488
8286
8985
4397
4882
8375
11580
3493
209
4674
9622
5649
5488
8355
9151
1326
5337
6919
128
3409
307
2372
5659
3844
10776
5900
10790
4434
7107
4909
3498
8232
8480
7822
10822
1616
58
3979
8397
8853
8747
5793
7353
8872
11403
2028
3329
9390
6464
3406
7995
9102
4801
6180
5336
7380
674
2756
10815
5767
11707
9816
10598
5472
8457
4592
10762
4571
3906
11013
1158
99
941
6863
5592
3836
11724
2885
3382
10046
5118
6458
4989
717
734
7724
2779
7912
6702
4661
2525
9889
8614
220
10013
4837
1868
8162
286
11798
8620
1365
1505
10628
4545
10966
8571
988
7684
5504
3484
8882
2981
2506
6500
6074
5328
5360
2477
9650
4761
5969
7346
7958
11217
5720
3610
6419
8450
5755
4295
7387
10480
618
847
9434
5338
3787
11926
2052
7611
6508
11770
2712
4312
2399
2247
761
6001
533
6375
8943
649
5728
11746
3231
5355
10561
6349
2811
3706
3983
629
11892
9941
6790
9500
5812
1546
2128
11533
2899
4496
4232
4997
11699
7787
10636
11449
555
10774
1488
8647
4165
4895
10218
4036
8183
10631
6560
1986
6695
3463
9964
6958
1661
11056
9050
10367
5014
6526
342
5015
11374
3485
11572
8666
11779
10802
4864
550
10519
7136
11040
6185
10583
11041
2182
644
11042
10068
3424
7962
6712
11652
5470
321
6980
3259
2621
10042
2354
3260
9658
9436
287
551
4872
11160
5589
7920
8395
6562
5701
254
3735
1777
4
9251
6770
923
2743
6631
5879
4991
10949
5368
11091
7532
2377
2213
9981
4736
7549
2000
11792
2488
5051
2144
2090
825
582
4939
1288
813
7824
3817
11466
10912
6708
11010
3224
8991
6647
10496
8177
7873
2580
4819
1071
1828
6549
8101
3733
6399
92
4283
3833
3668
10245
10221
3526
11767
6055
8369
2769
476
9467
2896
1930
8451
5655
9752
11803
6013
695
7636
3267
11171
5795
6453
5921
3077
6008
4522
3928
5761
4675
8550
561
10064
11097
4161
1718
2858
1289
3544
10847
4237
2103
7
8921
240
7857
7851
7706
9730
10523
9008
5299
8952
2080
10565
932
10664
5903
6300
2356
4778
5844
7600
1562
2355
1091
6466
2051
5260
11384
5996
11571
5047
10284
11072
8801
10548
7754
249
5800
1307
11296
4967
10297
11740
112
7065
8198
7480
7623
9543
1806
6780
7373
4679
11371
248
6643
11402
11443
10778
278
10273
11046
2161
3072
3501
1814
7362
129
9242
6318
3731
4297
9756
6627
537
10452
4388
222
6875
6777
11079
4915
3832
4363
7370
4824
6240
11927
1522
7323
1328
7769
11021
2912
9994
9636
9048
2367
2698
10806
9121
10228
8402
7925
401
5821
5665
9995
3322
5994
8169
6775
11677
10840
10552
11314
9909
9445
714
1543
4774
9692
5122
9163
9929
7234
1578
11704
4488
8154
2900
11567
3649
11472
5506
2120
8696
2271
3475
6559
10109
9788
8592
7783
3481
1809
5924
8024
2164
6004
2690
6000
6129
6444
3407
11666
4406
108
6262
6477
11604
10575
11530
3882
4314
3911
8765
605
8027
6441
2854
10542
2984
6971
175
11033
956
9791
1463
9149
10846
7064
1790
6710
3298
2005
1890
6700
9823
4268
8773
1915
1315
6723
9736
2996
804
1939
10121
2273
11453
9660
2418
1932
2298
8840
8179
2243
3724
7414
1847
10187
4354
6802
8427
8846
1122
3304
4883
7422
3119
134
2598
1332
3373
2230
10967
9427
9201
1851
7322
8951
2087
11642
1633
5240
3358
2093
3400
10139
91
9009
619
2510
6107
4841
9900
9850
7940
115
6025
4243
5089
7260
4124
5977
6134
1508
8751
1720
2768
5884
2025
7718
6066
9298
10450
6933
11410
10750
728
3576
7417
211
5292
6603
6656
9983
5016
4577
4015
7808
1989
2784
5840
10481
85
11030
10454
837
5132
6599
4436
685
897
6091
4327
625
1569
3081
6084
6007
1598
3286
10142
5289
3611
2410
6763
6866
797
6075
5213
3655
6896
654
7503
9455
3291
3369
968
1520
5889
6941
229
900
5585
8266
1325
10380
6377
1282
7948
6113
2282
3010
8091
4984
6693
8950
6447
599
913
10006
10265
3068
5012
1049
7668
781
10214
9311
1830
9207
784
6273
2600
459
4980
2096
6960
2770
11282
2353
10243
3582
9541
1201
8516
11893
11692
4941
6480
2675
1898
2245
7372
7634
1959
2232
11603
6636
849
7491
4514
1186
7538
6869
2432
11489
9711
11757
9247
2102
918
3564
1710
7180
7771
1198
1958
1966
1140
10834
1420
3323
1300
11026
4071
8894
7098
10183
2227
6463
4669
3177
8282
4845
1123
7983
6815
4952
9723
3065
3088
3432
74
6283
3280
8630
2320
10017
8612
8271
9473
10601
5646
3165
3881
377
11432
6052
6528
10588
8732
1141
10604
5140
2694
6513
3497
2419
7270
4474
11200
8465
234
6671
8318
5329
3895
5971
1518
6218
9536
8960
1160
4636
2465
4520
4009
5877
9725
5919
5635
4581
5682
2223
11069
4326
7224
9833
11307
10237
7766
3050
6794
7602
159
8753
2947
413
8923
2391
7784
554
2730
1990
4181
4613
11415
6391
4148
4300
1404
5067
487
10993
354
9109
2919
9623
2619
11516
6520
7575
8239
4825
11000
11718
11519
391
3913
9257
3901
11487
4525
2140
11505
6813
9679
6238
4535
8361
8030
8108
7525
8978
8126
7091
2676
7059
7002
4611
2571
10829
1537
5913
3427
4145
11451
4080
2711
484
4269
3461
10106
11759
964
5868
6692
5529
7004
3714
7460
6584
7214
9312
9907
130
10844
9292
2646
10694
11860
9389
3160
1902
442
7991
1060
2790
8430
587
5207
4057
3946
4175
11213
2201
1153
3186
5215
10479
2569
5854
2907
5878
6793
3105
3601
3894
10432
8290
597
3943
9324
3132
6943
1094
2321
5814
796
7142
10035
9663
2481
10018
11609
9442
594
10216
1937
4257
7941
9886
3473
5960
2657
11454
4702
834
6527
1338
177
8761
203
3891
8383
503
4076
423
65
9352
9253
1967
2954
7928
2563
4090
8510
10099
9236
3443
1308
574
9129
7099
8317
4625
11155
11734
3996
11132
10428
783
7541
6009
10698
6608
6292
6485
2038
5487
7814
7259
830
8709
5169
9817
6443
153
6197
11629
9104
4779
4038
4008
1601
9263
11255
6260
4956
6635
7555
2041
9243
11372
10043
359
702
1499
3057
9573
5526
4614
9521
11828
4839
7175
4930
1085
10518
8711
2706
891
3600
8976
6968
11209
8999
10436
3773
5735
10744
1034
7827
1225
659
793
5252
4584
1421
8781
7980
8222
7328
7782
7679
9557
306
1739
11797
3618
687
5283
6189
6995
5657
3701
1856
2019
8153
3021
5615
11824
11020
11795
7485
2541
10666
8479
7666
5377
11578
10502
5776
1896
217
5078
1366
5604
11861
858
9424
7022
7005
231
3419
365
950
4543
2901
7385
9381
10674
8178
2862
1963
7719
2785
2739
9979
8774
6986
5375
10745
4250
10318
10796
1956
7810
218
3925
2524
545
9922
4649
5341
8979
11684
1885
1228
584
911
7490
8861
4730
4836
2722
3964
5330
6139
3372
8748
10861
2979
4747
3354
3455
6087
3158
8627
2987
10463
9155
38
9406
9478
5619
4604
7720
3687
8512
6346
8708
8221
5496
3812
3532
6907
11731
10677
6990
5736
10713
7629
10917
4963
9421
6086
8398
6029
6116
8163
7898
2814
2021
7464
3919
6020
3821
1689
7986
1167
9173
11471
7767
6243
1545
82
5152
575
7956
3737
1443
1147
44
11659
639
6970
200
4179
5607
4814
5596
10471
2819
5063
11462
11261
9945
280
9365
10805
4894
881
7994
10478
766
4220
11544
10377
10715
7700
4013
5420
7756
2416
9779
10788
10079
7702
11843
8587
7276
3956
8092
4030
8806
3953
5313
859
7686
8261
10241
8195
7825
7507
2539
7240
6381
9014
4405
8436
146
7592
10623
6704
8986
2027
7381
6174
3697
9768
2517
8940
2751
7416
10088
7870
3449
1217
2285
1159
5680
7398
9678
5179
2070
9248
10613
10606
9765
10348
4423
5104
8117
8528
8963
2116
11223
10932
9004
1429
8038
98
9423
11494
10445
5054
6386
7945
6952
5469
11167
6573
6817
9290
8422
11899
1936
3506
6839
10322
3709
5044
9661
7517
2894
3423
8835
11889
4273
5787
9351
5290
4152
4146
5553
8679
382
4558
11251
468
11378
4591
6893
9273
2048
9428
2663
1953
5947
10003
7770
8913
11061
11647
525
3847
2072
4901
8486
11772
8860
4120
10433
9034
5715
311
3258
1206
11756
9959
7990
2802
8119
6479
2795
9773
10807
6454
11769
6519
1820
11890
4703
3529
5779
5808
10304
922
6017
1295
11766
5691
7446
4473
345
5003
4451
11636
288
8749
5609
8812
10388
10517
11491
6920
8997
5073
3704
3312
6672
11881
2560
7867
4766
5443
6491
10185
5690
5219
4817
10996
10317
10426
1432
11222
7379
4097
3907
10197
9724
4809
2702
5832
1454
6040
4370
260
9354
6215
8802
2195
10209
5039
921
5023
11049
6148
3856
7012
6840
7345
2588
10951
11329
8728
6192
11360
348
4859
473
181
2311
45
4432
875
3516
7119
337
986
3251
8588
4620
3281
953
1622
11711
6237
7403
8028
7603
6755
2556
3383
8130
10256
1840
9572
9564
1647
4687
806
3023
4468
7314
4738
2226
6567
4971
899
79
7462
1524
1857
4737
6826
5855
8005
4046
1080
11070
1961
408
906
5466
7025
10229
2666
3933
2603
5417
9055
8514
6184
1470
8535
8685
9010
8481
1271
6834
8033
7316
863
3011
9310
7178
675
3014
4659
10746
2456
6731
1740
1410
4879
9007
1103
7895
3807
2131
4286
2255
5302
4908
9743
4921
10359
11019
4177
5018
1674
8973
4119
3989
3229
2106
5444
2835
8400
1154
4537
8517
9046
11427
4961
9771
11058
11361
2145
8460
10495
1125
11872
2940
2820
4928
1893
8011
8283
276
5725
6102
9409
9876
7801
202
4847
9202
11510
2597
3097
119
11717
3798
3720
8472
6805
9264
9734
11346
1329
10954
3923
6414
2717
2316
5065
2670
8164
2443
4631
4740
6170
604
1024
8755
6057
4331
4379
5625
8301
1519
291
8822
11414
6537
6053
10722
8138
5500
2809
10138
399
2422
10990
8961
1126
2581
10741
11499
7996
9465
2812
3472
1305
4139
5461
4642
7831
4569
6753
9233
7852
4178
4516
9839
616
8964
6551
2081
676
6235
9239
7536
10899
10136
1234
3249
11162
9430
8915
1273
1975
9520
2262
8353
3749
10028
6685
4281
552
2672
7374
3013
1589
11667
566
406
1104
10704
4421
2989
4538
6759
9364
11005
11275
567
1822
8136
4806
5493
10546
9302
8326
11705
6722
1748
9064
2185
185
8888
8918
5043
1185
4264
8082
1797
9024
9931
11751
3456
5255
11664
272
5453
10115
1572
383
7652
995
6229
1501
6246
2519
1955
6612
3774
9967
397
274
2364
9189
4339
4777
11197
6435
296
10824
7917
5511
10160
10780
10509
8541
9209
9415
8096
4783
1113
7210
556
11695
5714
3431
2641
4993
8491
1859
1144
7981
694
2397
5042
2674
289
8276
10985
11245
5518
4884
7011
3971
11259
8293
2054
9223
9614
10059
5367
2046
10049
3505
1628
10212
4084
2078
3211
7950
2963
6490
5975
6586
3657
8733
6954
3380
10289
2134
11444
1005
8855
6325
5995
3361
5590
43
4503
11790
9605
2438
8053
10612
9080
9093
2159
4104
6566
8536
8435
3019
11146
8413
5459
4180
9110
9750
2863
3006
5678
6082
1684
4325
9482
1507
2400
5475
10141
2943
6002
8735
5910
8074
11675
2248
7552
443
4899
3790
3289
6845
7687
10554
1011
840
3203
1266
5386
7509
5385
3980
2864
7344
1620
6909
9060
333
9392
939
4116
10268
7049
6481
7036
32
1510
10513
1409
11398
11576
250
4594
1755
2406
1619
458
3332
6910
5147
736
3272
3167
2687
6609
5552
7692
1854
8315
3583
5502
9927
5308
9618
5583
1818
3830
11324
4504
10688
11273
4960
8406
11492
11606
1168
8653
9182
9726
6320
7351
10959
4469
536
876
7327
1735
11174
36
9069
7273
3909
10826
5950
8743
954
1571
3499
67
5229
11044
1873
558
5258
3207
9587
7313
11709
3862
3038
308
10995
6282
2549
3755
8416
9835
3079
28
8213
9710
4426
7669
1063
9086
10389
11639
5581
8448
10734
6089
5603
2975
8120
4640
10721
7965
7182
11419
630
2733
3899
10220
1664
7735
10418
11343
7833
2082
929
309
792
10025
2053
10092
5440
5849
7976
1035
9932
3188
2296
4621
7658
520
10375
10998
5285
6699
5881
8114
1390
8204
3972
34
11846
7837
712
10892
5953
3793
4399
4204
2574
7970
8386
4528
3213
5124
8800
11340
11911
136
4411
2333
4512
324
4485
2942
1532
2489
9906
4663
6128
11364
862
2196
526
509
1565
8254
8797
1452
3339
11075
1764
2576
6668
3666
16
10969
9638
4590
8026
10888
8911
2014
8502
2958
5363
4253
8158
3886
1637
8391
10063
10353
10288
11838
7524
1015
2807
8029
4075
9006
10188
10292
6071
10334
6499
4171
7640
8433
2787
11637
7187
3897
407
215
6382
1264
10926
5199
6431
5799
8808
5000
10876
9045
8319
3868
9891
457
6410
10093
7083
10040
8548
5675
10543
2618
8791
7226
8527
3854
6
9578
1213
10599
331
2018
6098
9384
7079
3004
1183
39
961
5194
9751
8346
7942
8189
10836
10417
7152
6616
4329
4236
3305
8379
6569
3648
11869
11313
4476
4792
4744
10406
1373
5727
3393
6534
147
3625
9912
9178
11463
2385
7361
2590
8380
9212
8496
259
3491
4412
4395
5150
9655
8431
6492
6445
2376
1114
6054
10900
1291
1732
1815
1435
7482
40
2378
5388
6835
8393
6877
11921
2001
4320
3982
4709
2764
8664
2512
6304
5270
4477
904
9515
608
5431
6799
11215
7841
1947
3244
10823
8305
11390
2179
7694
7707
9805
7354
2217
3563
6789
8423
3342
895
8724
7441
5241
3990
9063
5692
3829
6154
2209
10116
1904
11529
9420
11233
7651
3144
5393
5709
10873
11345
5571
5123
8294
1233
2910
9526
5342
11043
5864
931
3815
5514
10709
4481
3674
11845
1218
1279
4471
7625
4126
437
5959
4437
3071
9820
10362
9186
4170
8900
5608
975
2705
10193
6855
9081
5156
10653
7252
5111
1533
1190
513
2773
5905
1170
778
3851
6591
5918
11668
9185
9548
3627
1906
2202
5519
10736
11849
6740
5558
3489
5080
5931
2331
725
3374
1762
5527
8107
11320
10843
1935
2856
5146
2776
1723
8367
10382
4422
8984
4586
4292
8605
9627
6416
2347
6827
6141
7124
3261
8499
9970
11685
11145
5304
8904
8470
1812
1916
6214
1875
802
2937
3315
5160
10223
5246
6514
9051
6999
161
9872
9144
10864
5660
7900
5293
5372
170
8387
2401
4532
5131
6462
3628
7708
2917
481
4287
3846
1262
1195
419
2073
4691
976
6767
3015
627
1424
3903
8145
8098
1917
6847
2726
2215
9331
411
10956
6242
7200
10236
7922
11729
7392
3624
8508
5734
2452
5689
5763
6247
5505
8873
7432
4060
1668
10363
1117
7167
2692
5542
7527
8893
3064
5780
8785
8760
5198
4117
6433
11077
5684
10943
6888
3612
8838
2423
9044
11716
7312
8344
420
11118
1984
9101
9696
724
4061
7954
106
8681
6965
2620
3671
4021
4387
5468
9684
3631
8994
11882
1078
6126
8936
11014
8259
1422
293
8532
595
9028
6271
4482
8314
1388
711
9356
10752
4106
1090
2036
5897
7599
2983
3262
8856
8980
11929
5757
8428
4493
8772
10702
3690
2976
9527
5744
7622
138
9873
7674
11851
10037
11231
6114
9493
8628
7732
11096
8256
11511
10874
7597
4854
10031
6754
3920
2870
6808
7443
5306
2624
5810
10685
6874
887
2941
3436
89
9836
10797
8396
5981
8229
9094
9854
1172
1163
2229
11848
385
2550
8826
5623
9999
5945
1756
8885
7697
4414
1396
2897
11495
1925
4173
7046
8953
5559
10448
951
9840
5638
8278
1037
6137
1576
8009
2978
5155
2606
10837
1750
3001
2370
6284
3791
6501
6498
4643
11173
4648
2151
1515
5397
5239
9184
5350
10358
1652
8329
404
6818
6408
2656
8226
8758
9694
9123
650
8729
9705
4634
571
4968
9145
2627
2913
221
2007
3181
3283
1299
7395
6484
10641
8439
9989
7885
444
9675
8941
10903
10036
6670
2671
2653
1380
9525
1132
2827
1910
4585
8944
2359
7967
11598
386
9049
7696
9061
5142
7839
6504
5650
613
6568
5226
2780
8456
3085
3588
7077
4137
9530
3867
5543
1759
57
8446
162
10474
8892
2583
7546
197
1296
267
4248
8908
10728
741
24
8148
4280
4445
6749
2749
8850
10633
5245
2039
10809
1608
2680
5746
1050
3448
1321
4311
11092
3111
3257
2123
6161
3645
3370
3530
421
5227
697
2793
4935
6323
7853
6255
10470
3474
10852
7248
10108
4019
8295
2684
7576
4804
11109
3824
8477
4246
3479
11202
2348
1148
4050
6331
10764
6424
5437
343
3986
962
7438
8366
1256
6662
6639
11293
4484
4974
9612
11192
7319
192
3888
3991
3363
1993
8988
398
5764
1267
8260
4006
8032
3092
7647
9772
3565
1595
8410
5204
9866
5670
7691
4517
7202
9744
617
8764
10000
4704
7806
313
10737
3338
2482
4186
5540
2545
1145
2430
9345
6428
2649
7949
10886
6530
8799
5739
7189
6261
11108
4920
2741
6715
9624
9450
9327
11182
246
544
2911
4226
1946
4109
72
5933
10011
11774
4506
5029
116
8655
8246
10132
1358
4265
8833
50
8237
8001
6049
1221
8737
5891
8811
438
10199
4079
4203
4247
7070
8129
10986
11178
142
959
665
4288
6812
6579
3796
5851
7130
7596
4365
9180
9884
8356
7704
10376
1646
9015
507
8987
9858
3035
2124
612
8069
10364
2459
2836
4880
1600
2414
11696
9088
3660
9300
3426
4996
1504
9231
7908
8035
4244
9631
1242
8191
7306
7087
10753
1156
9913
4907
10191
1465
5045
9689
5310
2875
9328
2938
1220
6650
1447
7568
7838
303
103
8599
10579
11914
7409
758
1121
11190
6865
5235
642
7305
9477
11004
1804
5792
6327
7800
6663
3439
9341
7847
4566
11878
3689
5287
10659
11318
5616
5282
2930
2407
7146
10620
11447
1933
3028
3500
9571
7688
1178
5775
5261
6457
3957
121
1540
7745
5022
4758
1477
10775
4233
10742
9371
4195
10052
11932
10693
11765
9755
3922
6717
7126
1973
5473
5508
5202
588
7608
2157
3347
11312
3675
10842
2294
5862
2450
767
559
2328
3716
1458
4111
2362
150
8034
3399
7014
10312
5890
516
11714
9314
1406
2165
6018
684
7281
10047
901
6890
11439
6974
3614
6153
10394
2037
8665
4316
9588
2346
1216
5772
6420
10872
389
4228
5857
9111
3568
4523
1108
10291
7952
1654
10539
1924
9335
3418
1437
7989
2335
4315
4386
11608
4812
8300
645
6095
871
5446
4276
2344
11362
10869
2463
370
11128
5326
8520
9851
2122
9460
11698
8934
239
4760
4843
10642
4150
3764
5137
2639
4784
4133
6744
9074
3404
10528
1379
8429
4798
10767
4732
4337
4964
11726
527
8669
5362
2844
4494
1641
11082
3705
3112
1098
5356
3579
10332
1303
9509
10451
2932
4530
2652
7760
11290
2833
7815
4270
5495
3205
4645
9255
3067
6305
5710
11758
11649
10163
2655
10540
7008
2585
6370
4029
9770
4302
8381
8883
3802
11305
11868
6892
2951
10180
11739
10434
9890
4410
8989
4166
6811
5546
11201
11822
11124
8190
10701
10759
8996
5768
255
1008
11436
4953
2181
9269
2042
1494
8220
706
8424
11761
7383
2562
7540
7391
3871
6136
4335
7068
5642
5781
4576
1768
8792
3344
9333
9472
8003
3577
8816
9347
9438
5966
1711
5002
9986
186
11518
1536
9152
4579
6536
21
6516
7547
8037
1972
7191
4719
11139
6494
2023
6772
4221
11165
3521
8173
1227
1079
4088
7504
5090
10849
5197
11582
7821
8947
6619
8048
925
7750
3942
6039
5892
6881
2444
9944
2754
8523
1197
7931
9252
9198
10617
3357
5253
3027
1392
4610
10145
2458
9293
10789
1892
4398
4701
6093
6167
11399
8352
357
6256
5031
1882
102
10691
8686
8682
4803
9535
3178
3435
6633
8359
8867
4077
3571
10931
8610
7135
5882
6595
5339
4017
8551
10589
564
9810
10341
5948
1506
958
1436
8127
9305
2874
4194
4670
1683
4815
4597
11230
9646
10793
9533
4933
10901
1169
6889
4135
9229
6964
4403
1120
3931
5914
6359
5644
751
4003
10743
11337
2973
5790
5424
573
412
3725
7601
6748
9546
5114
6640
7883
11395
6270
1202
2305
2010
5825
5620
791
6956
569
10850
10512
232
6024
3818
1036
7793
1773
5307
2740
3433
1162
5442
7903
8280
2304
8417
6294
4499
6661
4369
2205
1879
5593
3531
8578
2098
8046
6279
7254
9862
9848
530
325
8534
10567
9777
1386
10755
9342
8912
1945
8281
5189
3732
2537
5846
2314
1691
3016
1302
2242
1495
3388
8780
6105
6203
6366
2339
1687
496
2008
1715
6026
7812
8205
9018
3761
10587
301
374
11470
7641
11111
1342
9849
11467
9153
8357
4301
1883
669
6906
11126
9853
3810
602
7886
11183
8917
6988
6130
3929
8476
6003
9167
5499
5414
9240
90
7877
10467
5932
5630
7188
5946
5926
8363
3216
9047
4371
283
10630
8695
8079
9561
11497
6856
4906
4593
10493
8982
10532
1047
2012
8274
7998
3396
9288
1624
10327
169
10279
9313
4069
9813
4092
11039
10580
8568
7615
10015
9597
10977
9386
9128
9021
9562
3520
1064
4067
1749
433
3841
5749
8608
8948
1483
8364
8754
6127
11099
4442
6846
4793
7957
6265
9545
7034
3000
8371
2999
5438
4685
2126
1423
4151
10960
7128
1690
4258
10536
4352
9296
7609
3729
4114
9589
6583
8440
8693
8962
2133
10252
1074
3513
11908
1029
2394
2040
10285
10215
4599
9544
7162
6209
2210
8687
8504
2167
9878
5481
2688
2822
11808
10492
9686
10739
1717
8586
2168
6506
810
5523
7844
4582
11368
1995
1041
10719
1383
8414
4834
2261
9968
10350
6023
1304
7569
8248
1149
4970
6257
101
7497
10705
298
6438
2567
5729
5309
11623
11464
4479
8881
2774
8109
5127
10477
9280
10425
9742
9040
25
2064
5845
10845
823
11837
5823
1745
11493
5037
8825
10703
2584
7437
8358
7101
3490
1155
8845
8243
2570
10717
726
46
4490
10069
5985
9688
2615
5180
2933
8215
4510
10673
7543
4223
3368
11891
7408
3708
5402
11923
1322
4936
8815
3554
7223
6545
6850
5484
1793
4207
4694
4413
2015
4862
7709
6686
1395
5096
8065
6487
5816
1929
9727
6741
6187
3747
11614
7042
2720
3722
11299
8100
3330
1566
6371
800
3775
10665
7682
9787
2237
10887
686
11254
11003
8155
11624
7243
11577
1317
10210
11762
2263
6872
7232
6624
11303
2045
2441
4660
9105
7192
8622
2772
3835
8678
5563
10643
1382
10207
10415
6291
3555
4940
2651
9841
6239
718
1219
10622
9852
8707
9652
8852
11352
9790
1716
6277
11180
10324
7222
8484
3063
4330
7110
10262
9032
4189
7318
8902
5376
7934
957
3670
10282
10024
2613
48
8497
8903
9845
5929
11452
2575
11029
7433
10632
5773
6955
1954
10541
7205
3005
10930
6800
755
7039
2487
3269
7324
1065
9366
6525
6267
3949
6938
3268
9531
8554
8041
2775
7860
2992
942
1944
7655
9815
7705
2568
11442
9496
7774
4052
6945
9683
6157
6309
6859
7134
1909
3801
9763
9865
787
2530
5185
4360
9271
5869
7153
5515
693
8132
10395
10239
8654
5902
4446
11651
11743
1255
7075
10784
7148
8468
6788
8217
3471
4298
9164
4033
10757
596
11879
10344
10817
1758
299
8482
2198
5871
11122
1825
7285
2582
11356
11382
2300
1278
9584
2369
4209
9918
7160
3858
3692
8420
4641
3096
7892
10689
7921
1728
8981
7515
4289
11465
2527
62
11221
7176
10625
3123
1658
11662
2888
3202
7155
7749
11113
963
11064
8146
5743
1653
6473
6947
10
4400
11864
2957
10365
6503
7081
2150
1821
7364
3782
7617
1669
7639
4252
2361
8462
4567
9374
10726
1138
6776
664
5834
8389
11276
5696
1457
4826
1484
10940
4016
8245
9741
263
10781
4096
729
3695
1004
3977
3223
9747
9758
11435
8296
1813
2249
5485
1176
9194
6120
2915
4867
6626
8674
5601
1466
3632
7878
3376
2253
8965
2149
3059
8425
1534
803
7701
9339
5218
6706
8411
60
7746
557
2455
651
11292
7663
10686
9230
7918
2985
118
305
2605
5510
5001
11804
4772
3984
2573
4688
3998
11059
6005
2079
8575
3948
2903
6588
2640
10151
8537
8803
1837
8717
2586
11088
5640
9508
4285
9975
6268
11272
2878
9429
7028
2351
1655
4852
9958
5264
3597
6456
5119
4683
5477
6701
9191
7858
3937
4828
7722
8641
3595
5228
6450
3169
9595
9523
4322
9135
3993
6158
2188
512
2794
7977
7829
8971
9700
5281
8373
3642
634
3552
11628
955
3680
7299
8426
3585
7377
5163
592
606
219
2472
10007
9934
9139
10326
7588
10832
3069
11106
8521
10370
10937
5033
7170
11400
4869
7245
8218
9581
9812
6442
11589
6306
11785
3633
11391
5679
10205
1002
6452
388
10378
8794
8522
9855
7779
440
7467
7268
2435
7894
5887
11185
9962
6367
4306
9896
1516
5923
4696
7121
2707
10181
7076
1855
9713
8954
10134
6737
5166
4563
6757
4274
7993
8624
9462
6434
2883
4781
9936
9972
9330
4391
4865
8925
6914
7905
5323
553
5102
10936
485
11526
9380
8311
5707
4651
3878
4881
9806
7356
4627
3335
11532
3842
9309
3604
4876
3350
8042
2089
1951
2143
5911
2719
11708
1556
5369
3682
9982
2946
9085
4215
11752
3508
4657
7648
2197
11349
11194
10730
10430
8863
5193
5486
11554
3476
11348
3265
2284
10280
7572
842
5489
11437
1028
6577
5837
9062
7242
1686
1977
10005
5291
6916
6572
10077
4271
4497
5345
6565
11595
5164
3743
8779
6070
6698
7548
1736
7999
1894
6582
5265
984
4682
1760
5411
10499
11502
7274
8174
3108
7502
5312
8877
5441
7404
4600
9519
1597
10602
1676
1853
6982
3384
8140
10557
10076
705
6115
5075
5723
9262
3219
2495
9619
9976
10751
6295
11515
10947
8328
3840
5820
5476
5633
122
7168
7868
9706
6678
6077
7591
9639
7531
2239
2748
6398
9418
1250
2546
2031
9753
2358
10529
836
6630
3809
1270
6654
8670
3126
3296
7786
2718
4684
660
9400
8540
3727
5231
3688
1309
8824
7342
8365
2326
11665
2461
1512
9550
8720
3353
982
9359
4296
10020
11456
3228
7457
1224
8270
11418
9956
10749
11620
6280
2889
9282
7304
4035
3351
3850
4656
9782
11322
54
7520
7465
1086
3839
10085
5049
3018
7939
1627
5856
6395
9910
903
11507
1461
666
2402
6638
3017
3277
7166
8648
10905
6321
1776
1051
6474
7775
1599
11291
7266
2345
11067
3187
3121
2695
11263
4313
11147
10171
4344
10053
8225
5321
9868
8047
10352
10219
10311
8052
9596
4266
5645
6570
10559
8105
1831
3204
9611
7405
3822
7156
9732
3295
1564
940
2577
5815
2623
454
10530
1714
4917
4857
8945
7366
4911
2228
5567
10103
1950
2119
10447
10294
11693
3417
1287
3831
2762
10507
462
1171
10678
7449
11060
5395
9798
4897
8688
1414
3496
874
8714
6574
9607
10770
10266
7052
1971
6711
5570
1702
5789
965
9224
4167
7147
2108
4962
3192
1511
7715
11266
1102
4381
7132
2408
6822
4200
9481
2645
2847
7933
2805
1040
5425
139
4417
10646
5513
1817
1075
3759
145
9917
4655
2909
10524
517
9379
7890
7681
11411
2056
2918
8291
6807
5853
870
10647
6950
6798
11550
5874
273
6617
9453
11702
1789
9410
2083
6852
1919
5702
7627
1
6248
7017
7171
9469
10658
1785
8623
11679
465
8268
1635
6097
5318
9604
9961
4507
1459
456
9306
5458
5937
6169
5408
1413
10984
5216
7506
4695
1829
8673
11596
3556
5134
6307
8594
10687
7516
4424
2520
6720
4053
2174
7246
8505
2233
8859
10854
4919
157
2729
5753
7755
3806
1263
5398
5262
6316
2529
9827
2815
8307
1066
326
9895
226
4068
6202
7140
7854
252
3860
9419
9208
5674
5322
8562
4851
3032
1550
4197
1705
3975
11189
8509
5284
10045
4668
11682
7879
11814
9176
3206
5669
8784
8660
5167
5653
1921
1077
2252
4637
8656
11055
4521
6249
2703
9899
10271
5076
9037
8577
11694
543
2704
1586
2961
2136
11721
9637
6809
10148
5550
8349
4324
5747
6099
1761
9218
8778
4467
10315
10798
6558
8530
5730
10152
387
850
11022
9633
9272
2871
11912
8901
11496
5568
4820
366
5531
6878
2341
4299
5220
346
5305
9393
2393
637
3180
9039
927
195
11100
5928
10131
10724
6208
1310
5637
5478
1751
11252
94
10038
1827
11528
6351
1316
2849
11268
6651
7001
11630
10941
3859
11791
6709
1381
9792
10224
4192
8180
1657
6338
4829
8584
7450
8095
3940
1701
8782
470
7736
2379
1577
8715
1248
1638
6597
10231
4346
11355
3237
5503
8937
2905
10168
10982
8421
11424
7721
1394
1869
7157
727
2608
9090
376
10550
4095
8769
10190
3271
3157
11244
10867
2664
4606
4230
10870
11768
4240
6600
9963
1111
9664
10545
3864
1261
1161
1692
3375
10547
2589
3659
2434
3100
10248
7401
11816
4284
6469
10178
8834
2734
6193
6330
9539
3887
8922
4534
2968
4428
4498
10683
9645
7067
8750
9112
2593
11902
8067
9285
538
11574
10603
1604
4164
3285
10325
2388
10126
4789
10971
4848
6547
2916
9795
987
2270
9106
8552
126
2256
3040
7494
9382
7529
8104
9933
11504
6593
4028
3225
285
314
3327
1721
5064
4554
680
2479
977
1960
1525
2723
8347
3883
8333
4154
1681
8292
3691
1891
10127
4958
7445
779
2425
4912
11600
5636
5894
6634
4942
6205
9256
2634
10198
10122
4551
2478
5364
10033
10769
1548
607
9119
716
364
11438
1247
8123
7699
4546
300
2004
2067
3196
3558
5465
11280
5906
11035
6183
10128
4515
5494
6032
6688
1089
7231
10920
5796
11654
1794
3694
2742
6823
4272
8746
8372
1109
9023
7683
4396
1503
7632
4816
8078
2440
2491
10595
10217
10200
11535
3310
978
5352
1554
2735
11901
6014
7219
1232
9565
7927
4557
3941
1784
2192
7439
5144
10360
1570
6729
11545
5988
5765
7376
8171
6160
1009
10349
6927
9175
1727
4463
3938
730
6857
8701
2887
10455
2068
10158
5401
1347
7040
1938
5798
10927
11196
9241
10202
7400
11821
9348
2721
4032
5058
7451
7330
1418
4717
3282
9066
10342
7630
10111
8699
6194
3201
2514
3553
9299
6705
422
8175
1095
2309
6760
251
9052
1614
8077
5512
5836
4607
3245
6531
2643
3171
3046
4130
1330
1251
2043
4448
2828
4267
6625
7466
2334
3301
4589
10884
6409
279
1211
6482
11880
5139
1331
5448
1027
5013
9762
10680
4945
7181
9370
3421
11820
6332
7508
8167
2405
10050
2076
7778
2956
10814
9556
3926
237
4049
11347
5686
4650
8228
5086
8546
11835
8763
11713
1574
852
10232
201
1101
11089
5211
10879
2349
3527
6882
7118
2057
3650
3814
745
11080
10880
11663
2796
11339
7478
2338
3458
141
1313
8473
8595
6806
347
10065
8322
9332
7501
2303
709
10825
5990
11258
10316
4093
5191
3247
7677
1377
2127
2325
2710
1770
11164
5462
8320
11853
3447
11634
7805
6475
11681
6844
1473
5756
10290
3287
5613
11316
8632
1913
1651
5760
2176
7296
4190
11887
1610
9602
10466
9468
3626
7204
8141
2959
166
2724
2700
188
3608
10970
10945
10110
10347
704
33
9844
11800
2708
9794
9150
5103
3076
7301
8303
2732
7435
4762
9237
11916
2852
2363
6313
5797
4741
4531
4699
11823
11
2319
8767
1682
4072
10386
576
5201
9746
7030
1235
5334
4495
11676
9435
1835
3465
2921
3543
6746
4995
3074
10129
9634
8832
7163
8325
10973
1230
11669
8866
5451
10855
10910
5359
7872
2867
4770
4435
9226
4351
6058
9558
5430
4948
4575
4555
4023
1743
949
6402
9864
2689
1502
10368
9630
5212
3039
9902
1403
9939
11140
10831
3349
10056
4638
10405
11712
2141
8382
7347
2528
3756
6022
8214
6122
10021
1135
844
2914
125
9395
3066
2800
4888
3442
11593
8463
9363
6228
7624
1802
3153
3127
5092
6611
2845
9950
3364
2017
10720
10913
2115
9505
1127
11922
8442
3
10074
4802
9802
3875
8060
8072
7539
10645
352
179
10281
8871
6992
5822
11308
2595
2865
7331
1860
9321
7835
5429
5025
9283
2497
1992
10019
5806
2421
7396
9458
6911
362
801
7893
3987
2801
9793
10979
6496
3248
6289
5819
3284
1675
4733
137
6348
1998
10390
5467
3522
1592
6339
11458
10511
2069
7727
10771
10117
2254
7320
2272
5009
214
7742
10135
11527
7003
6718
865
8076
2350
9132
3945
6117
8914
5658
3402
2340
821
3952
3514
5387
8558
1179
10307
3746
5125
11859
1949
9479
824
1476
3789
11327
910
4850
9894
6244
68
11184
3599
5435
5244
7968
2175
9297
2731
799
1344
6344
7690
4985
4318
1014
9740
3467
7587
492
713
9042
3656
3721
5259
2097
11195
1134
4511
11359
3914
11248
7657
3104
4277
1858
748
529
6682
10263
2993
989
6061
10211
9985
11547
502
8471
1603
3078
6646
1746
8211
3935
2034
5594
1660
672
3048
1428
884
10055
9826
6155
4453
3230
7899
9601
1045
6940
8139
9411
7526
646
482
539
3091
11551
4856
7964
9245
1907
10287
1528
10968
7979
2532
1152
4896
7053
8974
10206
8302
3218
6142
3024
4153
7752
8887
8507
8617
5712
10718
3509
3616
547
9856
667
9188
9168
5183
5614
9077
1899
11101
7511
9203
5783
5521
1056
4368
5600
4677
7703
6666
5961
8143
5174
9486
10569
11267
7564
4553
6571
318
11385
5863
2783
5904
2677
7856
5173
679
3477
11543
3703
3766
1845
5676
210
7092
6207
87
4728
2587
580
3603
936
7864
1671
10783
8513
4100
4462
8384
9540
7689
3080
5005
2544
268
4965
6726
5178
4222
3135
5547
6230
9838
10107
11294
5850
1408
9177
3861
8231
10508
10275
486
6620
4536
2842
10733
506
7816
2755
7593
10002
794
10535
11786
1738
10791
4083
8207
9122
3470
11839
11525
11220
1636
8181
6554
10860
11777
7477
10785
6011
2389
2736
8862
10566
11158
11788
8122
808
3411
1231
9304
5774
2868
1991
7293
703
7874
3961
8498
1246
11558
2714
8272
10827
4082
8716
5053
233
8692
1277
11310
7455
7427
3293
8102
3757
6785
6937
452
5184
9916
6886
4383
9372
11321
349
11326
1666
5896
403
9951
8547
6821
5130
10446
5210
11149
10118
1584
10257
5182
2594
8075
1766
2886
9780
4966
3969
1886
8621
8097
1974
7359
2413
1355
1042
6312
3189
5036
8718
8056
6696
9707
416
10423
6921
9842
8341
5838
6796
5
4012
1819
11900
4560
3209
10097
10619
8044
6143
5324
2611
10553
9903
3581
297
9807
1497
5238
3274
7843
1862
996
7106
8842
11877
9555
6614
524
10383
11114
10371
8618
10522
757
1412
7209
1665
10942
414
5597
8556
1097
11819
3741
10179
739
8197
66
548
304
2312
7023
10563
11475
6675
10172
8467
611
10965
2967
8267
9699
10699
1662
1072
1387
5008
997
11250
5301
9368
5551
3803
5340
985
410
3636
9157
3819
6138
2753
7093
7120
5733
11015
4598
3778
5687
2637
6596
973
10652
1374
55
334
7287
6111
8073
10419
1084
4048
1928
6733
11103
7923
5556
10472
10904
7024
8350
8975
10054
1791
9946
6258
1558
9592
9005
2538
5243
8723
9464
11071
2540
9925
2169
7169
636
2231
81
8561
5300
10302
3147
4168
3630
11119
5722
7759
11597
5343
9274
1196
11319
212
2194
7849
883
1384
1561
11052
4238
756
6828
10331
8249
8299
4156
8783
10533
1023
2534
395
8110
9993
1345
11886
3665
1013
10758
2935
8906
11334
2437
7371
11722
8854
4751
2114
4662
2327
7388
11085
3053
10078
11199
8880
9405
2200
565
11170
7489
7348
5830
1889
9408
5939
1626
11538
8967
8447
698
1881
1771
1509
8836
8777
5802
4785
5997
11591
9130
445
11083
11405
1399
9626
7902
2011
242
5524
9594
11127
9136
11754
11198
5549
11842
10808
3190
5769
3607
4455
9871
9402
5447
10044
4278
5930
1730
451
9528
1625
9728
4260
501
6324
8790
5876
10032
1621
11269
8089
70
10374
4748
2130
3504
6206
9745
3663
3550
196
9357
2315
7122
6868
6430
10486
9084
8203
6436
3686
9974
11873
4727
117
2990
11802
10442
2483
4524
10644
9924
2991
10735
6251
1700
2415
4304
3788
4678
9138
632
7289
5576
4317
2837
620
4034
6486
6781
11738
446
11188
1298
8636
4425
5738
9784
10851
9695
2667
6495
7659
2840
7887
10201
9518
5128
7267
6080
7533
9323
3185
6195
11720
10254
4903
6400
367
2448
4206
5652
5673
453
3242
11031
6335
5809
11512
5266
7811
10014
10137
9147
3905
5048
8051
3676
10865
9266
2246
9425
10668
3239
4380
4981
3308
6132
10638
11423
1918
1020
3084
7412
7429
4977
5084
3318
7537
11176
6680
2187
7339
795
1334
8489
7578
7513
4078
8878
7386
1962
4098
8040
9874
7102
1807
5758
3560
11161
5143
1017
5993
1884
11573
11755
508
3916
11295
7434
3712
9375
206
3900
6083
5520
11789
7734
5177
6037
8969
2803
10649
5648
1877
880
4821
4198
9142
9225
1357
9965
2275
6915
10125
3385
5347
4385
3459
682
8340
2890
86
5257
6241
6540
7471
9068
10924
8870
750
4452
7150
3924
11407
1245
9757
5873
10576
9083
9038
3453
9569
1364
5181
6336
3944
3750
6576
9012
9997
2075
3394
10424
9315
9489
6042
11012
1719
2861
238
2352
6124
11224
10164
8057
322
5766
6946
8487
7311
8899
7292
1826
2375
11134
7580
4626
3915
534
10488
9869
5944
2831
11210
392
4261
3593
10650
1999
5357
7032
11229
10503
4376
1026
4653
3511
10700
2156
11690
3480
4754
1800
1016
11907
8919
3538
10465
11068
9640
5577
10473
3823
3816
3451
262
10272
846
4875
1490
7583
4353
5492
3590
5027
9644
2063
4086
1238
2797
5107
1146
1642
3343
8288
5482
3893
8170
8500
8224
3667
10833
5382
4389
7638
8080
9404
4950
10555
7612
1453
6681
1697
9973
9648
861
7876
9211
11112
9996
3662
2429
6411
6575
5233
7671
9674
1905
4721
7645
3398
11906
8705
4900
510
9325
11387
7117
7419
10897
8713
2555
10240
3898
6303
2146
9738
4548
3246
9334
4342
6396
11826
1549
7251
7159
7154
7275
7911
11557
7556
9053
4556
6182
10089
2880
11749
7105
9877
4800
10300
8560
4652
5833
10303
993
8196
1054
4796
7840
10760
4887
11615
2998
5135
7534
790
8745
934
10697
8927
4002
1783
1426
1734
700
3872
9350
4937
344
4797
10123
8640
6930
1081
3644
1043
3037
11581
11383
8474
3857
3765
323
10922
5108
3896
5661
5989
2268
2220
9058
4044
6372
6149
3777
1878
2750
8338
719
5569
1175
4712
10083
7473
10988
8741
6783
9921
3876
7670
777
2427
5275
6432
11895
11297
1385
5083
432
1401
2636
6605
2473
450
5631
10848
4158
2893
3273
7423
8503
6665
6252
2565
5804
4073
2696
3420
417
2746
10149
6146
5717
6936
3234
4853
11801
10813
9456
3377
1039
10498
2851
2117
9326
7080
6016
8625
9524
5533
7667
9499
4444
3811
8672
9270
5232
2927
5361
3974
1833
1942
5509
8454
7834
5196
2241
3661
701
2426
133
4925
6830
3341
6369
2470
270
6518
9717
1398
11078
9522
4739
9583
10439
6326
6641
11008
2866
1839
1019
6069
5987
2610
9667
960
11561
9704
10538
6200
3390
8312
9388
7109
2142
5708
6876
10143
1351
6144
11204
5982
9971
8553
1931
11450
1579
5136
5170
4866
6222
2292
6555
1927
2193
6360
7459
3658
1215
9617
2855
1265
2966
5154
1456
5976
4502
2945
10812
7048
8176
819
10663
8849
244
5055
7492
1393
434
10568
9294
6217
8929
8209
5847
11225
657
6201
477
2162
4807
1482
11563
9432
6319
2685
495
9187
8698
7935
9171
845
6984
894
1272
9073
10298
6804
7050
9905
9517
5066
7505
907
4846
563
11841
4382
2879
9398
11562
10803
8740
7338
7084
19
5880
2060
1709
123
6140
7217
11700
839
8045
6106
5366
2392
7239
1725
10146
4874
6293
5471
6033
4458
2212
857
8408
11104
4063
6368
4202
1236
2699
11235
6996
4822
3174
3488
4125
4934
9265
11323
7863
10787
11638
275
7930
7094
2578
10571
4193
4136
2632
9355
7943
10484
329
8581
8087
10640
3371
6985
6276
4205
3044
5965
9778
3643
6843
3140
4892
3696
3904
11660
8744
7598
655
570
9831
1865
11344
11602
683
7272
9416
7026
9279
2190
8691
11701
3099
4169
2591
10051
6803
9196
8330
3408
10582
610
9422
8564
11931
7384
560
8157
435
9072
1596
2765
11616
11175
9043
3792
2869
3238
8977
6977
2601
11264
10978
5525
10029
9937
9834
661
9818
8339
100
1467
4986
8629
11741
11283
8275
3210
2821
6355
9737
981
8212
7115
6354
7060
2553
2343
8573
10958
4489
2969
8273
7149
1240
8690
7472
9822
3849
7158
7882
788
7495
6164
3026
3215
8172
6159
2420
8134
6352
4359
2531
6135
6544
9463
6103
11678
2882
980
10373
3988
8493
6483
6925
8684
1742
3162
7284
4102
6860
205
1375
1006
466
5943
11396
1142
8559
4159
2216
11537
7095
11265
9671
11725
8831
10401
8703
7228
3334
2980
5899
9969
6580
1630
5537
5214
6012
3736
2105
1352
735
2498
776
10156
5106
7336
11271
11246
2186
2860
1866
7646
2902
11455
5327
7350
4794
2289
2366
7909
1650
3109
9497
8438
10907
772
9399
5392
6446
6347
1007
518
4291
11539
3715
9133
9879
1448
10800
11369
6048
3125
7916
3052
6204
2767
7440
1107
9534
2948
1796
7349
10661
6343
8771
9098
7426
9017
9501
3405
10944
4112
4341
7662
5693
6333
1360
6905
6912
1061
8388
11277
4241
5117
5955
11380
190
6891
11627
8419
4580
5455
7269
10184
10681
10627
1370
8949
8165
10408
7776
7479
7606
110
7616
3738
1055
3502
789
10939
3220
11247
12
10369
4328
5344
4234
11481
11548
4786
8543
2928
1914
8149
2009
2650
6673
4461
9606
10295
933
5141
909
5952
7554
10101
2501
37
1560
4108
5522
6072
5483
9579
7803
635
11473
7936
5099
10462
2457
1021
4932
7654
5534
6894
11812
2839
9920
7773
1284
11306
3134
4058
10182
5035
11179
10004
3767
7007
104
5860
3392
10351
9190
10637
7294
1268
4615
5247
4612
4724
926
5267
663
9431
1541
6742
10556
5991
8316
4143
5901
3359
5794
11840
3317
5954
3197
8483
6062
2207
9235
5333
11514
10130
7278
10299
11370
3865
678
8886
8555
9391
7390
10818
6047
165
4938
6027
8506
2442
2032
7584
7436
9127
535
1606
4913
230
8529
546
9915
7579
11787
9205
5591
1557
4622
4667
3483
3507
5041
6764
1648
4142
1926
11501
7714
11850
1850
3762
6181
11920
885
11656
10196
8374
2308
5254
8983
4999
3233
10062
11239
4107
4026
9250
4113
9960
5992
8208
2113
6064
11503
9616
2155
3985
11377
6152
966
7454
7819
3276
579
4115
11894
5491
10230
9662
5109
4617
770
974
1765
4949
63
3414
7308
9417
3152
9377
494
1083
418
2548
4040
3292
3486
5190
7992
10537
9776
11706
5647
10225
1324
11023
4697
11148
11341
7369
6468
2318
4182
11270
10526
10105
1724
2138
2264
2936
5634
7262
480
4705
6301
11086
2204
10204
10992
10208
3194
2139
1044
7866
4144
11169
9197
1810
9577
6618
6758
6322
6385
7057
10251
769
4099
6374
5584
1419
11006
11461
3753
6380
5100
10667
10544
5061
7604
6224
5209
626
7842
9809
4249
6281
10811
5912
638
8634
5017
1552
6837
26
6063
6836
9480
10443
11434
10174
11794
4983
8113
5449
3954
320
8916
8697
11896
393
1634
9549
3587
10838
4647
2554
5721
1563
4305
3771
11635
11017
4518
8247
10729
10712
8081
9693
11208
10584
4799
6967
11309
3143
10357
10564
9439
3422
2166
1269
2949
5762
7271
1335
3880
8351
2738
9160
194
10259
2557
1788
7550
9222
4755
9687
10328
593
7138
361
7212
6523
5316
10577
8015
5222
2274
5116
2266
2513
7557
5070
771
3677
13
5176
6036
10438
3208
4714
120
4157
4229
8574
2084
827
3168
7915
2382
10309
9070
4873
4757
7442
9179
9087
7567
7250
6725
4587
7789
10629
3142
7673
11605
8766
622
4066
6220
1680
2654
4323
6948
1030
3828
2635
3172
10270
1970
9126
8133
3438
4689
5606
11865
8063
898
10911
9215
9075
2804
9748
1922
6901
4051
2924
3834
2647
8712
4539
7378
358
5436
5389
3723
998
11336
2332
9232
8378
8017
187
8409
3955
3730
10305
11810
2006
3510
9988
191
893
1874
2132
2451
2763
6465
11034
6341
9990
2277
3137
9510
256
7265
4646
9506
4624
1062
8545
5242
6390
1832
7357
7733
9669
5859
5133
471
4998
11081
759
7198
3090
3415
11151
11482
4947
3769
3641
10830
4486
5460
5718
5335
4987
6417
11219
5811
1631
6598
652
6816
9935
2147
8931
10023
7458
4431
9949
10902
332
2088
151
2313
11354
3808
5885
8676
4924
6880
919
6406
2579
3619
3003
9141
5824
10690
3325
4402
11166
3784
1249
3992
2850
2660
6590
9797
9117
8736
7969
6697
3794
5888
2016
3022
11764
7397
7185
3745
9343
2236
710
3999
11232
11302
1129
5433
3566
3780
6829
7326
8788
10621
10799
7352
2950
1012
841
7985
11237
2112
7929
6413
8199
8726
4513
8250
5683
3163
1441
1613
5699
11917
4870
8059
3866
3450
316
3917
7499
2997
3145
879
6345
7321
3678
7018
6951
5818
8828
330
4893
1673
9059
3578
5974
1498
4128
8515
3772
9249
5234
9647
10429
2417
6691
8469
1438
1981
1407
7542
10819
6314
4759
8884
1010
1333
6365
7530
10154
5237
9625
3336
7216
2049
1848
8161
11863
747
3768
2925
7256
11018
5028
7340
3128
2846
5704
10862
8160
2788
10916
3683
5663
5236
9609
10682
2758
3313
10878
9867
6824
2107
4542
6505
11523
4868
10877
10581
7044
5629
1427
11771
6998
7413
4838
3440
4527
9566
2922
11686
8210
10560
6721
7747
9137
749
11924
7290
378
83
11540
5622
4224
2523
9286
10267
1431
6278
1852
2558
7315
7974
10679
6287
4307
4500
522
8264
5641
10296
7367
2295
8168
1301
7739
111
9885
1371
9227
10772
11498
8819
5803
4726
6801
3012
8453
11898
856
3321
8308
2183
469
10875
3146
11919
3936
8324
6425
10293
11897
7832
7291
5528
4844
2030
7151
4767
10707
8631
9318
10510
2515
6690
3401
924
4210
6015
4708
11903
11338
353
2500
107
10890
3551
5732
774
4216
7010
3469
10008
4460
3533
8
7300
1644
7635
7421
10340
872
4994
3073
2673
4065
2752
1849
10593
4045
628
3240
3713
6935
5421
11745
2029
6056
6123
11016
5097
4332
9091
11102
10574
2235
6259
340
4628
3826
11330
3534
11048
4835
475
7571
671
10414
5517
9923
11640
5573
7116
1128
2471
8008
5898
2099
6315
11206
7512
1204
615
7129
236
11488
9514
9491
3523
8662
11125
6751
1444
11073
4390
5745
7855
7143
6118
10747
6707
4914
4185
11592
11098
2265
7164
7452
3041
8619
7211
5532
11120
8058
1137
2823
11216
9193
4630
5667
10786
11406
11520
2374
1417
9829
7944
4018
10908
11500
10706
11367
8083
11590
6730
4367
1542
216
1602
3622
10857
6021
9337
4749
3693
11066
1842
6512
8789
4309
8412
64
2066
8770
912
4926
6623
5288
11065
97
5415
3464
10161
460
7144
3183
11288
2873
2971
1521
11317
6913
9397
8227
6378
5399
9682
8193
7626
1752
2761
673
10189
7619
140
7563
3263
4976
7161
10801
1787
9591
7660
3609
7780
3307
10170
11625
11513
8639
6529
6613
10260
7649
5426
1861
5026
4027
7141
11191
6987
5618
2659
11386
1241
2218
8071
11866
5817
7869
4492
11933
11236
6683
3594
8022
9217
1535
8955
8251
4022
290
4629
990
5474
2360
9685
2665
2287
4746
9013
1559
3379
2970
4583
6669
1772
2290
1678
4441
6556
1581
7310
8284
3381
9067
1450
8219
7220
11546
7104
11286
5296
6412
2390
4552
7484
1774
2469
10490
10073
10048
7037
9690
9880
10570
5621
6587
3698
3751
9502
3055
8111
3243
11732
2543
8879
5298
9206
8793
5457
3939
1757
3316
10655
5835
5224
9000
9649
2342
577
4769
7021
6931
9799
8399
6296
10444
6553
6522
6928
6426
983
8572
5771
785
2572
6858
500
3652
7765
1994
363
6213
6397
1361
292
6679
8539
9608
93
4147
1712
9957
7561
4375
7582
7420
11697
3934
9593
938
2135
11393
8814
8876
5759
7247
224
7103
1523
3275
436
11087
3309
9698
5557
4973
6607
5434
6266
7072
5949
768
7959
6175
2596
5319
7114
6934
2104
3043
302
11542
6131
464
7020
568
9291
1526
2988
1964
2279
6467
7685
9828
2101
1143
10361
10366
4121
1823
8494
11300
7889
9244
2447
5861
773
9413
1087
5639
9143
5153
11584
5250
6166
10748
5916
3540
4886
8331
7664
338
4356
10010
10918
2616
253
11484
3892
9118
9026
9474
4007
6714
5801
764
11486
9097
733
6765
2474
8464
3512
2881
5464
4805
1985
10313
9938
1283
1193
3853
6957
7973
11671
2208
6090
7056
3574
6088
11053
4447
2234
3075
8830
8591
1189
1100
341
10258
2024
3060
3805
11240
3113
8613
5497
8897
11417
6885
7307
4361
2535
9035
11429
829
3973
2972
4768
10098
7997
3754
1130
7577
3646
1451
1105
5068
8590
838
9483
5062
4172
7589
5554
8257
1747
4214
11093
4122
3051
3193
8928
9113
10175
6552
5317
8524
6667
9336
3101
598
4014
3154
11375
5555
10301
1415
4572
228
7172
4722
498
4103
6073
902
6109
7475
11253
6384
8719
2365
9220
5020
1237
892
11783
78
10639
4347
8150
4217
11474
9901
11910
6511
1281
6778
2307
2118
5007
4931
11555
6254
3584
6766
8085
158
1708
8070
5032
5208
6756
5643
10520
5050
3155
8475
10112
6849
1978
8858
1792
7938
754
2094
3779
8752
2475
2480
2644
5668
1670
10165
6147
967
10662
8935
11477
8242
5770
7972
11325
2552
4654
10321
2022
1208
1151
9
1707
11181
4127
11834
5962
6092
9559
3444
9804
11852
6219
5907
1672
10964
11805
7716
3635
427
7522
9092
2536
9643
8738
11365
4358
4350
2533
6657
3960
171
5272
1539
9414
9720
9860
1900
11135
4902
9267
6211
9882
7971
4877
11657
9498
541
11832
6658
2678
8851
11760
2728
3288
7051
1446
6732
2838
7518
7288
11728
75
6779
826
11793
9446
6761
3783
2387
2462
9448
11688
945
9451
5852
7112
11262
11379
2872
1115
4218
5688
7425
225
8458
6899
9887
11847
6773
7173
572
8895
3179
3232
3672
154
8668
3710
4087
6225
3087
3951
5786
4374
9800
11687
4681
4478
10113
647
11856
207
10863
11138
3739
7535
9320
4393
5586
4623
7828
9718
9407
8910
10421
6470
6227
6653
3416
1836
7469
2453
3029
167
6104
47
6297
10794
9709
10150
2612
10393
5365
2221
11632
1434
6628
10999
2286
5200
1782
4898
2050
3958
1350
7737
11211
3921
9847
1737
11392
6944
5612
9568
10635
1468
10586
9716
8756
10974
855
8501
1780
4378
9754
3306
8739
9547
10976
3976
720
2931
540
8657
10095
10087
7016
8014
8252
5695
4849
3536
8088
6622
327
6539
8807
8727
11727
9503
908
581
9228
172
9789
7836
3457
5379
5269
3495
5737
9919
10398
9361
1430
5445
1000
1643
4174
8796
1239
10276
8607
49
2810
1164
1779
738
8062
10411
8787
1811
812
11643
3118
5263
9281
11776
5161
6606
11680
5011
9955
2013
9785
9513
8966
4401
9761
439
8905
4550
8415
7253
3549
10091
1082
2727
5784
6389
8926
6310
3256
11115
8368
3378
11807
9441
3255
9204
5706
7618
5315
5700
8549
4475
8722
4731
10133
1093
9165
7521
7402
5081
10506
8188
6621
11342
6904
2337
4081
5498
9440
10238
11409
3503
5384
5069
7514
3131
9369
4711
11553
6660
11009
6364
11775
5391
2424
3620
8606
3586
6867
8376
6615
3557
4827
8700
8348
8019
7029
1781
9195
10308
6703
9769
11129
4639
4319
3685
1609
1402
2818
1872
8633
6232
180
9821
2173
7978
2778
3884
8279
5418
7279
6178
8000
8731
7695
3446
3569
5071
4062
9722
6652
3279
9116
41
5205
10768
3664
7335
8043
4972
2383
1391
7127
4149
7730
10859
8579
5432
1863
1327
10222
5351
10695
497
1801
8972
11279
6100
7987
7551
8939
8956
10923
4155
9715
5599
5957
765
6578
5021
6716
11648
11141
11587
3699
10355
1274
10235
8343
1032
2508
1442
9861
8538
3468
2630
10329
8898
4992
3434
11817
1400
6983
3159
4686
2240
488
5598
4183
521
9358
9914
9454
4595
11332
9576
6231
8776
11478
3466
2224
6831
10521
10124
8202
7041
5087
2964
7628
1181
6392
6981
5941
4665
4633
9928
10938
7283
3573
3366
4070
2276
7817
10514
1667
3387
11152
6797
4672
10009
8115
7197
7881
10610
688
7581
3355
11416
3673
10957
5934
5741
1677
4005
9492
10157
1493
9883
6210
1323
9774
9082
8360
9020
7244
917
9590
11243
4608
6871
3541
3539
7394
8018
3889
707
9553
583
5575
2633
4004
9739
11076
11298
390
10616
10505
5662
10868
11422
5279
10963
10250
9551
7038
7904
5685
4091
7365
6245
1607
5286
8004
5407
3093
1808
6488
6787
499
3684
7411
4213
1411
816
5412
3445
6655
4605
4242
10925
11531
8821
5632
9796
5826
4858
204
6918
3120
3089
7984
6101
8565
5548
2747
6448
1754
5311
1481
8990
4570
8006
6311
5999
979
3528
549
7263
10558
11154
1425
2906
3319
8768
8064
6903
7195
1320
4541
11469
10934
4723
4443
8533
6168
10883
4743
1871
10147
8495
8099
6173
6404
7071
4680
11653
3045
4392
7594
8567
241
11123
5958
1479
10727
9926
786
8362
6632
3266
677
896
9319
1376
6030
4573
1617
1895
2129
11844
2792
8827
4716
9629
5754
6198
10192
621
4773
670
11913
7230
10489
6379
3214
681
4031
10893
4259
6046
11186
1645
10549
4831
4632
9668
1585
11440
10896
8084
1349
7221
866
11930
2799
11784
915
1767
4294
6561
11925
5703
6191
14
8265
7975
7772
6517
7410
5893
9760
7206
7693
5602
835
11735
1744
4263
9385
9412
1194
9447
1698
10725
2476
9651
8128
6851
6286
4466
8677
8323
10765
4616
2454
2281
1943
2816
947
7215
6949
6079
1489
10440
1096
9942
10515
2824
8702
8638
1359
5203
8725
9977
3252
6298
6264
2668
11737
11552
6317
10591
7809
10858
9383
4710
3855
3602
5535
5098
8449
11350
8131
1688
4776
10485
160
10948
8016
2679
1551
6421
11304
10437
6125
8112
2225
2153
9560
4459
7453
6455
6429
614
4187
5740
3837
11045
3970
6060
10573
7062
4690
6497
11818
8334
8135
258
1496
7963
6376
6471
8841
2323
9162
7186
7820
3007
7225
7661
10516
1363
5564
3056
6041
5077
4366
1640
2269
1696
8675
2449
8601
5915
8598
1805
7358
4929
6190
4408
7282
463
1223
10708
7672
7343
5187
4787
3997
4199
4377
4788
8875
10895
7953
1118
10792
5088
10596
6791
6081
3340
6176
199
5348
2121
4419
5909
6768
4775
5010
8557
5162
6437
2071
6769
3226
3031
6263
9580
6841
6521
6929
2062
886
2609
8230
2952
7139
11831
3278
4910
2686
11425
6162
1057
4889
11815
11001
5828
9289
3752
10696
1471
1257
3879
8644
9952
6226
828
11658
10372
11559
722
7559
7717
6972
5964
4860
10810
10914
4430
4750
9632
350
5545
2259
7799
2026
11806
3352
11468
1445
10039
5249
7738
11909
4564
5413
1611
429
3950
5651
5225
7723
1210
9108
4262
10057
6550
2494
9192
5274
56
3020
208
2111
5403
1440
425
8061
8889
9457
1623
4833
7675
1593
2301
4588
5057
5956
7131
11613
9170
9011
5922
7643
11457
10476
9659
10777
8287
8813
9025
5463
7818
1778
336
2642
7261
9275
7496
2607
6961
4024
10155
8582
737
113
1068
937
2299
11445
7791
6979
257
2238
1339
9344
11214
992
1846
5105
3403
6524
132
4131
441
4160
5865
5378
7680
4734
5381
5320
7585
5314
2725
11715
10441
4863
11038
1294
8327
10114
1659
9470
10278
7055
3430
3546
8321
27
6308
491
7947
9426
11315
8335
4043
10338
2125
8651
2466
10346
5843
6050
4457
8394
5030
7621
339
4201
8125
3651
9156
124
6644
3025
2386
1965
2960
7257
9401
8839
969
4308
10186
1588
935
9642
6563
523
1353
6393
3138
1188
8021
7712
6745
8706
11156
877
3294
8144
10080
8258
9673
8437
4832
5942
3429
6879
7845
6299
4756
11353
6897
10283
4384
3542
5872
10246
782
2163
5719
8418
760
514
1605
4279
7013
2891
3930
2152
9100
193
742
10456
8804
1870
2211
7807
3638
8593
5038
9041
6196
3200
8566
10551
6019
9199
11673
10626
409
578
692
9803
6274
11506
4927
8847
5925
10026
10409
1157
7481
9888
3133
590
1575
4574
3129
11094
6250
6752
2396
10654
3124
5040
743
1948
182
3547
4338
2716
5490
1053
9940
653
148
708
369
23
1285
1957
8025
2260
5628
1199
4508
8661
2283
1192
8298
9676
10821
8542
7932
5605
9452
8240
7762
4808
9635
2693
4251
10320
2798
10894
2511
10153
1908
7830
8068
1706
1464
3800
3033
2771
6418
11689
9056
30
2306
7302
1226
2329
3413
10839
173
11570
3241
4955
6068
3742
5920
9978
8066
11796
807
1469
3902
7227
493
6747
1001
2317
10594
10692
972
5404
2380
7804
6585
5791
4707
6861
11750
7913
8576
4110
6738
1663
7334
3345
9893
198
1058
640
7309
9538
319
9378
7431
2662
11131
9308
9908
10675
1920
1952
371
585
2830
7729
11579
11733
76
6334
6862
5093
2368
8817
7644
6145
9599
4735
375
80
7650
8031
2170
11748
2786
7389
2898
7574
6786
5480
189
5611
11691
2892
11833
10651
3170
2059
4449
7177
948
9575
5724
11426
8194
11672
6234
11142
8007
3106
5566
7545
2110
8432
1517
7430
8868
3702
10889
5979
11376
873
9574
1205
7015
809
9219
5115
1816
7201
8938
11133
4795
3965
5579
8820
3070
7238
10608
6719
9484
10981
3150
5713
2826
3852
2614
11389
6963
3617
9824
9846
5456
8332
7605
9781
6581
2496
7329
6533
7375
4037
11857
4916
1076
11025
1069
11143
1136
999
2715
10420
7190
6676
11420
8216
261
3910
3297
6649
1695
8200
9258
10094
6507
1713
3061
400
8795
3250
9731
5277
5627
4134
6388
864
1824
6489
10449
5530
2433
8182
4303
3328
3362
5165
890
5750
8890
7558
8485
4055
4990
2297
5079
4041
1112
631
7009
8404
4054
1838
9801
5970
7100
5383
7086
8390
11333
6357
5370
3781
6762
11836
5538
7665
3182
4619
6373
11050
1934
3535
7795
8762
8166
3141
5895
2631
295
11588
2876
10648
10946
4348
6076
7393
9396
8759
2446
7595
2439
7982
7035
10396
656
2085
2509
6403
7924
10497
10915
9837
6199
8942
9353
4001
5983
2074
277
4254
11508
7235
9338
294
6848
9169
6302
9953
10618
6735
9360
3517
6989
3324
3545
6939
1369
9096
4609
4163
10710
1314
4085
1726
2357
3395
7741
7406
5886
9511
6051
10670
6269
11256
10457
1397
1244
7620
833
149
3647
5268
184
9079
920
1487
2926
5610
5968
3634
11062
8864
10100
5742
2035
5777
264
3299
5419
2504
4692
9603
7566
11521
3030
4505
8401
11549
6792
2250
2395
1378
1500
2291
10660
9276
9459
9301
7074
3454
7761
10385
3437
3966
7203
9001
3254
7428
11781
11460
51
6449
7792
11611
7633
7926
10773
6870
1969
2713
7848
5578
9554
1514
7631
11159
8304
3333
168
2322
4671
424
11136
2602
3494
4256
9437
1354
3758
7237
9349
3537
7907
3156
3326
4000
11883
9307
853
8192
11381
7179
2258
53
6923
11641
2177
6290
6642
11335
3995
4715
3700
5091
10871
5697
2841
7798
1212
7764
10607
11212
3848
3994
11607
10731
3591
8049
6924
515
8263
2709
356
6962
8118
5501
8721
3320
59
9140
5439
10491
281
11490
3348
1629
2782
10458
5148
8643
3575
7325
11177
1276
9475
4047
1530
6991
805
11601
1529
6854
10615
8241
5666
2691
5654
3054
8993
1367
5406
8616
2464
0
11163
4568
6044
5072
10226
9461
176
1022
10483
8704
1286
7063
9654
2409
5908
3008
5951
6543
2384
8958
1348
5416
9246
4275
6674
6440
532
11619
11249
11311
380
10058
11331
3346
7133
2681
10195
930
2626
2526
11876
11928
8611
9672
1059
10162
4176
7090
73
5972
3173
2604
7236
1252
4394
10500
10086
1864
9653
4603
9373
8680
9316
9449
9733
8580
11074
11157
10403
1290
2995
4957
6648
455
6427
815
7614
9278
2920
2638
10898
5672
3130
11782
8036
9471
4700
9621
2777
2222
8544
7097
7544
8159
5280
3719
11090
7523
5751
3873
10274
1203
1405
1699
9897
7823
6163
4718
11408
4878
5927
9466
10399
163
2047
9677
6966
6342
3360
5294
8600
4118
5866
3412
5101
641
10600
6750
1343
4480
888
9749
9277
3927
531
6031
8002
7483
7249
7875
1795
6784
11105
6028
9863
2109
9340
5681
3166
266
3763
811
360
1460
952
2160
1799
7468
9766
8124
7000
9759
3337
11524
5427
10034
10400
7711
8932
8946
9570
6564
9172
2100
8478
6724
9346
5175
9703
11028
4231
10671
2191
8403
3164
8466
10919
88
2324
8490
8012
11373
3776
315
10343
7758
3117
4618
2020
2002
2974
1275
7277
10605
528
6188
4404
9697
3598
5230
3681
1318
6743
7085
5778
3034
6383
10572
4811
11110
1166
4725
10953
11285
11633
11121
6236
1222
11011
6604
4943
4255
6883
1982
11117
4020
8563
3482
7066
10323
1538
11736
2744
1553
7341
2817
10961
7960
8810
2381
5186
4526
3524
2629
7447
4123
11287
2766
1656
4818
7896
9161
7743
1843
6842
3151
11644
3386
5046
9403
4025
9620
11459
426
4094
5574
1923
6223
11915
7054
8596
8683
6177
6898
9016
2542
8185
9183
3515
7031
11747
5807
4969
9980
7019
6387
10379
10337
6156
11144
6548
7241
7363
7476
1841
5400
1209
9166
474
3311
8407
8848
4596
