1408
6882
9819
2262
5227
9177
3330
9803
4430
11105
3315
5302
6254
6228
2076
6723
3007
1670
6111
1068
983
364
10084
9500
11520
51
3981
10218
74
11716
1095
2498
9341
4508
9576
7822
4695
4294
873
2584
8514
8899
11366
1048
4061
7469
10725
5744
2363
5684
6390
3304
4212
7817
7998
5328
9626
6370
5617
8435
3345
11181
6112
7064
6225
1070
10102
4901
10831
185
11153
4164
2794
11573
8516
1308
5017
1259
9798
4561
6524
4549
10688
2423
5448
6359
4711
4692
3807
5345
5395
871
6109
7825
3975
4694
10534
3265
5682
1333
9129
10238
2510
2906
346
10034
2445
2876
4914
6100
11369
32
2746
976
6290
7163
6341
9726
5281
5411
214
6583
1358
8561
5477
11895
7323
7513
7607
719
4111
9025
376
2922
5810
7766
9295
10202
1778
11000
7149
935
1415
1830
7091
5439
1023
2477
3921
9359
2847
10734
8989
6409
4115
2181
10503
1330
10456
5685
2371
5862
1116
231
228
1354
4915
4488
6001
10967
1736
5048
4246
10944
4475
4854
6377
6964
6149
6085
9651
3403
1329
11547
1711
4391
2954
1463
5393
797
9702
724
3749
4677
3920
10846
10424
8930
8601
9645
10146
5353
4696
8320
1898
5320
8987
2916
2773
10541
2875
10115
9866
6454
1688
2280
2988
8218
4497
3843
4481
833
9573
8949
9965
4525
10280
5519
10612
5632
6572
717
1147
11874
9273
10015
746
6621
3740
9867
11230
3922
2574
9915
8242
4265
7298
2474
338
4564
2958
1236
10524
10694
4669
10279
10387
3110
4307
1093
5828
9257
6302
7900
809
2183
2659
978
11385
7603
10741
1446
2680
3344
446
5927
4758
10959
9654
8915
3524
8282
8297
9330
6532
7597
5932
4749
10236
11656
2504
7698
8448
11797
5120
4407
3964
4810
6655
4628
6375
6915
10008
8002
4375
9480
2843
4876
9055
3270
3261
1386
9636
6314
6481
6331
4200
5464
3368
2514
26
5937
7619
2945
11541
8521
957
3108
5152
10783
8416
11431
7828
5781
3914
4167
4631
11088
5397
2355
7667
10100
9898
3500
4825
5258
10550
6510
6506
5834
4780
1820
3447
11307
5396
602
5140
9916
7184
6237
6445
8082
7747
7457
5460
7472
11770
5132
2088
137
7600
751
328
10239
11022
7151
4756
10671
1421
11317
5382
3409
3496
10754
9591
7621
11095
1373
9116
2144
59
10995
5947
1285
9979
7366
7187
6008
9843
332
4467
5151
4437
4755
6042
6741
280
4419
3022
9606
6064
765
143
2757
670
9736
5835
7025
1562
997
10966
2812
7190
11816
7219
7989
7447
4618
2552
9997
4144
426
11584
7225
1934
7670
593
9118
10917
9749
6227
4186
5721
11506
5214
1231
4341
1136
946
11597
4004
11081
2302
5515
1742
7008
1211
11437
3340
9804
3521
7638
375
6365
6318
4873
10583
7568
11271
239
3279
5638
908
10439
7297
5878
1369
9900
11700
7377
5275
5741
6186
4715
349
1784
775
9716
6
8029
9186
5689
1564
4110
1295
5873
9665
2323
588
8929
2044
9108
4183
11494
11769
1370
5924
431
6772
3352
5482
2457
2718
4070
8718
5443
8518
11684
9656
3983
5942
10941
10707
3089
5838
4096
3024
9718
125
790
11815
10514
8673
6014
10935
5837
11144
9388
326
8657
934
6728
11927
3401
1789
7451
9158
9846
2758
4173
11246
6307
3473
694
3154
2180
2817
10287
10564
7680
2176
9460
8060
10758
4773
110
1713
9329
7055
4259
753
4637
2285
10690
1466
7586
654
6056
7375
1078
11717
4983
5517
3306
2576
1540
2509
11004
10505
4213
1959
6007
11001
10555
11701
5265
4345
11154
2287
6494
6413
4095
2842
5441
11184
7834
7578
805
5751
1265
5925
9061
9844
10201
10442
3384
11499
11027
5958
5953
5304
8358
2113
10666
3727
6681
10560
2256
2208
9704
6391
4635
8621
8202
3515
3605
11163
5677
464
591
11830
5106
8492
7965
10516
4232
6464
2627
6568
5044
3661
10546
958
412
2714
6304
10077
1067
7087
4238
2059
433
8227
10476
3581
11072
7113
10065
7922
10156
10118
4857
3616
3673
9528
281
6920
571
1510
10551
11525
888
11006
114
2683
6147
7535
11090
4460
3955
967
3923
2449
7961
2027
1527
2941
4761
7841
11834
3239
20
10859
4443
7009
7401
7461
6360
1772
1063
1146
6469
11250
2058
5378
5046
8484
8882
1719
3897
8275
5087
7150
3262
8604
6131
6622
170
7532
1956
7963
7207
7305
7307
3773
10222
253
11791
8083
7925
4432
8761
10086
3634
2121
5535
770
385
1615
1531
5023
4378
8606
875
2233
3819
306
10790
3062
10586
1244
10801
8610
1731
1893
10312
10292
2702
6520
10578
3986
10854
8991
7630
11495
2317
9315
9522
7391
2970
9683
3504
9529
3135
6546
1284
2087
912
176
10626
8359
3223
3114
207
4155
7967
10081
7277
11667
6151
3538
1393
9508
9753
8267
8280
10858
1680
7681
1964
3424
3497
8245
452
9791
7657
3449
1182
10117
4431
10321
4078
6549
6045
6814
11139
5184
10482
9983
9609
1791
3241
9618
6461
6099
2731
1882
11616
9312
9339
7910
7734
2583
3743
5234
3609
6602
1891
10665
3594
2419
8324
8831
618
8014
3632
3711
10899
11411
11486
9826
4198
5849
1980
1293
1485
4655
31
5127
193
94
11201
4797
11883
10543
3326
4994
3312
3438
4175
10079
2567
4510
5898
8381
6838
8937
5082
6967
11490
8015
6858
8248
8094
131
1516
8578
752
6856
5357
5897
1504
3370
11585
2446
11334
2501
7434
1150
572
11403
3467
4233
8962
11759
10833
2652
11768
2197
9305
8217
2286
6830
2322
9738
5175
8900
420
4664
9448
8288
8889
1603
8890
9871
4276
11812
5419
7937
1154
4038
3880
4804
10406
4703
4514
6759
11363
156
9282
1992
8512
1796
7135
5038
10958
5765
7369
4693
1988
7403
2883
5754
11011
11029
7637
7944
9680
3053
4877
6686
5737
4820
1130
8655
2724
9115
9221
10581
1314
8389
2971
6682
8148
3338
1276
1815
11817
3663
919
4642
10902
527
8185
8714
2415
813
661
994
5513
8034
5174
5274
368
3712
9072
11205
7510
1040
2238
9681
35
3600
5503
2540
7050
6429
9597
60
10646
5507
1844
3732
6745
1792
1590
2107
3900
3778
11783
3651
1651
3188
4113
6635
6847
10733
2980
3982
1908
10429
2523
11463
10096
2403
3337
9207
10851
11041
53
7266
3322
544
10281
7109
8639
1997
11482
10777
3619
5724
8402
2834
4975
4149
11298
883
4301
8809
10909
8795
2127
4707
7938
7261
11136
1115
5528
10172
8538
3574
8574
11502
4066
3868
6150
9768
10515
9218
5780
9335
6540
7865
7141
1536
166
6598
10907
6908
11778
10265
7395
4339
10960
2829
1488
963
11362
10384
11560
5469
11393
5655
4006
8644
11468
3549
297
4534
3961
2559
6474
1547
3295
2414
5994
2424
1605
6895
2764
11395
3474
8326
1673
10901
1371
7976
11472
5235
2368
5624
3786
152
1362
197
6767
3660
3161
1735
3814
10824
6346
1392
10537
8634
8913
363
9754
4704
1762
5015
8410
1936
2515
5162
9761
1616
5557
1546
9287
9371
5097
8131
9485
10061
5554
5596
11448
7934
10706
2972
5325
474
5298
10049
9987
2454
11586
9098
8211
3425
2375
8200
7689
9884
348
2974
7810
2845
5672
5052
3933
8911
7940
10738
1707
9668
9851
3706
5544
11500
2406
2346
6539
11582
1072
597
11496
4034
4757
9458
11909
1708
5078
6457
4266
9009
1692
10437
11262
5827
7344
3214
9271
9280
2068
4056
4987
6164
5700
9890
3209
5986
4477
10910
5840
424
5998
1297
10895
758
6680
10986
10153
4943
3639
10633
9368
358
10301
9910
5497
9328
3836
9464
7930
8371
9019
3811
2145
3665
6459
8378
7284
10502
2734
2703
5049
9099
1215
6034
8672
6559
2329
9747
11722
989
3658
1121
6059
2472
7145
3940
7279
7394
4963
3148
2545
66
9262
4160
10716
7617
6979
4815
10945
1169
7418
1730
8773
8944
3198
8287
3769
2947
8052
6558
10673
2818
6976
6603
2171
6386
7215
4194
5021
4777
5909
3052
9533
5201
9660
6175
7406
2198
9450
3103
6272
4101
8196
11480
6277
6476
7640
2592
8756
10010
9318
4973
7321
6944
10054
4732
4528
9557
5417
2944
8799
7153
7017
4864
7581
9454
294
3770
11766
881
4565
6500
7854
9204
8507
11217
8035
2745
7797
10489
6344
3266
3436
7226
5335
4087
10609
8370
3522
5573
7492
5664
5220
11458
8434
3132
9174
3019
5830
11765
5028
3495
10194
353
4130
4697
1440
3166
6561
8888
1034
5146
2324
5746
5204
4137
2844
8928
4976
9724
1723
3319
2932
7923
10656
1588
7654
5484
336
6262
5886
2919
10606
1551
4645
5071
964
11360
5165
1444
5975
11222
1941
8403
286
4401
5315
4598
11002
11548
4088
2640
8345
7209
10289
8905
10127
8616
6219
2258
4710
4741
6342
1492
8354
1254
9936
1275
7949
5816
929
138
2717
10062
10506
4136
10293
7349
10155
7265
10971
8171
10842
7957
1653
5720
9671
915
7129
9437
2133
683
11914
7256
3788
4760
646
1806
3608
5330
2711
4417
8415
7516
645
4636
7408
960
5054
7713
3124
715
4567
5037
9895
2955
8901
6013
6885
113
557
3183
3357
10853
10012
1206
10214
2517
8231
4729
3130
4022
8074
4134
9897
1788
5546
6071
7896
6256
1867
8508
3151
8533
11491
896
10718
11104
9428
9352
3000
545
4529
7876
10474
10965
11771
691
9354
9589
7650
8827
1005
4783
6276
169
11357
2083
7703
5815
6714
5442
10584
196
7985
2816
4674
8608
11388
295
9989
5524
2099
6145
9149
9977
2162
11729
4960
4311
10881
1809
834
3014
7452
10774
210
7443
9502
4108
9705
4293
9030
1418
7074
6547
8299
1499
3213
8961
7338
1263
11407
9331
3908
5572
2470
1766
4884
1883
4242
2681
8005
1155
8694
6400
9351
9872
8727
5150
5949
1633
11450
3633
108
401
10856
344
668
6509
11389
6587
6991
7860
2325
3035
8387
2223
2251
6473
5563
4701
15
4422
6267
2369
4776
8821
342
657
4784
406
22
5931
8871
6355
1947
7777
10844
11735
3164
1843
1050
11804
7831
5792
569
7262
5749
5381
5344
4613
8758
9298
4992
11668
1868
3844
9554
8739
6989
6743
5376
8356
8823
4245
10839
2605
151
1309
5024
4125
9810
11572
10654
8767
6152
5656
6785
10636
2184
10567
5459
843
2555
682
7570
5007
4221
10245
7569
10343
2785
8567
598
8013
11397
1910
9390
4374
11498
3289
9512
511
7712
7955
714
11746
1028
10838
9625
116
10269
34
1055
10348
6754
2034
10341
4296
6606
3220
7102
4800
77
1253
7711
10350
6091
7425
4252
11633
9106
3489
2237
5688
2425
8068
5761
7405
2869
6881
7862
3669
1478
8030
2104
6090
7445
3216
9432
10589
7639
2952
6870
4906
9919
1294
3999
7717
2000
5
4218
5739
9244
8119
9395
10211
4847
8051
2767
8365
6350
7761
8638
4872
2241
8439
1119
5853
10492
4416
4104
4592
9896
10166
9563
10345
2892
8226
11658
2054
2161
1559
5929
6017
362
8347
8661
9663
11925
9412
3824
1542
7745
5669
7470
11249
9790
8990
10477
7673
4785
7302
4092
7090
1239
10497
9838
10205
4315
9788
9859
4090
5667
8444
1835
3146
7412
1929
4563
2901
6493
5326
590
2750
4708
11510
2563
8784
8935
3774
10487
4072
2200
1495
3956
6774
1203
9069
10472
10827
4830
1574
2051
9165
7837
1502
656
8173
9515
2581
11637
11532
11755
11792
8455
5698
11832
11070
5339
4319
5867
2601
2039
8613
5771
4650
2021
4586
5114
8501
3127
655
6578
7631
11278
2422
390
6761
8302
5580
9095
10837
4442
5190
2993
3210
4097
2673
9954
2259
7278
10755
4712
7018
8805
651
514
11594
11475
2806
10809
6016
640
7173
9642
6699
6026
5800
3152
10682
2617
6898
293
10840
3709
1938
8256
2308
10949
11814
8360
1725
3993
434
7815
3647
9931
1989
9401
5702
5908
11531
6047
4798
10522
3094
4532
947
3816
4031
1679
10776
9040
7748
9132
11884
6428
11628
5550
256
7883
11774
8625
7348
3480
1222
1224
1885
3934
4981
203
1347
11545
3825
1698
7814
3874
3916
8294
7590
1518
8235
130
7977
8176
11565
7188
5435
4691
6443
6163
11007
10884
5768
9166
11897
878
9279
9868
10413
8476
3057
1503
8296
5478
2338
10763
1324
3708
2704
1672
5291
10157
3699
11094
1779
6829
8878
6332
8268
7625
5601
4043
9505
10277
9974
5789
2400
741
6466
4298
6564
10021
3957
5287
1970
3369
5166
6854
10792
5541
5687
5031
2314
11539
5996
2257
623
6793
10042
6286
1808
6731
6837
2155
11429
8453
713
11557
953
5176
5066
10864
4956
9813
11025
7661
3199
10605
3469
3766
1783
6328
11226
7533
11036
8399
5138
10112
407
9441
8733
707
2536
5261
8843
11781
8771
9089
3354
7104
733
6999
7205
4926
11588
6407
7543
831
5319
10614
6590
6335
1142
11694
8520
3823
7613
3756
3332
1374
6213
7545
9167
1238
9391
2950
2882
4781
4879
3171
9175
150
13
1243
2489
11143
2797
8839
3555
8086
7339
3529
6024
3131
6866
44
3988
10036
9071
10264
10634
8468
10629
5229
10878
2009
6828
7112
9159
9832
2770
58
3548
2125
11370
5473
5293
4673
2033
7751
5926
1965
3696
7189
3075
11316
8160
6649
5487
8857
6971
9124
11640
7453
6776
729
9010
11631
3991
9617
5648
7576
2586
11287
9294
5759
1349
6324
5179
10925
4770
7575
2159
402
7565
439
4479
6919
611
3268
4612
1856
1984
8174
3121
4938
7446
9393
9002
3274
8807
1880
949
10887
2634
10676
4406
3860
10479
351
4950
1650
8254
11045
6060
4836
11417
5499
9582
7623
2301
1699
3051
8330
87
8697
8328
383
5616
3951
7784
10319
1296
2263
2255
7606
9575
5016
1949
370
8563
8195
189
3855
4318
4418
9211
9008
5465
3610
334
8305
8166
2344
1668
3133
614
1299
7454
3704
1522
688
9455
4196
9914
6669
3486
4146
5735
178
6426
8114
7218
1872
525
1016
97
8984
3655
6605
5570
7006
9776
9720
7032
2865
10080
6035
5552
30
8167
2458
4138
2115
10363
1926
4117
6706
8437
8022
1401
2194
10057
7866
6674
6419
7994
10323
5237
10879
9243
803
5614
4172
8113
10443
8323
555
1194
732
8933
8457
6790
4227
8372
11470
5385
769
1507
4814
4040
4444
4300
5367
2095
3546
8840
11290
1471
2569
7327
6232
4388
5988
3995
10732
6077
3111
5192
7812
1033
9588
6450
10082
1662
1818
6530
7381
6157
3553
4844
3617
8757
9734
3972
9781
9269
3189
4698
6408
318
7739
5102
4145
7213
6259
5409
9769
3502
1909
6683
4519
4984
8671
7848
4622
7007
3886
11513
3863
874
721
4013
7539
7874
4907
11232
914
2936
523
9532
6187
10988
8548
4365
6729
6641
3885
10076
9036
2537
7076
9093
11540
9227
9308
6137
5101
11212
704
3002
8936
5727
3493
1047
5559
9628
4545
8149
4726
4665
3257
3391
11493
3932
7618
172
2975
10877
5514
10414
343
1000
1127
931
3429
5955
224
2134
9338
3086
2412
1745
4940
4260
7950
1591
1501
6499
2691
2357
6505
4079
11675
4016
6432
8959
65
2684
10943
1489
1524
2114
331
10161
1268
1163
594
3782
1322
4670
6264
10154
7879
8405
1881
3926
10660
9107
7598
257
11738
3930
4184
1021
761
5403
10723
2790
6379
4157
6567
9078
6758
1075
6746
6957
6502
5643
10246
11452
3528
1186
3525
2118
8804
8851
9066
3088
4632
11484
2219
10950
5787
3604
11492
10187
2232
5917
11014
10813
6075
6003
4398
10016
5095
4682
1334
8622
7946
6799
1269
9516
2426
37
3343
4875
2005
4580
10461
11823
11753
2228
6061
3004
608
653
2432
1414
1752
7893
8532
3713
4421
4052
1644
10709
1621
4234
1968
4977
6351
5047
1593
9764
8729
11857
986
5425
4792
7282
1710
10596
2960
601
2665
8838
6588
10657
11190
4180
5718
10868
6057
11140
698
11326
1081
8108
8364
2649
6750
7170
6033
1384
6888
10891
63
5992
409
7154
2354
8698
9839
804
2609
10817
1841
6368
8349
3887
11678
9070
4099
773
6074
10975
4455
7954
4049
3415
11503
1443
9387
9856
5607
10382
6031
9005
10389
6657
6608
2307
4015
669
9550
8307
1862
5539
2350
10007
10927
5391
8667
5224
10726
7094
8450
5310
6470
1895
5296
8741
731
10284
11157
7868
1412
6839
5595
3139
4531
7191
7714
6020
3537
1041
631
3143
8479
1595
7756
4457
7041
5526
11349
5887
175
980
6159
2939
11757
6503
6309
3153
5404
6140
8680
11603
4640
1584
5297
5622
8504
5115
1981
4843
3364
9536
6537
2622
6617
7085
7239
10977
11420
10392
4867
4269
4448
3722
6353
1718
4649
2879
11824
10133
321
5820
4411
9135
6525
6765
1850
3891
7185
9487
480
2700
453
9074
4821
2294
11707
4725
1410
1520
7636
10124
5900
10775
4788
7675
5259
2619
9367
6647
7144
3129
9821
8418
726
606
2739
6081
3195
1133
8158
4118
4261
8460
6048
5866
4396
1417
2248
7864
11848
5902
10494
10595
220
600
47
229
5979
285
3830
1700
302
5704
10001
8912
11150
190
4891
10652
10989
1066
9669
8495
5907
4883
7196
4075
6852
3144
7052
3465
2170
9091
1678
1242
10260
8150
1022
3433
10232
10924
8985
1636
7466
10017
4912
8362
8868
4449
1530
6410
10491
9136
10561
1548
6345
4892
11383
2707
2917
510
3408
461
6221
9730
920
937
9402
662
4426
1326
9384
1457
9520
7301
1781
9283
11097
10299
5084
3350
3607
4610
6161
5436
5068
3452
8699
8152
7898
1640
1060
2136
5733
1426
6695
8742
9767
1952
5240
5791
3714
3039
4381
7241
9438
2519
11042
10931
1600
6535
3197
979
2610
9417
1879
8569
10140
2055
5706
930
11911
8260
3611
2807
4828
9929
3305
4472
7156
3412
5134
4629
11600
11818
11297
205
3869
2678
9409
8858
7506
200
1360
9154
4663
1113
24
10329
1171
1556
9479
5020
1873
639
10951
8140
3071
3236
1173
3572
5056
6022
8175
10412
9220
8044
1955
1509
9077
2801
83
2651
7419
10426
5286
8577
8136
8441
10488
7137
5231
6824
9249
1877
3551
8184
10050
6080
6531
5819
1378
7509
8039
8679
8605
8133
11171
9969
378
4794
2427
3501
9386
4887
4898
1102
8603
9285
10462
1610
8981
763
4065
6612
6067
6544
7146
81
395
5895
10822
3878
4288
10610
5714
1219
8252
9992
6404
3684
565
11893
7392
2815
4886
6378
9476
4024
11601
11263
760
3204
7435
2754
2048
988
6811
1833
4789
9001
3906
2265
3849
2701
6507
2288
5970
730
5795
9209
11730
7488
2979
2202
11304
10160
5561
8454
9182
1741
6994
3373
11592
1630
5000
7722
9713
9088
1813
9555
11550
3102
7974
4487
5574
4861
552
710
1025
6373
315
10114
8736
8721
5216
2597
9021
3826
1375
3821
533
3488
10897
1635
8615
9741
2468
10434
5267
11920
800
5797
8496
6883
8703
384
10039
8506
9407
4313
2676
2884
1799
7707
7588
9241
2986
11508
9773
3682
9978
9248
4121
3519
1760
5495
11644
1978
5331
7136
8808
10939
4235
4661
1344
10810
3091
9429
1606
4190
2476
10108
5944
9543
9806
7433
6363
3552
2025
4452
7855
11497
6666
5454
4919
1663
8817
11260
1088
3342
4131
1620
10990
11046
7089
10224
8084
5177
8633
823
7986
5930
3898
1085
8665
561
11801
9650
11281
278
5306
1139
8032
3284
2272
7429
7491
3603
7966
4082
6662
7666
8142
4666
1292
11339
5202
7785
1675
11108
2312
5982
7483
4490
1307
636
3256
9566
9365
4368
305
10635
4982
1200
4524
8491
7233
4211
4464
2182
8893
7351
3754
9152
9784
7555
2820
10221
3744
6892
4653
9456
7677
3464
5170
9313
4356
6735
4247
8188
7107
5471
2991
11333
8635
10536
11455
10073
6545
4620
11933
3044
5076
146
4459
7914
17
428
5421
9808
2639
4980
9366
6301
2450
9714
4593
586
9814
6082
4044
7685
1822
8939
127
4286
7984
7234
5577
11611
7318
4801
10929
3943
11873
374
8815
7003
7542
202
4999
11299
5575
6618
2626
8967
345
3178
9943
660
11245
3422
7708
5865
5597
5806
8724
9937
10092
582
5321
3006
9385
2340
9751
10948
10241
9544
11724
7971
8261
5631
9151
8003
10675
11272
9627
7886
6900
8690
3475
2899
1262
9228
11426
6508
3476
6654
4859
4224
793
2741
2295
2846
6477
3587
11093
10729
5833
9600
6951
5527
2081
3397
9084
2273
9800
11715
247
5081
7068
11659
3025
6803
11238
2611
7130
1214
11092
10746
8010
3917
7487
3078
7908
6504
7332
10022
2402
3116
9876
10892
3245
4062
2670
4176
9511
11306
11131
9198
870
8719
8824
11529
4333
7328
10962
10469
11399
3767
379
10647
4277
7988
8500
11078
7741
11061
11483
11833
8250
2852
3463
6921
5493
3615
10973
2407
6171
6252
5775
11177
3675
4540
1135
6411
4143
4705
8146
4045
4941
8251
1039
5831
5205
8636
2392
2013
5063
10800
11549
4957
9527
9325
2456
4937
4932
1240
6218
3648
1754
4390
5080
5522
4988
9435
2283
11322
9692
2556
4558
11324
6319
8642
8343
9918
891
11650
7852
2082
3570
1852
2253
539
5872
11356
1773
1192
10565
1996
10830
4185
10226
313
1657
4060
2687
8922
9020
8952
3205
11351
10386
4985
8382
7709
503
7725
1008
1279
2466
10097
11535
8481
10089
2837
6877
11447
3159
7763
9993
7485
11519
8177
8879
9353
2124
8555
1112
1196
8995
5351
11451
7608
9444
9507
8688
8464
10768
1637
7524
3194
8339
11625
2042
3919
6438
1323
2275
11504
10243
5946
10558
9148
4478
9902
1774
1399
71
2963
1648
8776
1087
8956
3228
7778
2645
9404
5427
5591
502
8122
2689
7045
5444
7060
5154
9016
9215
8462
6220
8011
7420
5675
2614
8072
1306
2866
2311
7329
6831
2532
6129
7031
10004
11151
8966
1341
743
4397
8701
298
2097
3683
9277
2053
2
3272
1746
198
7359
9424
3079
5073
11553
2878
6528
4986
4548
2030
7245
11634
11709
7585
11855
5213
10288
5774
1627
10669
9947
1930
9519
11330
680
8768
10794
11175
840
11098
9411
1923
10181
6933
11867
9921
10147
2169
5790
9742
5033
2761
6049
6884
3595
9510
9675
9199
10176
10893
3905
8510
7155
10523
807
8751
7249
11526
11581
5963
2553
7641
5012
1658
3192
3799
7979
8117
789
11063
985
8867
8836
9495
9698
11457
2227
7892
9082
9861
1270
10308
5203
5252
4638
788
9996
5262
6396
1042
528
8169
10922
5825
10964
4480
9196
10463
4098
9378
2260
5629
9284
6660
11928
1339
9639
2590
9397
11568
7668
3719
10916
11269
5180
7838
8467
2613
5273
10366
4603
2999
6833
324
776
6242
7306
10952
11332
9499
5533
6704
1053
7254
9549
262
4498
8637
8384
9621
6348
249
3668
7353
2987
3013
9256
2784
7201
7335
10562
1823
8178
5475
7355
6848
8763
8509
8730
2214
7235
3247
10180
11373
3041
3105
6444
3915
6902
8653
1601
5407
9451
7645
2923
3896
1831
3875
7530
2022
6916
772
4588
4555
3935
3882
11096
11028
1218
9542
4734
844
4920
3812
5681
9581
11391
1902
9436
4893
9226
422
9891
5920
4779
10306
3018
4124
3856
6280
11929
7732
99
2516
8976
3818
5843
271
4936
5824
276
6626
4790
917
9302
5064
485
2839
4737
9833
7505
5124
7317
6975
5457
7444
19
3685
11191
1519
735
3938
8191
11516
1608
3303
11442
11039
5247
33
6817
1195
7028
4772
7370
1301
2778
2465
8557
9633
10253
5462
5732
879
10742
9258
5673
8735
8537
11632
2309
10347
8194
10779
11670
3970
9459
3317
8970
8802
10470
551
8095
8797
7168
4093
9076
6694
4127
1325
10528
11147
73
11089
10501
2218
6340
11619
4083
3798
5342
7103
11854
9006
1550
10029
9524
8445
932
1437
10906
4722
11669
4434
2380
3584
1037
11421
7455
4385
4505
9203
5294
9501
4402
4699
3881
7035
360
3542
9431
6782
2984
3888
513
3535
11750
10354
1775
3949
8759
6717
802
2351
2164
1580
3355
11552
7313
5392
6389
1407
10984
1073
5446
2015
1953
282
6275
3049
6192
9246
3531
8963
5074
4171
9415
9172
1832
5490
3944
4526
201
6437
9081
11809
3644
10440
1394
2074
6846
2221
5549
4630
10411
287
5717
11416
3643
7376
5039
2940
4412
5426
6543
11319
1260
4658
9975
9553
1960
6586
7248
11598
3174
11692
3794
10680
3599
4579
4909
11240
2080
11509
11719
5645
847
5547
7030
11800
2409
1763
9223
6832
10540
10513
7780
2638
6495
1057
4153
3707
9157
7424
7123
6965
8374
7629
9894
5104
700
1179
2969
8993
9202
6299
4684
1245
3029
9908
8881
9445
2802
9729
2143
7558
6982
10819
36
2831
10894
10023
6896
2203
1056
8253
11900
3731
10310
1140
7917
8199
11464
6725
6760
8691
1563
11528
11891
6415
389
2558
5972
5705
2525
11696
10270
7004
98
6762
6574
8660
3185
3243
6269
1237
11009
8197
4362
9973
1907
8352
7811
8107
2433
5716
10047
3768
1103
8470
10936
6809
7023
4106
3840
628
3056
5129
7217
5288
4823
1318
8998
3030
6861
11912
9058
1954
8656
10642
1217
6712
7126
1104
2086
6025
7061
5219
2655
4386
784
6594
10937
6249
7907
10263
7890
10996
4051
10784
2018
1416
9080
1922
1780
5892
10538
10255
3979
1020
2662
3854
4281
4518
9652
9153
3351
9771
6874
3543
4336
3652
9535
10753
8648
3099
10727
2937
7648
8423
595
10038
4387
568
4342
8313
2004
1714
5658
3781
4489
3448
3208
5387
11904
7682
8958
7180
5633
6648
11591
11328
6949
5279
8283
2333
3729
8451
2010
8077
8046
3168
4429
2765
1577
542
3591
9925
2708
6103
2760
5971
9854
3681
11708
9961
8927
4541
2827
2149
1167
2071
5433
5504
292
1229
2017
2832
10769
5778
4063
5358
1350
10731
686
2669
9809
3800
1596
6079
2484
693
3313
10770
8599
9938
1303
1715
6656
8258
6268
8775
9442
11691
7912
3085
7899
3170
11264
10458
1355
7257
9443
9748
6066
3690
7882
3751
5695
3211
2728
8614
9933
2384
1046
11579
8067
7753
10748
11775
972
5562
6849
6179
6239
3953
2094
10416
10020
9858
470
1089
7504
4021
3977
7380
10182
8837
11554
3593
532
7880
5083
10225
4270
2929
6241
11564
5467
5813
4922
11267
5534
3958
10588
6962
204
3583
2230
4353
3841
2762
7521
3928
6972
11740
2628
11808
10871
10496
11292
2152
4990
244
11648
8126
5799
8681
4008
3363
6180
2803
903
7849
8120
8965
4404
7310
2783
6468
10641
3386
5336
8315
2103
851
9765
8781
6580
10736
2093
10233
10703
4745
4107
1289
7352
3518
5538
2421
11069
1906
3586
7211
10466
4263
6465
5423
8321
9426
4935
8659
11188
5965
10328
3884
11725
6777
1049
4225
4250
2841
372
8844
2175
6742
9179
2028
8873
7096
10932
6128
2101
7551
10828
10204
11294
7669
7653
8914
1811
6835
9324
3566
4163
1090
9498
554
1951
8115
8876
4671
3835
7805
864
2895
10793
10808
1797
5373
11261
9703
1539
9427
10552
2137
10867
2482
8312
4727
2282
5729
5868
3122
1924
7583
2838
495
10220
3718
5505
11630
5501
2522
4223
9727
3095
5380
10383
7788
10630
4581
5005
3165
11052
2549
6744
8545
3636
3353
6201
9064
10627
5851
558
4074
11913
5272
100
5709
9893
4461
3842
8137
4179
11649
8725
8269
5161
6278
8774
2416
11476
7821
8842
9403
839
4687
9631
5008
4494
11805
3705
11425
4908
3994
6183
5099
1379
9848
10672
885
927
9291
5470
3251
9169
1281
7065
3299
7498
6932
2439
9578
5894
9538
6195
11107
10436
5416
5710
11132
466
9422
9801
5156
10216
2825
6853
9060
7915
145
2664
583
3589
10192
263
8093
7604
9622
11394
2011
8091
7968
7106
10409
7337
29
3271
9197
7592
6515
8125
9031
836
9433
1335
11318
7736
5640
41
8801
10912
7973
8618
186
815
4400
1538
2100
6698
9988
3005
4435
8101
924
8841
819
1101
7687
6806
728
3032
4866
4195
2332
7757
11254
4170
5277
6652
11430
8863
10855
7939
4551
684
2913
1523
2290
4646
948
8887
11851
7536
11646
1987
9290
5246
8201
854
1552
9013
2981
2792
2453
11756
716
3073
1158
2570
6593
7131
9569
562
10235
2122
6106
10195
603
6000
1361
9857
7960
5289
5481
787
10091
10933
7275
9855
4354
4641
1705
11711
10122
4001
8206
4719
9673
4187
85
2528
6527
6751
543
4249
10624
4748
9117
6773
8870
5518
277
6792
664
9364
4100
9960
9548
5440
1031
3638
4858
6347
11137
1395
10370
5183
3817
1566
1160
587
1612
3689
221
7127
11204
194
6354
10431
515
7016
7082
11382
4084
5657
9034
11375
11438
7220
7798
10388
4048
3366
8536
3779
3539
2661
6677
6313
1317
8547
5977
109
158
1572
10464
481
11443
560
11887
11315
7996
3184
5361
2178
8412
2910
9920
195
2293
4961
3924
10486
8205
2436
9816
6068
3107
2561
3206
7807
6406
11871
7750
10165
3277
6788
7764
10420
4904
4570
7295
10632
7026
7656
4327
6968
10999
7856
5228
10471
10314
3248
6403
399
7267
2367
2072
6055
258
8432
11193
4648
483
1660
2912
11080
5779
1931
6095
181
10785
4996
3362
2065
6644
3678
8440
3015
9586
11115
2560
10621
3374
4978
6555
6737
6927
4805
7230
9416
121
2774
553
2431
8666
3688
5974
4905
3054
5531
7029
524
1278
1740
11423
3278
9562
3693
9731
9266
798
3280
7651
7503
9560
7410
5153
11288
3545
54
904
6261
8562
10405
7903
5368
7522
11784
10240
4656
9475
7655
7614
6023
11803
7572
421
2697
9389
3083
11718
1216
11850
9301
3697
11810
9640
559
218
4951
2318
6687
9193
6002
1071
2925
4436
8747
8475
6764
8686
7056
4803
7737
781
2660
3246
1942
2828
4010
3512
10740
11308
6869
4105
6517
7431
4945
2749
7482
5722
1456
4220
4254
782
3226
4054
7169
7260
8579
11359
8075
6562
6174
5480
2808
4921
11377
4002
10520
9760
5829
3703
8513
10425
2188
10303
4751
4272
6394
8705
11164
8163
4439
3068
5178
7913
9565
2637
1866
1036
5776
10811
11440
10888
7564
9619
7839
10418
1129
6990
11379
6936
10972
11885
8737
8027
5401
3871
9693
9981
4344
5644
6570
4248
352
11172
10539
8975
11693
7378
6716
6010
11127
1585
5128
10597
981
1453
8098
4614
1327
10677
188
10271
7242
10498
6083
11026
6521
7683
458
9337
10334
11180
8300
6283
11562
5164
5148
4537
1579
7696
2007
9690
11466
9934
5333
4974
1190
9240
1857
11023
9051
8587
11257
3250
2201
1419
8329
2326
9180
4633
5807
11831
9927
1274
8085
9357
2151
10459
2857
5053
7894
8210
1864
3939
8336
6599
56
8546
9322
3929
942
1382
11419
7783
4538
11542
4643
1469
570
2064
4377
5332
341
3820
1069
1002
6956
4998
7519
7263
6160
10499
2353
7735
5615
2252
7969
7885
3564
9373
849
6207
11219
7475
4502
2796
11454
1481
6037
11008
7701
2995
11864
2063
4316
7975
10664
9552
8908
8848
7579
11690
1080
5581
3460
4352
3296
9299
5160
8298
2150
7303
5300
7799
7787
7172
4738
3235
11251
10359
5035
10719
8459
3901
3513
11695
4274
10993
7493
246
8486
4791
2956
6376
6901
9955
7164
11917
5432
335
8337
161
1420
3387
419
11243
5010
5236
7422
5630
1256
9506
4954
5143
6108
9711
9289
3047
1728
1919
977
3302
3378
11398
9561
11847
6435
3556
10655
945
3331
9794
2616
5283
10997
2014
4752
2633
635
445
5410
2408
10230
7844
1180
259
1161
5323
3444
4623
2179
5680
3417
6482
5090
5600
9372
6260
3679
10110
5730
8048
11706
6110
2404
3969
4835
381
8982
11218
2306
10296
1205
11767
2366
9276
11268
4881
6311
7919
764
8534
3389
11642
5649
1125
7021
1925
1076
7902
11130
11173
9991
1840
11576
8322
6423
6665
8198
8503
8565
8592
7982
10030
9400
8215
4979
8600
4216
9119
11158
6153
6436
6453
2209
8154
970
6897
2032
117
4855
4372
3803
11396
3626
4346
6126
2471
6487
6084
9523
10
1058
10992
3523
5921
8866
8813
10685
5782
2345
10500
11225
3061
11338
5096
5424
8954
10553
8983
6711
10679
8973
4930
1111
1454
2473
5711
9150
11412
10169
1935
4425
3968
5200
8716
9408
11905
794
7465
4482
11053
8674
8979
1248
9252
11865
10756
7924
7699
10268
9383
11563
7795
5311
6006
1737
11879
7863
742
3156
142
9517
11077
7067
10981
8709
80
7816
9274
3162
10134
1181
8909
5301
7927
5194
4076
2907
9906
4753
8692
2019
5483
1617
6632
7197
11559
250
3657
6597
5029
10138
9181
11390
8308
9653
1162
5119
10715
7450
2276
3925
7138
5634
3698
4878
1656
4009
11255
6032
2810
786
102
3128
4231
1642
8684
6904
9932
3742
10820
4723
3910
4796
9807
9176
4053
4774
416
8738
7790
2304
9347
6739
7808
9018
5144
6421
1468
7140
2398
10227
2873
8050
11556
10693
1257
703
5512
442
11798
5209
82
10530
3911
2139
697
11138
7069
10318
8344
5983
2795
701
5863
7859
5874
8436
3509
9104
6420
9674
10032
1738
1445
10613
8192
8209
9467
6455
5009
7363
6923
7210
9744
10525
9317
10618
6584
2965
1704
810
8138
1477
1126
2771
8408
8291
3191
1191
9782
2966
8224
10617
11280
519
5359
8566
5406
1391
6366
6096
5663
10320
9815
10094
11020
2331
2254
10587
168
1403
6771
241
7678
8271
990
5271
6757
10377
11779
2604
6372
11220
9796
4733
3601
4132
5386
7426
5509
9208
2982
10934
4799
8662
1995
8080
11456
359
9789
11889
3573
7293
11471
10151
4181
7962
2278
3423
5210
10162
1086
7987
3258
5456
2050
5678
6779
11651
4321
622
2631
4205
1083
4037
9953
7738
11345
8409
10111
8849
7887
5567
6244
5167
1442
11919
4197
11313
8755
9905
9288
9109
1795
4928
5116
1950
6864
7842
1592
7531
2859
2877
2729
307
10132
4845
9574
8290
6638
7175
1529
1899
11835
333
10116
10954
5542
10750
9679
6308
6255
3455
3748
1074
4970
8708
46
9022
9892
9852
11627
9452
8846
8111
11663
8311
140
737
5516
1858
785
11125
11821
62
9399
5690
10085
692
1233
8183
712
5625
11358
8568
3430
2281
8118
6985
615
4527
2542
10957
9691
9374
4116
2437
6607
8368
5543
1012
10880
11170
8696
5173
9414
4503
4025
3334
1368
6320
3318
11681
10290
7133
3300
9316
11902
648
4103
8938
5769
9332
1821
6270
4736
10362
2120
2666
2037
10638
6062
7019
8602
3255
5437
951
5985
5846
1525
8526
8611
6886
8803
1804
8745
5646
64
2642
10210
2599
1044
8104
10662
6523
1703
5093
9142
8361
8668
3498
10251
7481
5449
10795
8265
3642
5196
7981
7772
1659
3507
8447
7926
6818
9210
6969
1300
3219
6536
11126
6781
1305
2867
9805
846
183
6486
11459
8112
8717
11353
10938
6289
5914
3965
2518
6719
7152
3761
3527
2654
3442
3290
3036
1272
10070
8676
1128
5864
7871
1677
4470
6388
5051
3717
5472
7095
9000
6843
6939
11527
2041
5242
4706
9608
11758
6796
4557
486
7157
9087
7560
11672
2111
8350
10410
6369
2348
5299
6931
8897
10173
4662
2814
1166
8314
4148
5899
6616
9048
4326
9134
4619
6279
10468
10394
1557
4150
4962
7642
3031
7662
182
708
6752
8641
9379
9584
3783
865
5249
2530
11347
10766
11623
5540
8920
7287
7758
4299
6172
9775
11445
6118
5075
792
6173
7072
8221
6685
5065
2451
7523
9685
7484
10545
7684
11273
11386
3067
5665
28
10170
6257
6113
2405
6051
4302
4865
2157
7571
6556
5767
9998
652
10789
6253
6134
8247
11772
7952
7851
3752
8335
1006
1152
890
8540
9187
2399
1024
11167
9886
8446
5364
7804
9944
50
8153
147
5766
969
6630
11329
7336
4360
8385
7574
5984
1958
460
7118
11239
9587
10708
7057
9380
7296
4583
11010
1459
2031
1177
1097
1465
133
4546
10099
8109
2772
936
4046
7058
2435
11054
7044
7884
10832
8994
129
6637
678
11465
4967
5525
3310
679
1032
9638
310
9840
2442
3232
6284
7548
7251
4466
6116
7120
1896
9101
314
3903
3375
6451
2052
2615
6012
5619
223
1859
9694
10316
1429
7299
11424
3808
122
11197
7820
10519
6425
1193
2374
9970
8903
4827
2142
10926
1109
11589
10687
2296
4676
7520
1411
2978
8
8669
8769
4672
2630
1756
2695
6230
10625
8859
9706
5062
2300
7511
5981
757
5110
11321
10684
1409
8558
10611
1484
7288
10444
9200
11047
6306
6086
1889
3286
5510
5485
6364
4230
6154
11076
4767
3281
5362
6250
3169
397
4680
7512
1153
5588
1110
1876
1223
2024
484
5763
9162
10886
8223
8790
1624
2571
2632
3267
11840
3451
10720
2686
8485
7471
3736
1526
1810
3437
10090
10865
11071
8627
1846
1962
4068
8033
10191
3288
10620
10228
2606
5125
1695
3670
841
7142
6434
10872
5743
8591
10184
845
354
6627
4309
6952
7399
3662
11418
7936
2716
11444
4589
1869
6926
6733
3765
5845
11408
4306
4778
574
177
9999
11228
1035
4228
11787
11478
3150
5654
9494
2766
10802
5794
3520
11241
880
6918
11743
4554
9477
6329
11869
8346
4330
11511
6122
144
7773
3260
3395
10978
2751
1983
7688
1174
8720
2566
1720
11101
943
7458
10970
320
5067
3984
3406
7034
7193
508
8316
2026
11413
11415
4129
4964
3902
647
2732
240
5377
9648
5860
3494
7770
8028
10060
268
6226
5260
6928
1912
7237
248
11652
7611
5934
4256
6296
7610
1854
11159
4690
540
2499
5605
443
11901
6890
8524
8000
3087
6204
11259
11277
9286
11849
2512
11401
40
7724
2777
10781
7832
7697
4897
2020
11073
8664
1801
4348
10139
3069
230
4355
3563
3857
6222
3580
8220
2266
5222
9377
5880
8640
3978
6672
180
11643
10535
3058
5884
10046
7771
8204
2782
3864
2920
7290
6696
2871
3234
5322
4507
309
8040
1251
10311
1288
3853
4851
10683
1470
4047
11284
6871
10572
7079
4251
7529
9504
1252
11604
6789
1667
11209
7409
9183
5745
9696
124
10869
8430
8333
2490
6107
9941
10573
6393
2479
6533
5123
4639
5492
8744
5105
11040
6670
2715
7577
7121
6827
7616
7591
4890
5911
3104
3462
3561
3140
6039
11247
6604
2240
2284
4550
3764
2743
2541
3801
2313
3735
1732
11460
3285
9812
9572
1805
1726
7895
3913
940
5026
9468
7132
9345
1664
8057
6132
3622
7223
8038
11182
869
3045
6786
5696
227
2527
4763
10483
2596
9230
4910
9514
5185
8273
8216
11446
8791
400
8401
7479
179
9053
1901
1609
6722
5888
3758
3762
11846
2418
6705
9242
537
5593
11593
11166
6640
10352
5018
5587
5188
10423
3238
11303
7553
3070
9360
3172
3954
7671
7743
6766
9292
8527
3728
7676
11224
4026
4268
9689
4484
5256
1286
11609
1423
1553
9206
11354
642
900
2370
8906
11124
521
8229
8465
7228
2880
5715
4795
9657
8796
9547
7801
8946
828
2644
8787
7042
11745
1018
3393
4255
9949
2747
3413
5608
10983
3491
1684
507
2580
3264
3435
11638
4720
1851
10994
9708
10019
6541
3038
10873
10591
10737
4512
9309
1643
8777
11587
10028
7958
530
10590
6929
4463
3173
5489
10517
1825
10782
11387
6783
10940
4226
7036
641
488
1691
4347
1933
5922
9059
5383
6671
1051
11915
5773
1319
3962
11712
8794
7556
4657
4491
6305
9599
1750
3877
6736
7088
768
6193
5014
462
243
11543
6601
5935
482
11710
8812
11227
630
8830
3347
8498
11474
9484
2339
10336
6246
5613
9948
6720
1106
10137
7345
1748
213
11916
1629
7208
8025
2911
11825
10480
2090
4403
10653
2195
744
1966
5785
8860
9376
5869
6907
1277
3100
2172
5969
9795
4504
4243
6176
8884
4742
5756
7561
8179
638
8073
6859
6629
6141
1438
11120
6439
154
10771
7396
93
984
12
6673
6519
8213
6787
9695
1567
11534
8079
1685
7240
3848
8645
6274
3989
89
11275
10576
9231
1639
9778
5728
2242
9661
1172
5230
10743
2998
6460
5821
5317
1751
3060
4870
9075
3557
264
3037
9212
8916
576
2675
9014
3737
4283
3011
6088
8624
918
5508
11624
1448
6184
5077
925
4660
6167
9763
10242
10735
5307
9963
9571
8236
11453
11352
11258
10674
659
6860
115
5270
10761
2671
10473
9817
11782
10490
10717
10395
173
11741
477
5603
4287
1207
4019
11168
1757
10640
11074
10432
2117
153
962
11141
5885
4058
1915
2092
11704
3009
6315
9263
2738
3950
8488
5612
2270
913
1993
5195
1865
438
3292
9160
105
10074
8530
512
9056
1228
5360
1598
4028
7959
7873
187
2962
11742
5133
7356
5366
607
1282
10417
2730
9344
1114
8466
9457
2557
4860
2126
9128
6475
11083
2452
2193
8945
11635
8573
7281
11049
9835
9214
1029
2903
8892
2448
7286
9334
10031
9780
8693
7947
3147
289
10183
11265
5474
7227
7997
7916
5555
829
1776
10040
3134
2096
9641
7935
8651
1500
5726
5647
817
2927
5002
3050
3221
8425
10200
8004
10175
8102
2585
4217
3263
3339
3646
8232
5399
2788
6374
4852
584
2946
7972
10744
11051
1646
5034
8829
2813
479
9670
9027
6202
11214
4834
5254
5500
8810
2382
1320
4209
7312
5568
6730
6891
4754
5157
9489
6631
6127
4393
11235
7891
6144
8869
1694
9012
7246
3813
2855
7119
4278
18
5263
5350
5218
8001
589
11283
4317
10427
8367
6663
10291
7116
7037
7390
2029
2949
965
7195
11018
423
3180
5191
10199
7716
4782
4802
3637
2463
2824
2206
6298
5244
3244
1686
7956
10119
3113
8105
3625
5438
6998
10452
518
9818
10309
5772
5871
7273
3392
3952
9234
9394
1065
6986
2401
520
10344
6667
8087
11886
7845
6740
2725
2693
1059
10196
9462
2116
10976
42
3784
6281
3457
8806
516
6471
11056
11641
1534
9217
4993
5107
2267
7415
6148
10141
7346
8977
501
1105
6367
10244
3399
7715
391
4713
7602
9545
1837
4324
9513
9307
2720
5881
319
7229
11829
10357
10158
261
9590
5551
7755
4332
2420
7124
8782
3137
10351
10018
10135
8066
8026
9740
3329
11882
9676
1352
4599
2928
8675
9862
1761
5488
10404
3383
3654
4862
1793
7836
270
4264
9047
11602
284
3360
6634
2079
3777
11571
7365
5818
9930
4786
8529
7881
9439
2305
9630
75
7626
1372
9722
4566
3645
9613
2885
5394
4822
10542
9396
9598
5636
11200
9766
7620
7250
5418
7468
2544
9255
2356
1343
3832
4376
10380
5626
5430
6842
3115
5149
7538
4647
9783
9853
1587
8880
1625
1290
6356
2485
9913
6094
9145
5832
9245
5857
11079
5412
4337
2060
11392
6156
8941
4094
10599
10058
9990
39
10607
2579
1999
7877
5576
3481
1138
1994
7183
2548
5285
3224
3859
8589
2780
2066
4819
7081
626
11665
10369
10378
4328
941
8811
356
1829
887
8765
1549
6138
7633
7259
1985
8278
10580
8575
3997
2889
1092
5956
2682
10845
337
1599
6812
910
11374
403
9637
6633
771
1389
5592
7945
3016
5760
7097
387
6124
11003
2417
4241
11179
2330
5893
5450
4303
3341
10602
8212
7437
11152
7148
3833
2131
6551
3966
11112
6553
3126
11856
5583
11192
9122
8539
11378
8798
5318
3023
5215
9079
9405
2045
6392
11793
10803
2246
10355
2023
1565
2914
736
8590
2625
526
7361
581
1302
1687
10178
2069
7108
6004
3789
3059
8560
1990
11129
5226
3323
11853
6488
7134
2856
2231
2833
7589
3215
6190
96
4838
5693
11844
4135
7649
7691
11149
959
8411
1998
5798
11614
11405
8100
9216
2261
4995
517
2930
9677
7059
272
7644
1143
11613
973
5422
2271
8020
9447
95
10278
9757
5809
10930
6357
4154
11113
2444
1122
3307
4597
3217
6538
2836
11921
11533
273
11639
7371
10144
3671
8525
8683
5212
6836
11607
1944
10485
3077
5445
6749
580
6240
11032
2908
8147
1498
10928
6209
8584
2108
7818
6693
9568
7404
8132
3222
1853
11331
10197
11270
8712
10190
882
11016
860
373
605
8549
5145
9421
3253
8877
5694
4366
3010
4473
21
3510
5199
8473
5826
548
11802
8609
5701
9141
7559
3540
5461
9594
7325
9733
10333
7775
70
10399
2641
6978
10055
6526
5801
2222
3092
2165
6205
9873
1878
9820
4949
3602
9362
4553
1124
1583
711
11242
5578
11021
579
3407
4681
644
2756
2268
6027
6748
11569
11477
3862
4739
7628
9406
9293
11187
11705
11402
4948
1019
5327
9170
10908
10714
5784
9881
9530
902
762
8950
2699
3117
2123
3985
11723
1957
11055
4119
1508
2819
6282
9472
7386
901
7541
8172
1666
827
755
7374
8932
10592
8677
7166
10882
892
7853
4485
3065
9251
2726
2593
6804
455
5137
725
9699
5434
10767
4000
11760
6418
4349
11057
3227
4495
11348
2205
11087
4451
11799
6703
6462
667
7502
90
9534
1428
6040
10850
4447
43
4005
11561
2668
5968
10257
6089
8862
9235
3434
10518
9139
3630
10712
5950
9911
6697
1768
3987
9922
1681
9453
2935
10953
9752
3576
6878
8276
6966
8394
832
5232
9237
10637
4769
7909
1357
11686
9471
2848
7647
1618
2138
7330
1017
8748
2862
5623
322
4829
7400
3419
8121
7990
11636
9254
3809
5660
3301
437
2277
11892
1366
10467
1597
868
300
6950
613
7442
971
7546
4162
6653
6427
2791
3588
11660
157
991
5168
2624
8947
8383
5250
4363
9797
10371
8519
4323
2220
956
163
7497
11118
11838
11368
11210
4310
1655
7843
377
4927
2787
8442
5661
7077
2443
2564
8417
999
2636
1304
4156
8886
3380
709
11721
2190
4414
4634
10421
4686
478
9793
7243
6522
4014
9052
10915
1332
10322
1208
4842
566
10531
6098
9028
4700
3516
1404
9964
3511
2478
7499
2012
6383
1151
7643
2321
10014
6480
7857
2926
5708
916
672
10071
290
4559
5855
10025
4652
10663
7417
1669
7762
4573
2663
11898
911
330
11680
4035
6961
8542
10143
1849
7587
382
5463
2607
4202
2196
5295
2520
6185
7624
10198
11165
3118
3101
6297
9634
6576
9470
9956
9875
9710
4816
4520
9004
5494
4562
7993
4438
5870
10247
1586
7728
2156
1001
2173
1914
1827
1483
10295
5936
7368
7740
649
7005
8123
10286
5506
10821
5316
7528
7382
11134
2667
4193
9043
8461
4340
2441
11414
5142
7388
4717
11896
9039
2298
604
10745
11776
3508
8728
5266
11099
8528
11208
7554
2153
7694
5402
9035
6198
3259
2347
9146
11501
6321
889
11066
855
6948
2849
2722
11689
11922
9147
11544
534
8896
5993
4958
10619
2247
9825
7022
7171
10167
11827
4291
9267
9358
7508
7383
1054
9647
6139
3892
2612
11751
8620
7942
8289
2894
1184
1842
5822
2303
7690
9611
3346
4120
8244
10148
7911
10955
11728
8413
4496
658
174
7199
8685
9413
1903
2001
6825
921
7819
3291
1123
2410
11819
5553
8726
8612
10449
7593
11617
7823
7347
9883
5172
394
11461
2521
7002
10193
3710
837
3680
6585
8045
2174
6791
6380
5901
10297
4744
6484
3582
7549
9275
6925
340
1649
2511
4036
10217
6937
8144
7179
9756
4522
9968
3716
9909
10527
1641
1676
6087
1712
6448
10702
7494
5372
11221
738
5997
2821
4787
11687
9995
6104
1010
7413
10438
8722
2598
7782
10391
8740
4863
3942
11325
4237
5803
3325
3631
7063
2577
2269
5171
5343
11931
6166
8249
2336
11671
3947
5967
3946
254
6778
6642
4547
1701
7792
4517
7093
4415
6317
2551
5960
11878
7599
3349
1743
6876
3805
6294
9233
1431
6054
4081
2337
11033
992
8187
10177
4331
3733
11664
6036
625
3072
120
11075
7767
1038
4469
1716
3027
8772
7704
982
9491
4991
6288
1062
6755
9903
9110
2562
567
6668
830
7605
8493
4899
8106
3971
10326
1188
2035
10825
759
9057
2106
10698
11685
6581
8926
10123
11590
7953
6005
5906
3324
7507
2543
7744
10372
10956
11091
10548
10942
4206
11515
4085
10968
6233
7430
3294
10900
8458
6073
3760
1975
3379
7397
6030
1888
2177
7342
1785
3701
9425
7212
9311
8511
8832
4916
2002
4931
11714
3590
8723
5738
4850
9042
3396
7720
4766
1828
3847
11410
705
4240
1721
9849
10649
4373
4201
11213
10248
8707
8710
11536
1098
4289
386
6850
10101
621
8695
11626
5530
4357
2861
1900
6807
1225
4152
1170
7948
11364
7664
11697
2084
52
10215
11111
6258
9026
10307
3532
10273
11422
7983
4343
11301
7674
5223
11918
1614
9959
9877
4454
7125
6941
9138
5990
1455
4441
3020
8670
10834
6822
740
6552
8522
3517
573
6734
5334
5496
609
2753
6880
11342
11682
3918
3082
5520
10921
8746
10000
139
4413
1749
1396
6431
4764
4721
9155
11860
6472
11156
367
10149
2915
5940
3492
5100
2933
8319
3797
5025
2016
1918
4071
6808
2735
329
487
2361
149
5245
8779
7875
1622
4516
7861
10661
1554
10203
8478
4305
10577
2365
6710
5388
8943
7232
2864
11880
627
225
4577
9461
1770
9845
7264
1517
10631
8234
9939
3182
6498
6243
2413
7051
3327
2535
10402
11162
1589
9264
7931
5598
1807
3
5939
9185
1972
2696
5748
1134
5155
850
88
7161
11024
4445
9605
430
7563
9067
7360
2186
11822
1178
317
3795
8419
8139
9306
4624
11
7742
9593
8793
2391
237
1786
184
5113
4483
7634
1939
2438
275
7393
2942
10373
11248
2390
5594
2292
4989
3028
2902
673
2467
7117
7101
9779
9509
6490
9191
6700
7046
10375
4808
8279
11449
7601
2898
5976
11872
4759
11013
7039
3445
6857
10256
4018
2110
4812
7202
4440
1683
1187
4011
6664
2526
4616
5814
11367
11376
9168
1474
3176
500
9103
11514
10593
812
11785
4826
7878
5098
1771
10400
3775
9045
1928
1645
1897
11852
11404
791
1921
944
23
3973
4809
9469
4499
6575
898
1250
2886
7194
8017
107
2692
1604
8203
9746
2078
5628
6251
637
209
4880
5676
11899
10361
3618
6899
10002
7679
10773
3055
10526
1739
9143
8629
723
4208
1974
5290
1747
5966
7178
6303
3440
1690
550
1920
3725
11524
6615
8393
2488
5602
6872
3627
3763
10150
6333
6894
7010
8065
323
8571
8233
9190
8872
11215
4017
2215
10570
6178
6155
1836
6339
9419
8103
5989
4625
9011
7829
9446
4535
11038
749
8953
11789
435
3177
5933
8910
6903
10749
509
8623
9688
7888
1661
1871
2513
6747
995
11344
1328
8396
2904
3450
4371
9912
6913
10033
808
11862
11807
1387
10056
4585
8414
596
5697
1973
9994
1568
10991
8586
9957
722
9942
4942
9811
9465
1894
9982
8855
4543
6690
4169
4596
4846
4913
2793
5088
4122
469
6422
3554
987
7719
5141
3046
8380
7143
3371
6732
11103
11859
5169
2835
9540
5823
5962
9213
3851
3990
11566
5804
4895
8902
10340
10985
7271
541
2373
8164
9700
493
4239
8505
3333
1986
8711
10911
3747
3400
2524
7324
2397
9952
2061
496
11599
10650
10979
7165
2534
8734
6512
2712
4382
3810
3796
10274
11119
10987
8497
1511
6247
9616
1482
11310
5844
5904
7557
4199
6947
7322
4361
4685
9531
2207
10152
8731
4203
2887
11433
3064
780
3941
3321
9664
4869
2621
5850
5126
7300
67
1164
449
8951
447
9966
3585
288
475
666
8064
9737
11122
8992
11907
3620
7274
950
3562
1449
2075
11381
7315
9980
8063
8404
974
617
7014
6135
7012
9102
303
10360
11015
5050
9924
8366
7040
9420
3695
9847
4621
2243
1273
3414
6182
283
10711
3700
2335
8814
8743
7255
8523
9161
3490
4141
3866
5032
3883
1819
10875
955
2224
6452
10294
4590
10009
8874
5374
867
10659
5308
5375
7092
11327
677
10093
3427
6953
7665
6784
4604
4584
1235
8431
6271
11030
9164
9772
3273
1967
27
371
720
1365
848
3229
1874
7372
11764
1817
11274
10841
1724
3889
6287
3097
10044
6231
7316
9114
5189
5713
8477
9219
3904
922
5131
3606
6983
975
5957
10728
10507
3034
6911
9762
6223
7609
9229
2109
497
4091
3676
9607
998
1905
2853
10267
4077
11169
8230
396
6834
3793
1702
7379
6984
3394
3899
6639
1798
820
9842
2550
1311
5586
3614
9971
8397
8783
3640
10645
4651
1652
10262
5651
7901
5415
10125
3692
7786
7759
2342
8517
1467
2727
6820
6458
4168
6613
3186
10136
8541
6579
11340
3233
9659
4627
7627
3163
8957
9603
3757
9620
9113
1082
6038
2469
4089
84
3804
5338
3945
8847
10324
5355
7992
1043
10128
1283
4389
3048
11655
7495
5089
1096
2507
10441
4856
10066
3461
10185
10947
9655
886
6780
6349
11207
745
6845
3653
1969
5241
6076
1064
8535
2008
10368
7830
3385
6802
9899
10142
11058
894
6397
9163
4492
11034
11736
5312
10103
366
11645
5796
8678
1209
7
1632
1755
8355
7803
8883
408
10325
10495
191
7128
10298
2547
4257
11216
4885
8049
5912
1376
1159
7727
7162
6973
2602
10250
6718
5671
4282
11863
2658
6325
4462
1460
685
9539
3578
3125
7582
7326
6851
3720
6143
7796
8428
4602
4837
8559
5847
9097
8334
5280
6142
8141
6211
11189
8924
6624
5566
3822
10705
10788
6889
8438
8056
1145
5398
9602
4947
11223
11575
8643
11924
8018
9333
9672
747
7398
3428
2505
3575
499
522
3335
3426
7436
38
10317
505
7802
55
494
9834
4370
5980
11300
774
6582
9488
1892
4177
8617
9610
5999
6442
3967
5314
5606
1340
9570
10826
8130
10791
2646
3160
10529
7632
3890
10428
4210
136
1234
11518
10807
9178
11323
10261
3649
6322
7754
7726
6224
4409
1717
5650
3656
9687
10643
5282
1860
7080
7781
6563
8181
7951
9537
8580
8834
6707
1003
6738
564
5284
2572
2994
3390
1581
6065
2688
5637
11086
6769
4600
8598
7070
3565
6636
10367
11657
7710
10075
10403
3093
5011
4458
11578
10874
9473
5915
7547
10024
954
10571
8917
11266
4178
5431
4067
10332
1434
8704
10422
11350
9579
1674
1991
11106
6798
11462
3240
9278
1424
5627
7385
2533
2497
3791
1447
10998
3664
8785
7320
9923
4574
5620
4214
5723
1030
9728
4446
3998
5725
10914
11620
3677
9521
11752
10035
5004
4939
5841
3628
3356
8760
5070
4050
2690
8043
4728
10213
6385
7537
5092
5239
8856
1267
6619
2983
2185
6478
5757
9827
1247
7214
3650
8819
7054
11877
6266
7824
3080
5305
9958
563
5951
2776
10455
6414
9303
7100
5371
6097
10890
9355
4262
10974
909
5253
219
3483
862
414
11341
9721
11178
10876
9349
5225
643
10107
7897
4279
11469
1149
2976
5610
6676
3867
4848
11836
498
11017
8116
8732
3109
10511
5163
9434
4229
11796
3579
6611
5952
9044
11903
2388
7402
8792
8161
48
3098
7011
10554
2315
5652
4552
8964
923
4607
10254
7929
10787
1450
872
8207
8581
8340
3336
6399
11546
5621
1569
8342
164
8971
1913
6909
6456
9822
11084
11116
8373
4793
8543
11005
8151
8749
10575
2429
2327
8331
7268
10331
265
11806
7692
8009
4971
9112
5719
6194
5085
2379
9046
10129
11305
8853
418
10435
8822
5571
2386
4626
11372
10751
3996
4578
11060
2893
4471
1084
5238
11726
7702
2381
6235
1342
11790
1963
4158
1982
8687
411
1345
3477
4351
699
5938
9348
1189
7204
5896
2554
8190
10579
2040
8647
2297
4832
5916
7333
3536
11202
1826
5006
2129
1706
4379
8770
7272
10835
6158
6930
10358
577
8828
7932
10544
1204
4285
2653
5055
1654
4033
2921
1183
11435
9356
4679
7354
5329
11839
852
5875
7776
440
8309
10168
7308
76
1802
7596
8012
8585
3042
3381
104
5842
547
799
4059
2752
1971
11064
405
8654
5653
10549
6701
5309
3865
1543
11196
7721
11441
814
895
9037
10446
4714
1491
425
10396
2160
10272
10639
2934
11380
2191
2128
2141
4501
1338
3879
8042
4771
11666
9481
212
5486
3569
380
6529
4042
3974
2710
9144
2067
10615
3158
3441
11577
876
4029
9361
9976
10067
7500
3672
3785
2393
6245
5854
9682
69
8165
5987
9774
4709
6905
926
6977
1764
9649
4295
8351
3026
4765
3478
2539
118
2870
126
238
5852
5022
2643
8062
8208
2968
549
7706
796
5793
4968
4536
91
7729
8241
3526
3893
4668
10946
8099
5198
6492
1298
2085
8778
8363
312
10509
6334
7765
7062
1422
10628
1351
7340
5208
10379
415
4468
255
2943
6992
8996
232
4367
3377
5692
3218
4611
6295
5303
4675
9615
11837
8023
6643
9121
2961
11346
3514
1943
10338
3686
7635
9950
5269
11365
5811
5639
468
6412
9261
6554
3852
10799
5130
6996
9342
2868
10836
9032
4735
5429
9247
10818
11428
4290
2291
3558
10188
8219
826
226
8180
6424
4114
9518
5883
4500
8551
8576
11555
3547
11662
1787
8088
10219
7970
1838
11605
7001
3076
3894
4133
11875
7580
8646
92
10011
9003
2897
996
689
9887
1356
10313
2650
8059
7258
10451
3702
1430
9643
3959
10508
10448
6229
8420
8238
4917
3466
10305
5207
6770
4868
2823
10302
2858
7904
8682
1168
2755
8310
3468
1427
10848
10037
6248
7552
3544
11194
3838
3613
8948
10276
5923
8572
3571
861
1398
11434
2341
3487
5856
9127
10083
8452
11881
1367
0
8406
5750
1432
10159
10381
8891
9580
6449
9205
2213
5181
8429
619
9837
10603
6052
7177
10692
6867
11811
413
632
5683
9951
5060
3533
7024
11186
1462
2850
9735
10815
10113
9310
5686
11282
10904
6123
1863
1291
7221
7774
141
10651
9073
8631
7053
3976
4142
3179
6191
6446
1009
2959
8054
9370
3043
4896
10883
6316
1433
8583
3282
1917
5186
11335
7114
11608
7384
1013
4918
192
9265
6940
6162
7515
6960
8595
2888
4689
9449
251
2502
9440
4215
5786
11409
3568
4271
3142
3741
7749
7480
10814
8193
2057
2189
5013
1932
10752
5783
6565
9486
7833
10533
10051
897
5086
350
6620
3458
8689
4944
9841
650
7252
10282
274
6943
5455
3418
9585
1185
5251
11289
5069
3787
10823
11114
11731
9049
1794
6273
1241
5805
7501
6181
78
5523
8750
2102
10980
6338
8170
4929
2744
11828
2491
6841
1157
267
3175
269
2279
2600
8713
8092
9350
8700
5903
11699
6479
7314
5877
11211
1682
9418
9340
961
8502
10465
11688
6800
6914
1027
2447
457
10903
5537
5961
5498
6840
2881
5147
1202
9985
10006
5964
8225
3309
6381
816
1364
3948
2098
9624
1271
8257
6542
11279
7809
7779
9023
754
4399
4533
8407
8341
8850
9326
436
72
8490
2719
1870
1490
5808
2362
824
8472
9423
10493
9137
6813
5579
9188
11595
2587
674
2789
6447
6433
8663
6416
6043
6285
45
8553
4219
11674
1758
11199
5348
9392
5891
7550
2674
8159
610
10885
5635
6763
448
4747
2799
215
6963
3367
10109
10365
7350
4595
9041
9490
2709
7439
9755
853
222
2591
10356
690
4768
4030
7364
2967
5466
6018
9268
10829
6513
9260
3577
11702
8925
3780
7099
4568
7663
4080
7110
6343
8919
10339
11512
7459
9750
6826
9684
11661
11174
429
101
1626
8189
1573
6577
7174
11467
11145
8986
2212
8427
7870
3196
3120
2798
355
4841
6573
9111
5564
9123
5742
8274
8483
10786
1473
6970
6177
7373
7176
2428
3771
6810
5858
6117
10689
1011
5995
11286
11311
10229
766
8788
8391
4972
8089
4775
6679
11044
11910
5582
7789
9601
9320
5158
2310
1602
2811
8918
5589
10780
1800
6387
2387
10843
7525
1141
1212
235
4273
4086
7292
10594
3096
8885
357
3694
7660
10027
6483
1380
8895
7544
8554
2872
7343
16
5041
5758
9792
11615
3937
938
10963
3293
7269
4112
857
7015
3252
10121
10457
10052
8652
7813
4312
6863
6592
6327
8550
8552
7730
7594
11110
6910
9343
8304
4965
6906
5001
11031
11713
11894
6727
7791
6922
7438
11252
6879
6816
1026
2973
9201
9493
6371
11361
10797
10870
6945
5365
9297
1464
8786
10026
1769
8424
4334
1015
6121
10064
1435
11439
236
5447
2316
5691
103
3472
4128
9745
5390
7066
1249
8515
5919
4572
10866
4012
4280
9870
11276
308
459
3106
1425
1199
9125
9878
410
8266
4544
2769
5609
10231
86
1079
1461
10778
10069
1594
6805
1937
3275
6102
1406
7047
1363
1390
9120
1264
7869
3845
8277
856
7139
4253
1759
9083
3992
119
9860
10374
4450
3410
7000
9577
10696
6114
5941
2049
3873
7573
1855
4027
10923
2672
148
2077
8456
2328
5121
3666
3203
3858
4322
5030
4925
6011
4456
11195
6797
6263
1734
473
6326
9086
5414
6029
6044
5040
8960
665
2948
10353
11858
5670
4188
4556
7806
1693
842
1131
4582
10186
1287
8865
6511
2759
3470
234
2003
10861
6441
1506
538
9707
2863
11050
1946
9787
3471
9092
4615
5400
7920
8894
1117
7334
11253
2705
5313
5451
10764
6212
9836
9786
5707
3382
167
2062
11161
11485
10849
6566
5103
3846
5747
6715
6046
10145
11314
301
8295
4762
612
123
2289
3802
6501
777
1383
3596
11128
7122
6133
5057
8376
1916
6980
8390
432
8222
11813
10739
3815
9
5112
252
6684
10559
5217
316
10003
8301
7906
11291
7752
11237
5978
8570
8854
8898
4831
9410
3404
5752
10504
9430
7476
5324
8058
392
4424
5668
7160
718
6168
2210
7991
3806
11236
11868
11309
8037
7222
10648
6942
4
11233
7309
2575
4236
5641
2589
10601
1976
6988
7358
6591
4740
11732
9063
7478
1198
7283
2070
6823
9882
8845
11698
361
7200
11371
10668
2748
11481
5879
6692
1213
734
2158
6625
4839
5755
10208
9478
471
10812
1315
3870
11302
4258
4405
7473
6188
9096
6924
10913
6938
3790
8162
8619
9717
11048
928
5384
10005
11890
14
2804
2140
68
456
7105
112
454
9363
10623
463
3402
3283
9100
6645
3829
11479
10700
3001
1623
3927
11065
4189
2226
8649
5363
1
10747
2763
4966
2358
1176
8135
866
10557
9133
1346
10041
5108
11612
2721
6101
7294
7794
3167
11012
3479
3376
6417
3136
1475
7192
304
5817
10863
3659
10163
3443
7073
663
4511
7496
5389
11406
5211
11748
3909
4207
2430
6072
7872
9126
3372
1045
8379
7362
8766
5762
4073
9935
5848
5788
11043
2455
5943
6868
2685
10106
1839
6197
165
1576
2891
10072
9140
9483
2506
11551
2119
4408
3715
441
1582
1107
859
9346
4888
4667
9156
7595
2378
3298
8940
9189
3405
11570
4020
9323
2483
10130
7357
11102
6069
4392
739
3621
4953
3530
8421
4702
10862
5243
11343
4924
3320
8036
8332
11320
11788
4959
2629
8978
6678
11763
7835
7206
9830
592
8156
1532
634
5618
490
9583
8463
3431
3348
4716
6206
8593
1413
8469
7203
825
6236
4874
5556
11133
2394
2503
1336
2496
5560
7319
3249
5910
8706
6946
11231
10415
8318
4420
8626
5876
2250
7477
3157
6650
5257
7464
311
6058
9382
10223
7584
7033
7733
4571
5413
10258
1258
9463
5569
6398
5233
10816
10847
2594
1689
4433
10407
9496
3980
5812
4587
2800
6935
6312
3212
8243
3772
9888
3723
11679
3398
5532
6623
6557
11085
8852
2047
3361
8980
3033
2112
884
3745
2924
10481
8864
6708
9986
6217
2830
6995
6873
3017
7389
11160
10478
2135
10697
8607
6794
10678
9828
11733
5369
6934
11618
11400
3242
7652
7695
1890
3388
10905
7705
6489
6203
1494
10730
10189
5479
9068
5452
9686
9678
2461
6550
6092
3225
2211
7980
9850
3040
4521
7270
398
11923
10095
10798
10805
11473
1100
2603
11256
3084
8369
7253
7111
11861
2565
6196
296
162
2698
10068
8110
5642
5337
616
6775
2334
3287
779
6518
11489
2851
1665
4384
5511
6050
7416
11229
5059
9239
7428
620
10048
1927
7659
4007
2723
9085
10063
8904
702
8375
5954
10804
3439
529
2154
2043
3746
11062
10460
6015
2529
10207
6238
9033
3230
7978
5058
2656
5959
6646
8764
2918
4380
2905
2493
8259
6330
5043
5408
9885
599
4743
10105
6721
1824
8317
8632
6614
5558
9062
4055
171
952
9879
10658
2736
1486
2236
7858
11505
8157
472
535
8055
9558
8090
9743
7216
10721
10521
2582
10078
2964
9984
11820
11295
6361
1613
8377
2229
6497
9194
11908
8292
5548
3750
6234
4833
1628
7432
9222
5584
9321
7941
2460
4314
4023
8968
1733
2635
1405
7276
2364
11596
7562
2657
1634
10760
11037
7159
9319
1631
1402
838
7448
1400
10346
556
476
3612
2531
5770
10043
5468
1441
7474
2459
1513
8955
10701
5352
5347
10898
6430
6265
536
5276
6463
8286
6875
7238
1108
10087
11146
4617
3254
2495
11537
11523
10796
4364
9192
4871
6362
7527
5420
5094
8588
858
5973
11507
10713
8145
9946
8016
9236
6844
4383
7289
9551
3827
6337
1803
8544
2360
1533
11677
10059
11876
1638
11355
9596
369
11754
3003
8186
8124
2487
10475
6981
9375
8270
3623
9874
451
9250
5292
1575
4818
3149
427
11336
11720
11185
6291
10582
132
3550
6028
