7125
6557
8417
5332
2569
11612
9942
4835
8557
6233
6378
1864
397
9293
3375
5137
8064
6885
2996
9544
9973
4699
3933
3875
383
5961
3427
2927
6130
293
7886
5773
4502
9472
8339
6790
8149
2021
332
5215
11040
5029
4894
4744
9474
4981
9842
3626
3788
4882
2617
4370
4816
7013
2575
5661
8018
461
7379
8693
4211
8628
4352
4802
5191
9361
7838
972
9912
11472
6381
11842
612
11238
364
3113
966
7282
8387
10250
11312
2505
7831
6107
11210
1882
8169
2727
10540
6132
1631
10392
3135
4176
10772
4542
7432
2097
10014
2115
199
8119
3460
520
6420
6584
5320
2935
8968
7845
54
221
3825
7157
3316
9193
8333
231
6261
809
455
10006
6500
1577
3522
7825
884
1375
2094
7615
5342
9109
1300
847
3861
11803
6474
6292
2713
10034
11512
11745
11654
2893
1487
429
10587
9284
2249
8624
4827
9868
4313
1513
8846
6972
8645
11812
6229
5809
8348
8473
292
11117
3149
6263
1219
6023
3801
1101
10016
1645
7757
7173
7566
7194
6560
10150
1426
8913
9021
3543
2254
9191
10859
563
8290
6554
8466
1338
891
8902
6715
6099
3672
5129
10793
11647
10275
11582
5160
5560
11229
4312
7953
6605
4521
9364
5790
9241
8203
8604
3813
9637
1263
3494
321
481
8928
2933
7392
622
3250
36
9860
2796
8890
9775
4714
11725
11129
4167
2865
7926
4826
11119
8232
6793
3218
7017
6985
8300
2823
9664
5357
4688
551
5417
7224
6607
2685
7397
6788
3112
10064
2669
7990
6376
9525
1863
6230
11197
8978
7811
10255
8873
1033
4777
10079
8027
10665
3701
1247
1362
6271
9680
3730
9150
8007
11291
3230
10733
10606
10832
11208
10224
9020
11398
8441
11361
10559
10713
769
9083
4524
11299
1065
8335
4960
6756
4746
11377
7685
9922
8067
10246
11796
11201
1633
5840
8501
8017
10877
8428
308
10805
9551
7341
1920
1158
11345
4273
10556
3283
141
11183
4460
2143
3158
9379
8047
4562
2711
5898
4383
3454
5383
7053
1779
9393
6214
11782
7996
6713
11411
3185
11686
11923
11096
3510
6684
5437
7181
6264
2648
676
6896
1315
5009
5684
6494
8176
3466
8198
10197
9970
10850
11006
2
10897
1255
1901
7023
4029
10066
11754
6471
4362
9654
9626
7694
11575
8046
10074
6362
8842
8559
5363
1941
3124
9795
107
6340
7982
6371
2144
9796
1410
5558
8929
694
1524
6964
6167
3031
962
183
9854
576
11893
5953
3309
5185
8882
5691
5010
2483
11376
11425
5018
1598
4120
9255
4973
196
6356
10827
1693
7445
8029
10914
1251
7047
5788
2448
5573
2630
6026
6173
1656
2612
1202
596
5039
3019
7709
11415
4014
2749
5687
4163
3267
2525
9397
1853
8918
4158
9473
8616
11182
7472
11305
11476
9924
1798
10631
204
1193
3119
4041
11195
6915
6538
10746
4598
1458
2376
9689
9923
3339
300
7720
4878
7759
5909
4291
8688
7768
9436
3020
7679
7610
9709
6185
9950
7595
7640
11737
10422
11473
5114
6011
10221
5455
8510
4466
5797
1194
3225
1076
9905
9514
1023
11227
6839
7693
1607
8352
10743
748
9501
6448
945
2797
10321
380
2780
9116
938
11542
10727
246
2006
5724
6012
2164
4616
4386
6458
8133
1270
9344
2171
2646
2052
2661
7470
2613
6019
6806
5864
11100
3458
8971
5120
1906
5792
7042
6287
5949
7493
11140
2974
5571
3976
9072
519
5487
4797
11673
773
5942
7531
3324
5930
11214
5723
10427
2684
9601
7154
8344
5955
3311
8451
4415
7807
11272
11903
8006
7461
3452
9103
7370
251
11082
4170
5805
2180
8626
387
3498
4085
993
2348
6387
3547
1822
10570
11010
6146
9682
4100
7477
1520
7797
108
9668
3833
4864
10010
1187
5669
11213
2038
4620
11424
10438
8076
9145
5233
1509
6587
4129
8708
8895
1596
6532
6193
1475
9589
1234
4994
8865
2998
5761
5062
5766
6479
8080
5531
6953
2377
9251
5384
9338
8439
5621
10904
1246
1079
11595
103
8190
4328
6366
7936
9543
10236
11484
2025
2335
1930
1630
881
9263
7993
10868
1239
4663
4055
6481
5842
6969
2403
10853
7542
14
3981
7275
565
7264
1532
6858
11707
627
10118
1685
4774
7099
95
4910
4969
6709
5738
4897
6525
10589
7879
5335
7859
315
7380
2176
9059
9706
8617
3630
5674
4536
2798
10679
8499
11494
419
7630
4132
6764
10775
188
3590
2382
6328
4117
10235
9296
8350
1698
6410
2958
5484
6734
1593
5595
2782
1662
4731
2794
2651
4865
10137
10238
8481
7516
1580
5553
7449
6762
11717
1802
4997
10920
1020
10847
4707
4508
1273
8590
2328
548
4676
6116
9093
252
4576
1959
5978
3854
3220
3561
11618
8938
10698
8201
10803
7816
6045
5235
3026
9486
813
10395
8447
5699
6209
8059
10160
2314
8802
6597
6780
3128
3011
5764
11
1553
1312
227
7634
8375
8220
1091
7614
4249
8147
9370
11371
5095
3231
7563
9518
10768
4105
10704
7609
2457
1113
4280
2802
2679
7511
5272
9597
8347
10069
8206
6702
510
10349
7293
7539
456
11808
10440
1569
2292
5105
4665
10124
11206
11396
10513
8019
5443
858
6298
6198
7578
11160
3816
11059
1398
3299
4838
4673
4405
11773
2465
10770
11067
6741
5524
3142
3234
2214
130
7755
4119
2599
2539
2349
10950
239
5642
1915
4942
2256
7056
8705
11326
4088
1912
3423
7332
9357
3667
1791
3934
7866
1026
1073
2512
6282
5140
10310
9403
10658
6665
195
2045
9181
5224
11062
4495
1548
7452
5338
0
3551
10000
7212
7425
9223
179
5745
4220
5962
10672
10895
10352
7137
4314
11619
3126
1015
9583
5483
10448
1605
9513
8235
11420
5900
11235
275
2774
3356
2885
6795
11764
7535
1883
673
4270
5827
4566
8664
5354
2042
10595
10998
2366
6259
7347
2811
4230
5027
6374
2032
4184
5494
6219
10232
7746
3506
6337
2168
671
8122
2751
2532
3991
992
5835
9870
3660
7066
5948
8607
2206
2939
9402
2871
1723
7957
9238
1776
6106
4506
8135
9571
7974
7079
7112
3257
4622
10616
607
9798
1083
9832
6530
1053
4448
8353
1603
4695
11521
5418
3699
10213
3227
11200
895
8082
8897
1953
7127
97
10317
8118
497
2674
8618
9825
3894
8202
10654
947
11352
3468
5407
9064
5759
3004
10193
2078
1017
1749
9862
8648
1176
3422
2281
8121
11896
11367
6044
1094
9179
3722
5318
4995
8844
4642
5351
4799
11468
9346
7090
7589
738
538
3610
1127
2560
5706
153
4159
10048
7189
4290
3789
4927
5307
6539
6629
8415
2966
2295
7134
5615
7698
6524
5489
2251
2702
8591
2843
4955
5218
9237
10230
1462
4151
5933
8556
3486
3254
2081
6881
8871
444
11267
1180
3661
8757
4140
10663
10088
8782
2729
11196
10112
9617
4013
7106
8539
10617
5189
6973
10494
901
807
6495
11708
4110
7086
3890
10576
5960
3952
4724
1055
9430
11216
3191
8162
9333
2384
7261
11577
2551
8962
645
11055
8023
8989
1027
11127
9373
11530
4017
4293
3914
8110
597
1840
811
6899
6727
392
3534
8779
1392
598
722
8306
2554
10382
3024
6818
2516
3062
1400
3081
5703
8950
9422
2470
11889
9919
5133
7198
27
2371
9111
1973
5398
9407
3919
505
3371
6601
6568
10402
2111
10729
4087
10259
2442
2761
8330
4321
1807
1405
2478
1657
2894
6706
2511
9034
870
4516
10615
206
6625
10634
7885
11752
1289
6213
1781
9730
5375
995
5957
6005
10022
259
11527
1664
2840
5539
4300
10677
775
810
5889
4401
11572
9782
1554
1665
1544
3786
7121
3678
415
61
11135
7677
2316
7453
6540
3680
8345
8932
3917
6361
11471
6836
1525
5211
5925
7110
102
9871
3143
7088
7475
6548
8054
11497
8642
11692
7206
508
7723
13
72
789
8028
3424
2572
7526
5166
4411
6959
2468
1181
10701
1336
8302
9989
6863
6086
827
7512
1903
9096
4609
4031
7909
11597
737
8912
9359
9419
6722
6987
8423
10471
750
1828
3170
5834
8134
10649
154
9955
1383
7567
4599
5479
5377
2444
3763
7314
5966
799
1151
3164
1835
1632
543
3431
1940
11649
7220
866
11157
1925
5803
10187
3838
5576
10059
5837
4845
2157
3162
9958
5846
6743
3771
10875
6295
8996
361
7155
2877
8681
9069
8197
11856
6226
9511
8366
19
1852
8765
2671
875
9260
9986
2379
8887
10296
11832
3266
4748
9954
5438
10609
6128
1282
1201
8815
2404
3412
9720
5599
2923
9684
2297
2528
8788
10314
10009
7799
5694
8733
6647
3502
560
6098
752
820
3110
9363
11822
7552
3493
6674
2540
4692
3603
6746
1421
4939
4099
343
5112
5572
4768
3284
10840
11019
10975
9666
11614
3618
1080
5457
5021
6639
6926
7131
9146
3187
2260
4853
6404
2329
7008
11378
170
4174
9746
4578
7242
7938
3249
4484
219
2119
4114
5106
9700
5931
11273
4825
5756
3559
10462
976
352
7636
5208
7943
10514
4896
1018
6192
10944
4325
10758
4427
1653
6683
1842
5006
7422
8152
704
5034
9297
4298
8409
11130
4477
9731
654
4901
11916
11204
4182
4641
11330
4468
3351
6159
8156
4769
6288
9988
11172
8784
10300
7733
2309
8098
5583
643
7139
6149
4056
5065
10127
7414
4355
10265
5795
11589
4755
2073
163
2922
1052
1821
9558
5968
11877
1301
1174
11252
3629
5905
4122
1463
7506
1141
1431
2846
8766
9624
5637
5147
3092
6113
3980
4734
2633
11560
10586
11845
1530
7767
8269
11759
6245
5521
766
5589
9687
8948
10643
2074
4891
837
3364
506
4353
8997
3812
7368
6581
1918
2970
2820
6558
11066
11314
4043
7992
8378
9015
4406
5976
7459
9963
5512
7148
10951
1438
9330
6480
8140
839
7917
2192
4848
3839
6306
11170
1708
5172
9533
3860
2916
2918
969
1612
11726
10553
5920
8112
11265
7292
1813
9855
4496
7345
2629
1541
7681
6156
10967
1295
1879
9265
6829
174
1476
9555
9852
2085
4715
9733
6174
8921
2508
10851
8665
8832
1965
8131
4639
11552
11292
4166
10355
10200
9495
3654
3008
7858
4728
6190
2886
4841
9054
2887
8373
10604
6636
10726
59
3295
11727
5004
1916
8852
7211
3946
9011
11627
5175
11891
8388
3059
1154
10757
256
1843
3908
8032
1638
8807
11883
6058
7377
6057
2268
1013
4268
10334
9906
9476
6938
2129
88
11438
4203
6768
610
7785
175
7588
4887
2907
10741
2752
2636
1199
1346
10482
927
6409
3462
10992
4664
8408
1316
5030
3608
5854
6258
7358
11301
7583
8797
10974
7280
3653
11858
9508
3818
1378
8934
10052
2072
4011
6117
2779
438
8186
6402
9068
1341
33
8207
9212
1804
3851
559
6523
9895
11039
2484
11244
11261
11289
2919
8361
4420
10372
11592
327
7798
5314
6770
1551
3586
8944
6748
6417
6779
10417
10797
7254
6157
7156
2422
5515
7598
4367
1353
11763
8365
9141
10671
2277
3338
10090
11524
6682
3528
2431
4429
2198
7043
2521
152
9082
5022
6910
3810
1157
6952
9980
1267
9915
7627
2990
6961
11802
1510
358
2979
6334
2527
5221
7213
7287
5883
6240
11035
7747
4022
1414
10984
10903
4999
7428
718
11456
989
1682
6218
10966
3216
4333
5992
1260
55
3037
2462
4541
284
6919
7594
3095
134
11556
8444
1427
2862
11899
5624
4349
9971
10719
4435
6041
6332
10406
3064
3483
3312
2338
5850
9471
4970
2174
7796
3107
11636
5254
3165
8483
6993
1480
1614
3368
5645
10167
8334
4015
6888
5604
10837
10521
9719
11171
3665
680
3247
4350
5402
1207
10872
9384
3408
4343
11817
7409
7981
2647
8189
2232
830
469
10426
5451
228
11072
11268
2060
8833
11049
7102
11218
554
6433
331
1945
7695
1106
9995
11023
9087
8037
4815
5313
8307
9316
10844
1428
3055
4378
1001
712
213
5701
7880
6602
470
2334
4633
2463
10342
4512
11501
10291
10982
4142
9504
4172
2725
9819
4320
3615
1917
10218
6001
10691
244
8613
2106
9031
7692
8412
2205
10125
3785
11467
9291
7313
6760
8142
574
5139
755
4805
3439
2107
638
641
608
6862
6752
7029
11241
8908
8531
7124
8662
4282
1465
9092
1254
1841
2942
8470
1166
11192
10893
6053
7337
618
1787
650
711
1188
106
7022
6671
9426
110
6897
7629
2997
1047
11178
4077
7599
4722
6569
10812
9398
11341
8955
5186
9910
9758
1944
8643
9211
2141
4909
10619
8224
10248
557
11149
5283
917
9888
4143
8411
756
3027
3182
5421
2169
3403
5774
6941
2637
457
3268
9289
9014
3746
7435
9256
7537
5554
10084
3289
6869
4587
9956
168
859
6589
3214
6160
10318
10361
1995
6318
5449
8259
3136
4584
7049
8629
2952
11422
208
2692
9024
841
9431
5775
4819
8980
585
2587
2621
4118
7590
8159
3115
4870
4035
8419
4844
968
3317
2213
6281
11491
2000
5700
8050
8920
9944
5731
959
2476
11081
8805
2486
3241
4776
6235
7923
4102
5875
1294
5644
10986
10753
4554
5148
8554
9873
10636
9209
4464
11694
6861
8399
3372
5643
67
10694
127
5843
9400
1184
10233
11829
9058
7393
177
6033
3540
8736
3221
11705
3039
10045
11180
1225
10455
5293
6600
8715
4914
6380
5860
5104
100
5482
6718
1719
2093
3832
9032
6700
4979
10833
5690
5958
5794
6627
3585
952
5280
9190
7484
2555
6832
4360
417
10664
3433
5946
7448
1621
484
2265
5720
4006
5611
856
10789
4585
5506
7177
4433
4098
9368
4687
1989
6476
5722
9016
2688
8777
3783
3386
9787
7349
2578
4351
2267
6383
10516
4510
4988
854
4380
1090
7867
2118
1980
7052
1938
10728
8187
6786
11795
4751
1978
290
8684
10942
9603
10428
8911
1107
322
7569
9120
7161
1561
5579
6859
9573
4196
5619
2459
3035
7192
11722
1604
4018
1045
2635
5895
11417
9662
10412
3847
8180
10659
11254
9177
211
9990
500
9563
9157
4983
6688
9280
353
5713
2340
2568
4814
10133
7083
9546
9961
8513
10496
7269
2289
1482
6220
7207
4702
2098
6533
10597
47
5744
602
9705
8545
11650
10375
5622
1582
7162
10910
2220
9140
10981
527
10115
11011
3649
3997
9094
8117
10742
10336
11317
1356
9507
7632
3640
3553
5665
8851
4150
6100
9658
5818
8397
6446
11225
4612
10550
1732
6890
4615
9859
3682
3114
3090
5815
66
3572
4368
786
10272
9622
2861
9204
6038
1854
11609
6529
2491
7833
7850
4652
7348
2879
56
5045
8194
3098
1667
10831
8727
6007
7438
1552
10298
5714
2055
6884
6912
2536
2946
5983
8829
2776
7355
10144
7655
4199
4572
8236
9288
9703
9248
9500
7072
8313
11747
4551
10963
6369
3332
8809
11898
11322
7236
11404
1281
7256
3085
10747
9595
8817
8114
9901
5951
1670
1464
5094
4958
741
3437
2361
2570
9695
7574
7317
9560
9196
9391
783
4279
5246
5760
8275
4945
7116
7373
3642
5697
6131
633
9736
9564
516
9205
4749
2741
10625
9437
2364
2733
4785
9663
8205
8973
9439
916
9921
9300
6246
1991
8914
3501
10419
749
8516
5450
2590
11683
7969
3069
512
11274
7671
10483
7260
9936
5217
8776
3729
8320
1064
8278
1763
2123
3537
5471
1349
5680
10871
2028
8737
3475
10529
11413
329
9987
11800
2433
10214
2365
5382
8718
11875
5403
4930
2609
3568
5199
2012
3202
4800
395
9023
8468
2830
11718
7252
9349
981
9593
1892
8486
5747
1332
1850
2194
4573
4225
7540
4168
10781
82
10381
8385
5052
10186
10078
11125
10341
10196
8458
625
522
4925
2883
865
10007
9883
7517
10787
6621
2354
4574
5541
11448
2837
8954
6430
10190
9452
11000
9374
8707
11887
9262
11659
6663
9505
37
7250
3623
9047
311
2352
10072
4788
7487
4327
4301
7322
7619
10029
6826
10656
9480
6744
6413
11702
9377
2760
10092
6452
10821
8179
9506
2317
4179
946
3196
4286
11007
4866
11768
1468
8986
1124
7921
11870
1321
11824
7082
4558
2915
1481
6147
8363
9991
9692
6729
5414
7753
3550
10274
1827
745
8535
6923
6646
615
2777
3343
10149
3094
2925
3484
4127
5617
1386
8896
846
9401
10053
3968
9446
9737
2039
2109
2999
8891
10480
2994
6191
1335
9841
11083
9978
8586
1350
8304
2029
8265
8008
3327
391
11362
7460
7966
7661
1385
2114
5220
3902
2784
5096
11281
1830
5306
3333
5997
9124
6418
8414
10376
44
9065
9423
5507
2765
1981
7894
10194
6054
4886
5786
4309
443
10423
5830
1186
11399
5542
2047
9502
24
918
71
7898
9129
7968
3435
10894
7041
4832
9009
6654
3362
3058
6954
2639
4837
8276
10764
8885
10696
9231
3883
9982
6845
10536
5804
92
5456
5070
624
1792
4968
4359
9199
9816
10611
3719
4071
9981
4511
2223
716
201
6612
3286
6590
10539
1686
2565
16
6139
11447
4685
1339
7758
782
11840
3601
1910
10457
10451
9148
11393
2641
9769
9301
10842
3655
3782
1714
7030
1784
7327
2357
2844
1655
1970
3274
143
11801
2753
1699
2156
572
7718
10219
5265
3736
9060
10629
7140
6206
11384
9824
6083
10883
6079
9433
2514
7637
5472
1793
7521
4200
4281
6382
11246
8484
11005
26
8476
9035
2709
5581
3337
7021
3784
11400
7300
6283
11463
9465
8998
6630
8683
3855
8257
2279
1429
5596
9977
10325
2978
9933
6583
8816
1342
5904
6163
1155
5458
9134
4862
3726
7819
2273
6351
6455
2642
2461
8518
2956
2040
1005
1449
4913
6921
7789
8108
8143
4563
8898
9396
5740
1726
3052
11859
11779
10159
8456
7955
4207
8168
662
8024
11569
5380
4426
3811
2121
3183
379
3670
11090
3002
7330
7061
3686
454
10778
8045
5543
5513
6051
3762
11123
7818
10808
324
4965
921
8196
10301
6438
6893
702
422
6227
7963
4366
6521
9106
3219
7509
8039
6737
3016
4476
11691
11714
8926
2385
8145
7323
418
4061
7835
11033
6050
10181
9701
3474
9388
5935
5142
4081
10590
10996
8213
4677
6419
9670
2723
11591
4131
8283
7860
3606
8668
1960
9176
6550
9325
11721
4206
1436
558
1016
1070
2007
3041
9376
1012
2167
6228
5754
8445
3205
2051
187
6697
4943
708
1623
5921
11437
2489
7019
4391
3519
7196
8298
4160
8040
7580
6279
6247
9577
9788
4723
7997
171
8858
11809
2995
3291
3893
832
9483
1408
7950
2446
5424
10826
9962
2544
1625
6308
4660
10288
9833
9077
9362
9017
5593
10354
2124
4907
7836
10822
3846
435
7145
5023
10845
7158
6789
8138
931
1075
8675
9276
1872
7556
15
1762
10049
8731
433
2043
2189
6252
8398
5252
6134
4053
3588
5891
8669
2900
3716
5566
5956
1998
5824
5162
3118
10784
10226
81
1152
6687
4786
312
7122
9243
8940
8530
5776
4373
1613
3852
6178
11918
7430
8783
9172
4670
3123
11904
7787
6882
4483
11932
7171
2079
555
3867
4250
2526
10527
5206
534
10217
4628
11258
9545
776
2037
11493
32
2908
10954
8608
7360
5681
824
2904
3303
11009
8238
686
7925
9447
9640
2961
912
4691
7702
5460
4895
6591
2719
124
1423
843
6202
600
6848
4824
5673
7165
7115
5986
3948
6940
4115
181
2344
10602
10971
389
4009
6141
8612
1072
1222
7035
3998
5529
5164
7070
3800
1887
10588
3733
1988
4978
5601
4414
3837
8520
1212
11262
3930
2447
1211
1236
9520
5519
3057
8467
4137
717
2518
3505
5874
4765
5888
3379
11250
482
11068
11760
5709
8433
620
6673
4440
8061
3913
9331
3566
4267
8457
8308
2008
1162
9566
6428
8478
1599
9481
1565
1968
8923
3315
3073
7660
11604
4039
10102
85
7356
10475
7699
5007
10114
8580
5836
10410
4904
10348
2311
9616
2342
4501
7877
5967
3548
6508
4892
6151
10823
1523
3607
3117
5165
10424
4304
8418
6834
5715
4984
215
6670
1637
10177
2717
8931
11018
9063
8233
5413
9427
7593
9909
11878
4906
9091
8325
10936
8154
6662
11780
222
5635
8482
767
3203
3999
7930
7027
4998
2628
4109
10926
3336
3798
6102
2666
9133
2868
5748
4030
616
9046
2426
3973
1958
2336
1142
6917
9530
1472
10607
5073
3106
6454
3757
1104
7077
498
4138
7103
2360
3755
1054
6133
7748
6850
5704
9674
5587
1812
4771
442
10782
5816
6750
11588
6309
5927
9053
6860
5226
2154
8528
1095
11277
7024
1189
3564
7285
9521
10340
1359
10519
1305
10179
10466
7504
6950
9496
6188
3988
6545
2552
7857
3697
2050
8610
3434
4796
9547
1215
7439
3294
9044
3862
5970
10254
4462
4608
1684
40
10999
7532
6943
8904
2507
5469
8527
147
5322
7790
3370
10441
7227
5028
8183
11013
10439
8576
961
1470
955
3579
9161
9834
10129
6031
5784
427
9646
11483
8221
10791
6032
11544
4780
4726
11834
10798
2135
6327
11176
6490
11334
2513
1539
3524
10171
511
8261
8523
11545
9861
6710
5145
653
5038
8515
965
420
6549
9592
7571
869
8507
4747
9886
7372
5655
8548
4384
584
8864
1514
8825
7483
2332
1296
3194
11776
6068
8994
1611
5295
3619
9903
4111
10091
3091
770
10453
6820
3346
11710
3432
8158
6473
38
4316
6109
7485
8546
6658
11543
4766
2420
9458
1955
11864
8714
2044
3282
6348
5627
9763
3171
241
3409
5623
6570
11712
5278
2049
4829
7918
9130
2151
5940
8917
10546
6223
5395
801
5163
8479
7892
11519
2596
2011
11427
9876
7648
35
9315
5079
929
7827
69
276
7961
1772
8814
11584
4189
5763
11635
4339
7234
5171
3676
7164
11701
7876
7020
5679
10825
9298
2951
8910
6427
5442
1893
5461
647
8623
5626
6000
10777
2286
3253
10626
4784
8760
3542
2375
9336
10530
5884
709
6320
2563
2017
7591
7045
10486
2757
3885
8175
4830
4792
5736
1455
5274
8305
10207
10094
1636
10405
4239
6757
10773
3511
10431
10460
6945
4208
6299
1440
3344
10892
11839
1105
4733
6614
7783
5916
9633
6425
840
8959
11599
1838
5952
4265
4393
407
4916
11837
11511
7046
48
953
11222
5734
2754
9038
11386
9445
10969
10819
7772
1495
9811
5793
9045
11576
1226
10702
6624
4436
10740
6115
2858
10922
7468
8647
7669
8389
11091
8509
7081
2573
6375
9623
979
5262
5721
7413
9764
5268
2806
4684
4257
3859
1896
10089
5903
9653
6055
6824
1467
1238
3237
2270
11586
3086
2509
5389
7962
10454
1326
7100
1745
3155
11835
9722
8463
10067
3465
10970
3778
10093
7153
1084
161
2388
4066
7257
4084
4602
4721
8879
3076
2770
7870
2477
1675
2620
11097
270
5002
2645
9631
6967
1522
1600
467
1433
1325
10280
9163
5187
411
7803
6821
9356
4515
8377
8717
4144
8022
7228
8429
4637
10239
2278
11928
4858
8422
3796
4503
5525
6708
8953
3137
11181
6262
8281
9070
1818
10748
2818
9307
3571
6685
4944
11537
2425
5409
2434
3211
1393
11036
9105
2441
1114
3233
7180
6110
7089
1572
5907
4067
629
7009
10983
5918
20
3584
432
868
1948
4645
3310
10924
10943
3195
9581
4947
603
10297
941
1933
3598
4341
5085
7841
8440
5214
6429
6030
9568
8443
7995
11283
302
11884
4513
7813
9569
7686
1585
7815
8219
9353
8146
2064
2293
9693
3047
1502
2503
4421
11838
2932
9628
11563
613
10086
4668
314
7707
10776
5188
5496
6177
1869
8999
9739
10046
3471
10242
986
3122
6232
11830
3880
682
6379
11443
6980
6904
1962
9685
6868
914
2721
7384
2418
191
9580
9286
11836
960
11221
5116
10861
7132
3361
8036
637
4671
4032
8396
11534
374
10388
1169
8555
9579
6567
7603
7389
3740
9076
11886
8402
532
6333
2905
6122
4473
9881
6062
3613
9727
10138
2984
11402
94
5481
8857
8691
7151
1578
10326
5820
5923
11187
8526
3321
10814
5374
10472
8742
10898
4593
11819
243
10913
7012
8632
11699
7979
8572
8553
9050
3197
7502
2430
10479
6377
10908
8254
11704
3190
3457
4330
4
6290
5317
2035
10157
6060
430
5046
1808
2988
524
333
11418
611
5000
2244
2705
4323
3869
3298
6847
7577
8562
8937
9160
11226
4694
10103
4753
566
8103
6787
2497
5017
6672
9062
4556
84
2726
5113
2401
2855
7726
9985
3993
3072
3075
10047
7956
7570
3236
10041
11660
5161
7837
9175
11736
3455
10670
3060
5270
7271
9428
8970
10002
4861
1634
1224
10509
11166
6081
10290
7621
5800
3887
11789
531
7932
7354
6205
8667
5867
6465
9136
7824
4917
2153
6594
4008
11015
7436
8674
2831
11070
9726
10577
792
1452
7895
6997
7889
5433
4720
1891
5149
644
7592
6509
10567
5606
9268
1934
1758
9385
310
3145
1549
8599
6510
5616
11927
2553
11296
5416
7840
6074
736
687
1770
10730
4052
9249
3307
2542
2475
8288
3380
6664
10965
3956
8368
10531
999
4247
370
706
8793
2649
10117
3413
2520
11174
7587
5014
6653
4455
4149
1622
3320
11078
1722
5136
7821
3984
4064
248
5388
11043
2103
1969
3621
11522
11509
4285
7149
7133
6849
8963
6059
1825
7182
10156
3924
8461
640
6365
11286
3774
1060
3029
7184
1756
6761
10389
11799
5190
539
7218
2895
4527
8698
6018
6562
11387
2538
9957
10337
5468
11688
1747
6460
8903
7937
10809
5993
11630
11332
9729
9475
10130
3891
3175
6111
8200
2543
4522
6297
5344
5563
11757
9435
8561
6830
4478
2131
3954
3141
9704
1715
7899
7249
5325
10994
4047
6276
7883
5312
6564
4212
11003
8521
6657
10286
6445
8529
2182
8589
7687
7999
11488
9902
6482
2766
4948
10292
2247
6090
10714
3198
3402
845
10120
2291
4736
7620
1302
8768
6774
5107
5299
3909
8690
1583
5466
9559
2803
6801
3738
178
660
11852
11151
4757
8421
7861
7291
11771
263
4846
1116
10385
9266
780
464
2185
2218
10035
9735
2370
11316
542
1297
9470
3964
5492
3378
11548
3674
7896
4954
10991
1526
10524
9457
2756
10666
10751
4244
1203
8759
8309
490
2412
7735
1976
1866
7
339
5491
4809
11786
230
5346
11016
942
4364
338
828
6578
1081
11833
683
5304
8000
8983
1148
3864
1253
9732
5996
496
3926
9821
2036
6483
4839
4649
1200
4092
6619
606
1992
2682
5419
1556
11074
4487
2889
11596
6883
963
5296
7109
5707
7178
1646
11853
5663
4310
6631
11581
9717
9677
3480
4534
6913
1242
272
9807
5838
3463
5444
3244
3877
8336
6364
5036
11366
4453
3600
3429
2230
2771
1304
3609
1796
121
7279
11933
2217
871
6717
6970
2852
6087
10939
8432
3168
2460
8502
142
8951
11159
8343
1594
819
7638
4575
8770
1357
2290
9669
11446
3007
449
656
6280
5693
2839
8753
10901
4680
1337
9
6891
5135
8878
4388
1642
10929
8812
6350
3398
10122
7991
8292
8941
2133
9441
10800
802
2745
5869
903
2556
4754
6274
6004
5090
6797
2644
9012
8357
11431
7407
1048
7910
11574
11895
6398
10256
994
3207
1697
2368
5146
4197
6273
9275
3153
5950
4348
3631
6865
7440
902
1589
11136
1550
11518
8956
7193
10401
1994
10085
11141
10039
9817
11113
10801
9372
8875
10564
11805
2716
1009
162
4390
2458
2445
5432
2957
9188
6203
6161
7662
65
5305
7667
6353
943
4804
296
11118
5914
2515
3293
9872
4523
8930
4962
8601
3574
6249
5639
158
7712
7188
4658
2814
6974
7863
4258
9487
8109
6769
2372
7168
9159
3868
11247
8694
9634
3252
4442
6175
6352
5988
9097
3951
1182
4387
8077
4850
10113
6620
8789
10025
896
8965
9434
10057
1746
8124
4888
4091
3713
9840
5229
9270
11077
8055
8058
5109
7441
7092
1674
2053
9638
1268
10370
526
7126
1432
1245
3525
6565
8358
2282
2591
8063
2842
9928
8828
7366
205
10147
7244
269
7251
3392
4023
10804
11105
10306
5423
2739
1272
6585
1240
1388
9453
3446
857
6315
6354
9170
7650
10430
2196
7417
83
2358
3003
10328
9609
11506
145
9329
8874
9774
4591
3038
8123
9678
4811
4987
6864
1390
567
8743
7915
5198
9233
11139
11844
9253
10916
2451
3345
2610
10796
8075
4982
1683
1785
8405
9718
8781
2816
5042
3920
5675
7674
3167
7378
5987
3835
7770
3151
11233
2993
5138
2510
804
6833
3983
137
11205
9287
3690
2215
8987
1032
4889
3308
6740
10578
3874
11211
3199
11758
8126
7371
3849
3148
109
10152
7806
9979
4732
5985
2662
8011
5041
4222
6136
3764
5567
5963
4764
11002
10706
10253
3830
8427
320
4741
4528
5275
9258
9303
1413
1216
7267
1046
10481
9947
5586
5475
3178
9742
2084
9812
6360
2668
10258
11607
8840
7326
2298
7975
3430
6515
3243
2351
1360
2675
7947
6238
10289
2584
7076
2020
11585
7226
5729
3718
3276
5465
11450
1288
1453
3809
3695
6598
4871
4106
7568
291
2535
4425
9056
11169
3213
3087
11162
2924
8394
10136
7784
10510
9482
1713
1190
5670
6307
4021
7944
9968
8066
9225
2269
7524
2341
3067
7237
10270
8969
4202
5688
2971
1389
8227
5207
4423
9002
9823
8500
10140
8584
8785
11871
7097
11375
7965
209
6668
9158
7492
3627
11787
3821
2301
1921
6108
6349
8223
9007
6155
7691
3181
1899
1783
8455
4124
10065
6207
9498
3969
10111
9057
7533
8822
1750
8810
3133
6
9386
3945
8319
2712
5868
8380
8289
9438
4567
10083
4863
878
1678
3045
9613
7278
7989
6879
6144
1936
8012
2786
10257
10948
2250
10899
11719
2466
2874
5373
9938
2911
5856
10685
2456
2266
5118
10158
692
4933
3453
1743
3907
4648
2912
372
7369
3577
10811
10420
5678
8038
11328
8360
7713
4218
11616
2936
4840
5281
2275
6492
2548
8787
2664
6451
1024
3557
3820
11050
8311
7882
10769
8849
6957
8704
2015
6669
1092
5279
9123
8661
5975
2238
5181
10444
255
8804
8062
853
11264
1831
1358
10923
9818
7607
7584
10490
1320
11193
4365
7529
10968
9738
4141
11697
3520
7091
11385
11666
6767
4789
540
8151
2188
11676
10468
867
6182
7363
8469
665
842
11390
3517
8222
10917
1243
5628
5316
29
2219
3441
472
287
6649
6989
480
5876
11319
7040
9561
3573
1773
4375
723
10446
11500
9135
1232
3265
7364
6180
10421
8184
4821
3395
7499
8178
11638
5969
4966
8010
1366
8658
7904
6317
3101
11756
11158
9320
22
2530
9381
9442
667
7239
334
5323
525
815
6129
4603
2125
771
5751
1570
5474
4403
5943
6396
9918
2092
9493
6313
1354
5319
6724
8838
9925
8594
8563
3325
3102
2193
6260
2909
3527
8090
7160
7037
7067
11451
4876
9636
9890
5530
9252
798
1150
3669
1067
2826
10690
7931
11573
651
9673
3208
3472
10056
1415
5825
5282
5746
8870
6592
7456
10403
3742
2253
437
5244
9994
4253
8721
3685
1877
8465
3625
4698
3417
3767
1728
11687
4187
5768
10021
10260
546
1416
536
2088
101
4308
8666
5144
9210
4027
2089
2134
713
3111
4883
793
2985
3628
4499
11320
9837
10756
6459
11321
4037
384
10695
5347
5608
751
1725
1191
10876
3082
2276
9867
3507
6599
6468
8886
2066
2137
6958
2424
8164
6784
2320
2225
1447
1000
9420
10383
6239
9847
10004
1861
1506
10407
10921
8130
9137
176
10459
3272
8836
9809
7199
6887
9078
485
7740
4296
2283
3163
6857
264
7510
9126
1867
7312
4807
2427
2163
6423
5400
11045
4817
11331
9802
4459
5369
10673
9635
11931
2700
8316
10715
3049
1848
11623
3159
2640
11249
3278
7505
2414
7240
6294
10173
2562
8635
10511
10335
2322
5213
10368
3030
160
2616
6975
9328
5660
2795
8351
11092
6114
11452
1147
7719
7073
10081
1832
7557
4646
4697
2197
10467
385
11477
2005
5877
3401
11165
5256
4634
10178
5853
1706
494
1183
2387
6472
150
4210
3620
5431
5762
10139
573
7246
4675
10204
466
7415
10668
8583
1209
2159
7934
9272
10879
6701
7519
3641
5607
8966
1521
2878
3949
4654
10311
6085
4529
11730
11667
9899
9261
2080
2703
3780
4322
6667
1229
10863
9529
9926
135
10418
911
11739
3965
6037
10790
5184
11369
7410
8480
679
9939
3921
1419
2588
2024
10646
5011
9090
6344
1112
6876
7642
8243
3634
7359
7668
8543
11868
7496
7026
1957
2027
4708
2369
3903
10063
11929
1806
2670
4636
9648
1924
10836
759
5327
7546
6269
125
487
1939
8634
1602
119
7501
4679
9348
7543
10957
3323
9318
5336
948
5429
11510
7560
8670
7486
3054
6928
9259
10251
663
4221
5463
6838
6441
11911
4254
7507
2921
6119
10282
2775
5193
583
10807
4438
9997
975
9762
8697
907
1534
4559
9144
8881
1279
8083
8044
180
6880
6014
9676
3776
8199
5238
10040
5618
9281
11685
10315
2285
6618
11656
5518
848
6042
7382
6386
2061
6908
1640
10351
5502
10534
10525
11668
11430
11134
3406
1490
7170
879
8605
8517
5817
11297
7611
7471
1691
3563
4340
5811
11346
6422
4489
4806
2337
5917
8210
1192
6931
3358
10873
9312
1217
3840
8095
9100
4625
4345
9484
8182
10397
1039
8827
5569
7846
3347
11632
8537
11120
9029
9770
11310
2226
1145
6935
675
2962
6582
5728
5620
2313
1110
8625
9725
4128
2707
2980
890
1313
5597
8030
2690
10313
2833
3354
9711
10183
4492
5769
4533
9490
1967
11633
203
1056
11228
5939
3156
8985
3419
8511
7209
6164
3693
7670
4530
9089
4173
3992
863
7559
740
5427
23
3302
9085
4974
11454
6735
3912
46
4801
6640
3025
1764
3157
5653
3363
11351
3261
11306
6103
1177
10409
10497
11231
4204
5522
11620
2891
10478
1355
4828
11876
8247
6811
6956
7069
3950
2913
11664
6689
4278
28
7763
10319
11155
8567
10358
5789
4936
11642
3382
9040
8972
7039
655
7006
3449
2288
3703
5650
530
3940
11821
6244
3656
8324
5459
1897
6502
10263
8780
2987
1845
5440
7299
10544
1280
2455
6544
2785
8188
10985
1672
9052
8724
4674
11339
2179
5535
7690
5089
1483
9586
1086
345
412
6189
5910
2245
8107
8723
6211
9114
1702
4398
7901
8756
11285
6089
6609
3204
10618
10566
8226
8355
11353
6507
2417
3805
4779
9953
8775
11481
764
7791
58
6152
6623
7480
10108
2239
8706
5739
3259
10647
5499
7494
7725
7916
7964
3549
6837
5271
2071
9406
7474
11284
2201
1560
11031
8841
6069
2934
9604
2960
3470
9013
5570
5590
8620
3097
9641
5977
10082
2004
11652
6463
6125
6408
4195
5855
3448
4271
3971
9246
3987
9724
829
11022
1204
632
1160
10101
7144
9081
6345
8074
7971
11558
636
3773
11248
9375
2096
6542
4193
2589
6778
9916
1504
5350
6613
10734
1810
6194
7625
11475
1789
5426
6949
151
7183
3766
5411
1488
3083
225
2105
1846
5334
1811
5508
590
8735
5284
9499
7476
3394
2706
1768
2950
7643
11890
11058
6407
6817
8615
2356
6622
8093
1218
1851
11775
5033
6145
11088
4745
6918
5941
6384
5727
11590
5234
11792
5813
10657
8924
3314
1497
1711
8845
9184
1134
11057
967
3872
9776
11740
9645
10912
11405
9600
1546
6844
9000
1196
2534
5101
3975
6823
7998
2402
10374
5292
11392
9308
5205
5485
2577
9639
7303
7645
4194
7724
6878
2531
9464
9418
7711
3871
697
8015
3694
10752
1533
5353
11236
7301
10231
11044
5989
11148
7294
495
4307
10925
11445
3127
10061
3492
4546
9454
9535
9835
11566
3936
5064
11329
9612
3381
7878
9355
3744
6467
3684
3523
5540
761
5767
7319
10492
9102
6927
7606
9843
7230
3925
1377
8725
9690
5719
7651
5488
7437
6221
9240
8034
408
562
1871
10712
1471
1395
1292
7514
2274
6491
5544
11243
4180
6036
11897
11052
10931
7652
375
5638
4079
11505
10447
247
8167
9643
3116
4471
6405
9532
4062
5879
10956
7891
8657
3018
8536
6143
328
720
5696
8116
3065
2014
7205
10434
8498
11769
9410
2104
7255
10667
11679
6199
11724
5132
4469
3193
4068
5520
7972
2654
9946
7538
1269
3326
10907
4509
3541
7376
1716
10367
545
8558
4617
11302
3889
9747
9744
2207
838
1794
2557
4868
6166
7839
701
2860
64
5534
1536
7678
1816
10574
7618
10976
6443
7310
5863
9335
7924
10461
4621
703
6522
8041
8552
1932
3827
8905
8277
9523
4854
5580
7597
10162
7065
8566
1102
5881
5911
5807
10360
1537
10135
619
8660
5998
2660
11907
1406
5510
3240
851
9478
7646
7062
4991
774
9440
8400
2294
556
4711
7935
7365
9271
2415
8434
8271
6197
3858
9425
10357
6644
3000
5505
6983
8976
5399
8430
2284
1760
3169
7855
5919
10678
8995
9552
3724
4570
3366
6914
5954
6421
5533
7179
8942
8310
9340
5362
7374
5060
3700
10329
3245
5134
5841
1742
5902
876
4849
3043
1961
877
1343
1299
11499
1420
1547
4209
4467
43
11917
1477
2547
2976
1163
550
11001
1133
4872
9169
4139
9959
3990
5131
7689
2701
11873
6775
1751
11924
8565
1855
493
2683
9877
2221
791
6555
7495
1727
10838
5686
390
3355
10195
5473
8915
7498
2346
6559
8933
8078
9522
2147
3499
7902
5230
6265
2655
4344
9960
5849
5511
10247
8268
2791
9659
8577
2440
7544
6828
4424
2605
10858
8689
5276
11785
11270
11287
11156
11419
2863
8860
6518
7703
7210
9857
5061
6944
11029
6411
9578
5610
2410
4289
821
3727
11188
1137
4485
11101
4704
4086
1704
9075
4294
1285
2395
8048
11723
7002
8086
6556
5013
8619
5476
7351
10632
3105
9151
7253
3239
6091
5497
8935
10458
8916
11922
7775
8326
4058
11464
4823
8850
5247
1214
6256
307
8646
10505
1648
6342
452
3928
10013
2325
6536
3516
6810
2963
9691
4929
9117
1409
900
3438
6873
7491
3248
10675
601
11167
1703
7105
1050
4836
575
2937
446
11368
11217
2851
788
7631
236
3878
5068
9625
7276
8374
10794
1266
11453
9277
1754
8508
8155
5647
9139
6075
8477
8729
2473
8340
10106
3635
5393
3415
1143
1571
5575
5772
2607
242
6773
10151
2389
9399
2327
10987
742
4860
1639
5153
3599
4145
9317
10562
10378
9352
6604
3938
7777
9679
10180
11536
6412
10309
8767
1809
2318
11485
10735
5119
8252
2227
3476
954
7361
3120
2259
1755
8654
4613
9686
105
342
5108
760
4441
7094
10599
488
5059
4135
7434
8651
4610
5074
6373
1011
7362
9512
4619
10601
5063
5269
3802
8241
2183
3677
9898
115
6994
5125
6840
10766
4662
7903
5994
9891
4632
7680
6846
3922
10384
3500
11535
6431
5345
3702
10884
2122
10708
628
5071
8002
10785
9127
10745
11906
7805
1610
4216
7003
1291
9554
11744
6902
10964
4235
1381
8560
10835
9708
7527
1286
10705
4915
11606
11370
4808
99
5500
10161
11359
1954
1036
11513
4772
3632
335
7034
5210
4750
4690
5310
3140
10683
1014
4919
6414
6434
9449
2233
9565
7579
10824
10436
8362
9234
5964
10652
5872
1833
3673
6302
9723
1062
1993
8089
258
3747
9757
1949
9534
3886
7986
6043
441
2495
4678
4719
10192
11608
3229
10700
7394
9766
3881
898
1507
11508
6135
1367
7268
11818
785
6808
217
2943
5093
7911
2678
2696
340
10720
11338
9232
10203
1437
1566
9417
2059
1889
4893
971
8503
8099
3436
10307
3134
1700
8053
3034
8157
5833
7272
2480
2945
11516
1759
5115
9071
7523
2529
3558
1581
9198
5092
8636
10732
11207
6442
10425
8073
9602
393
11063
7367
11470
10302
5435
491
11365
11925
8876
1946
9421
9466
2834
3899
8534
11147
5264
3319
9028
5871
3063
11661
3021
10722
8263
5780
10813
9519
6517
9310
8370
5025
1231
3161
7741
2549
9869
1448
1688
1098
9608
5866
1778
778
10333
9413
5026
4003
9125
642
2788
7812
11168
10630
8042
9115
5086
9264
2300
11110
3841
10638
3829
7286
5259
3842
6659
1303
9110
7518
4329
1373
3895
3177
8774
11811
2026
7259
5537
2799
9549
2076
4036
11841
10347
5298
354
1563
3275
6457
9267
3828
3009
11212
10017
1837
5287
10283
10661
460
2246
7166
7585
10572
11794
2231
1761
10273
7274
1412
1051
1937
9734
2581
6285
1068
823
4921
2436
212
9570
4219
2836
96
11533
6469
492
2127
9688
10560
7994
5343
3715
4760
11920
9371
3583
9539
11480
6911
11930
1022
6965
5858
10145
11848
1766
4205
9367
7385
7051
7508
10182
10201
5598
7016
271
6105
9459
2859
8303
2869
9444
4474
2407
1527
2618
6435
91
4385
3388
7658
6853
8392
2257
9156
2323
9632
11645
11307
4224
1478
733
11223
4588
8532
8979
3591
10997
1004
2866
2853
330
8837
11804
8659
8102
3535
3962
6690
5659
893
9751
3061
7781
1063
9380
2888
4555
6270
9745
6577
5783
11571
6566
2355
7295
9463
1735
10015
3377
216
3089
8020
10379
3652
688
2541
2302
2054
7305
10896
10185
9387
8185
11458
4417
11215
9647
381
570
2848
2068
8376
1498
834
10324
9462
707
5839
6874
6892
3521
9630
10350
10744
2416
7318
1568
10295
3843
4430
1271
4787
8043
7522
747
4324
11646
6611
666
3469
238
1737
11900
11030
10023
3675
1370
9306
7138
4214
3350
9694
288
4412
9132
3994
8811
4696
6765
6336
1230
11767
2870
10011
202
6934
5652
1262
10433
3957
172
781
10076
6714
10390
8242
3972
8988
5422
3986
2150
4709
5478
11080
9186
7060
6212
11421
1576
10614
8798
6610
3389
10044
4024
9810
5054
3414
3622
714
3806
9875
2809
6894
6988
7665
11239
6645
1435
1986
5396
1651
9154
11902
3734
220
1195
4884
6395
1276
2405
5981
471
7545
1411
9382
10305
3723
9185
1575
2626
11348
7473
9652
1643
7084
5965
3979
3271
1249
10674
7420
1118
3961
6183
2501
11857
3297
3638
5990
10174
11304
8214
8678
5999
6215
3529
7922
8540
2211
9341
3301
1223
1404
5349
4967
2449
8230
3292
9582
1705
1862
9443
6695
5568
8390
2158
2737
5517
5097
4790
9793
3791
10281
11276
2975
502
6195
9974
2697
4589
1908
7948
4028
3001
9479
9450
3562
8487
4626
9003
5885
76
10027
2941
11611
10573
319
1041
5973
4571
7197
4712
11790
6222
5055
11266
2034
578
9992
11444
7822
11275
9304
1168
186
7959
10579
4693
7548
1701
399
4577
10828
9230
7119
5750
7810
4470
4095
10484
31
9432
6466
6187
2875
4937
11014
4557
6955
10188
3442
4657
3340
874
5802
11913
6996
10252
254
5121
9772
6755
2063
5480
9948
7586
5103
970
2160
2390
4456
5503
5371
7626
6543
10972
8961
8755
3814
3707
8301
6855
4507
1826
2583
2464
11671
1717
11257
1559
45
10547
8894
4924
10988
4358
1441
3070
7098
5053
11152
7893
5814
5044
2821
7038
5291
4413
10387
9748
3844
5255
7848
4986
5126
10339
8280
2600
9122
6020
501
3604
7920
7058
4856
8889
6995
3943
9166
7653
5538
8286
4812
7044
9885
10503
3580
245
1874
8745
8464
1025
10810
394
10244
6712
8181
11356
1123
8139
8021
9661
7769
4152
6875
190
991
872
3411
6960
7128
1748
2792
9785
1964
6643
6066
5532
8295
743
11408
6064
2482
260
5725
3496
7235
7395
5367
5631
6339
10155
6301
9984
5828
1878
11921
7700
549
5285
9605
10303
218
266
977
11364
1650
4419
9728
9510
2845
2929
1844
5737
1324
185
8522
2676
3206
5376
9760
11163
4002
11142
11230
11743
5676
1836
10356
3373
34
3491
10470
9214
8395
11333
5612
6326
2864
1880
5812
4093
3215
7028
864
1644
8892
11103
10060
3823
8652
6633
49
8739
3960
2930
4879
2680
728
9351
424
11684
5752
4169
9079
8065
3958
4155
1710
772
4494
281
11028
1318
1352
8279
5250
833
4669
2522
3482
1733
475
5324
2339
11414
9553
11783
1088
5203
4940
8431
1277
9108
10264
8472
11271
10603
8958
7549
3845
4050
3306
3479
1741
404
10312
9342
7503
11639
5735
10581
5564
7467
3768
10353
1671
5718
428
7856
8001
5098
5453
9049
2738
9174
7243
7464
6393
9614
11600
8748
7146
7832
6984
453
11094
3565
7167
8762
1529
604
8919
10506
2479
10163
2319
6176
10323
10864
7334
9932
6254
9409
4535
7844
11401
5110
1771
4618
7054
5632
10365
1109
790
4898
5822
8867
11403
6204
9491
4730
10633
8490
2582
9667
805
5204
5412
11150
3648
9998
9503
9524
3552
10267
4482
11466
3509
2186
11482
10792
6095
4672
11202
10473
4932
6324
7400
2432
2689
11487
8730
6179
7869
10738
10331
1117
908
4820
7402
279
5873
1461
476
10953
8524
1368
3255
11436
11280
10580
9806
465
730
3985
409
1096
2819
934
2748
5194
2772
9940
825
5528
4458
3754
7446
9941
9489
7357
11847
4073
4005
8794
6992
7714
10037
5331
517
4640
240
5152
4851
2769
2559
11728
3420
8740
11748
10304
4126
8692
5406
7429
8695
11442
11851
3597
7853
6651
11426
3015
7338
439
4233
7302
2258
7201
7749
3689
5155
7622
8525
6799
7344
8331
5370
5301
4357
8391
11282
3882
5260
3080
1330
4756
6300
11335
3569
6158
3639
7649
5130
7481
10596
5549
5801
8533
3647
4743
5915
4614
11690
8574
1858
2847
4080
11557
1444
3873
10543
4635
1103
9051
8868
9218
2022
7659
2793
9656
1374
6291
10866
6162
8677
7406
5177
5082
3819
2003
6534
5886
9920
3313
226
10165
10959
8682
11024
10561
7771
7949
8384
2567
10077
298
7014
9018
11441
8761
4583
9244
4090
4903
8927
7912
10870
155
4303
9829
696
6655
4498
10228
8732
3737
8100
10686
9768
9755
1394
6385
10941
10330
11622
2728
3068
3459
6029
659
8856
8211
6027
2638
3594
1873
4402
6835
1587
1900
11507
4791
4989
6925
6039
964
459
6870
10096
11145
8549
5932
6201
3022
8148
5232
835
9142
695
9665
1451
8991
7222
9104
2102
10507
6415
1974
5102
2101
7262
2768
1977
1966
10585
9882
10545
2222
9485
4543
376
4579
3440
8834
8631
2732
1093
11315
6426
3664
5223
4647
6056
11373
1627
8035
3132
11465
42
7900
11525
7558
5462
4178
4445
2345
1003
3556
2580
5128
892
8839
11567
7980
1517
1210
897
4783
3100
7732
5436
9779
1396
5240
5425
8285
1868
1077
1950
7174
8245
2926
3357
8866
9696
10202
3478
169
10269
4306
806
7071
8166
6424
2132
1306
6758
3273
9061
10932
9030
987
973
2986
9778
9526
6777
11344
698
5368
1694
5938
11681
5878
2087
1857
9067
10839
6703
2901
138
1676
4000
5379
4912
4228
10628
3955
7890
1486
6015
925
817
8161
6140
5551
6277
7940
11190
10038
10820
9461
6347
1707
4261
382
8264
11713
6363
11532
2209
10073
2790
10761
2228
9202
5594
7324
4537
11409
4020
11860
10146
1904
9332
10141
9345
4900
447
4592
10885
8488
10123
5084
10707
8853
7187
4240
11189
4631
1687
2242
3287
2343
7826
11593
1407
9828
98
9360
4653
7842
3173
6437
4885
10225
6503
2454
3539
5651
514
10110
6907
7973
4277
129
9908
3488
11798
11089
11862
7202
10030
11578
5682
7296
1066
3487
1928
8744
9074
9183
7739
763
4531
3374
11255
1875
8791
599
6632
2333
8949
8699
7881
7353
3489
316
10961
3400
569
9951
2824
11318
11374
10153
2113
8057
7788
2595
1111
3138
8637
1178
317
5574
4404
8284
6325
7573
1775
8763
11496
1606
9584
10528
7032
533
3937
6901
165
10210
8215
9041
1233
3322
369
3915
3397
4874
3428
6123
8633
51
2152
6909
8231
7604
3533
6951
5117
7829
1803
5
9540
8847
3328
2001
8317
8790
7478
894
9095
11432
5865
3518
3848
9025
8795
3365
693
8115
4016
5550
10119
3033
2524
4463
9893
7068
9917
9242
2165
7466
2173
7080
7601
11815
3721
5394
11901
1518
10952
726
1171
11598
7528
2992
8341
1618
5929
4397
10886
10865
3042
10815
8209
11108
483
7616
7482
3947
207
9369
4183
10316
8598
4461
6112
63
6487
8165
7114
2046
9803
3866
7059
402
10755
2126
10915
4569
9492
5689
4540
10018
4251
2310
1695
6120
10829
1997
10285
7710
6947
8016
3745
4881
8504
10818
9858
7444
405
1434
10148
3456
11828
1740
6335
9143
11069
9285
5634
1130
5477
6638
4600
5591
3048
6390
4096
10592
11423
10346
1087
4451
5159
2789
11514
10134
6399
11380
11153
11061
3769
7442
6561
377
2383
800
10763
4465
2428
7284
7399
3144
1718
2307
5091
4935
10476
724
5547
10241
11715
3189
303
93
9851
10911
9290
5582
8514
6118
4075
7335
5024
2306
685
8686
8105
7419
5385
5337
1364
6660
8984
10669
9022
8992
11132
11429
8228
561
7457
2902
1430
6168
3263
6704
3681
8136
11086
8649
910
6772
10100
11428
9429
2224
4761
2743
4518
4565
1038
5168
3931
727
909
7914
1860
10697
8013
11781
8359
4026
8596
7150
8843
10488
5397
8068
3679
2574
6181
8327
1597
9467
5565
626
7500
3815
3546
8328
8091
10435
1252
2347
9269
4810
2386
8177
7479
10001
4813
4580
3288
9856
5049
1198
8786
10097
3911
9327
8877
7325
2009
10229
8274
3393
4701
5692
5926
11655
5602
3659
957
4938
7204
2498
6154
10116
5771
4004
2202
7919
11073
1493
1108
2704
6440
2602
6691
9313
9531
4803
4611
8640
11144
3050
5056
7515
4065
8609
7421
8437
9168
4449
765
8296
5209
2248
11778
11761
11547
9853
2130
2593
4561
10841
9699
1730
9187
8888
10749
11689
8393
10786
235
4248
2608
7398
21
4959
5040
6603
7795
8622
6595
6035
2955
5717
5231
10477
11095
3096
4116
6401
4831
1956
6391
2112
4186
8861
9033
10399
1738
2234
849
4231
11114
4735
11279
8060
6225
4992
4038
3447
553
1256
5844
3595
1519
1424
6049
11549
8239
11912
4725
11662
6077
3426
11863
1824
8255
11093
5420
7141
2991
1489
2069
924
2090
6675
985
4759
5078
10660
5100
2423
3582
2191
880
5439
3772
6990
5741
4961
5657
2561
1628
7424
7195
3927
2474
2805
795
850
7096
5779
5069
9572
11816
5404
8713
11678
1508
6699
1037
9226
234
11854
4012
10243
5378
8854
10889
4911
4334
1085
11469
10887
9914
282
1500
4794
4305
6519
11064
951
4078
8403
523
3708
7672
1494
10240
11388
11915
10380
8952
5212
268
10031
7225
10762
6900
7624
7766
1780
7952
5857
1331
306
6692
10622
9215
4252
5852
1372
1692
416
4843
2783
11242
3575
4773
2083
116
681
5509
11122
5936
889
2077
6242
8170
11079
6563
5081
10620
5677
4227
8569
939
6606
1135
11478
8506
2397
3053
8051
4256
12
77
7875
4157
11905
2312
8172
3989
4855
2973
1499
1721
6250
2392
9557
8578
8505
5742
1647
11449
9107
4025
9227
4505
6303
2490
9863
2579
9027
6905
2658
7756
6485
11753
7715
3172
11564
9389
9026
10343
8579
10799
6248
6127
932
6574
9831
9337
8216
7639
5787
886
9683
2546
2229
6251
3942
6464
7967
6241
11888
7375
5922
7939
8217
3032
4706
10465
257
249
8746
4596
9931
7163
5297
11460
5545
8862
4019
1979
2750
6184
4852
3941
286
3006
4272
2695
8369
6355
1131
9607
6831
8127
1677
4899
4213
401
5548
11675
2576
2876
9972
4767
8869
6628
4171
9219
11391
9121
289
6470
10068
11670
5197
10613
7336
11121
11251
10533
10411
1387
1823
8547
10362
11395
10979
9864
6080
8544
980
1913
3514
8070
7977
11529
1564
5237
5782
5441
4700
7613
6359
2931
5157
5526
4260
4331
2731
10582
2236
2571
3633
11680
7908
5286
4103
7078
10541
2686
8249
4428
4410
3884
8671
1327
7214
4181
5806
5757
50
648
9128
11813
336
6071
8582
9655
1588
8125
10075
2764
668
11658
6798
2002
3982
4165
8085
646
4778
7329
4382
1484
10003
3602
9830
998
4369
1666
3704
9405
3929
1035
9005
11461
10980
10721
9528
10227
10278
1884
10989
11866
3850
3416
5360
8272
3596
9273
4996
3180
2735
7736
11867
4201
11056
5668
3688
11610
2326
2720
3223
325
7036
11457
6922
2396
2057
8248
9080
4336
10642
6358
8382
7888
9197
10855
8550
8946
3645
2308
8299
7804
5359
9650
6551
6791
10532
3387
3418
11568
11111
3369
2841
11711
6084
5080
7346
1557
2835
5493
3787
10937
10322
4444
7730
8716
6634
9173
1888
4338
8372
10489
11738
4162
3079
2653
3078
7572
9574
4361
10993
9884
9036
7304
5170
634
2204
5890
3741
6286
3270
768
3256
4643
346
5658
6150
9588
1663
10575
3228
11806
11128
1007
3390
5173
6034
11065
1029
11290
5123
8496
6462
11008
5341
4010
11325
8945
6528
3576
198
10391
5037
3071
6372
4795
9099
11293
9339
9178
10386
2324
3944
3691
2838
6871
2817
4606
2409
6432
754
4549
10320
8489
436
11498
7534
2673
87
6641
2178
2381
3013
9993
9874
5991
1139
5901
8101
1492
8751
4399
5355
4392
5743
1034
8425
10211
4601
4452
8982
10703
3188
10308
9849
8494
1535
7289
5995
2730
3687
8287
5273
504
7490
7984
11869
7737
11720
10050
363
4834
7176
9759
1985
1485
5012
9945
10693
73
5859
5035
2856
1397
9611
304
8003
11194
3160
9343
2362
10456
882
4069
5654
6319
11909
9836
2948
3587
11486
3617
1380
133
11874
4059
9815
8859
2759
4101
7729
6596
11027
7463
9468
9587
2519
60
1734
11729
2755
4971
4833
1800
11323
3857
3777
6505
3605
4718
10699
2677
4656
8462
8250
9930
9548
7433
6677
156
7794
1919
2829
11587
10413
739
6889
8218
11298
6968
2604
11397
2631
1456
1049
808
8120
8137
541
7751
3014
9195
7562
6986
3720
6754
8407
5005
1164
1347
7416
11846
5302
3367
10445
8244
670
4326
9309
9048
7987
3226
406
9536
2807
6406
4908
4590
9753
410
6723
6753
762
6916
4890
5796
7581
2175
5228
8497
11071
3512
9808
588
11138
11555
7906
10934
8711
7454
4409
1595
6253
3753
4175
4564
111
4597
4713
1659
6815
3879
1786
2177
9937
7232
7541
6217
11672
6072
1479
3331
1767
4070
4607
3612
9794
11733
2075
4237
6224
1898
5236
7985
4275
2698
3485
10400
7298
4318
280
8936
535
10128
10071
11765
4952
9716
6877
1040
5445
2545
10393
6932
1658
10689
6804
2262
3532
4681
7117
9935
8251
10731
9516
4123
4264
4517
7536
11433
4121
10949
6093
3242
715
8171
9488
8587
9620
1649
5050
1459
4822
3581
7426
6948
144
6403
89
5755
6547
7093
2747
2139
2890
7728
3706
426
3974
1314
6475
11843
7673
7854
126
5913
9208
3044
309
10058
8104
9621
5498
11734
2378
8153
5557
1929
8656
11751
10005
11025
7954
8703
8801
2443
7868
7231
4869
10927
595
7427
11807
78
10594
10055
6486
6976
7865
5848
6104
2614
9710
5705
7666
10500
5648
6825
2808
4051
8329
11749
7101
8379
4880
3898
6293
11746
11175
11865
10033
10175
8088
10681
5076
2439
2586
4976
6579
7664
2566
2854
1669
4001
8420
1298
11054
5656
8741
3794
3795
11526
7663
10
11674
1264
10449
710
9826
10429
5649
6856
1333
5003
3383
926
425
4082
4432
2744
10062
2906
5196
6021
7945
3760
2746
192
5309
3650
1153
2148
7004
4928
8722
5980
5195
6763
4283
11550
8253
581
1905
2615
53
2019
2910
10344
11517
11340
10495
7221
10900
7350
1257
3790
8551
3154
10520
9235
7884
11389
10338
6304
1019
844
4629
7142
7802
544
3967
6553
11626
593
267
2940
11861
8564
8129
6078
118
1736
10750
10498
7754
6497
509
2299
7143
10716
8005
6338
2315
4241
1757
7708
341
10277
11605
758
7683
4454
3761
11199
5819
11810
3040
2903
7761
6886
7297
1922
8033
7391
1909
1122
7716
4076
8056
1927
5944
4232
6512
11825
10623
11695
8240
2149
3808
6237
8294
3264
10692
68
2146
5111
11203
5047
7851
9042
4686
4488
1935
9358
6805
7147
984
1307
6170
794
10641
1205
6046
3996
6343
8258
3836
7561
6608
10754
9660
10760
503
11342
1538
5514
3651
10906
10817
4739
6742
2694
10415
4923
4581
3544
5151
9610
6676
5321
11613
9394
10485
7849
2656
8260
4263
7525
5555
777
3425
3093
3201
5552
6200
10856
431
52
2082
2623
1511
3953
378
8752
448
5015
7288
6357
9846
2687
5467
10105
9952
6138
674
10443
913
5048
8401
3901
4125
9820
360
10569
86
2172
7820
1545
7064
7000
784
2203
11017
7684
9697
6368
7113
2813
6800
11732
928
7778
3710
8541
617
1361
3770
3504
6126
366
3495
10501
1894
6444
11048
6009
3824
5826
7582
11309
9848
7530
10206
5972
2964
11379
3555
609
11495
7238
6208
6617
6766
9043
803
4379
7465
4416
8772
3545
11462
1363
8406
3728
2367
6367
11324
11741
4457
8460
10640
6067
2155
6730
8964
11520
3712
592
1774
10874
652
2643
4873
6814
9702
2537
4703
8855
6648
3192
3017
1159
2550
3399
11455
887
1170
4046
8424
9469
1061
10598
814
9084
164
8907
1788
8542
4223
11004
1690
8291
10644
197
6121
413
1244
8925
4993
3593
8824
6999
10222
6693
6506
10198
10557
10359
11561
7605
8712
3224
7130
8975
1567
6977
4146
8160
7352
7721
11772
4198
1942
5088
8893
8701
10364
10583
8128
5364
8338
5870
8939
9350
1712
11311
1731
2659
11260
6571
11479
8880
8663
5251
3084
10432
6516
11831
5947
2959
8758
3108
8
2827
5829
4775
8475
11538
3005
4931
7331
10087
9415
5290
8026
1069
8256
11554
2492
6316
11198
2523
1058
4287
5592
2110
2399
1059
9681
2493
11256
11037
8680
8512
3028
11350
8673
7978
831
10867
3526
6389
3281
3444
10212
3923
5781
5122
3592
5328
5862
5896
2421
7555
5711
2048
944
4782
10718
8014
8332
735
5810
1491
3212
1319
1334
3663
7862
313
1660
5464
1265
1542
4356
4377
9182
6101
3318
1963
7010
8381
9542
7958
4108
6477
571
75
9165
6924
9207
9138
4299
9311
1696
2947
705
2287
2190
1417
4288
450
7104
7216
8092
10008
3775
11026
6642
10958
5490
10215
6329
4742
9004
3792
7074
6370
6314
8084
3657
8491
2485
9171
9152
2067
1769
2634
10099
3260
403
4946
11700
4034
5339
885
2968
5242
7307
10930
5906
8450
9712
5559
3360
6982
8750
2872
6698
8004
3822
9839
9789
4274
11245
5058
2091
4763
8459
4292
4560
6807
836
5672
9949
3781
10651
1799
167
2624
7320
10711
1403
6939
797
6267
10019
7340
8614
4188
8799
1795
1680
3464
4857
11407
2363
458
1006
7185
8069
8404
5609
10710
10028
9756
9598
2031
9319
1008
10189
4443
6048
7676
1348
4666
1248
10377
3735
396
8773
2652
4335
7654
3589
477
3560
3614
4758
4295
8141
4072
2781
1382
6694
1984
9880
1620
1379
2693
521
3531
9550
6052
1724
11126
3513
4977
8106
479
11706
2699
57
9283
7801
2787
8818
2200
9715
11112
9671
11300
4752
2740
2305
10512
9606
4284
7328
1422
11826
2714
11382
10208
189
8346
9162
3056
2857
8771
6812
5695
5894
1503
8638
7412
11383
11540
4738
4177
8803
7233
3407
6504
6535
11263
8728
10888
11295
8192
7633
139
5732
2058
7565
10054
9039
10261
11716
2603
2949
4490
7186
10563
796
434
8597
4191
8603
8449
4818
6681
6580
2734
7306
10191
11872
700
9929
7717
1562
6016
9805
10593
4963
11750
4475
1681
10107
10909
6991
237
6010
9799
6936
9765
253
5785
11278
11406
2350
2296
6488
11908
8383
1057
657
3146
1983
3668
10168
4548
1890
1115
8031
4060
4875
5770
4107
3662
5984
223
11237
5702
1886
1121
7960
4276
3210
5051
4594
323
7727
4337
11628
11914
8573
7933
9750
10121
4134
6802
128
2140
1617
11109
10396
1729
6781
473
8719
7656
888
3624
1531
11855
5733
184
8471
421
5239
1344
5880
1074
2374
2161
3717
7617
8641
529
9194
200
6771
2243
4311
7576
2435
1173
11797
7731
1309
1442
2235
9448
355
123
8571
8570
9965
4374
6394
3897
4045
8448
10830
4727
9411
11185
6572
368
6749
1425
2494
5831
744
1287
5311
132
9642
4550
6841
2722
5633
4042
7152
5087
2969
1185
5245
2981
5390
661
3
11084
10469
6096
356
8738
7779
7208
3616
1351
10621
6776
6346
8830
10639
9222
6978
2710
4582
11703
3304
8204
74
10849
10098
11634
8173
5603
2394
10788
658
10234
10780
1801
10783
1391
7564
11696
10610
2606
4716
2406
4525
8588
1237
4956
1156
194
2500
3405
1138
5083
318
1213
7774
8993
5330
1071
10369
7455
3200
10605
1573
365
5253
8342
4990
8454
3896
11173
699
8416
10774
10869
8974
7688
499
8087
7055
10938
8321
11232
7780
3150
1149
9822
8364
787
6966
6661
8323
2195
5504
11625
10284
11372
684
2767
11926
6656
2170
7263
1555
11259
3461
5202
7418
5361
6234
1512
5448
7388
5016
11124
4667
8072
2452
2261
5434
757
4332
7401
8819
7469
6436
6843
10554
2391
5636
1450
440
5982
10771
5032
2625
10684
10940
9943
1505
9404
9164
1815
8266
7852
193
8356
6065
1311
4266
9627
6266
4762
568
4717
9180
8957
2517
5897
11107
4949
3705
689
10945
2850
11565
3826
414
9591
915
2564
6025
3916
11131
10276
9845
3152
224
725
10549
10737
852
1709
326
6416
8831
7316
3359
2070
816
4048
4269
25
7095
5392
7905
1819
5308
1635
4877
4710
11087
5066
9786
5410
10905
3739
2488
7828
3863
10933
3876
930
3280
3807
7704
935
6707
3445
11146
11579
6196
4798
11791
10568
9900
10848
11288
3121
5178
1345
8639
1078
5924
2469
10051
10095
4781
7025
3074
5974
5183
8474
5614
8585
3853
9213
6439
11085
11410
11106
7120
7129
6588
11774
3932
388
4920
6981
9326
3497
4431
1175
3646
10612
362
6499
9037
8208
11358
731
1619
1126
3012
445
1820
923
9897
7107
7423
6169
39
3709
1128
11643
2954
9216
1418
4630
131
8990
4957
10608
9752
11191
9509
10464
5430
6593
6388
9236
1136
5408
7752
9010
10293
5683
7339
3376
6942
11523
1885
2899
3109
8900
3384
4063
3246
120
3186
7111
5216
4553
3450
997
11269
8410
9201
9791
1235
1283
5928
11336
10268
6028
11892
1466
2496
6024
3023
9838
6785
4229
9767
10142
1402
1765
6979
5227
5150
2982
10131
359
9761
9743
3698
1399
1317
883
8595
6866
10960
5099
9224
474
3636
5671
6305
9590
3803
6172
5758
861
7765
3910
4953
8644
1790
4729
8025
2938
5156
8163
10645
1439
6783
1592
9797
7018
11363
4434
9206
1739
3892
3238
6513
3578
3831
1197
940
9913
5832
7290
983
5452
9777
9721
11637
9657
1496
11381
10491
10765
294
9999
10736
8884
7203
5861
11539
1474
8234
8769
2965
988
1172
11624
6520
11663
2272
4190
2373
233
8493
4450
8144
552
5536
9934
4964
3404
7928
2095
4057
3743
4481
4097
261
4319
8592
3099
11137
3285
11240
8452
9292
6236
4164
7745
11046
7245
8229
5959
7108
9088
1601
7600
5778
3538
10709
2672
2920
1865
7551
7381
2181
3443
1310
3732
6275
10653
11762
7988
10012
6171
3166
1805
6720
1673
1132
3904
9378
6573
3666
1144
11515
7872
591
7005
6738
8575
6963
3330
6732
4347
2691
11412
5326
8150
9305
122
1629
8079
5710
2013
3088
4396
3970
2758
9649
2804
3077
11742
5241
7793
463
6397
904
587
5630
3935
1457
11885
6278
6680
10172
1329
371
10676
9615
2944
2393
2263
2594
4500
6937
547
11492
1322
4980
5386
146
6231
10199
7942
5333
9675
2467
2212
11881
11133
5561
518
8538
9167
5726
1641
7628
10890
10627
1376
5365
2136
6002
1401
9629
3352
2989
11583
1340
4934
8315
30
4400
9556
4371
721
5263
5708
11098
649
9254
8863
4604
690
11177
2742
5613
4740
3963
513
11641
5662
8778
990
8702
10857
10816
5303
7641
1119
5179
10299
3804
2533
4793
7447
11788
2438
4520
9294
6400
3758
9996
10026
79
5605
4054
10946
11360
10371
5899
8967
6929
6501
11439
10394
4395
594
7738
1834
9239
4136
8685
9455
8720
3799
6076
5329
6311
7489
3129
2773
6322
6705
3503
9866
1
8826
7706
7451
1926
9019
1782
9865
8676
5372
4514
148
7118
2138
7411
9299
3756
4389
5057
564
2506
10600
8726
11602
9537
11570
8195
6321
7390
2917
10474
1028
6813
1971
6759
5358
6666
3939
982
6003
5258
5243
6809
2359
10262
10919
623
5219
5141
4568
3906
7408
1089
2681
9740
6526
6210
9228
11337
9229
5225
639
10584
159
11184
8872
1165
4951
630
3209
9390
3978
1626
10126
1365
4346
9575
6330
1241
5556
10502
8436
6006
2280
3643
232
1515
8096
4226
10680
398
2828
2216
7647
9814
2062
7497
7229
6296
2882
1010
295
11709
2800
996
5348
6541
6696
6895
8800
8947
8273
9365
11770
6088
11849
3305
4532
7847
5200
8297
2187
11910
8293
2663
8049
3131
6736
7808
906
8747
1615
17
3490
104
9101
10450
367
11531
3232
8225
5845
11894
9594
10363
4363
933
6946
4083
6725
2471
486
7970
1161
6546
11343
10493
6022
4447
5851
6867
8602
8581
2622
10345
344
9698
9354
9754
9494
4439
10724
11053
1923
4737
3748
3396
5821
6082
8246
10650
2914
2849
