8322
7200
796
10597
11201
8611
532
1529
9449
9759
5006
2373
10219
444
11897
1879
2723
4036
339
10508
3963
10933
9335
7708
5567
8327
3849
4799
455
9485
7558
5736
7787
11067
10404
212
11720
3282
1514
3031
9033
3841
886
1694
437
3190
11642
10429
9631
1875
4980
10856
8961
9930
10751
7131
7621
10127
11495
8717
6106
2688
4124
3213
1412
6501
5048
11646
5519
11931
3003
8687
6947
1504
7481
7829
7935
8762
10838
7283
5424
9755
2284
9476
1252
9650
3050
10657
6686
46
7830
3603
1805
6765
1039
8836
5729
555
7095
3702
5246
9832
8199
427
7840
6921
8542
10480
8444
8317
7635
7605
7480
6220
673
1812
5208
9820
8099
7366
9212
8902
1774
7820
2893
8948
8745
2299
1785
1037
11468
56
4120
5830
82
11361
2938
2899
10796
8987
8389
2142
4435
11125
5425
2684
9962
4268
5835
7079
7816
11889
10827
1069
6714
10281
1576
861
2466
3799
8898
217
5799
2611
565
2167
971
6822
2809
11012
7771
7711
6861
4505
6345
7659
5319
5717
2672
4551
11176
205
1823
5216
3279
5172
5203
2769
10547
7384
906
8319
9608
4629
7270
3265
4651
8667
2361
2955
2903
533
7597
4026
1226
7727
10064
11039
3614
7900
11340
1090
10750
3563
346
9958
233
1819
9764
1760
9803
11139
3895
5078
8512
10642
11390
1273
8861
7290
8
7003
3497
8402
11736
7130
10103
4879
4509
5269
1726
1680
11339
5511
8570
3674
10462
5683
8750
7467
1540
4167
7177
6584
2615
7170
9694
464
5785
7815
8297
5205
304
378
5516
3482
3068
11821
10109
11011
4475
11900
10808
5583
7213
603
6109
10407
5013
4782
8520
6512
8239
3788
7710
5149
3241
11240
8990
8275
5509
6532
1394
249
937
7458
6280
8506
8422
11474
11845
4502
2312
734
6155
6110
9685
6616
10073
1836
1320
10972
2988
3356
8087
10602
10093
8379
1925
9973
2929
7718
6079
3665
10481
2199
1693
1220
245
7288
1554
6343
1632
8368
4998
9422
7732
314
7891
6102
6009
5248
3248
7271
7875
8090
5127
2890
11368
7634
11758
6954
8006
6375
1107
2343
3836
5322
5924
2372
10621
2450
3914
11896
436
10043
893
11545
7948
7078
6487
8060
10752
10967
6116
4224
8927
7919
3710
3272
8747
5457
5702
2867
11763
2687
6028
5082
6457
11840
2358
10102
9727
11299
20
4191
835
118
2834
506
6500
1379
2485
9306
7811
190
4915
6829
3278
139
8949
4332
6063
8748
6200
3194
2402
11264
6392
7823
7449
4564
9021
10973
738
1669
6678
2091
5761
2269
10708
8598
10498
2500
9421
10091
8092
5613
3154
4827
11793
8490
8540
7082
11147
8823
8404
6095
1402
978
2172
10126
8217
9704
10695
6158
2426
4232
4170
11648
10829
11302
10294
8123
2650
5831
11103
10772
5001
179
6356
2534
7038
387
10069
3680
7301
9381
7018
1756
7966
1235
11078
11256
7981
3380
5202
11628
5003
5147
5321
10280
3493
7999
7896
258
6610
2565
1392
6128
9184
8863
6600
11465
8492
6296
2268
8411
4654
2842
4545
1660
4816
3401
8774
8729
4480
5707
7049
5365
4092
9595
2779
4873
6051
2294
9187
10068
1689
7396
10545
8098
9320
10868
9891
1253
4402
6274
526
10055
11254
8382
5344
5035
8474
5869
9496
11730
6535
8858
9858
8568
6330
493
5552
11444
1401
1527
11893
11037
8291
8779
10506
8882
7714
6135
54
3866
2830
9026
2515
5047
986
5018
2412
216
754
8475
6513
2894
1077
100
5704
5525
5342
9475
8374
4637
5293
1621
1191
6494
5665
5802
9812
679
11230
5478
10526
4309
186
10927
10409
9229
609
9310
2542
4607
3834
2277
4424
2703
4862
3560
6666
10858
719
1650
9609
5084
4805
11507
11911
6151
7802
4968
7291
3787
9478
4542
8229
2696
6283
5739
10771
9948
11321
116
950
6536
3594
6340
5094
4132
9746
2667
1691
6496
10221
32
7421
1339
25
5242
7056
4577
5439
500
4932
4699
5829
2593
11370
8773
11212
5059
1050
6963
5312
6908
2249
4950
8601
6992
9888
5746
925
5543
7518
6762
5694
9023
9539
10717
8531
4717
2191
8129
8236
3232
6380
6564
11164
1345
5906
6975
8133
5492
7059
5564
5510
8436
6625
1880
2230
3236
5077
8668
10876
5832
11499
4510
201
7866
6843
6585
11382
7928
4631
1643
5997
6160
11404
1177
1295
887
4850
2793
9874
4247
9462
2192
3628
6528
7705
9385
10524
10928
3233
2336
6389
10436
4760
11486
6230
718
10862
2908
8268
6631
5215
7426
5182
2210
9799
3432
9169
695
10854
472
270
9377
3166
9423
3303
8627
11217
5822
10122
11003
5015
5594
4500
1410
1858
8429
942
3494
10010
8739
7855
9815
3069
8548
11770
9386
7783
79
10864
11549
10468
1990
5065
8920
9766
7227
11323
10593
5194
1629
10643
9012
458
1262
5136
1385
3421
7321
1182
11177
10615
5496
6900
1437
2697
11779
5959
5740
7409
9524
3438
4077
65
505
539
8486
599
8172
3623
9040
8159
8661
9555
7643
7877
10274
11446
4460
6865
7118
8401
4111
7984
11584
5415
8530
5766
11158
4166
3678
5586
5095
9416
4761
1428
5925
8246
9531
7704
7923
7423
7489
11541
7230
9473
2794
4642
2731
586
8820
1367
11122
210
540
3268
4621
7457
7736
3975
4404
6398
867
4373
3874
227
11578
691
8848
7448
365
11742
9830
604
5310
10589
9130
2391
8558
10105
1775
11756
5459
5153
11704
31
7509
348
9639
2111
9170
2564
6752
7871
1017
709
11621
11451
2775
600
11914
1296
7687
3210
966
10998
1534
3537
6005
3180
3833
3106
6262
9140
6450
8039
4553
5854
11586
4121
1093
2247
3036
4901
757
6845
9052
3948
91
5165
8218
10937
6181
9903
1864
11712
8940
1798
806
8893
2154
9542
2335
8963
9244
5454
5626
2629
241
9515
10432
8835
4427
2229
5685
1932
10463
974
3344
8345
890
90
11007
7936
8936
2096
6891
80
2165
2649
10887
970
10314
5934
10424
7822
385
86
8564
3261
11848
6278
4206
2550
2827
10986
1562
5940
9802
6849
6565
44
6874
6489
8332
7990
6987
2254
7679
2077
2181
10488
10623
9853
358
5004
1297
4359
3609
64
2783
4085
3629
8781
1059
359
5530
2183
6288
2163
11305
7745
848
735
6623
9207
5277
7102
2357
10573
9861
9016
11921
7856
7869
6769
7320
11596
8413
5620
3773
9355
10673
5111
4313
8480
10100
4286
11334
10608
686
1353
7412
7676
8778
1936
8624
6969
1856
8238
9291
7502
8800
6948
8164
10320
10802
3334
3206
11706
3281
7941
9769
2162
9249
8743
11089
8119
4684
4327
5614
2725
7074
8233
8223
3391
7547
2510
7241
8392
1657
8904
9486
10014
5779
7204
7442
11881
8916
10178
4081
6659
3085
2235
3116
10872
8441
2592
4448
8886
3342
5071
5487
687
7092
7741
5195
4549
7199
7667
9189
7982
8356
5011
9714
8427
3896
11688
1234
909
5159
8543
8307
7022
8377
6463
4956
10347
3846
4388
9251
6730
3060
8765
10744
601
1460
2840
1703
2532
41
1087
6779
219
1781
462
7250
11870
398
4656
4433
7980
6929
11515
2872
48
758
3835
7577
9097
6627
290
11794
5987
7251
3417
5944
5776
6089
1089
8706
2087
4038
5323
14
996
1720
6075
11118
8348
4559
9816
2356
1696
9983
11718
10034
1094
8331
10199
908
5730
6563
2113
1810
3374
9039
627
10759
932
8165
4823
9139
9414
1188
3235
4180
10393
1266
8012
3881
3040
9104
7879
9688
4397
8514
517
1310
2823
3686
10939
1377
11002
5965
5257
4039
133
6259
7187
7905
6911
5392
4791
1870
11436
5568
9357
9466
1034
11320
6814
1457
234
10431
6126
21
1958
11042
5638
5698
2853
11025
725
5057
163
9954
8386
1910
700
5508
9364
877
8003
5156
7636
9682
5189
6747
8026
9649
3911
2529
3407
6156
3368
6886
5087
6898
9728
10309
3684
11255
7299
6735
11401
5012
10731
8256
649
8329
5693
10464
9284
10437
72
8130
7611
3548
10699
7330
9708
11099
2682
6721
1161
5759
7456
9829
9066
5557
10202
3080
7950
6505
451
4934
11137
1124
135
1644
10377
3043
9742
3341
11210
10388
8951
2940
2098
8445
2395
6990
11407
3919
6899
3285
35
1265
9960
2104
7807
3096
6098
7281
11035
5872
189
5711
7666
7904
7189
6350
3470
11023
11430
10301
6138
8827
6645
71
11917
10229
1729
8677
9662
2321
3331
6308
7898
8341
1699
6174
2082
1867
430
10067
11380
8994
9910
7436
7515
6504
5272
7264
4444
1238
6448
11010
3644
5249
11831
2019
9382
9790
170
7051
2122
787
6197
11184
5539
2859
7278
7085
10990
7862
6061
3489
8713
4737
1515
10125
8173
2064
596
3499
9733
6928
8815
8222
7739
1646
10190
3054
134
626
11891
7153
2543
3049
7678
381
1994
11771
4486
1046
3525
6493
3742
11617
2546
6319
1236
7670
4815
5517
2904
10176
10762
924
2631
10637
11875
11607
4902
1170
8021
939
4294
11333
10517
8780
5253
3460
5137
3188
3932
1878
10585
5733
321
10209
7438
6268
8798
2430
8640
6518
8978
5962
3926
5121
9672
10194
6588
10048
6304
6583
8908
6572
8309
7201
1010
1581
703
11134
2831
6136
518
4215
7720
10151
6702
4628
1202
5575
7356
11197
5399
11537
9701
5864
9183
3447
151
8242
11412
11231
8018
10950
11562
1044
10441
390
11080
965
9710
9716
5943
3983
11362
7516
4421
77
3591
6710
11034
11788
10874
410
4898
6681
5839
11442
912
6967
7322
6605
9646
6301
1740
2536
1362
2618
6839
10704
1154
1735
10144
11384
11649
10561
3620
128
2824
8019
6608
7057
8895
5999
1183
11710
3353
7915
3273
4669
11149
8592
3378
6173
4
591
4238
10999
3111
45
11727
2879
6521
6693
8528
3733
11854
5600
11577
8071
4945
9002
2038
4731
8470
8888
7598
2601
10097
11376
6847
4622
5332
4145
8361
10633
742
8720
3584
2472
4451
2025
4356
11657
800
8207
7961
4701
4574
1085
3682
6182
3107
6741
5090
10702
8671
4210
9267
8495
4312
7107
8984
7428
4969
8139
396
11027
7967
10861
7902
9058
1992
8364
10475
1277
4766
10385
2568
8938
7769
4437
275
3536
2293
6656
109
4443
8725
1633
5110
9628
9607
1053
9778
9206
6416
483
1642
6327
292
5933
8359
4091
9783
9715
2001
9079
8550
3850
6802
1148
1579
2097
6154
10310
2415
5353
3340
6471
5074
6664
11262
7750
851
9492
11166
885
8304
10346
9022
2006
11591
11312
11732
3212
771
5331
3439
1545
11440
8714
616
1972
2380
3369
9726
7620
10307
8536
2976
2570
4817
2052
4381
5453
11289
7272
1611
9703
1832
342
1308
10951
7363
13
2981
10500
11530
3954
8967
8054
6976
7897
2200
7114
2604
6753
2595
8572
1552
855
1924
8871
6569
9374
11026
8537
4861
7197
3893
8790
6903
2190
370
276
11102
9941
6111
11394
7781
8349
9745
2369
4337
256
6417
5758
10770
9253
8879
11146
8623
8685
7466
3087
11036
5722
4512
2897
11512
3260
6695
4413
10263
1956
11689
2594
3789
2773
11619
1849
6550
8560
923
9735
5602
538
1257
1951
5354
2626
569
7681
7077
2083
6830
4025
1123
1358
10450
3005
1929
3957
6713
856
6385
3990
11476
6640
11062
3753
11258
4700
8047
9849
1329
3148
8812
4348
11063
3078
4612
9568
10543
8795
8648
3064
8114
4565
8721
968
1549
8921
9645
4526
1715
4043
8870
10707
543
5843
7998
2359
1005
409
3297
1299
10794
4707
2145
4364
11004
9581
2464
2843
3524
3837
10286
372
68
1312
10394
10748
2943
1259
2259
6718
5123
7431
8097
10911
7853
9375
299
6119
3211
246
549
4591
8452
6481
2495
3209
5645
9676
2656
9129
2521
4148
1733
1724
1200
471
4201
6316
4172
6897
4780
9396
3915
678
6877
8033
3020
928
11209
10940
9707
7186
3081
11524
10844
1417
4773
3473
8505
2406
3390
1323
5639
1141
7388
11811
5541
1311
9781
2345
11699
2233
5755
4136
5385
3931
2959
11650
11222
10015
6251
7567
6093
7799
6204
10215
631
2023
1981
8892
9316
10865
10821
10411
8539
3367
8122
10976
7960
7546
8206
3847
7464
1147
10273
11608
7008
11876
11330
11130
5545
3247
3745
6419
6468
9661
6439
7192
7354
1011
1164
6691
2189
9942
9288
5348
6907
4963
5339
510
4715
10803
2308
9860
3274
8209
10692
4928
4741
11315
11132
7047
8655
6879
10065
5407
2922
11332
3130
2889
11151
10978
3319
7339
9325
2283
1679
5506
6705
2245
9622
1456
9011
645
9862
1056
3798
2679
4974
6927
6774
5491
10962
3383
10027
6120
7619
197
232
2596
1073
1403
3565
5677
131
1115
6808
9287
1300
4110
4930
6984
156
7760
670
7484
6175
866
8188
10801
3909
967
2956
9776
6639
2877
377
10661
764
3662
1727
7175
11832
10869
1248
6179
807
4657
4694
7080
6755
10376
5901
5848
11664
11823
9722
8822
7042
2088
4721
11266
9780
3270
4544
8184
3327
8591
3791
3159
9121
1444
9435
10477
8932
11402
2694
2911
1960
4115
83
8280
4744
10261
5938
3336
1751
8347
3660
3723
6531
11665
1414
6488
3121
5416
461
11755
1063
7837
10046
3021
6313
9575
11281
11672
7867
11482
3542
6601
9975
3966
10683
2309
264
6770
693
4697
1065
9586
4464
5928
9511
2158
8366
9806
3571
10942
8428
6070
6100
11040
9135
10971
9535
7319
10268
4399
9074
5892
3873
11093
11681
7814
9545
10336
9491
9976
7656
5887
1105
3359
5289
7006
10977
5817
11059
8974
5421
6176
1347
9370
4872
3219
8255
11655
896
2319
8965
1827
2079
898
9429
2562
3555
11064
5912
2228
1138
9148
3861
6045
10137
5972
8481
4492
7475
2918
11245
9013
10968
7993
259
1419
3556
3758
6825
9006
485
7569
8380
5218
8659
2851
1255
2418
5241
10244
602
11817
5409
3329
644
11684
10583
11285
1892
6647
9756
7260
9328
6628
8534
6567
3141
3942
11902
5727
7755
1327
2873
1057
9176
9873
10944
9261
8384
5877
1438
4819
4260
3059
8775
714
11349
5157
5790
10145
11635
8860
8769
945
1844
1739
5197
4031
5728
3160
2874
4314
4144
4415
3067
5910
3626
2058
5860
4346
4272
4156
1274
3688
4302
4584
10739
10089
9163
6508
11060
1222
2287
3705
9895
7575
5718
1280
11400
8055
6549
8029
5642
6058
10104
7025
218
4534
5803
10045
4390
4852
132
1109
7032
4101
9616
3351
5436
9606
10036
6366
7864
5494
7035
11414
10716
3800
4344
2126
9098
10003
2680
5786
11620
1302
10405
1391
5675
523
2603
11121
125
7682
1153
6444
5316
2128
11729
3092
5789
5502
6365
9859
8070
5850
10559
11691
8850
7772
8693
5234
6727
6395
3968
3029
11418
3203
7804
1007
5021
2397
10328
2491
10444
820
11244
6127
689
3072
10776
550
10349
6039
6638
400
5362
3530
4748
6850
7308
3077
9238
251
11599
448
1816
6748
5085
1120
1395
521
1322
7273
1390
580
7266
7089
1062
5214
8440
2715
3167
6646
6125
1231
2396
1848
1084
5603
3851
8396
3777
2814
607
2698
5303
4283
4147
5336
1997
10723
1792
7992
1748
6041
69
3867
10574
8378
4485
9136
5298
6285
4035
11861
10610
11448
3980
2662
2305
5230
9215
6443
11566
7889
7476
2493
11828
10406
3790
1043
3221
1818
6799
3195
3852
2577
7504
8326
5617
6728
9322
5412
5838
7554
11623
4047
9540
1229
11087
406
364
242
9741
11890
7430
2849
9547
3865
10985
9014
3408
11383
2424
6663
9061
9551
4330
752
3468
5430
403
5485
5592
2763
11922
3370
10747
6427
1464
6118
3358
8088
326
11198
7761
4335
7818
8700
4477
4946
1480
2135
8318
11836
3181
8625
11186
4193
5155
5783
9850
7096
5300
5615
9637
10335
2693
335
3859
7087
7473
1723
9348
9271
6231
1244
7293
4041
6022
2516
9947
3543
1314
3774
10845
7446
9867
2241
7045
323
9554
10256
11776
4339
11820
3026
8619
5313
5514
2459
5582
2580
6555
11645
6462
8633
1355
2525
4298
9763
4750
2204
2443
1052
6218
4046
9956
8569
11609
1144
6143
10761
3047
5225
2801
3916
7719
11160
10892
8339
3033
5593
1789
8096
3748
11287
5815
2537
9679
3534
8954
6936
300
730
4329
1508
833
3970
3793
7671
1261
4899
6612
10378
5120
2488
10305
2810
8650
2539
7971
4860
2236
11683
7469
8607
5840
940
2054
9687
8081
10900
10934
10895
2036
4582
8618
9457
2458
1156
10096
10227
10926
3503
11094
3228
7588
4996
6184
6033
8373
2429
7684
3240
3979
611
9188
3550
9933
5301
7887
6589
10616
11314
10207
5070
5438
9388
11860
353
7996
5824
4126
11267
3653
9451
10636
7376
11357
5931
5546
4223
2993
8579
1080
5701
9821
8715
7800
1800
8372
4376
1591
6626
8420
4063
4991
4875
7964
4058
1060
17
6672
2719
3462
7208
6789
7713
8634
6982
1635
4499
11637
4453
9536
2219
447
7752
2869
11810
8247
10921
8989
6766
9880
2465
11639
2474
3504
3171
8201
254
6958
5180
666
536
1716
3892
5064
2348
7825
1600
3455
941
9681
5320
1583
7026
9090
6539
4696
10727
2026
10063
9410
6925
6048
1119
9177
8975
5435
5019
9269
384
7764
1338
11503
11238
9077
9583
1923
9885
9705
1578
4978
8430
7693
11358
1278
889
7133
7127
3994
8252
10220
7531
7344
2494
4792
4488
5852
1088
6709
3939
10465
7336
4030
7465
4752
514
10955
3485
8565
9997
7009
1495
10516
6952
3463
11420
3196
1350
8995
6841
5851
1186
2451
9565
4258
7920
1806
3146
11565
541
9064
5056
8250
6699
5345
5963
208
3953
10896
3253
1503
982
4140
7340
7655
8561
6961
3652
11355
3976
1976
3648
10352
9430
10640
3372
1523
5636
9314
11335
4211
7844
632
2906
3656
2659
8108
6034
6351
6538
5760
10074
6292
10369
11385
11473
9252
6523
1714
1988
4608
2250
1264
2655
9549
3184
9300
2924
7194
4366
9886
6937
4434
8866
2624
8647
4139
3685
6726
9932
5622
2037
7185
1651
10383
5521
4219
1205
1903
11274
4165
2926
3007
2094
5572
11765
7203
10885
10380
5232
7743
8696
3558
9076
1484
7470
8034
2027
3271
11324
10461
7631
6854
3510
1999
5956
5820
115
11126
5713
11381
11397
5954
3647
3441
5113
1292
5700
5633
10527
10356
3600
8216
2056
10299
11518
9935
1042
7005
11916
6202
11133
9474
10726
8393
2316
10267
1954
6863
4436
5669
3112
10099
1215
10877
433
7775
7683
7930
3882
1029
11179
8905
9926
11070
4275
4846
11801
6957
1530
7651
3346
2029
5635
8503
10076
6876
9464
8825
10946
4280
10060
2486
6397
4169
3200
2909
177
8730
2960
1521
457
10417
2934
10397
577
2671
2786
6394
9091
5518
2710
3828
3999
8511
2612
10308
4049
3923
7447
4442
646
10403
7821
3657
6290
7064
4394
67
9753
1895
6757
2666
7081
10938
389
3446
8828
3604
4160
8112
10282
4250
8437
10689
6317
2116
6254
3207
5749
6311
5130
7210
4345
4097
9521
9965
11249
7511
2839
1172
5104
4256
3465
3959
347
6942
4241
983
4053
10775
9038
1415
10724
5725
8240
10554
10041
10696
4297
4614
749
9417
8224
10243
6191
2778
7983
7337
1622
3876
3509
1455
11043
7594
8491
11497
9420
2581
9089
5044
9695
4929
8342
4897
8303
11654
8711
9768
6000
11239
8758
1842
705
6973
11292
6263
4454
9071
138
3593
11372
10932
8868
6739
6660
5335
2847
5562
6603
11388
3298
10455
6461
2820
4113
11505
10847
9126
8135
2107
4494
10675
5762
1592
10114
7712
5896
11175
6367
9460
743
5447
7196
7748
122
11108
7997
10535
1776
8237
6492
6974
8649
8203
10136
5858
4617
10161
8417
4044
2986
6526
10725
6706
6361
5379
3956
7075
1982
172
11247
5472
4508
3402
5161
11517
1544
10329
3934
9856
5533
3284
3554
6570
4489
6050
1426
2965
4331
5974
4387
7317
6533
10871
1452
401
3095
4409
4858
9358
3491
6328
1500
6696
2726
11233
5806
8409
7120
7788
1002
3673
6209
5173
5414
5191
1045
9990
6704
4547
3484
3490
1595
1475
7028
10496
7491
11695
9083
3289
7661
622
2211
5204
5268
964
8340
817
9725
7136
2024
1617
4104
7850
5845
3938
9611
7147
1032
7454
10662
7184
9902
3075
10538
2297
1364
3925
4955
1916
5504
6152
6943
7400
8046
6190
6851
1765
5814
7697
5109
5576
2547
9968
1319
4519
3216
9612
575
9165
3015
8295
3984
9894
9731
4888
4663
2448
1061
1496
9353
313
10343
2009
8784
6383
10572
498
2501
2642
6981
5372
10203
11460
6146
11377
7298
7765
11472
9684
6339
1404
2661
4521
10382
3227
10682
7514
6734
4774
1150
8385
10893
4940
11061
2419
1316
9149
1133
10763
4753
6573
4321
8101
8245
8782
7550
1636
2209
2674
1948
340
3716
2835
10820
9402
2285
7653
10732
9222
1304
7749
635
9236
2664
5237
4307
6635
2352
6817
3456
11808
10275
740
4676
2747
7731
8043
1354
1998
11644
7956
8567
7146
10182
1268
9605
9630
1887
5397
3726
3354
3343
9939
3175
6914
857
3735
10088
255
4645
1717
3178
3616
7609
8041
6913
3677
11532
4813
9231
4420
6137
9327
5527
196
10721
11671
11685
6087
1934
6999
2378
3234
11601
11081
6260
7112
9200
6059
4848
1993
9669
7805
8102
10340
5252
6586
8412
88
11185
43
6470
9770
10058
7212
6949
3457
9078
5882
6805
3495
2657
1451
6208
9785
3251
1454
11128
9257
10715
10415
11169
6454
3763
289
1381
11157
10672
1755
6352
11310
11329
9094
11692
2368
6484
8857
8485
10935
560
3079
7294
3913
330
7551
4598
3842
8797
3985
5164
24
7023
6353
3395
8232
8350
5787
7474
7498
10631
7895
8078
871
1405
3139
3371
11909
3952
8811
8009
2948
2548
6545
8351
9199
59
9205
3811
4554
11296
11303
10171
7034
9797
9295
8066
11278
8993
5611
2240
4597
8842
6147
724
10936
7482
6991
5507
11610
7116
10823
9448
10185
6537
3355
8901
868
2339
3679
8574
9525
6791
892
11190
977
10129
5804
4775
8897
2751
9037
7145
6534
3722
5079
1704
4108
481
1991
8585
7944
5117
5619
5955
10789
5031
7109
11183
792
8885
11352
1448
1658
9788
106
5827
9961
11058
1825
2260
10236
8638
10964
6574
10943
8809
5767
3483
8225
11713
1616
6661
1335
10768
6320
4057
3476
873
8117
3880
9434
642
10641
9558
7144
10757
4010
8600
2408
9914
4040
7463
7616
1435
9657
3404
9497
4316
10291
2787
1342
850
10053
6687
9036
3612
2318
1384
2371
337
4641
5682
11343
829
8999
6582
7548
8602
3528
10963
397
8195
2090
6001
3767
3090
33
8793
3361
10766
11257
1574
503
6683
650
27
1003
6029
8467
8589
408
11180
10627
677
3045
10879
8707
779
7779
5355
11536
3562
11229
166
6257
6422
6506
2263
2021
5656
3675
1429
4179
10210
9516
8219
8010
10166
3255
3445
4471
9842
4644
4016
8259
10684
5706
8923
7348
7906
2041
11933
4718
3642
7383
1165
9406
10251
10035
3906
10139
9970
7174
10569
5897
4959
6818
10132
7492
11279
7019
7549
4412
7587
5261
4463
1079
2848
8073
10174
5923
7326
2423
9019
5775
141
3063
1064
2022
9877
7848
5571
10423
11182
3549
2598
454
10769
2042
3639
4374
3147
5653
3165
3671
4516
2951
11560
11895
1230
11057
3955
2554
933
7979
9035
3082
3302
10438
4841
2551
4107
7451
11658
9713
11777
10909
4704
9651
3974
5798
4889
3364
2095
2146
9702
10492
11630
6007
11597
4535
674
6767
9561
8658
6869
7836
478
11192
9989
11767
2759
9817
8136
9585
9331
4678
6068
10813
8527
1706
7828
4632
6744
6236
10454
10440
8955
5384
6485
6273
4168
209
6995
2905
5788
10110
6026
8082
9096
4776
11172
7630
999
1179
1519
9876
8084
1106
5017
3338
6354
5548
6901
2174
5763
7357
8228
10866
2991
1247
492
11707
453
10146
6611
7362
11227
8703
4911
3541
2185
5623
4498
8844
1869
7450
9439
10678
1962
9749
10188
7700
623
10850
2389
5281
919
11338
531
1890
8508
4916
5258
2075
3588
368
566
9953
5034
5251
7563
4146
176
1030
7353
9638
6024
9900
5207
2923
8183
4725
2896
8735
178
2498
11053
2770
7211
10061
2807
2699
5083
10391
5695
3161
5346
6940
3475
10313
5649
10832
9034
1049
6243
5904
9100
10224
7292
9214
7014
7782
1143
2836
3759
7733
10536
6166
10452
7524
2195
9256
6178
5103
9484
11415
6149
710
1461
2039
238
9166
8476
7128
5377
3792
2526
10018
9182
4702
9674
8609
11435
10367
7163
8869
8253
6201
4389
7556
8138
1237
3138
6404
9472
1989
891
191
7245
5356
7632
5247
1933
10518
6819
10982
4712
2180
7880
3557
8831
927
4688
10478
1526
3345
291
4212
9210
2420
4233
8595
7061
6293
3392
10591
6998
699
8157
7183
1033
2797
214
2509
3024
7951
5678
8917
10389
10753
9412
10201
5608
5607
1943
4653
61
9751
5125
5900
9268
5497
6235
3070
2776
979
827
11055
7994
2826
7974
10213
4633
1536
9127
9844
9242
9557
9868
5757
5450
11086
5378
4961
3918
10333
52
5236
4441
814
5062
2390
9067
4403
7091
6662
9655
5167
7638
7296
6287
3017
6842
10916
11786
2561
10790
2576
5285
11174
415
8394
2302
11883
305
7868
10600
9546
399
1900
9700
8516
1207
5417
3013
6918
2925
4062
4024
3153
2901
4194
7198
3352
11232
11790
1409
2499
8305
2942
8370
8755
5270
9691
10622
5063
1173
6210
4358
1594
8134
8004
8681
8395
2915
9952
4328
4556
10410
6798
404
11371
640
2990
10539
2758
4732
789
7068
6658
10459
3596
3451
1023
9001
911
8673
1242
1556
8487
2767
11799
3202
5171
1572
7873
11879
9925
9863
8403
10024
10666
8125
8678
7443
4851
2258
3437
2978
2858
6758
8501
2224
2440
5836
6923
9413
9246
9814
5229
4273
11551
3110
6279
7809
2602
8200
3400
1796
8192
9717
1983
9168
2218
5166
2660
123
10953
55
11804
1565
3899
641
11188
1630
2063
382
2766
3958
7152
8872
9447
7626
10223
8925
1695
8829
3776
10997
9059
10292
4814
6269
10961
4350
1828
2212
2292
3863
4908
5807
981
9693
7066
362
5878
145
6685
3590
7253
1360
4562
10416
8518
6420
10853
2579
7545
207
1192
3987
7537
9955
6407
9128
6246
6014
2216
4019
8145
5370
6637
4587
3242
6289
7517
10062
1518
4836
3903
10306
3423
1797
11604
7372
3809
9807
7729
6423
8397
7169
10840
92
9523
11595
10038
6391
9044
5834
5042
6547
3222
8220
10644
1768
2513
11427
9347
10334
4840
4537
2675
1399
7987
1346
5486
2913
7592
5528
3856
2106
6335
4533
3061
10540
10485
876
336
5420
5599
8691
9095
1905
11903
10321
2802
10374
7411
10181
8158
8132
6561
5651
4918
9443
8234
1822
9893
1628
4351
11764
11746
798
7615
7646
11181
5360
3820
2563
8559
7024
6355
2504
1458
5737
4994
7101
8909
5288
11693
10135
5264
1436
10080
142
9211
10087
1027
4878
2221
6483
1501
10490
769
10603
4944
7007
2735
4158
7090
934
2511
2555
5444
11
3696
4380
7287
2051
570
4440
8621
515
1670
10428
1845
9298
3405
1406
1067
2266
6338
2015
5780
576
4303
2080
8141
7846
10390
4943
3108
231
6838
4647
477
1369
4075
6644
3267
9073
4222
10958
5697
10760
11538
9623
2968
6030
9444
4729
1306
5373
6977
7901
794
6357
7139
6073
11204
2382
3676
157
9004
9573
10785
4360
4926
11550
6432
1587
10947
3569
6560
8267
9786
1741
4662
9240
3599
3531
7520
4182
392
5612
1282
7031
9600
7600
3172
2000
6347
6795
3552
10619
1502
8590
5442
1752
1291
7738
1470
7539
327
1370
5028
11734
7086
3589
11391
4583
4015
1829
8631
8264
10826
4673
5096
9801
10680
7894
8002
2475
11708
1099
7801
9339
4237
345
1838
11421
7214
5315
7277
235
11561
2203
1968
4762
8419
7318
2822
5714
11509
715
10092
4787
1585
9884
7583
5542
7390
948
4452
3088
6219
1978
1949
914
11337
2880
332
8414
8573
2819
746
11211
3578
6370
9172
8156
1497
5666
2654
6832
9819
5588
921
4820
1841
4924
9440
3699
9665
4810
2031
613
654
1184
4001
7015
545
9025
5667
3226
8170
3755
6203
7698
4276
8497
1737
2630
4226
7939
10184
5140
7222
5544
11374
2614
2490
11447
7408
1492
11236
5383
10514
4885
7595
10479
9579
6794
6882
6917
3427
972
3386
3546
6853
4661
10009
11774
10511
10131
6796
658
7324
5574
2910
2634
5705
10029
10878
2503
6008
2888
9929
793
10806
7182
7835
605
947
7098
4560
11797
10882
8973
2832
5338
509
7134
8008
969
8266
2008
11453
2320
8513
8186
3579
6240
7406
9383
6890
4754
704
3910
6198
10738
11242
10843
4152
2127
5903
2137
2333
6150
9017
7256
4666
6321
3155
7677
4125
4957
6966
3140
7927
6968
5811
3443
111
9697
9290
4618
6113
6945
3815
1313
10746
8187
8874
452
9111
10812
6124
3486
6322
7011
10807
5174
830
5309
6049
962
5058
4947
7377
10140
1240
4982
9254
9437
5467
8455
7181
5515
4246
3145
1185
8533
5374
4749
1889
2947
527
3350
4262
8646
10193
8197
11216
9264
9937
9992
7534
10814
5290
194
5716
7331
2935
10482
4600
3398
1606
6542
10
578
10848
7323
11422
5686
11791
1974
6858
9838
10728
174
6994
11605
4550
6648
1659
7333
10262
10434
8167
10008
5254
2067
1909
6694
11760
5596
3322
1618
6815
8324
3538
281
3832
4469
9164
9297
4163
11673
5748
2706
1344
6722
1645
9562
4992
8483
4935
5041
8024
5769
706
3198
4495
9569
10650
6740
253
8243
8272
11769
961
5735
9618
7953
2572
10969
11724
171
7662
3633
4090
9153
7235
317
4863
9588
10515
2295
11780
10509
9415
1493
9218
1434
8752
10617
1498
502
11753
5118
958
1687
9823
8494
1966
160
4713
8998
7542
5483
10833
5418
4616
10249
3217
10948
625
11912
3467
11782
222
2689
8425
7220
496
10993
824
6657
10556
1511
3636
1860
6724
2887
229
26
5278
4740
224
2881
4646
4319
6676
5098
11787
772
11847
11458
2081
8498
598
11653
4854
7500
3960
4936
6848
9510
1732
2462
804
6215
2673
5559
8482
10883
10341
10401
1127
9696
10325
3314
7608
628
1809
11224
7907
11880
5101
2489
2330
10923
4630
7776
7016
11191
8258
7478
573
5886
6132
3097
5671
6846
1531
9904
2166
3057
10070
4923
5302
7154
8641
2289
3808
7637
7487
479
470
8443
7325
7403
592
894
8913
2447
812
7224
8365
10296
2047
8265
10157
7947
1790
6424
7703
3042
5745
4248
149
3335
446
8227
6892
9191
4594
2633
8953
755
7618
1599
8306
11853
1664
554
6654
4891
840
11317
1597
9116
5009
2178
4585
11719
8262
1453
9075
5800
4382
5099
11905
8854
7393
1383
4465
3103
7433
11373
10384
4572
10271
5226
2197
1539
8690
8316
4418
53
4730
7970
4877
9180
9660
3921
11079
9086
2627
6924
3950
8966
10677
669
8644
2868
6337
6642
9620
9003
1673
11325
11633
11269
4893
7663
4461
5551
11261
260
10206
1290
5756
6148
11556
4839
2300
223
101
2139
3907
4042
5388
838
2314
9762
6953
761
3129
7601
8257
7424
7303
9791
10456
8042
1465
10956
9424
11309
3507
4134
4856
5985
1821
11888
8128
11101
8806
9553
10779
10260
5114
3452
11143
9333
3973
4482
8150
8941
11735
3062
9683
1852
7579
4727
11426
10805
7445
617
2704
6725
5329
7975
10108
7124
777
6043
3844
6429
8168
6464
8997
7734
5393
8269
7591
1214
4511
10399
5471
8181
9223
2363
4095
4555
7314
467
1083
11603
3769
4881
6310
1012
5324
6069
9677
4972
10317
7922
1975
5033
11316
5742
7021
9808
9723
11113
4743
2792
5429
11243
3295
2916
3262
7315
143
7986
11871
6241
3883
5513
280
11095
11194
11616
2875
11588
9979
8776
1603
4202
665
1746
5265
10466
2332
2749
4919
7295
2484
1604
10118
9178
3244
6833
331
2508
2276
9263
1598
6171
10019
6021
6593
4561
6719
1055
2329
7168
3105
3539
843
265
11124
3326
3855
9532
7648
3801
6813
8085
10520
10825
1288
7501
11226
7756
816
9144
9534
9793
10712
7106
94
11634
9578
9293
1134
7193
3324
5810
10370
4308
3377
5097
2573
3515
10158
5957
10648
10142
4808
7849
5573
10167
9132
9898
9319
302
6467
8196
7159
661
9901
2931
6592
161
4563
6587
7020
10852
901
5658
8704
9204
4255
4352
9543
8053
11083
3992
6071
7726
2544
9654
1953
2538
10588
4913
2100
4093
4267
3249
610
12
10816
7654
6412
5405
8284
2777
1483
809
6558
5647
9503
3518
1260
2060
8710
10568
5448
11741
6326
5590
6797
8126
3784
3567
10474
8718
659
9470
664
5710
3568
9193
6406
2432
5233
7471
2092
8924
11225
3133
6910
9752
11555
9433
11698
10379
9927
4002
6816
10000
4771
405
8198
7027
10265
7171
9984
3435
5867
7435
5106
2155
2130
11501
6776
10658
9754
2129
3086
9890
606
7650
8652
3010
1341
7505
9283
6248
7346
4177
8615
10653
11513
2207
5223
7309
10798
6393
2400
10373
8121
4605
2253
7164
766
1707
1868
652
10676
8603
50
4796
8335
2584
1359
2034
4581
2170
5364
8628
495
7088
10451
9192
5890
6979
8244
8057
4892
2610
11594
3266
11318
4910
11686
6479
5646
9151
10326
2518
2399
3164
6307
2553
6568
9157
7425
1337
2196
6336
4183
99
11297
11021
63
7878
2552
10044
8608
6410
98
6413
6074
2591
2438
11676
931
9794
9051
6811
5634
5655
2969
3971
6349
4018
9046
8357
831
10601
8202
3366
298
2290
9230
8979
3301
6595
9262
2575
2967
4627
3002
8597
164
5939
1303
10886
6067
10512
417
9103
2487
6831
4264
11662
7589
9020
1944
10192
4059
284
11721
3296
7067
2865
3631
5948
7644
2255
11887
7247
10031
4080
11745
4343
9872
1204
10685
5224
1375
460
1301
4431
6490
4833
5283
7342
468
5112
11443
7217
9029
3986
6
2821
5221
9913
7773
10671
8880
10154
3384
8818
11781
9508
2217
3645
7223
597
10039
1596
1225
8478
8722
2044
8001
6607
907
4958
10756
9870
7758
9709
7313
5176
1850
4289
3520
2636
5660
1955
5536
5629
542
11553
11033
7694
3318
788
776
1189
10115
10413
10777
2214
3362
1926
1580
10931
4580
8599
1469
676
9289
2354
5154
2799
6428
7437
8464
3527
5577
6609
5529
10086
10984
3514
7173
10563
10688
1287
8840
4470
944
10714
1397
583
6076
4318
2644
8144
3533
10242
7780
9105
3683
2243
8937
11520
11263
5531
3900
9572
7178
4045
4326
11796
4428
5932
8210
10504
2264
2781
4425
8555
8855
4970
7794
10831
10907
1813
361
2712
6643
11416
7911
5479
1577
3162
3444
11496
4290
4478
9720
9493
10655
6866
278
4204
4175
3823
7669
6414
6939
4254
5625
8461
10915
2328
10180
9982
2772
7506
1963
7218
466
11077
11592
9279
4028
4252
8162
7402
3780
4269
1609
3519
2144
140
11207
3348
9664
6712
2323
5584
391
4483
10007
9081
1881
2757
8447
11282
5192
6905
10729
3553
4734
9686
8274
9027
2208
1181
2711
11757
3843
6482
4084
5169
8523
11534
10740
2143
2168
9043
10587
5476
614
9010
6129
1162
4689
7343
2791
10315
3286
11159
5255
9499
7113
10981
105
5426
8358
11135
2367
9698
6047
2350
3339
2089
4229
1940
5981
920
8914
5659
3991
8453
3199
847
9621
8551
8749
563
2059
10156
7882
4659
9179
1908
4777
6331
4050
2483
9156
1305
6080
1615
1269
146
8387
6750
1984
6238
6775
4705
10255
11114
1187
8756
10966
5413
4305
7369
7680
5187
8048
11272
9201
7841
2215
2
9099
11417
8964
10414
9896
243
508
10787
10302
10954
534
5115
9217
2256
5526
2121
4291
6835
9750
4986
5212
9919
6303
2870
4759
8686
8330
8726
6013
10120
11675
8982
3032
1571
11253
7657
2114
5271
4349
6745
10285
2818
8950
11145
9147
7364
10357
6864
10884
7791
10084
4119
9527
4249
11740
7108
11386
7123
1802
1902
883
671
1485
9054
10635
8049
8433
7071
23
307
11153
4643
11013
4849
6754
588
8104
8261
4939
6309
2040
1443
1219
2457
9541
2724
8180
8875
4133
3305
4244
10231
7561
6418
5075
3669
9533
2883
2360
158
7238
1745
9418
2030
10001
6066
2136
1135
5604
11629
3403
7472
5222
5922
7795
6680
7562
2073
6223
3288
7642
6525
7884
9158
9642
7236
11220
750
9663
7496
4677
333
5828
7725
935
3912
11844
8849
7494
672
10765
11690
9408
4693
11020
2720
6697
10240
10489
6530
587
8283
2003
2768
7686
7044
7624
1490
4187
9866
7140
1893
8449
8889
6902
2403
8972
7876
5947
1593
10366
2621
6579
3933
2788
5198
2963
688
3434
7263
6970
744
1509
3870
572
8846
2045
6298
1780
11679
4668
8676
8040
7633
7578
7387
3506
7488
9501
2933
8958
1522
4698
1537
6281
3889
760
1525
268
4793
6896
5595
8407
2811
10266
874
854
8473
4227
6804
8028
2103
2523
1374
8153
4417
4236
11047
10059
4571
8719
1961
7793
11213
6094
10859
2701
2871
10945
2676
11319
3365
4406
1937
9371
9692
7834
8093
1996
2958
765
9007
8426
8111
9225
1710
10467
4355
930
1513
1246
4613
49
3136
3650
285
8289
7843
11326
2755
2855
6205
199
3764
11283
1418
2845
3601
6553
1773
4116
9465
10782
11252
5135
5770
11098
4927
11818
2282
6906
10138
10040
2992
8939
2771
2222
6226
5609
10664
5317
9734
2140
7405
8593
11144
2317
2002
634
3770
1116
648
10710
3487
5652
10484
10925
8296
4779
834
9923
4683
708
8408
1782
10363
1425
325
8077
6379
6972
2237
1293
4153
3785
8510
11506
4293
1036
748
3320
9490
6244
9590
10054
1108
9345
1411
753
11802
4195
6101
11154
7002
3706
1702
10020
6956
8741
7937
5550
10700
10888
8174
3597
10614
8878
6915
8587
4522
85
10037
10056
7397
4634
6857
813
929
2613
2983
10897
10233
11356
853
5998
1749
5937
11659
9847
10471
1325
10017
519
10632
6575
4507
8943
7978
5089
8100
7413
11918
3442
10546
6675
9369
4189
4422
8405
6986
6498
1738
8292
10534
756
5128
497
8390
11778
5211
28
6275
7695
2252
6935
3996
4785
6318
8080
10586
8988
9115
4089
8344
2435
2709
11107
4518
8887
3824
5073
1637
5423
3431
9494
9999
7385
8023
9455
723
6597
4842
8118
11311
4914
3714
6889
11723
3459
1767
11612
7863
10773
6104
684
7908
3065
10095
7899
7060
8884
8996
1826
6476
8622
2270
9512
6665
4922
8509
2996
4596
4171
2223
10322
7289
4821
8612
7603
8912
11773
1091
5847
905
8103
3044
5842
5284
4055
10191
3840
2433
4378
2275
10278
10604
8929
3496
512
1872
29
8270
4456
1348
2099
3967
10032
11666
10408
5731
3691
1614
1447
2808
7349
8113
8091
2884
7485
10119
5326
1486
7302
1688
3655
4818
564
236
1373
9633
5403
9368
5523
10217
5468
2730
1843
5036
7699
2156
5643
1427
7839
6164
6388
324
10730
10656
9309
2123
9980
7607
8166
2468
5043
6856
5054
8933
2994
9154
8334
5307
2048
6503
9344
3100
8826
5579
8772
9239
4570
6378
559
2609
11038
3416
3430
8450
3388
6926
2782
10550
11193
10914
2717
5067
5556
6341
9392
10875
5311
2384
1051
8507
7702
2439
9106
2607
9985
5684
9195
1125
7543
9915
459
2392
5715
4822
9391
7444
11016
182
112
6980
7115
1663
7581
5591
4112
2863
4295
8614
1058
660
7143
2790
1407
4336
6667
9113
1652
4513
11492
4459
11275
1078
4371
10483
3564
7957
11521
5422
637
4964
675
3621
239
7429
5049
6456
1862
10152
5570
1608
10051
3717
9419
2138
5984
475
4665
1516
5631
9361
3291
951
1808
3750
3927
6820
6812
1321
6019
432
328
9658
11814
9463
2226
4103
4151
1532
2668
7946
11485
745
7490
1400
863
4660
2131
872
8022
6157
8935
663
2062
37
10830
6003
8620
5654
4114
841
4844
1520
6072
11493
8273
5433
1631
1747
2281
2108
6189
8583
1839
11445
556
7918
4003
1588
9426
6266
8079
7453
7069
10042
8526
2417
6733
2411
6965
7268
9986
11522
9285
10005
9526
9918
9301
8679
3727
1130
5359
2427
6516
8656
10196
5395
8346
4462
10922
9409
10598
4802
1931
5387
3806
9185
4640
7148
8899
6870
3692
4985
3016
5741
10649
2013
7612
11822
8582
3561
426
58
9110
11783
11065
11647
9730
2492
9049
10238
7202
4423
5893
8421
1569
3396
11726
1855
8643
7084
11131
8454
1218
338
4467
1422
3547
763
10050
2445
6633
9404
5102
9678
10532
1387
5333
9632
1626
875
11744
9906
7137
4686
4804
1024
7722
10234
5988
1505
5819
3122
4021
8423
11327
9957
2663
7483
9871
5463
3238
1366
10079
668
4530
8095
2101
5929
10741
7759
1221
10665
198
7252
5795
5765
8783
6679
5621
3737
1489
296
2729
7883
3433
1343
4942
2303
74
6731
4416
1894
8442
9916
5066
4769
8876
4064
10253
5151
1859
9848
2171
10124
3908
11747
1772
11927
10505
5569
2120
1692
7652
10085
7916
9653
5201
2497
3728
3689
11471
4006
412
4609
8662
4907
4487
9080
5482
6469
11076
4368
38
1467
9454
3450
10002
11866
7696
655
7142
8635
6746
11277
10269
2416
5926
9299
5126
8310
6950
2261
7240
5029
4099
728
5200
11652
5873
3664
6571
10605
2736
3316
2093
6577
11846
501
5107
5016
9220
9248
6546
762
4396
6670
10669
3947
9209
1449
8293
6091
2816
5465
8980
11196
1019
1041
3965
5286
3250
6294
6134
165
8477
4758
9280
6792
1160
9150
3654
6255
7590
9559
8248
5291
633
11678
2764
2930
5401
4263
2979
3693
1014
10289
9400
9479
8067
7861
10718
8185
8457
10447
2141
9892
6669
11488
976
10232
11674
6895
6117
9030
1001
4912
388
2789
2471
1163
2733
8814
9777
9152
3293
6810
3394
5782
985
11341
5369
2182
6983
5381
5437
3091
9427
6834
3192
2512
3469
5375
8581
3890
4007
1040
3905
5350
6599
6784
6291
6064
9403
10595
7246
2632
6256
10371
1396
3572
2404
8847
334
8446
3419
443
2227
2377
10312
3030
8263
11627
4281
11433
211
1102
10362
8504
6598
9354
651
7532
1357
3308
2477
8260
9471
4620
10155
8794
3151
3993
7582
4217
1092
5743
9018
3375
513
7037
10279
1918
3373
8362
1769
1004
5859
4354
5245
784
1216
10745
7365
8285
1196
2919
3038
10857
8910
9000
4825
5068
9487
3022
7527
10298
11423
3019
215
5870
5441
5534
6859
5610
4157
4395
8970
11715
7054
263
1873
9589
3746
5813
3041
6919
1201
6297
10212
8833
8785
11046
269
9282
351
7530
5764
10149
6507
5196
10975
2750
615
5325
10264
1224
7110
2838
11641
2469
4162
2482
8727
1758
7416
895
6272
8471
8484
8736
888
1140
10351
1625
4504
4192
8522
10016
11511
5773
7188
8645
3624
6922
11533
2239
1672
5144
10880
3208
8759
6162
11028
2478
6222
10630
5493
3822
7513
6772
4909
4832
6781
4515
11925
11111
9667
3492
8472
8418
10902
6362
10420
11429
3406
11348
7258
126
5952
10186
8337
9399
10510
10077
5488
413
4834
7786
2220
4277
4008
10049
11363
2279
4072
5410
2973
3128
2600
7985
4692
6247
2520
7415
8320
4812
11354
6056
1145
7499
2900
2109
10023
30
9343
2055
11543
4083
682
4357
1101
6689
6946
3264
8466
11000
1589
2716
5821
5862
9627
367
1754
4033
10842
5747
2737
8788
434
6619
917
4722
7427
9857
1209
2587
3772
1897
9911
5797
9666
2441
1713
2046
11762
5000
2338
6434
6305
11156
7304
8215
6511
849
2557
5168
9045
11759
11542
4540
11459
3185
5250
1551
2272
11395
4709
8728
1047
10494
2337
9928
6916
801
8817
2605
1142
1095
7827
1987
3719
9644
7555
4708
6544
1298
10894
4074
8312
4181
1777
9795
6346
2861
5400
42
4855
10920
8015
5816
1139
11865
5462
2407
9441
9724
3804
34
8666
6213
5314
5554
8175
5942
2049
8977
439
3545
3630
1212
11008
5069
8777
9779
6480
366
4995
1450
2470
9865
6035
7613
9032
10303
7938
2349
1884
1478
5091
7275
11498
7332
3559
5650
3707
10835
5266
2878
4857
1294
7874
10183
295
620
2780
10590
1610
11068
10690
11701
4221
8400
9085
7832
1801
8845
3703
3144
10742
511
3649
6006
4976
3055
955
6708
10026
10469
507
2153
6477
6097
8702
2387
10609
5826
3414
1555
7386
261
9446
7529
6261
3157
9070
3817
9359
6299
9119
6559
10277
4595
11806
9442
7943
8398
2920
6622
3428
4603
5406
3
10094
8056
9570
3000
3827
4531
7062
316
2473
4679
558
9468
6920
3695
499
2326
2461
2950
5794
4176
3786
4419
7160
2728
10030
11494
9624
9304
3382
10917
2242
9326
60
7172
1582
9833
1601
5427
4664
957
10445
1888
683
6615
7097
11347
1941
1686
2574
711
6396
8733
3762
2756
11246
6783
2637
7778
3379
825
8069
9656
7717
4188
5823
11885
5124
1820
2017
6541
10449
1038
10427
739
4450
7747
4491
113
1013
4155
9482
6885
3269
9988
6959
10599
4429
6114
5598
9787
10200
4384
1424
2201
593
7244
11884
681
10863
3658
423
11251
3513
4473
3223
2334
5825
1980
9517
6771
8907
2265
5641
11622
168
7093
136
9233
10372
2702
2084
10537
5220
10930
5721
7329
1912
1351
4797
2148
11694
5863
4989
6460
2975
10551
5030
2622
11923
6989
4000
11508
10247
9145
10331
465
1947
11540
463
70
882
10111
1232
11841
3928
1959
2895
3066
16
4866
7952
10396
8355
6015
4795
9477
10734
2355
19
2850
6641
2388
10075
4806
8110
3294
6621
4941
9798
6042
4724
1439
47
4199
3454
9114
89
1324
5555
11728
2463
10949
9673
1786
3672
11344
4270
7334
3280
1787
7774
8140
6062
8333
5668
1307
4052
11519
3102
1423
7050
4131
11843
6040
698
6988
11813
810
7796
3125
3708
7280
424
8705
8586
4624
10337
1538
9313
9592
9771
5628
6674
5297
2989
11792
5930
3586
7285
727
4102
1365
6187
8580
5691
11564
5978
9498
6237
7417
6653
3287
6649
3544
8665
1363
9366
3618
8045
8338
8276
584
11300
902
9050
991
10793
11105
11350
6083
3848
9617
9247
8469
5637
11071
7852
8903
5092
6933
9912
10254
4809
3332
7083
7914
4880
8968
1157
1917
4903
8193
6650
4203
11819
11711
5240
11582
842
5777
4670
5712
1795
5432
484
5190
6459
1736
2010
11915
1117
5885
4716
2118
6105
4871
822
3605
8460
4449
2110
4178
8891
11214
5888
657
10903
6723
8701
4017
10929
10783
10353
5681
6888
7053
8052
5732
9228
9537
11563
4538
10582
4884
768
4230
6170
9550
4541
5970
10860
7831
10549
5875
11855
11206
10626
6828
5460
1876
4214
2410
6430
7401
1021
8562
8074
9458
2946
8669
11920
10873
10398
3779
5382
918
2086
6107
117
4048
4539
5563
8712
2727
1846
6491
5235
6717
987
7237
8194
8086
5170
1121
6358
4966
10667
9825
8832
6934
8801
2506
7347
3034
7063
3946
6590
7803
8235
11587
8629
8740
1548
1558
7962
8991
1863
656
737
5951
7660
1570
11829
2385
4896
11295
6369
7926
832
3101
2748
374
9281
11739
9959
11152
6801
1071
9879
2866
7368
1389
5306
9387
2658
1016
2944
8547
7689
11898
7434
2071
9502
5141
6548
469
5720
7076
11208
3315
8680
8942
5023
3949
8107
8169
5294
3418
1472
8802
11173
8148
1228
7398
2977
9887
10987
7940
6824
7374
6673
8770
3117
10228
522
4257
3058
690
10613
2556
6514
2119
8637
1466
2177
3816
7479
799
8626
2310
2453
11049
8859
952
4299
5262
11590
1734
5894
5676
9042
7728
4086
8761
2409
9721
3385
10297
10503
10235
2854
11346
10507
5402
1901
8127
8664
6581
7103
1477
11170
5585
7762
2246
11248
3936
7030
5687
5889
6951
7151
7584
8089
8277
6557
582
3864
10090
10786
2628
7394
7358
11140
6715
11660
6868
10169
713
8058
5919
3229
9591
308
1957
629
6122
5960
4965
4333
4142
8563
4322
9088
8856
1113
6168
7865
352
8922
8205
1270
3807
356
5480
10387
8208
5696
2436
4525
2921
1009
6386
1563
5754
7043
5558
11800
10575
5357
2705
6221
4904
1771
1286
6103
9351
3743
10891
3115
10318
2882
2068
10148
11359
2862
4490
5051
3309
3902
1239
8816
8839
2700
4593
6325
4457
247
11907
3739
10523
2927
6195
418
9102
1082
3638
3114
4781
2997
5911
8017
5627
2286
11005
10743
11410
9972
10991
4747
6630
5445
3720
11075
11452
4082
1750
5618
2917
1697
7013
7276
11529
5699
3415
2742
5371
3961
7735
11750
7790
7785
5670
8546
2559
7973
4735
10654
1586
1668
8694
10425
2677
10819
5996
3389
6624
10350
8062
8862
10818
1251
4325
2982
11001
3803
4602
4197
10564
4870
3174
7817
647
963
803
9652
1779
3581
4579
4098
10501
8699
6738
8981
8479
422
2467
5751
1656
3256
2452
3937
4484
9495
975
11772
8226
2422
8724
11784
7737
3625
3411
5986
2278
7039
1279
10679
6997
11024
4997
696
8642
8343
5088
11717
9334
9748
11162
9407
9137
5238
943
11097
8116
10021
5880
9917
10179
3701
6276
4367
6252
6324
5587
10386
9601
11852
1564
5199
4962
10904
7141
10778
11487
9670
2912
8992
990
720
11825
7629
6800
7965
4279
4472
2076
557
7658
1759
7274
11656
62
8557
4432
8152
3011
561
6445
2692
1408
2480
8838
10970
240
1331
10421
5738
5935
10295
8821
4186
9372
119
4301
428
11294
9273
10660
11360
2966
2324
4479
4975
288
4408
1281
9643
1877
11438
95
6617
5950
81
10646
1965
1533
5884
8529
4032
10365
393
4611
7688
8976
1871
5983
1241
1100
10168
375
9718
6613
10082
9265
8462
7557
2954
4138
287
504
2152
5108
11892
1195
9362
8458
7279
10522
4027
8171
3311
4690
6227
252
9453
10214
1334
11014
9897
11667
6447
8182
7797
10809
10364
7921
6893
2812
2815
4604
3821
343
9186
7888
8824
3754
10345
2347
5060
2732
7580
7370
5883
11484
4005
10979
7525
2362
6938
2713
9488
9909
2718
6486
636
8697
3074
476
1682
2102
722
11924
9224
9594
2760
1
9610
4714
1833
11807
6258
11574
195
2425
11527
5561
11525
7870
2085
11142
386
10764
7257
7988
3775
9235
5351
6012
8290
1898
6840
7468
1640
2949
2804
10112
8143
3170
1326
6234
7001
4648
11569
4933
5868
9864
6993
4764
7284
7885
1708
9122
10628
11048
1510
2374
10995
6229
1712
1332
3046
3771
5616
9974
3124
57
8027
10952
1284
6217
7461
1022
8738
10841
1913
1677
7564
9047
11336
2558
6306
8969
2304
10659
1118
3245
1020
6172
4190
3607
2070
1098
11576
7262
6827
5267
2370
8768
6077
3825
9729
11398
7842
524
1468
8639
4341
7568
1857
2545
4711
7647
5907
9397
11803
3877
10025
9598
5045
9162
6214
8189
5213
9432
4800
1213
2202
11904
10913
1634
10906
7158
7371
1627
3860
2945
3290
3237
9818
1086
1441
11342
8281
180
7206
7858
10638
354
1317
2708
9015
11614
2635
2535
5020
7179
7360
7503
10624
9732
5734
5389
8744
8813
6194
3977
10081
9005
3637
4786
3393
9739
10300
7359
9563
8962
7893
9317
6809
4020
653
10565
9305
10011
10836
10239
10057
4149
7099
11306
7254
8459
7522
4334
821
10530
3436
8005
4890
9142
10288
6475
6233
1830
6904
618
1166
4569
11120
5150
1560
277
7418
11074
6084
2496
11877
5206
6314
2886
7872
8911
9349
5920
4736
9987
9146
282
2937
10472
127
8594
5774
11835
6872
11682
5131
8231
3254
5989
7573
6286
6031
2522
1567
357
7959
8596
10106
11547
8463
9556
899
8410
5750
3018
9567
3084
2327
6206
790
2964
4054
4154
1155
6760
2035
78
6446
10143
9647
11378
9580
7989
9405
4439
8313
8851
9582
51
11413
3014
2225
741
1388
2974
11032
2753
3381
11100
5072
3516
11393
10327
1233
2365
4783
9614
8302
3142
3729
8926
11171
5209
9712
10736
445
10189
3474
7586
1413
1382
2238
3845
6177
6408
6807
1494
9198
1840
5580
2151
2186
2995
3795
10606
383
4375
4838
6887
11815
5334
922
5469
9538
1946
11409
2112
6780
11862
8311
9069
4843
8036
4772
10890
5968
5578
6875
11088
3511
4259
2695
8124
9258
4788
1770
8791
8746
3325
7311
4803
11304
8541
4971
1837
4723
3412
6700
1882
4392
2683
4524
9602
1799
3413
2187
9566
3944
3098
4503
2936
9062
11839
4251
9292
3736
612
1935
11714
10165
11260
272
4667
2043
450
3582
3709
6449
4173
7209
8030
10316
4532
530
6782
1420
6271
1169
9332
3814
2952
10476
1129
8535
193
3071
8300
4474
2745
1112
11738
9993
8674
248
11795
1349
2643
3048
274
6333
8766
5520
9839
5292
6455
2386
2589
5846
11886
4623
10693
7673
3898
6529
6881
5391
10645
8489
2057
2639
2980
11168
8830
7969
9394
1547
9560
488
3035
8016
11449
9125
3945
1762
3243
188
10491
8538
6823
3964
10442
419
4278
4455
548
4984
9202
7104
318
120
5881
1371
811
5899
162
6108
8519
4011
10521
407
6433
1072
8947
11842
6332
731
4756
150
5005
2892
9277
1440
870
989
11754
5752
4745
11029
7709
6036
11849
486
7380
11411
3009
11677
6632
9994
4529
7477
4546
1340
8435
10022
4037
9920
7991
3347
11882
5874
11463
8931
9977
11548
3330
3039
3158
11502
8254
5380
7373
3037
6520
1193
10258
2761
997
10889
10290
3051
4164
301
9615
3734
11019
926
4284
10338
3008
11066
11733
8278
5792
2640
4558
11702
3397
8176
8211
3535
8415
10541
4746
10344
6032
552
7931
5673
1575
5398
7949
474
9330
5076
5898
8064
6112
9699
9991
5532
1528
8431
6207
8852
5522
2032
11928
8763
11050
4383
5396
3508
7070
8151
7399
4853
10544
7754
5390
9107
8465
9329
414
1462
9518
3888
2585
8083
4363
6267
1194
2434
8837
5837
2481
8076
8877
11859
4117
490
10012
6344
8031
8810
2860
8971
6382
2876
2244
10252
6368
8521
10529
3690
395
2578
3760
795
11237
5601
5217
4960
349
5818
10697
11223
8753
9063
4755
4398
9308
4807
3741
1243
9323
8804
8805
8371
7041
7493
8288
5244
808
1612
3230
3951
11687
8525
3573
9747
3225
3930
2844
5100
6123
10542
10160
4573
6806
9835
667
9978
1791
9384
4317
4340
262
9809
10910
3700
1904
9796
8063
1607
5632
4990
8575
7560
3304
2527
5134
10006
9584
7519
9907
4369
7576
6985
10694
4208
11856
6038
8075
4245
283
8493
7933
2939
7048
1171
7602
5327
9395
6524
6862
11090
11626
8294
4407
3566
4952
1835
5966
8734
6442
7606
9196
10066
1431
10072
3613
10754
11523
6790
9286
9843
9
4829
11148
2206
9804
2431
3197
5995
5142
624
11431
11571
1639
7312
9943
2007
10849
152
311
774
6884
3922
860
7249
1096
3453
10799
7286
8044
10592
5368
7925
7724
10720
4261
11510
4520
2288
2691
5394
4895
8767
11234
1442
984
3713
11241
6576
7512
2795
2685
4999
3924
11651
5833
7
5440
442
266
10957
1939
852
5630
7538
4106
9773
4377
3191
7361
226
9167
3410
9564
3312
2147
2985
3176
11812
10004
4196
6020
5308
2157
11163
4937
10250
3517
4342
6282
1180
4599
3173
4296
910
102
8588
8919
3215
10493
6636
6591
4493
5644
4900
11573
3246
9041
10499
10577
4568
11432
7886
7716
6860
4847
574
11293
7375
3995
10960
4575
878
11006
10834
11268
3323
900
4801
1794
5490
4466
11461
2741
6411
7628
1158
2248
1015
96
5341
7395
8050
4118
9504
3608
3747
9452
2375
10839
11475
1985
778
10974
9118
1719
4681
4768
3904
3480
9648
1831
237
6964
11424
181
858
9481
11910
3661
1471
9836
11165
11150
1386
2560
9241
8432
11613
1203
1416
9318
3053
7596
697
8865
3730
2841
4528
11155
3472
1815
8439
11437
6749
10230
5287
1421
312
39
4601
4981
10828
7924
8803
7233
2232
938
10198
733
203
4719
2608
4300
11219
5744
946
7150
2444
3878
10339
1667
8930
2582
5145
3943
11051
2346
1008
5275
4710
1906
309
4205
1473
2311
9530
1766
6606
10908
7614
9924
10553
9765
2053
9740
6065
8502
8864
9675
482
9841
11899
4578
8663
1970
1763
8670
3862
8146
11136
6364
2774
10497
10629
6778
11703
6250
1854
7740
11127
5186
1104
2401
1197
1666
10216
11387
3698
8757
5129
5282
1285
4506
5871
5648
10426
2962
10237
6141
5160
2914
11419
6372
3725
6348
3168
9181
9260
10781
10797
10458
8163
5861
3897
9321
4306
3585
621
10460
8571
2617
11766
10486
6941
8367
3540
8051
3119
5061
3478
8230
7345
4883
11056
9668
4675
363
425
4438
9967
7789
7766
3360
9500
5484
10755
9519
3796
8890
9719
3819
9255
10359
8986
8708
2569
2428
10098
10150
2722
5973
8617
9634
729
8038
7744
4184
5524
5184
2987
9084
10071
7859
8032
2625
2188
10418
2405
11546
3471
3998
1817
6707
1641
845
880
5914
1665
5674
3317
4778
7701
1605
2398
5146
5709
4087
4728
1730
6139
5971
4235
839
8105
5708
1159
1315
11585
11874
567
9425
915
18
2454
7036
1701
11864
11580
8841
5162
10651
9805
1491
1899
3884
9401
3711
6055
9232
10287
4070
8448
491
9758
8315
10241
732
9411
6732
11286
5500
1705
2267
1254
5549
10733
680
10898
6044
11731
11868
10311
4497
11869
9346
3962
8109
9998
8552
9342
1550
9659
11705
6932
6651
10780
594
8068
5305
9356
7571
6334
8957
8578
7392
2274
5703
6773
144
2340
2315
4869
9469
10989
9706
11456
8282
3869
10270
4953
10164
8944
5122
2549
420
271
7963
7497
8468
3761
10994
3132
192
5805
11367
8204
7507
11375
10837
4845
8732
3831
7004
7625
9266
8308
1559
6081
206
3606
11670
6909
456
8131
11228
8191
3704
3134
1131
4988
7955
3901
516
1137
7763
9092
5443
1928
1896
1267
4887
10487
590
2599
2864
4738
1081
4401
4347
5318
11054
9813
4400
10681
11009
9767
7566
9270
3574
2132
4393
9197
8388
11450
10824
5791
1675
8945
7100
2061
1256
7544
11072
5178
1764
8604
2817
1911
5927
3969
1938
5589
5538
9936
11015
3300
1602
4225
1479
7341
5913
9259
10422
4218
8037
9124
9619
10899
10791
7105
8065
3448
9159
10749
7161
879
11743
11618
3263
780
8789
4315
2752
2383
7282
10435
7459
5879
1103
2066
7995
9053
2833
3420
5456
4128
10709
244
7149
11579
9736
1433
6277
11531
6944
5692
4811
10810
6401
9378
10701
3292
6437
6634
5724
2707
8688
5535
8959
2740
9376
10647
9529
781
6270
11115
9275
9711
4867
4216
9461
8709
9379
3857
8799
8566
1784
10197
1026
4338
3307
10580
6543
8094
9950
4649
5299
3529
11539
2456
4476
10905
3635
4557
5183
5037
4220
1376
2322
9341
4320
10033
783
11697
5915
11345
5259
2296
10800
2623
1742
6265
10570
7541
11901
5605
6004
4365
9981
6515
11202
11276
10218
9436
6376
5411
7404
6377
7029
11906
10173
10846
6996
11919
9811
2762
3781
6867
9352
6458
6629
6502
8553
8651
11466
5228
1725
6578
1136
1678
4231
6852
9173
11045
8013
6186
4430
9641
3083
11117
6931
7441
5243
3768
6232
11479
36
3056
4514
3099
2307
11106
10028
5431
9509
175
2476
826
8142
2813
2020
7350
1271
4362
5961
3073
1649
9117
1361
8434
11273
11331
9828
6716
10980
6614
6016
11568
9445
4094
1380
7599
7058
4096
3577
11752
2280
5347
5849
286
4552
802
3587
4517
782
726
5428
4228
5969
5148
3376
1807
2825
6764
2590
2651
4576
579
7338
11624
5280
10133
10706
11606
1368
3752
6381
992
8286
7559
4739
5032
2999
4137
1851
344
1804
11454
6510
6342
7674
10620
2004
8160
1662
5461
2619
11558
7932
11615
1721
5239
8299
10248
8271
4122
3782
10159
2784
4635
4763
707
7798
3028
5946
11189
7535
11389
10652
9744
4198
865
7685
480
7462
2984
10332
9852
1198
350
7351
3006
7367
6284
5949
11908
7917
4695
315
3328
2743
6438
3505
7552
7381
4567
6165
4610
6242
7305
1263
9544
11749
3765
4061
6142
6092
7410
473
2134
6495
1028
5273
6837
6668
11265
5982
5473
544
6057
10855
9514
4242
8179
6300
1025
10457
11481
9276
1074
1661
10668
9507
3611
1275
9966
3731
1487
11575
2665
11830
7553
4069
6785
130
402
10919
3732
9875
104
8014
9175
5002
173
2449
4876
169
3715
9057
6655
5175
8072
3917
1613
10319
6188
8298
10368
1718
6793
7407
3712
4921
11913
10187
7977
10611
547
2721
11516
185
4022
8376
230
2941
5481
3152
6620
3778
2005
2856
9009
2117
11477
5274
5119
2514
8544
2344
3502
7225
4067
2597
10576
2262
9221
8918
5419
4671
9450
10788
8754
11636
2115
8323
7132
2065
6788
6618
8684
7012
5105
11301
4967
4886
3461
2806
7942
7881
3477
3131
7055
2502
10283
4687
11661
1557
770
7335
1824
3187
11457
2366
4826
11203
11328
9855
6312
10705
319
9963
702
1336
5008
213
4548
1352
9101
11467
11110
3224
7508
1126
4174
4685
3818
1066
7910
3532
6743
7040
3426
1690
3871
5475
2953
10453
11215
6677
2902
4566
8155
6855
7813
6441
5474
4379
9312
3830
3001
2016
5597
5340
10360
1676
5046
3275
5052
8059
10941
2298
11640
2998
3163
10711
10245
7523
9834
3632
3794
7812
1208
10519
5138
10439
3978
3500
3399
7215
2325
11873
1249
11022
4837
5853
5279
8488
9822
8654
9171
995
3988
7046
11288
7622
2805
8881
5784
1210
204
3627
819
5916
10448
2803
6684
6701
9302
2641
3214
5566
9576
5909
3718
5007
11632
11221
2616
8960
11798
869
5726
4282
897
4680
7664
8424
2739
4931
11441
11082
6742
6465
6466
187
3126
4882
9082
4243
9810
11178
4830
7528
7265
2379
4767
9190
7746
6690
75
913
2198
9940
11894
8682
4674
306
9845
5177
8616
8900
8675
5979
2455
1638
9689
303
10774
10078
8737
3143
6527
11643
4496
10134
5025
3766
2364
9134
4765
8061
1753
9393
9274
4920
11091
9520
1481
5936
6163
7641
7912
9459
10552
4592
4405
10686
7792
5941
5690
4865
11602
6144
8301
4159
6787
4127
2670
10639
9775
440
2381
5547
6562
3885
5152
11930
5219
6873
4150
87
11270
9208
11218
4917
9065
2125
10525
10153
5560
5452
7432
5188
1995
5841
6183
487
11425
1258
3387
11195
3838
6167
9854
6090
4051
7854
7721
11544
5466
1474
7207
7742
7255
993
1969
8985
7565
11827
7419
595
11455
2393
6060
1952
4619
1945
4287
2690
608
5055
3668
11863
9878
5343
8716
2754
8375
431
823
6440
3666
6216
1783
10175
9031
2437
2460
147
6688
6053
9311
6960
9056
3641
767
9055
1590
1543
3595
6452
4266
2133
11119
9996
3643
7307
11480
7540
6711
2972
10348
5503
6002
2179
3276
805
7232
6169
3981
11030
2785
6130
960
9831
3521
1761
5689
7072
9398
4586
5771
369
1950
4410
1175
9761
5902
6010
1430
9315
9690
4527
3109
8792
4706
9489
4130
2885
973
11491
5256
2213
5657
1683
3150
3941
3526
2234
9635
5304
10205
8499
1276
10323
8683
6052
6499
6405
1031
8554
4311
2028
1506
2505
6844
2231
7190
7439
3201
2164
11696
9851
3137
9338
10996
9772
8853
1883
4993
5501
3575
2541
11141
10330
7306
8952
6871
3186
9456
4079
9143
73
9574
11478
6751
155
3615
2837
3089
7234
5010
5027
3193
4790
10607
9324
692
4905
10566
11535
3805
8353
11392
11668
10634
8391
2479
5855
10562
7533
7958
7913
4426
7269
10117
10113
8007
9141
9243
4691
1853
3252
6133
701
10443
5980
3839
4831
1272
6329
6360
3239
2970
3721
11104
11572
5139
9522
9250
7165
279
5295
8149
7707
3810
2583
3812
9108
5133
7259
5458
1728
2011
818
5796
8731
8212
7640
10870
4954
8213
11570
6193
6435
7665
8786
10342
7610
1512
4636
643
22
4949
10222
8120
1979
411
6140
1223
6522
836
1973
10881
3757
5024
10163
10625
7857
10618
1619
7122
9307
6409
8416
2291
9513
5772
7455
11205
11878
3501
1542
7929
10284
4414
3659
5328
7300
5227
7216
828
9194
10811
6580
6540
11669
11838
6551
10257
2648
1620
10470
7167
1914
8632
11554
8515
8137
4951
3580
184
571
11837
3868
11129
4973
10392
7316
11589
5908
7010
2018
6552
8672
5276
5080
7585
3357
6264
638
8834
4720
9908
9028
5158
9237
294
1398
8154
3872
2149
8214
3802
8584
10272
3127
5179
11396
10430
6211
1793
8325
148
10128
4288
3640
257
4076
2394
449
11167
8328
9626
9203
7378
8843
1149
4458
9389
716
6249
3425
630
4824
10912
3602
4023
5477
9603
10560
6554
221
2652
10052
1930
8549
5606
9131
7166
6756
5565
662
3093
5953
751
9946
10502
6453
11789
10533
791
7649
7226
4652
3724
