187
116
17
67
93
182
127
216
36
147
192
180
97
281
238
132
228
31
120
211
43
235
154
200
163
219
277
33
48
29
208
198
40
8
212
174
303
135
62
101
51
173
271
77
282
59
188
273
258
296
151
185
294
237
111
95
13
252
30
270
42
133
295
100
288
86
94
287
242
246
1
10
99
255
5
102
137
25
158
207
84
230
193
299
280
98
141
39
64
221
305
169
231
272
269
7
121
210
22
131
249
204
162
286
267
142
89
112
96
27
191
264
279
202
55
196
72
76
256
73
164
114
61
261
145
119
283
168
148
293
251
88
247
45
206
225
122
161
82
274
106
14
194
66
80
240
301
284
70
57
117
179
239
186
155
91
146
47
32
171
241
52
218
268
87
53
278
75
285
153
298
34
21
134
144
136
35
115
28
12
203
189
199
175
300
11
104
236
177
81
60
63
165
276
71
4
139
257
263
23
16
250
15
90
244
233
254
160
292
172
213
6
259
124
129
54
9
265
190
3
125
149
26
37
275
266
56
20
130
170
150
224
297
232
2
291
78
92
215
181
159
49
205
214
140
243
226
302
126
79
290
83
304
44
157
46
227
143
197
217
110
24
220
103
41
156
105
262
201
223
85
38
0
307
58
167
152
