162
101
114
20
23
182
290
35
8
113
47
13
210
300
236
89
263
59
65
187
119
174
25
261
82
255
66
41
184
287
26
265
209
165
134
268
0
172
85
285
69
116
152
141
291
34
247
208
1
272
245
260
202
243
278
254
235
88
188
289
181
298
15
72
125
45
49
154
211
84
90
173
73
75
159
22
224
193
62
205
248
126
186
132
71
17
257
60
253
55
94
183
262
277
29
283
107
108
293
259
288
196
251
92
302
103
129
266
274
111
306
171
195
80
178
63
226
54
120
3
241
9
216
43
207
148
51
222
160
197
284
250
215
135
40
5
137
229
38
219
185
190
67
124
39
175
33
231
147
21
79
24
44
99
31
166
95
252
200
238
223
179
74
240
143
61
167
242
76
270
12
303
68
155
118
4
214
77
153
199
19
48
138
117
297
78
56
57
180
86
42
218
201
81
133
271
10
161
145
301
192
194
151
280
296
267
136
307
104
14
189
139
157
16
275
7
264
50
121
102
52
156
27
146
273
198
97
286
128
292
299
177
91
110
32
123
191
163
276
87
100
142
96
6
305
11
234
256
237
233
37
220
281
127
58
149
232
170
203
206
304
2
282
217
46
225
18
168
228
227
130
28
109
294
93
213
258
