266
244
147
168
192
35
29
204
126
115
286
67
138
111
276
186
100
146
282
284
173
264
288
6
109
17
24
139
94
207
255
238
216
104
79
176
123
248
295
201
88
301
34
206
241
202
3
165
75
279
221
180
191
48
267
133
62
65
163
2
22
225
304
148
208
86
270
290
172
272
157
271
102
205
13
80
73
137
229
90
296
5
170
105
240
253
181
93
11
236
117
305
228
8
302
56
27
289
182
54
190
78
84
130
217
122
154
101
59
219
234
63
183
4
237
91
44
246
278
21
71
223
125
81
196
175
285
51
298
150
136
226
50
145
7
273
151
263
142
293
15
194
98
189
18
112
140
158
209
297
200
231
47
42
64
19
89
159
212
52
243
188
70
60
242
280
167
55
195
222
129
25
99
259
262
82
26
197
12
36
85
258
171
77
14
277
135
97
160
215
274
72
230
155
174
107
49
307
121
53
187
108
131
252
16
235
10
260
164
156
87
184
294
227
265
39
106
214
23
198
69
199
169
95
268
103
43
37
292
119
291
233
74
149
218
128
124
9
132
306
110
120
40
20
41
83
275
177
256
185
30
162
250
232
210
58
96
211
61
300
281
143
127
141
251
283
193
134
33
299
57
45
249
32
68
46
152
