136
50
111
115
234
259
254
49
216
266
1
108
35
198
18
32
203
102
241
170
291
248
52
81
177
56
150
161
92
270
73
157
262
156
43
250
209
139
276
163
298
88
45
42
172
300
179
191
34
70
231
252
280
201
258
271
113
253
295
30
202
204
173
27
38
41
236
206
129
167
33
103
199
137
225
220
282
40
28
243
140
39
36
10
89
25
100
59
279
9
274
93
285
256
135
96
15
68
193
255
219
218
158
87
265
66
121
84
278
303
20
223
176
13
144
78
207
185
227
76
187
54
95
211
82
215
55
26
75
118
275
63
149
237
99
143
29
175
164
239
91
205
94
124
57
72
8
273
134
305
296
74
251
283
169
264
117
208
195
119
196
180
289
46
171
11
131
232
133
168
2
6
160
53
97
60
83
71
306
106
277
188
246
297
230
152
235
77
181
16
3
61
189
80
0
247
182
19
145
67
153
190
210
79
101
142
69
233
257
186
120
212
272
287
154
31
174
240
293
268
267
249
65
23
138
48
200
178
148
112
122
22
217
90
17
109
14
290
98
302
21
292
64
299
58
263
197
37
261
12
284
184
107
85
307
130
123
114
105
238
286
24
260
192
62
301
183
104
228
155
194
51
294
126
244
7
288
