298
138
192
57
140
56
162
93
16
231
188
50
294
239
153
230
42
271
91
137
59
39
165
82
248
173
243
17
145
185
242
197
209
134
253
133
67
254
88
29
84
284
116
49
195
74
252
112
89
187
182
83
227
289
98
218
32
226
21
113
86
245
122
168
303
6
63
38
14
156
40
255
26
23
299
47
61
199
273
45
68
278
65
222
228
240
92
97
196
2
233
177
159
270
106
219
280
251
148
281
263
104
179
9
211
34
108
111
147
105
246
102
1
215
260
267
0
79
264
258
18
24
43
277
125
210
304
200
130
155
87
307
69
221
297
27
7
285
207
51
163
203
141
41
292
118
28
169
100
109
224
201
272
206
241
225
120
70
85
110
160
117
132
129
44
158
5
73
96
157
139
166
265
216
288
36
189
8
287
4
213
204
37
99
76
151
135
20
126
48
107
144
170
181
12
175
259
302
52
115
193
13
214
101
235
164
194
217
77
178
202
62
269
293
247
94
268
220
78
10
55
95
300
150
257
275
208
136
174
256
35
71
184
64
232
190
205
114
295
30
167
3
234
276
11
191
19
236
103
121
229
262
124
183
291
33
180
301
75
72
46
238
305
176
223
282
249
212
146
290
25
142
244
261
60
274
123
