133
55
176
280
44
171
192
184
152
278
10
67
231
46
163
199
248
167
43
58
295
0
31
260
250
193
220
151
93
134
252
69
206
111
277
230
139
65
61
172
12
120
173
147
26
297
162
84
145
146
267
60
212
304
15
301
19
131
197
132
245
270
137
50
114
194
100
275
291
157
117
86
37
109
23
195
235
271
203
143
106
51
219
222
72
35
211
27
21
110
287
142
79
204
284
218
168
205
4
215
56
88
89
83
18
223
242
136
156
77
126
217
253
74
292
186
85
182
282
232
57
265
249
138
257
279
30
125
32
299
198
170
39
286
237
59
123
201
240
285
13
276
28
179
124
154
153
175
196
256
17
16
238
169
99
141
228
236
66
262
208
7
244
213
68
144
165
264
251
214
224
160
233
149
73
14
49
36
48
202
107
259
188
209
1
75
129
210
221
127
119
80
95
122
263
227
239
246
130
104
189
87
76
40
98
11
97
294
9
180
200
5
247
92
289
243
191
2
288
306
90
113
148
303
71
34
190
47
121
62
300
226
166
115
6
108
164
274
298
82
241
305
273
269
255
181
150
103
158
41
307
293
272
258
216
102
187
296
234
283
302
135
63
29
254
78
81
266
268
105
54
183
33
96
118
140
53
