122
18
305
94
132
169
62
286
102
113
147
162
215
41
229
92
2
257
263
246
100
42
209
43
20
224
296
170
16
1
98
58
96
234
153
255
190
38
30
77
306
227
145
218
291
269
214
283
252
245
141
108
25
288
24
50
244
154
166
300
187
10
106
189
90
55
99
261
29
199
7
144
271
233
184
201
60
292
279
93
89
125
23
194
111
200
51
168
118
276
178
307
73
180
143
103
114
281
65
172
260
133
104
33
83
225
45
183
48
13
249
222
247
9
301
206
274
275
123
188
203
232
79
91
242
267
284
161
0
156
235
97
202
46
150
105
85
130
256
240
12
294
164
268
248
112
11
264
126
298
171
243
56
165
82
142
205
303
39
15
262
207
217
127
36
31
64
192
131
212
176
47
173
72
137
238
193
139
49
121
110
159
237
185
230
241
174
181
66
17
81
40
149
177
198
186
14
213
4
67
6
282
239
152
37
129
95
124
160
148
116
22
179
140
196
101
158
86
299
280
8
287
163
134
302
236
138
61
136
265
220
115
52
254
28
295
304
277
228
297
26
258
84
204
273
34
289
146
175
208
266
57
197
293
3
211
76
80
270
35
278
155
59
70
63
251
216
219
221
151
32
285
226
69
78
253
259
