15
62
225
113
133
262
73
270
126
191
197
227
300
192
298
97
47
123
190
255
186
96
228
140
243
158
28
48
82
137
24
221
247
80
78
292
124
236
20
226
77
250
0
95
211
40
198
185
267
206
94
248
116
150
66
230
14
135
58
35
108
138
83
269
76
182
170
9
155
290
41
132
196
245
246
173
306
275
71
259
103
280
288
268
112
106
18
141
214
271
263
118
234
129
293
131
151
50
162
265
273
75
74
222
168
212
297
183
42
7
169
216
208
179
195
67
258
251
239
249
235
188
154
10
160
3
302
59
180
219
34
21
98
210
166
220
105
72
244
254
13
205
253
70
241
283
143
45
84
142
102
92
164
204
27
261
52
223
136
257
86
217
194
60
304
281
2
218
201
184
88
189
115
114
209
260
229
305
1
274
110
117
233
175
171
32
157
303
178
57
156
242
22
99
200
104
54
147
64
91
240
299
38
29
120
65
161
111
232
289
294
207
144
152
121
63
153
285
264
266
277
16
193
26
215
4
139
17
163
12
238
181
109
174
43
61
68
85
202
107
69
89
81
291
23
172
49
44
272
307
93
159
128
149
51
295
177
176
30
55
286
145
252
187
125
130
276
87
287
8
100
6
39
127
79
224
101
