91
36
201
86
283
181
11
70
260
261
80
114
252
263
8
302
12
48
244
258
249
73
105
231
26
289
24
6
168
119
251
269
136
0
180
267
169
182
232
107
200
102
141
23
193
264
37
290
122
195
85
75
254
226
281
149
77
211
151
60
150
118
111
272
273
199
126
101
286
202
176
197
224
217
188
178
82
72
53
29
185
4
297
165
123
167
190
194
121
131
214
71
288
47
208
253
125
157
40
64
58
162
100
262
209
144
89
46
172
301
95
67
155
268
174
298
145
223
274
137
34
282
25
35
41
221
15
147
13
243
113
256
39
57
54
32
220
22
84
129
166
295
156
291
21
246
248
19
161
153
284
222
304
207
296
3
183
115
140
204
134
61
138
278
230
49
241
229
43
152
104
93
96
112
270
171
236
139
247
212
205
191
305
128
306
255
51
50
160
163
108
31
300
98
164
237
30
68
235
132
130
259
219
124
135
189
275
143
177
266
18
196
88
20
42
271
76
90
5
234
170
245
307
99
103
78
293
45
10
228
292
158
233
109
240
16
44
250
225
14
192
94
59
110
179
97
148
38
285
28
52
65
277
62
146
218
276
203
1
265
56
142
117
74
213
215
92
198
159
227
7
55
294
2
184
17
239
