231
268
237
185
8
176
174
14
287
157
252
12
55
267
249
108
39
56
96
113
71
64
209
305
163
194
59
80
142
155
119
240
179
60
99
208
102
296
19
17
276
94
48
90
288
49
23
89
92
91
197
291
221
107
73
69
63
210
229
10
131
24
115
198
30
188
133
286
109
145
175
245
87
6
139
117
74
180
79
123
216
202
265
169
263
22
95
98
154
253
52
215
137
148
93
299
217
41
223
271
293
101
152
177
283
181
284
306
273
97
167
225
164
147
160
5
28
32
53
233
292
258
199
159
132
126
25
116
62
295
206
196
106
150
203
153
15
151
243
128
54
294
118
166
26
13
232
187
85
279
280
76
228
191
86
241
105
82
130
72
146
246
4
170
270
40
257
303
182
45
114
219
192
141
156
183
140
261
135
289
16
21
200
124
297
38
77
220
162
66
44
29
61
255
68
144
201
111
1
42
212
290
266
70
259
67
104
205
211
244
256
110
122
149
65
161
58
158
172
264
121
168
88
37
248
100
218
226
11
307
43
236
20
120
247
83
224
27
112
193
272
18
186
260
0
298
178
269
278
238
195
282
277
125
235
213
57
285
227
143
81
234
84
302
134
189
3
230
129
242
7
35
173
50
103
138
165
