200
302
272
305
5
37
52
198
79
189
190
49
162
11
278
276
1
267
255
119
283
225
44
81
269
110
141
84
231
304
147
240
236
36
16
294
48
133
151
175
128
15
115
221
3
168
222
171
130
73
112
250
65
12
100
143
227
265
291
56
22
39
201
176
293
149
72
262
245
142
182
253
157
229
108
219
45
88
40
297
27
251
148
296
61
132
280
138
98
33
223
118
208
90
153
159
298
116
197
167
185
131
152
80
199
212
286
186
46
228
102
135
160
295
28
177
258
195
248
2
6
129
126
91
274
252
121
47
24
13
94
23
275
266
54
82
230
218
247
120
243
299
19
87
192
202
161
117
203
268
101
26
211
50
169
0
233
96
109
216
150
113
57
271
41
259
174
206
217
154
70
257
111
83
288
301
204
4
51
122
92
173
224
163
279
63
78
241
238
193
60
38
68
97
155
93
188
71
32
123
66
281
62
59
264
69
99
25
196
76
287
184
282
166
244
205
270
30
136
210
220
172
34
85
156
75
35
234
77
58
144
107
239
194
42
263
256
124
235
20
14
67
21
106
18
249
181
8
187
215
246
164
137
289
277
53
213
74
140
146
158
134
103
9
31
10
127
307
214
114
64
95
104
303
292
89
125
