170
297
21
289
245
225
28
223
110
190
188
96
200
64
198
126
147
277
242
95
151
294
24
197
42
229
10
161
179
187
251
235
25
31
72
163
4
292
97
226
158
293
250
219
83
263
127
243
258
302
20
160
55
98
116
300
66
220
240
119
103
157
307
282
264
26
299
120
115
272
22
213
234
262
70
81
124
101
287
33
260
269
284
82
193
286
194
276
271
90
202
29
140
44
59
109
138
107
86
17
295
203
288
130
281
153
23
165
241
239
58
80
268
89
183
206
132
36
137
217
27
185
1
75
105
291
274
48
121
167
218
32
7
204
280
162
9
108
5
136
156
45
304
305
65
67
8
49
15
35
40
69
283
128
252
146
92
30
112
177
143
134
41
233
184
104
141
209
306
77
142
122
133
61
174
257
166
111
14
273
168
52
279
11
172
131
182
208
255
265
195
47
171
201
99
221
186
68
192
231
232
181
56
254
62
144
54
256
298
76
154
71
0
38
94
13
205
301
79
43
16
50
2
78
303
155
135
259
216
74
270
18
39
237
34
247
267
150
152
129
93
249
6
278
176
180
60
244
191
63
113
178
3
117
73
87
236
215
37
145
57
114
199
46
261
175
125
88
296
290
285
227
148
196
91
159
53
