215
93
188
211
184
147
222
116
148
101
166
144
74
247
198
262
200
133
307
302
220
36
252
88
6
44
229
225
288
293
196
145
136
56
94
297
16
230
216
179
153
290
17
267
11
27
189
86
9
263
193
51
89
265
84
48
286
264
99
4
212
294
28
143
134
96
40
210
90
274
70
138
257
161
208
266
227
273
132
110
268
130
231
32
243
214
64
183
306
178
141
106
77
54
149
226
162
175
112
251
261
62
285
249
203
63
45
126
164
111
223
169
30
118
250
109
22
182
287
276
75
12
245
209
49
165
35
202
186
53
98
204
228
207
113
206
155
201
71
174
279
73
39
92
241
234
240
244
13
218
121
103
197
170
295
60
248
219
42
81
34
187
298
254
300
146
2
185
59
87
150
151
238
23
47
37
292
58
68
256
76
117
95
123
43
305
69
79
83
235
131
124
213
135
122
154
301
272
157
173
128
129
20
278
171
255
233
194
284
159
192
1
260
180
115
163
291
50
195
78
152
67
168
172
72
296
100
158
97
191
80
282
119
15
5
21
7
38
280
242
237
299
176
85
25
177
105
65
107
41
33
259
55
29
304
102
224
91
108
253
31
10
3
289
156
139
61
82
271
142
19
125
258
66
232
181
303
