274
98
141
170
150
147
10
225
307
230
169
204
108
186
104
74
229
304
90
118
116
194
296
30
112
177
9
96
219
206
88
16
4
6
213
255
180
70
103
253
267
29
42
120
151
184
26
23
137
264
200
17
239
99
157
228
299
71
179
107
260
46
242
220
18
33
163
97
122
86
193
100
171
131
39
139
8
48
79
254
250
38
152
278
159
15
263
198
154
60
172
76
28
31
153
130
3
146
36
78
13
306
266
292
133
94
41
188
106
273
231
7
117
121
201
40
262
58
205
142
286
149
175
45
101
277
19
192
43
53
56
236
55
301
125
160
287
187
37
68
51
50
34
145
73
95
109
65
281
138
92
174
297
93
167
235
47
49
134
113
44
291
81
176
111
243
1
59
128
119
237
54
182
214
80
195
279
181
158
35
298
132
282
0
127
126
303
57
161
62
284
20
233
61
234
75
14
259
285
84
123
85
218
102
191
136
208
140
129
207
27
256
268
265
216
210
280
305
143
21
283
258
77
203
295
168
269
22
232
227
252
294
162
289
12
72
63
202
166
257
83
105
189
67
196
124
244
209
82
173
156
144
290
247
271
190
185
197
238
135
251
212
221
293
52
11
275
276
164
217
32
89
300
178
222
249
66
