7
215
233
63
50
138
238
110
79
75
245
16
12
15
285
80
218
299
46
24
269
260
178
272
209
5
17
82
270
174
119
207
164
181
186
160
81
262
0
199
279
144
87
93
33
246
3
283
267
99
148
248
244
212
184
64
121
92
237
265
94
288
133
29
172
90
32
131
136
292
198
139
143
68
42
78
173
145
274
54
177
157
183
273
125
239
101
300
44
56
232
30
252
295
261
235
76
277
281
221
210
137
62
151
220
70
243
4
289
150
201
102
112
294
163
126
190
208
65
259
134
109
71
124
169
257
306
155
230
258
194
60
38
253
161
165
21
59
200
91
52
28
118
61
88
53
135
303
96
19
25
291
154
123
152
142
9
225
195
34
73
156
114
286
170
301
213
97
107
266
100
282
120
98
189
224
179
8
132
108
67
250
130
1
304
193
57
47
254
240
116
284
129
214
117
58
202
203
26
276
111
146
222
188
223
256
247
162
2
37
40
242
55
115
23
84
106
20
182
255
191
206
45
168
14
48
36
228
226
227
219
234
18
66
86
192
153
298
159
280
141
229
187
140
11
49
197
69
13
204
307
167
268
10
275
128
171
83
31
180
103
158
77
236
147
39
122
205
72
95
278
287
297
85
251
51
196
