73
304
228
238
259
164
197
227
274
58
202
173
236
305
283
297
120
157
230
18
307
11
169
165
217
222
100
89
117
85
12
292
27
59
29
139
107
187
127
206
229
186
105
208
90
233
163
102
204
4
167
258
51
181
80
9
244
16
138
70
0
177
159
111
62
242
131
161
146
88
172
125
201
39
78
95
112
290
17
262
282
123
42
93
263
175
5
253
38
110
224
67
150
119
34
260
180
192
211
287
270
19
14
91
214
296
44
174
106
154
132
108
267
41
79
291
147
168
122
300
99
269
8
245
194
28
31
184
55
294
179
48
257
188
33
35
218
63
232
288
66
158
301
248
210
47
306
220
40
21
101
69
53
137
24
250
134
249
116
171
142
247
256
223
56
61
298
185
84
189
114
279
261
118
289
170
145
302
268
54
176
275
191
207
182
231
98
212
130
97
278
82
246
60
94
193
140
240
148
152
277
135
81
124
251
293
13
96
57
266
45
221
103
36
295
20
272
225
75
200
234
285
303
149
219
271
2
198
213
52
6
205
128
273
77
113
65
183
151
280
160
46
190
74
92
243
199
265
87
239
143
23
10
162
32
136
166
83
155
126
195
284
104
153
226
25
196
64
15
109
26
76
43
3
49
299
30
