175
298
125
154
162
264
164
165
201
241
47
23
170
306
239
79
46
22
124
302
223
158
168
299
129
42
198
259
254
5
113
238
21
92
4
192
293
33
37
177
167
263
163
62
173
224
121
169
300
66
183
43
112
77
58
292
296
279
274
85
115
19
184
51
74
207
228
63
12
218
202
269
72
307
285
214
243
127
34
111
83
67
255
250
141
157
193
156
0
234
248
131
88
206
226
194
253
186
29
35
195
91
20
101
48
181
258
268
180
90
116
50
17
217
1
208
289
128
11
278
209
41
182
138
174
54
212
52
301
172
142
213
132
24
176
159
275
26
242
15
277
155
114
64
295
205
262
98
14
280
8
245
89
27
267
73
291
68
196
7
233
270
71
282
153
220
237
118
266
235
103
55
152
305
288
117
126
49
147
231
271
44
236
10
32
284
135
39
199
3
93
249
56
148
222
136
106
120
61
133
25
221
59
96
287
78
2
9
260
286
143
82
69
252
70
150
190
225
76
144
94
36
6
75
100
232
178
281
216
145
110
81
251
171
204
240
123
137
219
161
130
211
108
87
104
257
210
102
60
283
139
230
109
28
107
261
188
187
294
146
149
297
166
191
84
203
272
31
197
229
65
105
256
304
276
16
38
