297
137
185
255
186
171
286
54
193
100
192
127
218
144
123
298
57
198
262
232
2
231
62
96
19
261
72
105
278
47
216
111
163
23
45
183
24
101
20
22
99
48
154
70
223
108
170
267
306
86
106
290
230
304
239
203
88
31
15
187
235
12
208
40
134
58
156
120
270
90
87
291
294
190
284
200
212
161
197
169
52
254
115
14
56
224
307
275
305
215
285
228
181
300
204
263
102
55
191
236
36
132
237
143
95
152
219
257
130
38
64
213
280
274
251
97
76
234
79
16
138
199
77
128
29
121
287
27
89
1
173
25
33
34
75
258
67
32
61
39
148
195
78
125
68
117
266
225
44
147
119
37
26
178
124
206
50
299
301
175
265
176
110
302
8
43
243
303
253
201
164
244
155
136
247
194
60
249
260
189
277
240
81
282
66
109
180
256
141
126
184
114
35
41
98
289
182
135
4
10
158
142
51
49
220
94
80
21
13
46
113
217
177
196
153
295
202
82
104
207
112
5
242
18
292
226
229
168
279
63
42
166
245
250
74
174
9
69
139
133
122
209
227
271
214
160
241
91
179
85
221
0
83
131
211
273
11
210
53
145
162
129
146
272
107
116
65
118
188
167
73
296
103
264
283
7
246
