258
207
36
144
1
264
6
136
142
173
135
18
298
13
269
167
252
81
7
177
189
68
279
238
266
45
237
93
256
4
200
147
244
91
240
260
26
110
262
146
149
23
208
253
126
161
55
28
19
116
63
242
62
95
32
293
105
119
194
104
14
274
245
249
31
225
75
97
151
220
203
158
170
265
152
223
229
37
232
239
233
297
114
44
98
99
169
41
261
108
85
275
2
219
82
214
259
291
79
160
306
50
247
3
67
172
56
181
186
164
48
103
58
162
211
228
16
123
12
305
270
84
198
271
235
124
282
218
5
209
74
133
193
251
171
60
188
263
145
196
154
11
8
155
132
191
140
130
70
134
288
199
217
205
204
210
106
300
120
289
163
248
113
174
299
139
202
20
24
156
216
284
187
150
87
72
153
40
138
255
175
278
301
267
10
182
129
254
183
148
190
90
231
69
246
283
290
307
51
57
25
236
9
180
115
42
222
17
38
137
128
257
185
92
80
192
302
34
250
94
52
111
241
64
88
49
179
29
201
143
276
157
27
54
89
107
295
286
212
15
109
141
125
165
22
178
234
213
78
66
59
83
43
77
122
230
285
121
76
39
127
65
0
47
215
226
281
195
294
184
73
280
118
296
96
277
176
