188
283
121
93
240
19
32
200
120
109
55
119
71
111
169
167
34
234
181
164
13
53
258
96
163
26
175
95
40
178
10
171
216
43
289
209
173
89
226
230
115
280
295
56
17
212
266
187
48
251
98
116
127
99
265
11
31
275
306
246
7
205
224
14
219
88
208
261
143
201
222
220
148
123
68
156
202
130
72
301
193
229
78
62
138
300
180
5
197
305
82
288
179
284
24
236
177
276
248
158
3
287
223
142
151
215
141
35
233
39
0
186
254
199
41
203
42
256
70
263
290
136
132
206
195
38
204
147
65
217
172
285
292
47
157
28
247
210
255
161
162
21
90
113
273
297
139
4
44
244
54
274
304
25
253
103
145
277
293
63
227
126
12
299
182
92
228
81
174
101
76
225
269
213
80
60
37
144
268
191
198
149
105
252
117
1
16
85
112
50
102
118
196
189
77
79
194
129
57
242
33
131
170
281
279
74
75
86
46
137
97
23
259
128
36
207
100
73
235
218
282
243
155
190
94
249
153
250
135
245
124
302
125
67
303
84
61
192
150
104
166
176
20
221
27
270
30
184
59
114
296
286
110
294
183
278
238
260
58
140
160
134
49
152
52
168
107
18
307
272
66
69
165
9
51
298
185
