0.98	514.50	294.00	110.25	7.00	2	0.00	0	15.55
0.98	514.50	294.00	110.25	7.00	3	0.00	0	15.55
0.98	514.50	294.00	110.25	7.00	4	0.00	0	15.55
0.98	514.50	294.00	110.25	7.00	5	0.00	0	15.55
0.90	563.50	318.50	122.50	7.00	2	0.00	0	20.84
0.90	563.50	318.50	122.50	7.00	3	0.00	0	21.46
0.90	563.50	318.50	122.50	7.00	4	0.00	0	20.71
0.90	563.50	318.50	122.50	7.00	5	0.00	0	19.68
0.86	588.00	294.00	147.00	7.00	2	0.00	0	19.50
0.86	588.00	294.00	147.00	7.00	3	0.00	0	19.95
0.86	588.00	294.00	147.00	7.00	4	0.00	0	19.34
0.86	588.00	294.00	147.00	7.00	5	0.00	0	18.31
0.82	612.50	318.50	147.00	7.00	2	0.00	0	17.05
0.82	612.50	318.50	147.00	7.00	3	0.00	0	17.41
0.82	612.50	318.50	147.00	7.00	4	0.00	0	16.95
0.82	612.50	318.50	147.00	7.00	5	0.00	0	15.98
0.79	637.00	343.00	147.00	7.00	2	0.00	0	28.52
0.79	637.00	343.00	147.00	7.00	3	0.00	0	29.90
0.79	637.00	343.00	147.00	7.00	4	0.00	0	29.63
0.79	637.00	343.00	147.00	7.00	5	0.00	0	28.75
0.76	661.50	416.50	122.50	7.00	2	0.00	0	24.77
0.76	661.50	416.50	122.50	7.00	3	0.00	0	23.93
0.76	661.50	416.50	122.50	7.00	4	0.00	0	24.77
0.76	661.50	416.50	122.50	7.00	5	0.00	0	23.93
0.74	686.00	245.00	220.50	3.50	2	0.00	0	6.07
0.74	686.00	245.00	220.50	3.50	3	0.00	0	6.05
0.74	686.00	245.00	220.50	3.50	4	0.00	0	6.01
0.74	686.00	245.00	220.50	3.50	5	0.00	0	6.04
0.71	710.50	269.50	220.50	3.50	2	0.00	0	6.37
0.71	710.50	269.50	220.50	3.50	3	0.00	0	6.40
0.71	710.50	269.50	220.50	3.50	4	0.00	0	6.37
0.71	710.50	269.50	220.50	3.50	5	0.00	0	6.40
0.69	735.00	294.00	220.50	3.50	2	0.00	0	6.85
0.69	735.00	294.00	220.50	3.50	3	0.00	0	6.79
0.69	735.00	294.00	220.50	3.50	4	0.00	0	6.77
0.69	735.00	294.00	220.50	3.50	5	0.00	0	6.81
0.66	759.50	318.50	220.50	3.50	2	0.00	0	7.18
0.66	759.50	318.50	220.50	3.50	3	0.00	0	7.10
0.66	759.50	318.50	220.50	3.50	4	0.00	0	7.10
0.66	759.50	318.50	220.50	3.50	5	0.00	0	7.10
0.64	784.00	343.00	220.50	3.50	2	0.00	0	10.85
0.64	784.00	343.00	220.50	3.50	3	0.00	0	10.54
0.64	784.00	343.00	220.50	3.50	4	0.00	0	10.77
0.64	784.00	343.00	220.50	3.50	5	0.00	0	10.56
0.62	808.50	367.50	220.50	3.50	2	0.00	0	8.60
0.62	808.50	367.50	220.50	3.50	3	0.00	0	8.49
0.62	808.50	367.50	220.50	3.50	4	0.00	0	8.45
0.62	808.50	367.50	220.50	3.50	5	0.00	0	8.50
0.98	514.50	294.00	110.25	7.00	2	0.10	1	24.58
0.98	514.50	294.00	110.25	7.00	3	0.10	1	24.63
0.98	514.50	294.00	110.25	7.00	4	0.10	1	24.63
0.98	514.50	294.00	110.25	7.00	5	0.10	1	24.59
0.90	563.50	318.50	122.50	7.00	2	0.10	1	29.03
0.90	563.50	318.50	122.50	7.00	3	0.10	1	29.87
0.90	563.50	318.50	122.50	7.00	4	0.10	1	29.14
0.90	563.50	318.50	122.50	7.00	5	0.10	1	28.09
0.86	588.00	294.00	147.00	7.00	2	0.10	1	26.28
0.86	588.00	294.00	147.00	7.00	3	0.10	1	26.91
0.86	588.00	294.00	147.00	7.00	4	0.10	1	26.37
0.86	588.00	294.00	147.00	7.00	5	0.10	1	25.27
0.82	612.50	318.50	147.00	7.00	2	0.10	1	23.53
0.82	612.50	318.50	147.00	7.00	3	0.10	1	24.03
0.82	612.50	318.50	147.00	7.00	4	0.10	1	23.54
0.82	612.50	318.50	147.00	7.00	5	0.10	1	22.58
0.79	637.00	343.00	147.00	7.00	2	0.10	1	35.56
0.79	637.00	343.00	147.00	7.00	3	0.10	1	37.12
0.79	637.00	343.00	147.00	7.00	4	0.10	1	36.90
0.79	637.00	343.00	147.00	7.00	5	0.10	1	35.94
0.76	661.50	416.50	122.50	7.00	2	0.10	1	32.96
0.76	661.50	416.50	122.50	7.00	3	0.10	1	32.12
0.76	661.50	416.50	122.50	7.00	4	0.10	1	32.94
0.76	661.50	416.50	122.50	7.00	5	0.10	1	32.21
0.74	686.00	245.00	220.50	3.50	2	0.10	1	10.36
0.74	686.00	245.00	220.50	3.50	3	0.10	1	10.43
0.74	686.00	245.00	220.50	3.50	4	0.10	1	10.36
0.74	686.00	245.00	220.50	3.50	5	0.10	1	10.39
0.71	710.50	269.50	220.50	3.50	2	0.10	1	10.71
0.71	710.50	269.50	220.50	3.50	3	0.10	1	10.80
0.71	710.50	269.50	220.50	3.50	4	0.10	1	10.70
0.71	710.50	269.50	220.50	3.50	5	0.10	1	10.75
0.69	735.00	294.00	220.50	3.50	2	0.10	1	11.11
0.69	735.00	294.00	220.50	3.50	3	0.10	1	11.13
0.69	735.00	294.00	220.50	3.50	4	0.10	1	11.09
0.69	735.00	294.00	220.50	3.50	5	0.10	1	11.16
0.66	759.50	318.50	220.50	3.50	2	0.10	1	11.68
0.66	759.50	318.50	220.50	3.50	3	0.10	1	11.69
0.66	759.50	318.50	220.50	3.50	4	0.10	1	11.70
0.66	759.50	318.50	220.50	3.50	5	0.10	1	11.69
0.64	784.00	343.00	220.50	3.50	2	0.10	1	15.41
0.64	784.00	343.00	220.50	3.50	3	0.10	1	15.20
0.64	784.00	343.00	220.50	3.50	4	0.10	1	15.42
0.64	784.00	343.00	220.50	3.50	5	0.10	1	15.21
0.62	808.50	367.50	220.50	3.50	2	0.10	1	12.96
0.62	808.50	367.50	220.50	3.50	3	0.10	1	12.97
0.62	808.50	367.50	220.50	3.50	4	0.10	1	12.93
0.62	808.50	367.50	220.50	3.50	5	0.10	1	13.02
0.98	514.50	294.00	110.25	7.00	2	0.10	2	24.29
0.98	514.50	294.00	110.25	7.00	3	0.10	2	24.31
0.98	514.50	294.00	110.25	7.00	4	0.10	2	24.13
0.98	514.50	294.00	110.25	7.00	5	0.10	2	24.25
0.90	563.50	318.50	122.50	7.00	2	0.10	2	28.88
0.90	563.50	318.50	122.50	7.00	3	0.10	2	29.68
0.90	563.50	318.50	122.50	7.00	4	0.10	2	28.83
0.90	563.50	318.50	122.50	7.00	5	0.10	2	27.90
0.86	588.00	294.00	147.00	7.00	2	0.10	2	26.48
0.86	588.00	294.00	147.00	7.00	3	0.10	2	27.02
0.86	588.00	294.00	147.00	7.00	4	0.10	2	26.33
0.86	588.00	294.00	147.00	7.00	5	0.10	2	25.36
0.82	612.50	318.50	147.00	7.00	2	0.10	2	23.75
0.82	612.50	318.50	147.00	7.00	3	0.10	2	24.23
0.82	612.50	318.50	147.00	7.00	4	0.10	2	23.67
0.82	612.50	318.50	147.00	7.00	5	0.10	2	22.79
0.79	637.00	343.00	147.00	7.00	2	0.10	2	35.65
0.79	637.00	343.00	147.00	7.00	3	0.10	2	37.26
0.79	637.00	343.00	147.00	7.00	4	0.10	2	36.97
0.79	637.00	343.00	147.00	7.00	5	0.10	2	36.03
0.76	661.50	416.50	122.50	7.00	2	0.10	2	33.16
0.76	661.50	416.50	122.50	7.00	3	0.10	2	32.40
0.76	661.50	416.50	122.50	7.00	4	0.10	2	33.12
0.76	661.50	416.50	122.50	7.00	5	0.10	2	32.41
0.74	686.00	245.00	220.50	3.50	2	0.10	2	10.42
0.74	686.00	245.00	220.50	3.50	3	0.10	2	10.46
0.74	686.00	245.00	220.50	3.50	4	0.10	2	10.32
0.74	686.00	245.00	220.50	3.50	5	0.10	2	10.45
0.71	710.50	269.50	220.50	3.50	2	0.10	2	10.64
0.71	710.50	269.50	220.50	3.50	3	0.10	2	10.72
0.71	710.50	269.50	220.50	3.50	4	0.10	2	10.55
0.71	710.50	269.50	220.50	3.50	5	0.10	2	10.68
0.69	735.00	294.00	220.50	3.50	2	0.10	2	11.45
0.69	735.00	294.00	220.50	3.50	3	0.10	2	11.46
0.69	735.00	294.00	220.50	3.50	4	0.10	2	11.32
0.69	735.00	294.00	220.50	3.50	5	0.10	2	11.49
0.66	759.50	318.50	220.50	3.50	2	0.10	2	11.45
0.66	759.50	318.50	220.50	3.50	3	0.10	2	11.42
0.66	759.50	318.50	220.50	3.50	4	0.10	2	11.33
0.66	759.50	318.50	220.50	3.50	5	0.10	2	11.43
0.64	784.00	343.00	220.50	3.50	2	0.10	2	15.41
0.64	784.00	343.00	220.50	3.50	3	0.10	2	15.18
0.64	784.00	343.00	220.50	3.50	4	0.10	2	15.34
0.64	784.00	343.00	220.50	3.50	5	0.10	2	15.19
0.62	808.50	367.50	220.50	3.50	2	0.10	2	12.88
0.62	808.50	367.50	220.50	3.50	3	0.10	2	13.00
0.62	808.50	367.50	220.50	3.50	4	0.10	2	12.97
0.62	808.50	367.50	220.50	3.50	5	0.10	2	13.04
0.98	514.50	294.00	110.25	7.00	2	0.10	3	24.28
0.98	514.50	294.00	110.25	7.00	3	0.10	3	24.40
0.98	514.50	294.00	110.25	7.00	4	0.10	3	24.11
0.98	514.50	294.00	110.25	7.00	5	0.10	3	24.35
0.90	563.50	318.50	122.50	7.00	2	0.10	3	28.07
0.90	563.50	318.50	122.50	7.00	3	0.10	3	29.01
0.90	563.50	318.50	122.50	7.00	4	0.10	3	29.62
0.90	563.50	318.50	122.50	7.00	5	0.10	3	29.05
0.86	588.00	294.00	147.00	7.00	2	0.10	3	25.41
0.86	588.00	294.00	147.00	7.00	3	0.10	3	26.47
0.86	588.00	294.00	147.00	7.00	4	0.10	3	26.89
0.86	588.00	294.00	147.00	7.00	5	0.10	3	26.46
0.82	612.50	318.50	147.00	7.00	2	0.10	3	22.93
0.82	612.50	318.50	147.00	7.00	3	0.10	3	23.84
0.82	612.50	318.50	147.00	7.00	4	0.10	3	24.17
0.82	612.50	318.50	147.00	7.00	5	0.10	3	23.87
0.79	637.00	343.00	147.00	7.00	2	0.10	3	35.78
0.79	637.00	343.00	147.00	7.00	3	0.10	3	35.48
0.79	637.00	343.00	147.00	7.00	4	0.10	3	36.97
0.79	637.00	343.00	147.00	7.00	5	0.10	3	36.70
0.76	661.50	416.50	122.50	7.00	2	0.10	3	32.52
0.76	661.50	416.50	122.50	7.00	3	0.10	3	33.28
0.76	661.50	416.50	122.50	7.00	4	0.10	3	32.33
0.76	661.50	416.50	122.50	7.00	5	0.10	3	33.24
0.74	686.00	245.00	220.50	3.50	2	0.10	3	10.39
0.74	686.00	245.00	220.50	3.50	3	0.10	3	10.34
0.74	686.00	245.00	220.50	3.50	4	0.10	3	10.35
0.74	686.00	245.00	220.50	3.50	5	0.10	3	10.38
0.71	710.50	269.50	220.50	3.50	2	0.10	3	10.77
0.71	710.50	269.50	220.50	3.50	3	0.10	3	10.68
0.71	710.50	269.50	220.50	3.50	4	0.10	3	10.68
0.71	710.50	269.50	220.50	3.50	5	0.10	3	10.70
0.69	735.00	294.00	220.50	3.50	2	0.10	3	11.22
0.69	735.00	294.00	220.50	3.50	3	0.10	3	11.16
0.69	735.00	294.00	220.50	3.50	4	0.10	3	11.10
0.69	735.00	294.00	220.50	3.50	5	0.10	3	11.14
0.66	759.50	318.50	220.50	3.50	2	0.10	3	11.59
0.66	759.50	318.50	220.50	3.50	3	0.10	3	11.60
0.66	759.50	318.50	220.50	3.50	4	0.10	3	11.53
0.66	759.50	318.50	220.50	3.50	5	0.10	3	11.61
0.64	784.00	343.00	220.50	3.50	2	0.10	3	15.16
0.64	784.00	343.00	220.50	3.50	3	0.10	3	15.36
0.64	784.00	343.00	220.50	3.50	4	0.10	3	15.12
0.64	784.00	343.00	220.50	3.50	5	0.10	3	15.36
0.62	808.50	367.50	220.50	3.50	2	0.10	3	12.68
0.62	808.50	367.50	220.50	3.50	3	0.10	3	12.63
0.62	808.50	367.50	220.50	3.50	4	0.10	3	12.71
0.62	808.50	367.50	220.50	3.50	5	0.10	3	12.73
0.98	514.50	294.00	110.25	7.00	2	0.10	4	24.38
0.98	514.50	294.00	110.25	7.00	3	0.10	4	24.23
0.98	514.50	294.00	110.25	7.00	4	0.10	4	24.04
0.98	514.50	294.00	110.25	7.00	5	0.10	4	24.32
0.90	563.50	318.50	122.50	7.00	2	0.10	4	29.06
0.90	563.50	318.50	122.50	7.00	3	0.10	4	28.05
0.90	563.50	318.50	122.50	7.00	4	0.10	4	28.86
0.90	563.50	318.50	122.50	7.00	5	0.10	4	29.79
0.86	588.00	294.00	147.00	7.00	2	0.10	4	26.44
0.86	588.00	294.00	147.00	7.00	3	0.10	4	25.37
0.86	588.00	294.00	147.00	7.00	4	0.10	4	26.33
0.86	588.00	294.00	147.00	7.00	5	0.10	4	27.03
0.82	612.50	318.50	147.00	7.00	2	0.10	4	23.80
0.82	612.50	318.50	147.00	7.00	3	0.10	4	22.80
0.82	612.50	318.50	147.00	7.00	4	0.10	4	23.59
0.82	612.50	318.50	147.00	7.00	5	0.10	4	24.24
0.79	637.00	343.00	147.00	7.00	2	0.10	4	36.86
0.79	637.00	343.00	147.00	7.00	3	0.10	4	35.89
0.79	637.00	343.00	147.00	7.00	4	0.10	4	35.45
0.79	637.00	343.00	147.00	7.00	5	0.10	4	37.10
0.76	661.50	416.50	122.50	7.00	2	0.10	4	33.08
0.76	661.50	416.50	122.50	7.00	3	0.10	4	32.38
0.76	661.50	416.50	122.50	7.00	4	0.10	4	33.09
0.76	661.50	416.50	122.50	7.00	5	0.10	4	32.31
0.74	686.00	245.00	220.50	3.50	2	0.10	4	10.08
0.74	686.00	245.00	220.50	3.50	3	0.10	4	10.15
0.74	686.00	245.00	220.50	3.50	4	0.10	4	10.07
0.74	686.00	245.00	220.50	3.50	5	0.10	4	10.14
0.71	710.50	269.50	220.50	3.50	2	0.10	4	10.66
0.71	710.50	269.50	220.50	3.50	3	0.10	4	10.68
0.71	710.50	269.50	220.50	3.50	4	0.10	4	10.53
0.71	710.50	269.50	220.50	3.50	5	0.10	4	10.72
0.69	735.00	294.00	220.50	3.50	2	0.10	4	11.18
0.69	735.00	294.00	220.50	3.50	3	0.10	4	11.22
0.69	735.00	294.00	220.50	3.50	4	0.10	4	11.07
0.69	735.00	294.00	220.50	3.50	5	0.10	4	11.20
0.66	759.50	318.50	220.50	3.50	2	0.10	4	11.44
0.66	759.50	318.50	220.50	3.50	3	0.10	4	11.42
0.66	759.50	318.50	220.50	3.50	4	0.10	4	11.33
0.66	759.50	318.50	220.50	3.50	5	0.10	4	11.43
0.64	784.00	343.00	220.50	3.50	2	0.10	4	15.40
0.64	784.00	343.00	220.50	3.50	3	0.10	4	15.19
0.64	784.00	343.00	220.50	3.50	4	0.10	4	15.32
0.64	784.00	343.00	220.50	3.50	5	0.10	4	15.16
0.62	808.50	367.50	220.50	3.50	2	0.10	4	12.85
0.62	808.50	367.50	220.50	3.50	3	0.10	4	13.04
0.62	808.50	367.50	220.50	3.50	4	0.10	4	13.00
0.62	808.50	367.50	220.50	3.50	5	0.10	4	13.00
0.98	514.50	294.00	110.25	7.00	2	0.10	5	24.35
0.98	514.50	294.00	110.25	7.00	3	0.10	5	24.33
0.98	514.50	294.00	110.25	7.00	4	0.10	5	24.03
0.98	514.50	294.00	110.25	7.00	5	0.10	5	24.26
0.90	563.50	318.50	122.50	7.00	2	0.10	5	29.83
0.90	563.50	318.50	122.50	7.00	3	0.10	5	29.08
0.90	563.50	318.50	122.50	7.00	4	0.10	5	28.03
0.90	563.50	318.50	122.50	7.00	5	0.10	5	29.02
0.86	588.00	294.00	147.00	7.00	2	0.10	5	27.03
0.86	588.00	294.00	147.00	7.00	3	0.10	5	26.45
0.86	588.00	294.00	147.00	7.00	4	0.10	5	25.36
0.86	588.00	294.00	147.00	7.00	5	0.10	5	26.45
0.82	612.50	318.50	147.00	7.00	2	0.10	5	24.37
0.82	612.50	318.50	147.00	7.00	3	0.10	5	23.89
0.82	612.50	318.50	147.00	7.00	4	0.10	5	22.89
0.82	612.50	318.50	147.00	7.00	5	0.10	5	23.86
0.79	637.00	343.00	147.00	7.00	2	0.10	5	37.03
0.79	637.00	343.00	147.00	7.00	3	0.10	5	36.71
0.79	637.00	343.00	147.00	7.00	4	0.10	5	36.77
0.79	637.00	343.00	147.00	7.00	5	0.10	5	35.48
0.76	661.50	416.50	122.50	7.00	2	0.10	5	32.31
0.76	661.50	416.50	122.50	7.00	3	0.10	5	33.21
0.76	661.50	416.50	122.50	7.00	4	0.10	5	32.46
0.76	661.50	416.50	122.50	7.00	5	0.10	5	33.27
0.74	686.00	245.00	220.50	3.50	2	0.10	5	10.47
0.74	686.00	245.00	220.50	3.50	3	0.10	5	10.37
0.74	686.00	245.00	220.50	3.50	4	0.10	5	10.34
0.74	686.00	245.00	220.50	3.50	5	0.10	5	10.39
0.71	710.50	269.50	220.50	3.50	2	0.10	5	10.78
0.71	710.50	269.50	220.50	3.50	3	0.10	5	10.70
0.71	710.50	269.50	220.50	3.50	4	0.10	5	10.67
0.71	710.50	269.50	220.50	3.50	5	0.10	5	13.69
0.69	735.00	294.00	220.50	3.50	2	0.10	5	11.21
0.69	735.00	294.00	220.50	3.50	3	0.10	5	11.14
0.69	735.00	294.00	220.50	3.50	4	0.10	5	11.11
0.69	735.00	294.00	220.50	3.50	5	0.10	5	11.16
0.66	759.50	318.50	220.50	3.50	2	0.10	5	11.38
0.66	759.50	318.50	220.50	3.50	3	0.10	5	11.34
0.66	759.50	318.50	220.50	3.50	4	0.10	5	11.22
0.66	759.50	318.50	220.50	3.50	5	0.10	5	11.34
0.64	784.00	343.00	220.50	3.50	2	0.10	5	15.16
0.64	784.00	343.00	220.50	3.50	3	0.10	5	15.37
0.64	784.00	343.00	220.50	3.50	4	0.10	5	15.12
0.64	784.00	343.00	220.50	3.50	5	0.10	5	15.36
0.62	808.50	367.50	220.50	3.50	2	0.10	5	12.59
0.62	808.50	367.50	220.50	3.50	3	0.10	5	12.74
0.62	808.50	367.50	220.50	3.50	4	0.10	5	12.80
0.62	808.50	367.50	220.50	3.50	5	0.10	5	12.62
0.98	514.50	294.00	110.25	7.00	2	0.25	1	28.15
0.98	514.50	294.00	110.25	7.00	3	0.25	1	28.15
0.98	514.50	294.00	110.25	7.00	4	0.25	1	28.37
0.98	514.50	294.00	110.25	7.00	5	0.25	1	28.41
0.90	563.50	318.50	122.50	7.00	2	0.25	1	32.68
0.90	563.50	318.50	122.50	7.00	3	0.25	1	33.48
0.90	563.50	318.50	122.50	7.00	4	0.25	1	32.84
0.90	563.50	318.50	122.50	7.00	5	0.25	1	32.00
0.86	588.00	294.00	147.00	7.00	2	0.25	1	29.54
0.86	588.00	294.00	147.00	7.00	3	0.25	1	30.05
0.86	588.00	294.00	147.00	7.00	4	0.25	1	29.60
0.86	588.00	294.00	147.00	7.00	5	0.25	1	28.66
0.82	612.50	318.50	147.00	7.00	2	0.25	1	26.84
0.82	612.50	318.50	147.00	7.00	3	0.25	1	27.27
0.82	612.50	318.50	147.00	7.00	4	0.25	1	26.97
0.82	612.50	318.50	147.00	7.00	5	0.25	1	26.19
0.79	637.00	343.00	147.00	7.00	2	0.25	1	38.67
0.79	637.00	343.00	147.00	7.00	3	0.25	1	40.03
0.79	637.00	343.00	147.00	7.00	4	0.25	1	39.86
0.79	637.00	343.00	147.00	7.00	5	0.25	1	39.04
0.76	661.50	416.50	122.50	7.00	2	0.25	1	36.96
0.76	661.50	416.50	122.50	7.00	3	0.25	1	36.13
0.76	661.50	416.50	122.50	7.00	4	0.25	1	36.91
0.76	661.50	416.50	122.50	7.00	5	0.25	1	36.43
0.74	686.00	245.00	220.50	3.50	2	0.25	1	12.43
0.74	686.00	245.00	220.50	3.50	3	0.25	1	12.50
0.74	686.00	245.00	220.50	3.50	4	0.25	1	12.41
0.74	686.00	245.00	220.50	3.50	5	0.25	1	12.45
0.71	710.50	269.50	220.50	3.50	2	0.25	1	12.57
0.71	710.50	269.50	220.50	3.50	3	0.25	1	12.65
0.71	710.50	269.50	220.50	3.50	4	0.25	1	12.57
0.71	710.50	269.50	220.50	3.50	5	0.25	1	12.63
0.69	735.00	294.00	220.50	3.50	2	0.25	1	12.78
0.69	735.00	294.00	220.50	3.50	3	0.25	1	12.93
0.69	735.00	294.00	220.50	3.50	4	0.25	1	12.73
0.69	735.00	294.00	220.50	3.50	5	0.25	1	12.72
0.66	759.50	318.50	220.50	3.50	2	0.25	1	13.17
0.66	759.50	318.50	220.50	3.50	3	0.25	1	13.18
0.66	759.50	318.50	220.50	3.50	4	0.25	1	13.17
0.66	759.50	318.50	220.50	3.50	5	0.25	1	13.18
0.64	784.00	343.00	220.50	3.50	2	0.25	1	17.50
0.64	784.00	343.00	220.50	3.50	3	0.25	1	17.35
0.64	784.00	343.00	220.50	3.50	4	0.25	1	17.52
0.64	784.00	343.00	220.50	3.50	5	0.25	1	17.37
0.62	808.50	367.50	220.50	3.50	2	0.25	1	15.09
0.62	808.50	367.50	220.50	3.50	3	0.25	1	15.12
0.62	808.50	367.50	220.50	3.50	4	0.25	1	15.08
0.62	808.50	367.50	220.50	3.50	5	0.25	1	15.16
0.98	514.50	294.00	110.25	7.00	2	0.25	2	28.67
0.98	514.50	294.00	110.25	7.00	3	0.25	2	28.57
0.98	514.50	294.00	110.25	7.00	4	0.25	2	28.18
0.98	514.50	294.00	110.25	7.00	5	0.25	2	28.60
0.90	563.50	318.50	122.50	7.00	2	0.25	2	32.46
0.90	563.50	318.50	122.50	7.00	3	0.25	2	33.27
0.90	563.50	318.50	122.50	7.00	4	0.25	2	32.33
0.90	563.50	318.50	122.50	7.00	5	0.25	2	31.66
0.86	588.00	294.00	147.00	7.00	2	0.25	2	29.34
0.86	588.00	294.00	147.00	7.00	3	0.25	2	29.87
0.86	588.00	294.00	147.00	7.00	4	0.25	2	29.27
0.86	588.00	294.00	147.00	7.00	5	0.25	2	28.40
0.82	612.50	318.50	147.00	7.00	2	0.25	2	25.74
0.82	612.50	318.50	147.00	7.00	3	0.25	2	25.98
0.82	612.50	318.50	147.00	7.00	4	0.25	2	25.38
0.82	612.50	318.50	147.00	7.00	5	0.25	2	24.94
0.79	637.00	343.00	147.00	7.00	2	0.25	2	38.57
0.79	637.00	343.00	147.00	7.00	3	0.25	2	40.19
0.79	637.00	343.00	147.00	7.00	4	0.25	2	39.97
0.79	637.00	343.00	147.00	7.00	5	0.25	2	38.98
0.76	661.50	416.50	122.50	7.00	2	0.25	2	36.95
0.76	661.50	416.50	122.50	7.00	3	0.25	2	36.28
0.76	661.50	416.50	122.50	7.00	4	0.25	2	36.86
0.76	661.50	416.50	122.50	7.00	5	0.25	2	36.45
0.74	686.00	245.00	220.50	3.50	2	0.25	2	12.35
0.74	686.00	245.00	220.50	3.50	3	0.25	2	12.45
0.74	686.00	245.00	220.50	3.50	4	0.25	2	12.16
0.74	686.00	245.00	220.50	3.50	5	0.25	2	12.30
0.71	710.50	269.50	220.50	3.50	2	0.25	2	12.33
0.71	710.50	269.50	220.50	3.50	3	0.25	2	12.29
0.71	710.50	269.50	220.50	3.50	4	0.25	2	12.20
0.71	710.50	269.50	220.50	3.50	5	0.25	2	12.49
0.69	735.00	294.00	220.50	3.50	2	0.25	2	12.85
0.69	735.00	294.00	220.50	3.50	3	0.25	2	12.87
0.69	735.00	294.00	220.50	3.50	4	0.25	2	12.73
0.69	735.00	294.00	220.50	3.50	5	0.25	2	12.95
0.66	759.50	318.50	220.50	3.50	2	0.25	2	13.05
0.66	759.50	318.50	220.50	3.50	3	0.25	2	12.93
0.66	759.50	318.50	220.50	3.50	4	0.25	2	12.77
0.66	759.50	318.50	220.50	3.50	5	0.25	2	13.00
0.64	784.00	343.00	220.50	3.50	2	0.25	2	17.14
0.64	784.00	343.00	220.50	3.50	3	0.25	2	16.84
0.64	784.00	343.00	220.50	3.50	4	0.25	2	17.02
0.64	784.00	343.00	220.50	3.50	5	0.25	2	17.11
0.62	808.50	367.50	220.50	3.50	2	0.25	2	14.34
0.62	808.50	367.50	220.50	3.50	3	0.25	2	14.66
0.62	808.50	367.50	220.50	3.50	4	0.25	2	14.60
0.62	808.50	367.50	220.50	3.50	5	0.25	2	14.60
0.98	514.50	294.00	110.25	7.00	2	0.25	3	28.67
0.98	514.50	294.00	110.25	7.00	3	0.25	3	28.56
0.98	514.50	294.00	110.25	7.00	4	0.25	3	28.17
0.98	514.50	294.00	110.25	7.00	5	0.25	3	28.63
0.90	563.50	318.50	122.50	7.00	2	0.25	3	31.63
0.90	563.50	318.50	122.50	7.00	3	0.25	3	32.40
0.90	563.50	318.50	122.50	7.00	4	0.25	3	32.68
0.90	563.50	318.50	122.50	7.00	5	0.25	3	32.29
0.86	588.00	294.00	147.00	7.00	2	0.25	3	28.40
0.86	588.00	294.00	147.00	7.00	3	0.25	3	29.40
0.86	588.00	294.00	147.00	7.00	4	0.25	3	29.43
0.86	588.00	294.00	147.00	7.00	5	0.25	3	29.07
0.82	612.50	318.50	147.00	7.00	2	0.25	3	24.70
0.82	612.50	318.50	147.00	7.00	3	0.25	3	25.48
0.82	612.50	318.50	147.00	7.00	4	0.25	3	25.37
0.82	612.50	318.50	147.00	7.00	5	0.25	3	25.17
0.79	637.00	343.00	147.00	7.00	2	0.25	3	39.04
0.79	637.00	343.00	147.00	7.00	3	0.25	3	38.35
0.79	637.00	343.00	147.00	7.00	4	0.25	3	39.81
0.79	637.00	343.00	147.00	7.00	5	0.25	3	39.83
0.76	661.50	416.50	122.50	7.00	2	0.25	3	35.99
0.76	661.50	416.50	122.50	7.00	3	0.25	3	36.59
0.76	661.50	416.50	122.50	7.00	4	0.25	3	35.64
0.76	661.50	416.50	122.50	7.00	5	0.25	3	36.52
0.74	686.00	245.00	220.50	3.50	2	0.25	3	11.80
0.74	686.00	245.00	220.50	3.50	3	0.25	3	12.03
0.74	686.00	245.00	220.50	3.50	4	0.25	3	11.98
0.74	686.00	245.00	220.50	3.50	5	0.25	3	11.69
0.71	710.50	269.50	220.50	3.50	2	0.25	3	12.41
0.71	710.50	269.50	220.50	3.50	3	0.25	3	12.28
0.71	710.50	269.50	220.50	3.50	4	0.25	3	12.10
0.71	710.50	269.50	220.50	3.50	5	0.25	3	12.19
0.69	735.00	294.00	220.50	3.50	2	0.25	3	12.34
0.69	735.00	294.00	220.50	3.50	3	0.25	3	12.46
0.69	735.00	294.00	220.50	3.50	4	0.25	3	12.31
0.69	735.00	294.00	220.50	3.50	5	0.25	3	12.12
0.66	759.50	318.50	220.50	3.50	2	0.25	3	12.97
0.66	759.50	318.50	220.50	3.50	3	0.25	3	13.01
0.66	759.50	318.50	220.50	3.50	4	0.25	3	12.74
0.66	759.50	318.50	220.50	3.50	5	0.25	3	12.84
0.64	784.00	343.00	220.50	3.50	2	0.25	3	16.83
0.64	784.00	343.00	220.50	3.50	3	0.25	3	16.93
0.64	784.00	343.00	220.50	3.50	4	0.25	3	16.66
0.64	784.00	343.00	220.50	3.50	5	0.25	3	16.86
0.62	808.50	367.50	220.50	3.50	2	0.25	3	13.91
0.62	808.50	367.50	220.50	3.50	3	0.25	3	14.34
0.62	808.50	367.50	220.50	3.50	4	0.25	3	13.95
0.62	808.50	367.50	220.50	3.50	5	0.25	3	13.99
0.98	514.50	294.00	110.25	7.00	2	0.25	4	28.70
0.98	514.50	294.00	110.25	7.00	3	0.25	4	28.55
0.98	514.50	294.00	110.25	7.00	4	0.25	4	28.15
0.98	514.50	294.00	110.25	7.00	5	0.25	4	28.62
0.90	563.50	318.50	122.50	7.00	2	0.25	4	32.67
0.90	563.50	318.50	122.50	7.00	3	0.25	4	31.69
0.90	563.50	318.50	122.50	7.00	4	0.25	4	32.07
0.90	563.50	318.50	122.50	7.00	5	0.25	4	33.28
0.86	588.00	294.00	147.00	7.00	2	0.25	4	29.47
0.86	588.00	294.00	147.00	7.00	3	0.25	4	28.42
0.86	588.00	294.00	147.00	7.00	4	0.25	4	29.08
0.86	588.00	294.00	147.00	7.00	5	0.25	4	29.88
0.82	612.50	318.50	147.00	7.00	2	0.25	4	25.66
0.82	612.50	318.50	147.00	7.00	3	0.25	4	24.96
0.82	612.50	318.50	147.00	7.00	4	0.25	4	25.43
0.82	612.50	318.50	147.00	7.00	5	0.25	4	26.00
0.79	637.00	343.00	147.00	7.00	2	0.25	4	40.00
0.79	637.00	343.00	147.00	7.00	3	0.25	4	38.84
0.79	637.00	343.00	147.00	7.00	4	0.25	4	38.33
0.79	637.00	343.00	147.00	7.00	5	0.25	4	40.12
0.76	661.50	416.50	122.50	7.00	2	0.25	4	36.95
0.76	661.50	416.50	122.50	7.00	3	0.25	4	36.45
0.76	661.50	416.50	122.50	7.00	4	0.25	4	36.81
0.76	661.50	416.50	122.50	7.00	5	0.25	4	36.26
0.74	686.00	245.00	220.50	3.50	2	0.25	4	12.32
0.74	686.00	245.00	220.50	3.50	3	0.25	4	12.30
0.74	686.00	245.00	220.50	3.50	4	0.25	4	12.18
0.74	686.00	245.00	220.50	3.50	5	0.25	4	12.43
0.71	710.50	269.50	220.50	3.50	2	0.25	4	12.36
0.71	710.50	269.50	220.50	3.50	3	0.25	4	12.49
0.71	710.50	269.50	220.50	3.50	4	0.25	4	12.17
0.71	710.50	269.50	220.50	3.50	5	0.25	4	12.28
0.69	735.00	294.00	220.50	3.50	2	0.25	4	12.91
0.69	735.00	294.00	220.50	3.50	3	0.25	4	12.95
0.69	735.00	294.00	220.50	3.50	4	0.25	4	12.67
0.69	735.00	294.00	220.50	3.50	5	0.25	4	12.86
0.66	759.50	318.50	220.50	3.50	2	0.25	4	12.95
0.66	759.50	318.50	220.50	3.50	3	0.25	4	13.00
0.66	759.50	318.50	220.50	3.50	4	0.25	4	12.86
0.66	759.50	318.50	220.50	3.50	5	0.25	4	12.92
0.64	784.00	343.00	220.50	3.50	2	0.25	4	16.99
0.64	784.00	343.00	220.50	3.50	3	0.25	4	16.69
0.64	784.00	343.00	220.50	3.50	4	0.25	4	16.56
0.64	784.00	343.00	220.50	3.50	5	0.25	4	16.62
0.62	808.50	367.50	220.50	3.50	2	0.25	4	14.33
0.62	808.50	367.50	220.50	3.50	3	0.25	4	14.61
0.62	808.50	367.50	220.50	3.50	4	0.25	4	14.61
0.62	808.50	367.50	220.50	3.50	5	0.25	4	14.65
0.98	514.50	294.00	110.25	7.00	2	0.25	5	28.69
0.98	514.50	294.00	110.25	7.00	3	0.25	5	28.58
0.98	514.50	294.00	110.25	7.00	4	0.25	5	28.15
0.98	514.50	294.00	110.25	7.00	5	0.25	5	28.61
0.90	563.50	318.50	122.50	7.00	2	0.25	5	33.13
0.90	563.50	318.50	122.50	7.00	3	0.25	5	32.31
0.90	563.50	318.50	122.50	7.00	4	0.25	5	31.53
0.90	563.50	318.50	122.50	7.00	5	0.25	5	32.46
0.86	588.00	294.00	147.00	7.00	2	0.25	5	29.71
0.86	588.00	294.00	147.00	7.00	3	0.25	5	29.09
0.86	588.00	294.00	147.00	7.00	4	0.25	5	28.31
0.86	588.00	294.00	147.00	7.00	5	0.25	5	29.39
0.82	612.50	318.50	147.00	7.00	2	0.25	5	25.70
0.82	612.50	318.50	147.00	7.00	3	0.25	5	25.17
0.82	612.50	318.50	147.00	7.00	4	0.25	5	24.60
0.82	612.50	318.50	147.00	7.00	5	0.25	5	25.49
0.79	637.00	343.00	147.00	7.00	2	0.25	5	39.89
0.79	637.00	343.00	147.00	7.00	3	0.25	5	39.83
0.79	637.00	343.00	147.00	7.00	4	0.25	5	39.01
0.79	637.00	343.00	147.00	7.00	5	0.25	5	38.65
0.76	661.50	416.50	122.50	7.00	2	0.25	5	35.69
0.76	661.50	416.50	122.50	7.00	3	0.25	5	36.64
0.76	661.50	416.50	122.50	7.00	4	0.25	5	36.06
0.76	661.50	416.50	122.50	7.00	5	0.25	5	36.70
0.74	686.00	245.00	220.50	3.50	2	0.25	5	12.12
0.74	686.00	245.00	220.50	3.50	3	0.25	5	11.67
0.74	686.00	245.00	220.50	3.50	4	0.25	5	11.64
0.74	686.00	245.00	220.50	3.50	5	0.25	5	12.02
0.71	710.50	269.50	220.50	3.50	2	0.25	5	12.27
0.71	710.50	269.50	220.50	3.50	3	0.25	5	12.19
0.71	710.50	269.50	220.50	3.50	4	0.25	5	12.25
0.71	710.50	269.50	220.50	3.50	5	0.25	5	12.27
0.69	735.00	294.00	220.50	3.50	2	0.25	5	12.47
0.69	735.00	294.00	220.50	3.50	3	0.25	5	12.12
0.69	735.00	294.00	220.50	3.50	4	0.25	5	12.18
0.69	735.00	294.00	220.50	3.50	5	0.25	5	12.47
0.66	759.50	318.50	220.50	3.50	2	0.25	5	12.93
0.66	759.50	318.50	220.50	3.50	3	0.25	5	12.82
0.66	759.50	318.50	220.50	3.50	4	0.25	5	12.78
0.66	759.50	318.50	220.50	3.50	5	0.25	5	13.02
0.64	784.00	343.00	220.50	3.50	2	0.25	5	16.73
0.64	784.00	343.00	220.50	3.50	3	0.25	5	16.86
0.64	784.00	343.00	220.50	3.50	4	0.25	5	16.76
0.64	784.00	343.00	220.50	3.50	5	0.25	5	16.92
0.62	808.50	367.50	220.50	3.50	2	0.25	5	13.68
0.62	808.50	367.50	220.50	3.50	3	0.25	5	13.99
0.62	808.50	367.50	220.50	3.50	4	0.25	5	14.16
0.62	808.50	367.50	220.50	3.50	5	0.25	5	13.86
0.98	514.50	294.00	110.25	7.00	2	0.40	1	32.26
0.98	514.50	294.00	110.25	7.00	3	0.40	1	32.26
0.98	514.50	294.00	110.25	7.00	4	0.40	1	32.49
0.98	514.50	294.00	110.25	7.00	5	0.40	1	32.53
0.90	563.50	318.50	122.50	7.00	2	0.40	1	36.47
0.90	563.50	318.50	122.50	7.00	3	0.40	1	37.24
0.90	563.50	318.50	122.50	7.00	4	0.40	1	36.66
0.90	563.50	318.50	122.50	7.00	5	0.40	1	35.96
0.86	588.00	294.00	147.00	7.00	2	0.40	1	31.89
0.86	588.00	294.00	147.00	7.00	3	0.40	1	32.39
0.86	588.00	294.00	147.00	7.00	4	0.40	1	32.09
0.86	588.00	294.00	147.00	7.00	5	0.40	1	31.29
0.82	612.50	318.50	147.00	7.00	2	0.40	1	29.22
0.82	612.50	318.50	147.00	7.00	3	0.40	1	29.91
0.82	612.50	318.50	147.00	7.00	4	0.40	1	29.53
0.82	612.50	318.50	147.00	7.00	5	0.40	1	28.65
0.79	637.00	343.00	147.00	7.00	2	0.40	1	41.40
0.79	637.00	343.00	147.00	7.00	3	0.40	1	42.62
0.79	637.00	343.00	147.00	7.00	4	0.40	1	42.50
0.79	637.00	343.00	147.00	7.00	5	0.40	1	41.67
0.76	661.50	416.50	122.50	7.00	2	0.40	1	40.78
0.76	661.50	416.50	122.50	7.00	3	0.40	1	39.97
0.76	661.50	416.50	122.50	7.00	4	0.40	1	40.71
0.76	661.50	416.50	122.50	7.00	5	0.40	1	40.43
0.74	686.00	245.00	220.50	3.50	2	0.40	1	14.52
0.74	686.00	245.00	220.50	3.50	3	0.40	1	14.61
0.74	686.00	245.00	220.50	3.50	4	0.40	1	14.50
0.74	686.00	245.00	220.50	3.50	5	0.40	1	14.55
0.71	710.50	269.50	220.50	3.50	2	0.40	1	14.51
0.71	710.50	269.50	220.50	3.50	3	0.40	1	14.60
0.71	710.50	269.50	220.50	3.50	4	0.40	1	14.50
0.71	710.50	269.50	220.50	3.50	5	0.40	1	14.58
0.69	735.00	294.00	220.50	3.50	2	0.40	1	14.51
0.69	735.00	294.00	220.50	3.50	3	0.40	1	14.70
0.69	735.00	294.00	220.50	3.50	4	0.40	1	14.42
0.69	735.00	294.00	220.50	3.50	5	0.40	1	14.42
0.66	759.50	318.50	220.50	3.50	2	0.40	1	15.23
0.66	759.50	318.50	220.50	3.50	3	0.40	1	15.23
0.66	759.50	318.50	220.50	3.50	4	0.40	1	15.23
0.66	759.50	318.50	220.50	3.50	5	0.40	1	15.23
0.64	784.00	343.00	220.50	3.50	2	0.40	1	19.52
0.64	784.00	343.00	220.50	3.50	3	0.40	1	19.36
0.64	784.00	343.00	220.50	3.50	4	0.40	1	19.48
0.64	784.00	343.00	220.50	3.50	5	0.40	1	19.42
0.62	808.50	367.50	220.50	3.50	2	0.40	1	15.09
0.62	808.50	367.50	220.50	3.50	3	0.40	1	17.17
0.62	808.50	367.50	220.50	3.50	4	0.40	1	17.14
0.62	808.50	367.50	220.50	3.50	5	0.40	1	17.14
0.98	514.50	294.00	110.25	7.00	2	0.40	2	32.82
0.98	514.50	294.00	110.25	7.00	3	0.40	2	32.71
0.98	514.50	294.00	110.25	7.00	4	0.40	2	32.24
0.98	514.50	294.00	110.25	7.00	5	0.40	2	32.72
0.90	563.50	318.50	122.50	7.00	2	0.40	2	35.84
0.90	563.50	318.50	122.50	7.00	3	0.40	2	36.57
0.90	563.50	318.50	122.50	7.00	4	0.40	2	36.06
0.90	563.50	318.50	122.50	7.00	5	0.40	2	35.69
0.86	588.00	294.00	147.00	7.00	2	0.40	2	32.48
0.86	588.00	294.00	147.00	7.00	3	0.40	2	32.74
0.86	588.00	294.00	147.00	7.00	4	0.40	2	32.13
0.86	588.00	294.00	147.00	7.00	5	0.40	2	31.64
0.82	612.50	318.50	147.00	7.00	2	0.40	2	28.95
0.82	612.50	318.50	147.00	7.00	3	0.40	2	29.49
0.82	612.50	318.50	147.00	7.00	4	0.40	2	28.64
0.82	612.50	318.50	147.00	7.00	5	0.40	2	28.01
0.79	637.00	343.00	147.00	7.00	2	0.40	2	41.64
0.79	637.00	343.00	147.00	7.00	3	0.40	2	43.10
0.79	637.00	343.00	147.00	7.00	4	0.40	2	42.74
0.79	637.00	343.00	147.00	7.00	5	0.40	2	41.92
0.76	661.50	416.50	122.50	7.00	2	0.40	2	40.78
0.76	661.50	416.50	122.50	7.00	3	0.40	2	40.15
0.76	661.50	416.50	122.50	7.00	4	0.40	2	40.57
0.76	661.50	416.50	122.50	7.00	5	0.40	2	40.42
0.74	686.00	245.00	220.50	3.50	2	0.40	2	14.54
0.74	686.00	245.00	220.50	3.50	3	0.40	2	14.45
0.74	686.00	245.00	220.50	3.50	4	0.40	2	14.18
0.74	686.00	245.00	220.50	3.50	5	0.40	2	14.50
0.71	710.50	269.50	220.50	3.50	2	0.40	2	14.70
0.71	710.50	269.50	220.50	3.50	3	0.40	2	14.66
0.71	710.50	269.50	220.50	3.50	4	0.40	2	14.40
0.71	710.50	269.50	220.50	3.50	5	0.40	2	14.71
0.69	735.00	294.00	220.50	3.50	2	0.40	2	14.75
0.69	735.00	294.00	220.50	3.50	3	0.40	2	14.71
0.69	735.00	294.00	220.50	3.50	4	0.40	2	14.33
0.69	735.00	294.00	220.50	3.50	5	0.40	2	14.62
0.66	759.50	318.50	220.50	3.50	2	0.40	2	15.34
0.66	759.50	318.50	220.50	3.50	3	0.40	2	15.29
0.66	759.50	318.50	220.50	3.50	4	0.40	2	15.09
0.66	759.50	318.50	220.50	3.50	5	0.40	2	15.30
0.64	784.00	343.00	220.50	3.50	2	0.40	2	19.20
0.64	784.00	343.00	220.50	3.50	3	0.40	2	18.88
0.64	784.00	343.00	220.50	3.50	4	0.40	2	18.90
0.64	784.00	343.00	220.50	3.50	5	0.40	2	19.12
0.62	808.50	367.50	220.50	3.50	2	0.40	2	16.76
0.62	808.50	367.50	220.50	3.50	3	0.40	2	17.23
0.62	808.50	367.50	220.50	3.50	4	0.40	2	17.26
0.62	808.50	367.50	220.50	3.50	5	0.40	2	17.15
0.98	514.50	294.00	110.25	7.00	2	0.40	3	32.82
0.98	514.50	294.00	110.25	7.00	3	0.40	3	32.69
0.98	514.50	294.00	110.25	7.00	4	0.40	3	32.23
0.98	514.50	294.00	110.25	7.00	5	0.40	3	32.75
0.90	563.50	318.50	122.50	7.00	2	0.40	3	34.24
0.90	563.50	318.50	122.50	7.00	3	0.40	3	34.95
0.90	563.50	318.50	122.50	7.00	4	0.40	3	35.05
0.90	563.50	318.50	122.50	7.00	5	0.40	3	34.29
0.86	588.00	294.00	147.00	7.00	2	0.40	3	31.28
0.86	588.00	294.00	147.00	7.00	3	0.40	3	32.12
0.86	588.00	294.00	147.00	7.00	4	0.40	3	32.05
0.86	588.00	294.00	147.00	7.00	5	0.40	3	31.84
0.82	612.50	318.50	147.00	7.00	2	0.40	3	28.67
0.82	612.50	318.50	147.00	7.00	3	0.40	3	29.67
0.82	612.50	318.50	147.00	7.00	4	0.40	3	29.47
0.82	612.50	318.50	147.00	7.00	5	0.40	3	28.91
0.79	637.00	343.00	147.00	7.00	2	0.40	3	41.26
0.79	637.00	343.00	147.00	7.00	3	0.40	3	41.30
0.79	637.00	343.00	147.00	7.00	4	0.40	3	42.49
0.79	637.00	343.00	147.00	7.00	5	0.40	3	42.08
0.76	661.50	416.50	122.50	7.00	2	0.40	3	39.32
0.76	661.50	416.50	122.50	7.00	3	0.40	3	39.84
0.76	661.50	416.50	122.50	7.00	4	0.40	3	38.89
0.76	661.50	416.50	122.50	7.00	5	0.40	3	39.68
0.74	686.00	245.00	220.50	3.50	2	0.40	3	13.97
0.74	686.00	245.00	220.50	3.50	3	0.40	3	14.22
0.74	686.00	245.00	220.50	3.50	4	0.40	3	14.10
0.74	686.00	245.00	220.50	3.50	5	0.40	3	13.78
0.71	710.50	269.50	220.50	3.50	2	0.40	3	14.07
0.71	710.50	269.50	220.50	3.50	3	0.40	3	14.03
0.71	710.50	269.50	220.50	3.50	4	0.40	3	13.94
0.71	710.50	269.50	220.50	3.50	5	0.40	3	13.86
0.69	735.00	294.00	220.50	3.50	2	0.40	3	14.32
0.69	735.00	294.00	220.50	3.50	3	0.40	3	14.56
0.69	735.00	294.00	220.50	3.50	4	0.40	3	14.33
0.69	735.00	294.00	220.50	3.50	5	0.40	3	14.08
0.66	759.50	318.50	220.50	3.50	2	0.40	3	15.16
0.66	759.50	318.50	220.50	3.50	3	0.40	3	15.18
0.66	759.50	318.50	220.50	3.50	4	0.40	3	14.72
0.66	759.50	318.50	220.50	3.50	5	0.40	3	14.90
0.64	784.00	343.00	220.50	3.50	2	0.40	3	18.48
0.64	784.00	343.00	220.50	3.50	3	0.40	3	18.71
0.64	784.00	343.00	220.50	3.50	4	0.40	3	18.48
0.64	784.00	343.00	220.50	3.50	5	0.40	3	18.46
0.62	808.50	367.50	220.50	3.50	2	0.40	3	16.47
0.62	808.50	367.50	220.50	3.50	3	0.40	3	16.35
0.62	808.50	367.50	220.50	3.50	4	0.40	3	16.55
0.62	808.50	367.50	220.50	3.50	5	0.40	3	16.74
0.98	514.50	294.00	110.25	7.00	2	0.40	4	32.85
0.98	514.50	294.00	110.25	7.00	3	0.40	4	32.67
0.98	514.50	294.00	110.25	7.00	4	0.40	4	32.21
0.98	514.50	294.00	110.25	7.00	5	0.40	4	32.74
0.90	563.50	318.50	122.50	7.00	2	0.40	4	36.45
0.90	563.50	318.50	122.50	7.00	3	0.40	4	35.73
0.90	563.50	318.50	122.50	7.00	4	0.40	4	35.40
0.90	563.50	318.50	122.50	7.00	5	0.40	4	36.57
0.86	588.00	294.00	147.00	7.00	2	0.40	4	32.38
0.86	588.00	294.00	147.00	7.00	3	0.40	4	31.66
0.86	588.00	294.00	147.00	7.00	4	0.40	4	32.15
0.86	588.00	294.00	147.00	7.00	5	0.40	4	32.75
0.82	612.50	318.50	147.00	7.00	2	0.40	4	28.93
0.82	612.50	318.50	147.00	7.00	3	0.40	4	28.05
0.82	612.50	318.50	147.00	7.00	4	0.40	4	28.64
0.82	612.50	318.50	147.00	7.00	5	0.40	4	29.52
0.79	637.00	343.00	147.00	7.00	2	0.40	4	42.77
0.79	637.00	343.00	147.00	7.00	3	0.40	4	41.73
0.79	637.00	343.00	147.00	7.00	4	0.40	4	41.32
0.79	637.00	343.00	147.00	7.00	5	0.40	4	42.96
0.76	661.50	416.50	122.50	7.00	2	0.40	4	40.68
0.76	661.50	416.50	122.50	7.00	3	0.40	4	40.40
0.76	661.50	416.50	122.50	7.00	4	0.40	4	40.60
0.76	661.50	416.50	122.50	7.00	5	0.40	4	40.11
0.74	686.00	245.00	220.50	3.50	2	0.40	4	14.37
0.74	686.00	245.00	220.50	3.50	3	0.40	4	14.48
0.74	686.00	245.00	220.50	3.50	4	0.40	4	14.32
0.74	686.00	245.00	220.50	3.50	5	0.40	4	14.44
0.71	710.50	269.50	220.50	3.50	2	0.40	4	14.60
0.71	710.50	269.50	220.50	3.50	3	0.40	4	14.70
0.71	710.50	269.50	220.50	3.50	4	0.40	4	14.47
0.71	710.50	269.50	220.50	3.50	5	0.40	4	14.66
0.69	735.00	294.00	220.50	3.50	2	0.40	4	14.54
0.69	735.00	294.00	220.50	3.50	3	0.40	4	14.62
0.69	735.00	294.00	220.50	3.50	4	0.40	4	14.53
0.69	735.00	294.00	220.50	3.50	5	0.40	4	14.71
0.66	759.50	318.50	220.50	3.50	2	0.40	4	15.34
0.66	759.50	318.50	220.50	3.50	3	0.40	4	15.29
0.66	759.50	318.50	220.50	3.50	4	0.40	4	15.09
0.66	759.50	318.50	220.50	3.50	5	0.40	4	15.30
0.64	784.00	343.00	220.50	3.50	2	0.40	4	19.06
0.64	784.00	343.00	220.50	3.50	3	0.40	4	19.13
0.64	784.00	343.00	220.50	3.50	4	0.40	4	19.00
0.64	784.00	343.00	220.50	3.50	5	0.40	4	18.84
0.62	808.50	367.50	220.50	3.50	2	0.40	4	16.44
0.62	808.50	367.50	220.50	3.50	3	0.40	4	16.90
0.62	808.50	367.50	220.50	3.50	4	0.40	4	16.94
0.62	808.50	367.50	220.50	3.50	5	0.40	4	16.77
0.98	514.50	294.00	110.25	7.00	2	0.40	5	32.84
0.98	514.50	294.00	110.25	7.00	3	0.40	5	32.72
0.98	514.50	294.00	110.25	7.00	4	0.40	5	32.21
0.98	514.50	294.00	110.25	7.00	5	0.40	5	32.73
0.90	563.50	318.50	122.50	7.00	2	0.40	5	35.67
0.90	563.50	318.50	122.50	7.00	3	0.40	5	35.01
0.90	563.50	318.50	122.50	7.00	4	0.40	5	34.72
0.90	563.50	318.50	122.50	7.00	5	0.40	5	35.24
0.86	588.00	294.00	147.00	7.00	2	0.40	5	32.31
0.86	588.00	294.00	147.00	7.00	3	0.40	5	31.81
0.86	588.00	294.00	147.00	7.00	4	0.40	5	31.12
0.86	588.00	294.00	147.00	7.00	5	0.40	5	32.06
0.82	612.50	318.50	147.00	7.00	2	0.40	5	30.00
0.82	612.50	318.50	147.00	7.00	3	0.40	5	29.50
0.82	612.50	318.50	147.00	7.00	4	0.40	5	29.06
0.82	612.50	318.50	147.00	7.00	5	0.40	5	29.92
0.79	637.00	343.00	147.00	7.00	2	0.40	5	42.11
0.79	637.00	343.00	147.00	7.00	3	0.40	5	41.96
0.79	637.00	343.00	147.00	7.00	4	0.40	5	41.09
0.79	637.00	343.00	147.00	7.00	5	0.40	5	40.79
0.76	661.50	416.50	122.50	7.00	2	0.40	5	38.82
0.76	661.50	416.50	122.50	7.00	3	0.40	5	39.72
0.76	661.50	416.50	122.50	7.00	4	0.40	5	39.31
0.76	661.50	416.50	122.50	7.00	5	0.40	5	39.86
0.74	686.00	245.00	220.50	3.50	2	0.40	5	14.41
0.74	686.00	245.00	220.50	3.50	3	0.40	5	14.19
0.74	686.00	245.00	220.50	3.50	4	0.40	5	14.17
0.74	686.00	245.00	220.50	3.50	5	0.40	5	14.39
0.71	710.50	269.50	220.50	3.50	2	0.40	5	12.43
0.71	710.50	269.50	220.50	3.50	3	0.40	5	12.63
0.71	710.50	269.50	220.50	3.50	4	0.40	5	12.76
0.71	710.50	269.50	220.50	3.50	5	0.40	5	12.42
0.69	735.00	294.00	220.50	3.50	2	0.40	5	14.12
0.69	735.00	294.00	220.50	3.50	3	0.40	5	14.28
0.69	735.00	294.00	220.50	3.50	4	0.40	5	14.37
0.69	735.00	294.00	220.50	3.50	5	0.40	5	14.21
0.66	759.50	318.50	220.50	3.50	2	0.40	5	14.96
0.66	759.50	318.50	220.50	3.50	3	0.40	5	14.92
0.66	759.50	318.50	220.50	3.50	4	0.40	5	14.92
0.66	759.50	318.50	220.50	3.50	5	0.40	5	15.16
0.64	784.00	343.00	220.50	3.50	2	0.40	5	17.69
0.64	784.00	343.00	220.50	3.50	3	0.40	5	18.19
0.64	784.00	343.00	220.50	3.50	4	0.40	5	18.16
0.64	784.00	343.00	220.50	3.50	5	0.40	5	17.88
0.62	808.50	367.50	220.50	3.50	2	0.40	5	16.54
0.62	808.50	367.50	220.50	3.50	3	0.40	5	16.44
0.62	808.50	367.50	220.50	3.50	4	0.40	5	16.48
0.62	808.50	367.50	220.50	3.50	5	0.40	5	16.64

