719
172
246
245
230
253
31
635
129
509
417
426
49
459
499
432
171
272
547
34
460
435
458
261
351
610
67
303
563
540
455
602
526
346
6
94
370
536
185
35
306
579
57
557
366
525
443
694
740
8
744
701
95
441
675
678
589
162
220
619
576
693
617
74
757
588
29
535
270
109
548
53
222
577
293
227
574
762
623
197
496
697
641
391
279
54
695
16
86
559
486
383
723
299
659
295
188
742
132
440
615
537
648
724
37
373
708
46
150
225
516
582
481
22
354
649
607
523
60
327
167
312
594
483
598
450
294
173
325
606
93
152
601
66
307
304
360
292
7
159
316
355
627
83
620
250
55
324
374
240
575
597
397
195
478
493
433
726
274
281
396
223
296
652
539
663
163
650
385
393
233
730
41
285
136
320
221
47
89
581
760
445
73
665
705
692
727
394
212
70
666
381
120
199
1
546
350
154
106
591
731
71
268
103
190
14
134
685
273
603
462
566
511
349
371
61
545
398
484
229
116
256
653
482
26
78
687
529
336
368
243
570
340
470
107
562
201
457
147
520
214
114
210
141
84
410
267
319
387
275
532
487
621
19
494
403
538
643
330
732
544
741
734
471
177
670
447
429
512
413
314
242
507
286
616
10
231
308
144
23
257
738
737
661
679
17
217
338
110
522
506
480
519
77
690
329
218
111
33
751
215
752
431
204
543
552
137
656
302
39
418
733
113
444
315
645
317
342
729
439
235
542
38
600
555
121
488
251
611
763
175
578
501
434
92
721
404
331
205
657
353
533
680
585
363
192
745
709
158
472
207
528
551
534
287
341
356
153
400
151
469
339
168
9
756
436
63
191
123
44
59
127
497
384
200
189
3
361
593
148
438
464
766
415
711
335
280
219
558
707
138
750
564
15
262
419
166
479
372
82
531
5
521
75
489
133
660
321
90
586
115
454
474
43
347
437
747
48
654
58
126
358
343
313
64
183
503
401
662
334
69
530
174
139
266
140
527
76
12
51
567
193
524
301
553
135
504
428
206
208
105
149
466
352
475
456
27
699
758
297
160
572
592
633
234
249
405
224
98
402
502
453
389
713
583
203
691
625
423
155
333
587
715
255
97
584
186
164
259
608
746
703
754
40
50
344
32
392
375
108
309
263
228
382
449
239
683
717
651
318
143
117
237
571
677
13
638
364
580
505
25
510
213
311
182
283
118
422
131
541
226
241
722
80
380
271
42
11
345
517
52
288
236
72
477
476
614
142
425
216
178
565
716
258
265
442
198
390
736
609
681
96
421
430
700
260
560
187
667
640
569
688
518
595
676
112
753
467
348
473
748
65
45
490
176
337
452
696
612
282
28
556
682
290
269
618
24
500
637
673
639
388
56
644
408
689
759
446
568
704
247
376
613
485
655
386
590
554
79
629
30
605
377
298
684
277
232
515
491
300
252
322
20
124
406
706
289
145
326
698
465
284
379
362
622
628
725
718
728
596
130
599
332
448
367
550
395
702
749
328
369
672
755
414
463
359
631
101
674
668
88
310
573
146
62
671
409
642
646
128
626
278
664
276
323
365
561
202
508
68
412
