5246
501
1545
2178
3003
7242
4774
1222
7561
3023
2694
2959
4489
3200
3382
1208
2328
1901
8165
2070
323
7787
5949
3664
3077
6300
5289
1349
6292
2284
1668
4338
5381
6327
7583
7889
2225
3495
3958
6569
2427
3327
2321
4998
1873
2532
3688
3882
4214
821
2021
6077
4815
4008
4490
6014
1708
7439
571
2930
8076
4649
5698
5273
7172
4179
2652
4098
5547
4413
2056
3124
390
6962
4756
4503
800
1880
7503
6254
5002
3204
4777
1241
7658
2301
4799
7120
1785
6108
3031
7252
5066
3199
2051
4652
2068
3018
6809
4204
3598
2215
423
2163
3411
6398
4094
4330
6908
2903
6619
7846
5374
7308
5360
5599
5791
3066
2404
3780
7380
1970
2344
4949
2787
8022
3854
3643
4216
7273
3627
5886
7162
649
2492
7992
7777
6650
2727
5646
6725
689
3331
4722
4566
2089
3144
1056
161
3434
4852
7051
5074
6679
7876
5833
1888
6009
5138
4378
7716
7121
2236
1244
6018
7788
993
5120
985
4987
2751
6163
1204
3011
3002
7929
7933
353
4931
6423
4826
7251
5338
2354
7102
6865
5531
1643
3438
468
8101
5353
5238
3956
5627
706
7746
6467
4688
3083
2919
3588
6049
2368
3318
386
3941
3590
1263
5209
573
344
1607
7564
2198
1916
5039
7620
772
4368
2744
6782
6070
2781
7522
272
5959
7306
1712
2104
1419
1273
5195
3275
3227
3601
3845
510
1524
699
2915
3942
3967
5826
3766
2288
4447
4786
2326
1971
3203
799
6791
3440
4029
1169
5115
6160
4449
5602
393
5683
315
2106
7348
6998
6488
5502
5837
5180
4031
5461
5636
1303
6755
6830
5427
2380
181
4370
2739
4200
1595
6247
2292
3893
774
8025
3560
4186
158
6463
4385
7364
4455
4043
872
1860
7303
2807
7737
6890
6993
3856
3735
4417
7856
633
5375
7687
925
6657
1776
4374
2821
4932
7295
91
3990
907
26
2325
2858
7745
7029
4681
4276
762
672
7499
4327
1641
1963
3471
7423
6112
2911
3229
2513
3231
7107
880
1716
1592
8066
6484
5625
283
6905
5264
3281
2249
1650
1011
5520
556
73
1654
8035
373
1842
4299
7362
3546
3253
4168
4577
7848
5610
4944
2201
968
7962
969
1377
1267
2024
4818
3190
5722
2931
4848
3182
2733
957
3099
3341
5806
222
2274
1953
6091
6847
7028
1577
5133
6193
3866
1383
1749
4392
1566
2312
5914
1655
2059
126
3675
3053
8159
6067
1435
5995
4875
6209
865
4845
5600
6030
8134
6153
910
1315
4723
4702
331
1874
6042
3026
2179
2006
5973
6214
691
3401
4530
4975
5249
6351
7280
5459
6829
1407
2398
757
2520
3580
4181
3993
112
4238
703
2084
1069
7312
6884
661
1320
186
662
1154
1155
8094
4991
4977
6663
1459
1986
7071
6646
6555
3052
1341
422
5269
4508
4065
5997
2031
965
1379
6661
6931
6205
902
1247
4253
777
6416
991
2590
551
4269
5872
523
6742
5436
4791
6694
8003
2507
2323
2240
7392
3852
1832
6440
7825
3839
6613
145
2899
1715
2076
3899
2708
6376
8059
4880
262
5205
378
6852
4816
5680
3339
6259
6471
505
2875
2058
1644
5943
6697
617
7909
5097
4657
7041
1676
3093
4296
2746
354
2524
1415
7469
2702
7100
8024
2187
3404
3395
2156
1580
6867
5270
7647
2085
4050
2704
4182
2212
6253
6734
3978
7556
822
539
6561
806
3750
5494
148
1894
3448
4479
1755
2973
341
7035
853
7670
396
6521
5497
613
7604
6096
3589
7650
1736
7200
6272
3511
5472
5321
833
213
6239
1534
1451
2792
4457
7998
6129
7322
2502
3691
3647
1470
4900
1371
2322
7496
8001
1331
290
3713
1345
6904
4377
3352
3599
1957
2415
1386
3923
5131
1590
2579
3519
6028
2535
1489
1642
4244
5204
7497
3469
3671
4820
2512
948
2971
5006
802
4466
6548
2206
3286
149
3268
3931
7064
5402
7995
2935
4962
5031
2789
6487
6402
3668
7849
5880
2891
2803
5126
3945
178
4219
5632
4321
6668
2979
1
96
1258
1484
851
6778
6210
7881
5060
5544
4429
1175
5500
5013
7891
5319
7326
562
5065
5101
4939
7702
2762
6587
1278
5843
4835
4443
3609
3985
3629
700
3109
6439
415
1805
6490
317
266
2754
88
5230
1601
6787
5228
2729
2665
4970
7587
723
2339
4659
4041
2450
2965
2220
7518
5177
5445
1744
8111
4593
3968
7291
4935
4833
2014
2871
5265
7588
4340
6582
5540
6043
452
6401
2655
5645
3530
2865
5452
1172
4007
982
7279
1483
4332
1486
5665
1455
1139
914
3048
6061
253
7338
2926
2802
4482
3417
801
2681
4438
82
6007
5998
5938
347
6326
7072
5948
8090
1246
1740
603
1076
1628
2764
6961
3439
6225
2406
163
3360
6813
6491
6951
4027
7022
7924
1988
4386
1584
7163
1262
7638
2904
4166
1065
1260
5159
681
4512
7481
5925
841
2570
5047
5889
2266
3778
5446
2632
7894
1102
5766
4511
4021
3921
3246
2457
2063
374
5512
6803
5241
5784
2143
3623
2866
3689
7333
2588
3196
7195
7839
4909
6532
5523
2447
5136
1987
4624
3727
6411
8186
6290
7649
5340
2219
836
7551
6515
8004
3994
5212
4195
3424
3952
2634
3273
2391
3644
5423
6185
8
3234
7916
3106
2749
387
850
5299
4217
7966
6832
4794
869
3795
5027
7978
1367
4948
1411
5261
4556
4132
7855
7234
4086
2471
4093
2108
2612
3785
7056
3312
3658
2428
5612
5122
7062
7576
77
3604
4194
671
2718
1466
1448
5983
4001
6115
2082
5907
68
6553
2628
4080
2171
444
6565
2055
6851
3575
3107
3974
5077
6302
785
1080
6287
883
7874
30
3490
1672
3214
6505
4406
1363
5900
1892
8020
731
7527
6794
1645
4683
1969
3149
5222
6363
1504
1618
4225
7117
3574
7683
4539
7585
261
6263
1401
249
5306
2862
1840
7680
4095
6892
6088
2760
3962
5339
6985
5135
2487
3462
3139
6243
2046
5585
5622
5829
5076
4544
4369
576
381
5905
8052
5111
1570
5392
4507
7409
4691
4247
5145
4162
5320
6954
884
369
7775
6161
2716
1497
1299
7158
5562
2170
1982
625
4763
1718
2388
1403
1413
6936
911
3428
2470
2728
211
1783
1128
1754
4320
4
3513
4605
122
6288
4097
322
7508
6090
7535
1115
7240
4965
6353
3730
4872
2648
1671
7270
5860
6323
13
2537
4494
70
1167
1539
5940
2017
6319
1830
4971
7589
1765
4541
3239
5975
5797
7131
365
7094
796
6843
4114
6191
6959
7304
3344
6392
735
6557
5616
7963
2808
4502
2894
3277
655
2049
3947
3912
6217
1848
3129
663
376
3008
6932
7382
7983
3295
3291
7794
4124
5439
3383
1608
4592
6974
7676
1397
5655
2986
3151
4867
5515
7778
3359
3241
1382
3661
7255
5850
2333
10
7738
6473
2794
2500
1156
257
6762
5304
4808
4527
6320
6745
1138
7897
4913
7040
1582
4908
2066
4648
4628
6768
3174
7243
5536
4509
4532
6334
7147
3101
3875
8182
5332
1935
7682
4980
823
5458
7424
1183
2637
895
3038
1339
159
6289
667
6409
1033
674
5049
419
3567
3375
2999
8017
7473
4557
6017
2231
7953
2267
7490
3665
4125
2030
5737
4171
4720
7677
5855
4796
677
367
8010
2526
8077
2203
1766
6850
6819
6071
5713
5103
2982
1980
6406
5307
4555
1777
7097
5393
6105
7635
2061
6686
4260
5741
3798
5876
7951
6335
4292
455
2945
3752
3330
4297
7803
3300
3022
5759
5063
1001
2574
2598
7256
2271
3427
7111
7927
5541
4501
1844
4401
6906
1665
5170
7648
7045
5917
1939
2327
7053
3716
5801
4122
4454
7260
7105
3366
4651
7734
4958
956
909
6197
5706
29
5071
7685
4801
8081
3271
5276
2396
7402
3940
530
6836
6167
688
2008
6446
8089
1781
1471
6022
5695
3755
6498
1380
4797
418
2873
741
6703
4462
408
5777
890
7484
1250
6132
5165
1081
8041
5310
4475
2185
4172
6889
4422
618
4585
3457
3982
2705
6486
6806
2182
1431
654
4639
2950
2923
3260
7609
7961
6845
5818
3712
653
4227
6312
4141
7030
7817
755
2540
5172
2977
6948
5967
7991
1535
6652
1897
690
6403
2071
6975
6431
3188
7193
765
4063
2227
5329
2331
517
6757
6211
1852
92
292
1424
1418
4665
4407
7862
5522
6268
5954
4625
4326
1845
3584
6388
5405
5240
5248
5527
1496
2310
4250
1162
6841
3398
5064
6689
2688
3444
2451
7795
6120
5628
3315
3250
3534
1236
1918
404
1959
4131
5883
7137
5462
5280
2469
7485
2239
7452
2093
4145
406
7413
3635
4460
2100
1705
1772
3381
4851
7621
3449
184
2491
5034
284
5673
2914
4375
2740
7332
6976
2313
7642
1125
1896
152
3350
2035
7851
6898
6814
4286
2804
897
1392
3619
4206
7049
3219
6827
4116
2641
476
5508
4594
4773
5823
6574
621
4778
5490
3660
7400
1200
2667
5168
7511
7373
2753
6506
1964
4474
6918
5709
1109
807
7429
2640
6150
3858
1573
1621
659
7883
643
5378
4310
743
4614
7253
5200
1312
6869
712
2572
1663
4198
1694
2033
208
5473
5968
2974
1514
4265
1357
3001
5444
7216
448
726
5524
7584
4995
1709
8158
4787
2483
520
574
6802
7844
5598
281
2412
5048
1898
4916
3699
3862
8062
4193
3841
4620
3987
3986
2872
2482
1919
5093
1049
2848
131
3321
1850
2582
5658
2605
4394
7058
2517
6097
1804
2656
5802
2045
5974
786
3399
2243
7615
7013
7659
546
7547
1567
5994
5055
5176
3637
6871
1585
5686
4678
6314
2258
1116
2494
877
1554
4284
1546
134
5684
4973
3576
218
4587
3910
6450
42
3705
2204
610
399
2783
6895
913
6146
7639
4155
255
5890
2627
6375
4456
274
7696
5657
3386
2417
268
2700
4832
3175
2736
1350
214
1589
2207
6597
7502
7946
1587
2332
7277
2088
5920
2079
3345
199
8088
3197
5857
6178
3542
1270
2190
1016
1408
4807
7524
482
5337
1890
2795
1434
4619
4664
4543
1078
7811
1847
1515
3178
882
194
3494
4208
7055
5510
8118
8126
6364
6052
5878
2306
1248
2109
5691
3544
3465
6821
6781
7319
6979
7104
4780
1201
368
5563
3222
1868
6064
3972
5355
7468
3989
4032
3374
1304
3617
236
6833
885
102
4231
7871
5348
3749
3007
664
4829
812
2057
6615
972
2812
1602
935
7784
4554
4697
6147
8179
5501
6034
6933
469
2092
2053
7644
4232
1225
8150
1342
7006
1257
4660
44
7821
22
1436
2000
566
8053
6591
1761
3823
2246
3410
6037
1547
5090
4264
4423
4010
3764
6773
4899
1731
4383
2348
5566
3496
3777
7679
6342
2898
4004
8122
5404
4005
1551
4579
6125
2154
1913
1238
6899
5692
1197
1603
5595
2293
4052
2978
7257
1184
6634
3825
1180
7569
4288
7357
7417
7199
4595
810
314
4898
206
6046
4011
5395
4062
7917
1189
1797
665
6230
1274
5100
1214
2592
4035
1289
1015
226
8026
1110
7141
4895
1929
1825
598
4268
1796
1256
1325
1838
6624
934
5615
252
2820
2900
3954
1440
3122
4806
7934
3610
2587
5017
335
5044
2410
3522
4393
6542
193
384
5840
4751
994
7206
6245
7448
1119
4561
5465
3420
162
6518
2672
6031
2996
7068
1404
4430
6856
5197
1788
5780
8064
5223
3683
3110
2330
2241
1292
2610
1557
7157
4956
7356
24
3516
5773
5069
1675
6928
7034
1732
849
5263
454
4403
7237
7975
2983
824
6683
1495
4500
7938
7360
8109
5588
4959
1228
132
6675
3314
3340
5618
1611
3010
8185
3844
2887
3183
5213
1775
6203
4727
6719
4553
5325
3965
5899
5317
3270
1974
3269
412
4433
4146
4877
6730
1748
1044
6477
3859
4039
7181
7366
1569
3148
4629
439
5015
6753
3202
1163
1396
2290
3586
1145
6127
2658
5841
630
1464
1658
1707
7437
7875
4513
46
7643
8072
5963
3016
1917
7175
313
4658
6111
6128
5401
2861
7965
2200
7828
4783
2016
5985
6062
53
6585
3226
14
5163
5561
5518
1334
4732
51
1977
4933
6888
2584
6853
3068
7245
5849
5848
2223
2961
3597
2985
4283
521
7910
5335
5254
7080
7928
7143
1287
2007
6286
6010
2489
3999
1914
3163
5489
715
3437
23
3365
1030
3323
1423
5545
1498
4684
4073
1216
4256
160
6800
852
6341
1399
4085
1936
7375
8080
3924
5629
7017
340
975
771
7960
6953
6738
2125
3123
478
5124
7907
5150
7967
1045
1295
5208
5043
31
6733
4084
4415
7274
4551
864
1812
2542
2666
2281
3117
5811
3657
6152
6669
7021
623
115
5245
6517
5190
263
1537
3884
2699
1856
1746
6255
6811
2135
565
2571
2921
7808
1609
3506
3904
7714
466
4632
7361
1187
5521
435
542
5217
1814
8084
4589
8154
6534
1622
2358
5694
6343
582
3980
6949
499
724
3238
1402
2940
6045
5786
535
4510
2461
3043
3743
2684
1632
2184
4056
6838
2062
4635
201
1210
6511
7729
4822
898
3579
4020
11
1827
479
4761
1181
7804
4572
1928
2927
7633
5669
1261
3547
4926
2121
7205
2948
2355
5895
4946
5771
3611
4335
2534
1023
5875
7622
417
397
508
2126
5896
2953
1010
251
7971
6581
7802
2150
2603
5024
1724
959
7470
6882
2155
5361
7431
3885
1940
7550
5026
5232
1934
5815
2345
3155
4015
20
6595
3358
1527
5300
2563
432
7563
1773
4107
3081
7011
1456
394
94
4824
7368
7250
1370
3926
1070
7921
7476
288
7593
3955
400
3571
1388
7461
5981
7031
3084
7463
4814
6546
7796
6385
6618
3634
402
4431
4266
5481
826
6361
2317
1048
5226
7600
1956
6854
7854
6945
7939
4013
1813
2158
7427
1344
5892
568
217
1810
7265
721
2785
5179
7539
7887
5328
2265
6462
2543
301
3466
6012
6529
7516
1003
6060
5242
5
5885
4048
3907
3212
3788
3966
5282
1298
4765
2283
6907
5575
4907
555
7865
6728
4591
6435
480
4608
4843
7538
4325
254
5699
183
5708
5121
6228
6371
99
908
4976
918
6551
6520
619
2730
534
2855
428
1664
5643
631
4197
7099
2438
5881
1191
3091
5109
7498
6526
7005
6277
6110
5274
1158
6291
279
7254
5630
5788
7493
2975
7083
5156
1332
475
808
3285
8151
6930
5668
1094
656
3279
3396
8125
3039
4083
7184
6592
6514
2589
8142
2989
2025
4779
4228
1034
6389
7901
588
2550
6134
3963
7128
3725
3237
4390
6032
881
761
3120
967
3577
7179
5831
7226
3710
2765
6113
4568
1409
2077
2671
3867
7654
5611
2181
3860
3063
7941
1501
4918
5894
789
8007
3282
7109
7613
8103
1251
1961
2340
6642
3680
7717
3693
5675
3021
2103
3115
3176
1903
5464
2752
142
3041
5107
4759
3594
6079
6743
4025
2897
4712
7114
6359
7602
6246
889
5463
3570
2851
6339
666
6769
5185
5008
1792
3108
685
2420
2455
5945
7003
6073
1213
2742
1196
3205
7300
725
1820
5764
5098
7151
1352
7196
1958
6170
4359
4211
1769
2255
6427
591
6797
1291
1704
7225
7323
1759
4769
3278
1904
5513
7027
4599
787
4060
5448
5719
7619
3218
1133
3507
564
7239
5756
952
6994
6425
8011
5053
1933
5255
2346
3543
6430
5471
4258
1395
502
1710
1875
7925
4641
5707
7334
5143
6135
2390
7386
3384
3774
729
1666
4902
174
3464
5557
7456
1277
5004
2456
4655
4936
4070
4339
2148
2756
421
634
2505
6324
4905
1194
4906
1422
7947
8002
1452
8069
7990
25
1893
4144
1815
1425
7514
1884
6234
228
1562
6464
3595
2448
3981
637
3071
5971
2565
981
7331
7069
2917
6093
486
7415
202
4178
6566
2968
698
474
5865
36
3582
2174
3035
2429
1338
1224
4710
7281
2123
776
3195
307
7812
8106
939
4533
2403
5517
6744
894
6241
7354
2647
4295
5634
2286
6913
4139
1564
5453
100
6481
450
587
3673
1140
2939
5369
47
738
2686
5664
7287
6635
1696
7523
1035
5160
3676
7566
6632
2193
8029
2938
2608
4775
7283
1869
8105
3400
3794
6002
4205
2690
1365
8188
7903
4410
2407
678
3742
5184
2315
2854
4167
6181
6233
5492
4930
256
2042
127
3663
1017
6939
6223
6469
3526
7191
773
1780
2806
7008
5182
1005
7161
1336
545
1264
6562
1885
7267
3064
6873
3919
6965
3796
6828
5620
2424
5409
5496
4588
660
5749
1269
5333
4868
3905
3822
4461
6186
409
6072
6681
4647
6726
4289
3254
173
6729
6783
2720
329
7568
3775
3349
5411
6695
2828
7075
955
1967
1084
8070
6179
3669
1857
1429
7112
6139
235
2863
5324
4623
5867
4616
4444
6298
5901
4519
3249
7972
398
3692
6085
586
8014
3891
1952
5676
7219
4054
3908
1059
7705
37
7958
8161
7347
1152
5912
4069
4817
856
2942
3583
8113
5218
7630
6897
1038
5633
2443
7719
1469
2176
116
6594
3213
2715
2463
3654
7178
3333
816
4802
6651
5470
5532
5834
2662
4331
5690
5927
1317
2631
3096
7084
2334
3164
2920
1412
1020
5215
4552
7425
7766
6937
3415
3207
1360
1568
1889
5173
7512
1480
5137
6549
950
4499
1164
2859
6494
7098
2183
3185
7684
5888
1990
7410
4564
7607
7101
961
2101
3892
7893
1681
2617
3656
5095
970
3047
4611
6316
351
1297
3950
6456
7501
2414
6984
7458
1093
1637
3
3355
753
3369
6218
7211
1946
3925
6855
3820
6474
3935
309
5582
2476
5790
995
8175
7247
5050
4805
1130
8005
830
936
6914
4653
7759
6785
7895
5032
5417
1519
4248
4921
5956
5992
3027
863
2139
4473
7860
6588
5550
2484
2270
3240
7218
7987
2619
1284
5119
4185
3051
7430
6492
4570
1275
1077
647
657
3906
6244
6293
4281
2993
7968
2197
7581
7826
3863
3486
8012
59
440
3960
5761
4092
3313
1179
6756
1962
1288
7134
1652
4226
2525
5267
6807
3886
8045
4411
5556
3280
3373
7989
3670
1376
1739
1358
7491
1758
4319
1151
1343
5674
6137
4357
195
6006
8144
2256
4882
6540
2377
1996
3684
488
7446
2425
6083
6264
7878
5127
6250
3568
5958
7731
3005
1876
106
2741
1976
5061
1968
5511
5357
5750
5783
5484
4757
5376
3748
5635
6690
5953
1836
4442
144
7327
3920
5491
8021
5331
842
1571
8043
8135
2944
6220
2413
1307
7244
4159
5678
599
7722
3473
7246
6875
5231
1311
7920
1293
7797
5581
445
7385
4618
8028
1526
3302
5438
3468
6774
7007
3475
1142
3545
886
2418
4558
8044
6704
4363
4352
2453
1793
4350
3287
2941
1597
3797
168
6472
6929
2210
3896
5154
3939
528
3646
110
4869
1313
4184
6441
5608
2175
7372
3913
6400
4713
7964
596
2080
5990
5220
8095
3177
2599
1060
6957
4169
4471
7823
4000
8079
5701
3380
6101
4090
2314
1726
5937
4376
2440
7861
1816
966
7124
3463
2052
7959
873
6390
7042
6458
6831
7575
1428
220
4540
5596
234
7082
7317
6354
1361
4082
7459
7419
2357
6394
5565
1920
4685
2102
5571
3391
87
7752
1721
464
5752
5845
3104
7012
3299
7395
4810
5235
6301
7686
6251
1105
4210
1729
5418
5480
4127
636
6790
1117
2022
7741
763
1510
3154
4487
1593
3510
4606
1817
533
3481
4317
5776
879
1294
3631
1837
6808
5237
658
7422
6001
7444
1009
945
4432
2799
137
3515
5243
5792
6981
2384
531
2157
7655
2626
5537
673
1900
4435
996
2095
1794
1091
2449
6950
4218
5723
3674
3521
1677
5387
803
5810
7061
8074
1640
3536
5507
7125
5530
6426
146
7140
5666
3652
6025
224
5638
7066
2955
1981
2776
7160
3024
6723
3192
4985
6317
3897
4492
3566
3489
797
2541
8071
5394
4840
2912
3802
1774
3217
5202
5825
1518
379
6667
1234
6659
6114
6368
7943
75
8065
4349
4707
1965
6432
2474
5312
7790
7665
7870
7305
2029
5879
2970
2295
6054
2268
7853
2152
2677
6967
930
48
58
7363
2130
5052
5033
6612
4734
2034
4203
866
1296
2462
862
2161
4682
1734
5952
3370
4706
7892
6980
1308
1922
7289
113
1490
1503
7189
1877
6524
4675
357
1689
4809
1316
7624
1143
1835
425
5385
5503
6174
3298
704
5181
7059
6662
5902
7732
4240
2649
6338
5415
5158
6658
4865
2835
4356
3815
6706
2486
4042
3687
4123
5589
1528
6226
7905
4747
2893
6479
5493
2433
5637
1231
4152
4481
5930
3969
5772
5731
6982
6616
7945
609
3478
6547
5820
38
5250
2969
7555
7761
6138
5897
648
4224
3451
4890
6977
4249
3167
7170
7393
7440
3044
6421
3562
1613
7708
1653
2990
5087
4348
4483
5836
1598
6946
3158
6295
6078
5104
7634
198
4792
2142
4022
1321
2545
3827
6453
1779
312
8173
7806
1136
3392
5740
2186
6296
1992
615
7079
382
7213
4538
275
7724
4026
2957
2755
4009
2696
7383
7478
4355
2262
8133
5407
5933
7467
3793
2633
4110
3126
3059
3191
6429
1026
6306
7669
3976
2881
4859
6554
7335
1479
6227
3622
6665
133
2635
838
6038
7328
6972
4177
7596
4262
1662
1276
3807
805
7749
2481
1453
3608
5362
4941
6221
7754
4836
1854
4698
7531
2441
3137
2967
2943
2775
1542
1921
1742
8042
997
2644
5046
3529
6066
4199
7387
1135
4279
644
2607
1828
2222
1098
1687
4133
1053
2883
616
917
5539
7487
8171
5672
2585
60
5979
2477
5116
6530
1061
5256
7701
8093
2853
3902
1938
2110
5727
4947
798
1983
3216
3004
5923
3171
6815
2951
2575
5081
709
7002
1405
3531
6640
5479
4951
825
8008
6370
5225
3140
8180
108
2514
5372
899
4517
4668
6086
4464
3075
2683
1560
5040
111
2394
3112
4674
6563
6721
5144
4644
2189
6713
5817
7408
5020
4076
3659
3829
7365
3326
7735
5696
8013
5782
5863
7940
8187
4151
6035
6952
572
5642
1217
3603
6508
7
1062
5526
2849
8000
5654
8068
6680
2650
736
1072
2701
4373
3372
363
5483
2166
5178
1114
2253
247
1018
2208
3769
3943
8091
4174
4079
1932
768
6171
1381
5504
3255
1444
893
1166
2932
7519
1670
6140
4878
3376
5487
676
1684
3156
7037
5084
5421
3642
3548
2242
2673
3726
4514
6764
870
6279
4361
1839
3914
1999
585
3170
2037
4480
7341
7087
7641
6522
8174
5308
325
8164
6015
2928
2810
5720
7733
2316
6433
104
5679
2291
5151
3973
5277
4235
7130
3335
1549
1552
411
7879
1268
7230
3933
2247
7652
987
276
5096
2252
8058
7505
3181
7558
1439
6379
5305
1790
8129
4642
5614
6457
1680
3423
2138
2992
4019
4459
1255
1387
5548
986
4892
4336
5869
1923
6118
4215
1512
3030
6475
6617
1522
7266
989
7557
2905
6084
4549
3535
4548
3505
3304
7096
868
557
3121
6886
4964
8127
2907
7488
7549
497
4067
7922
2299
6796
2622
2732
1798
3105
5042
7868
2913
7486
2251
1979
4842
7656
7532
5808
4789
6355
3806
4999
7015
3970
7401
7344
2040
1487
7974
2544
4469
6654
6387
2480
356
2691
6434
900
6626
5056
3085
5091
2788
2523
2421
1226
5398
7783
3406
6478
7772
1333
3587
2960
1851
5054
6418
3636
4463
2922
1219
5932
1239
3708
2687
6777
4089
3709
831
5259
5700
2663
4254
1229
6201
7046
8015
3979
1745
6318
5559
5884
5644
7421
4972
2784
101
5505
5560
3142
7900
6969
3029
7789
118
537
5697
1089
4692
3446
7816
5835
4597
45
295
5252
6677
3779
6516
2735
4441
15
7190
3877
2452
2566
947
2402
4828
6881
230
7438
4046
4119
2725
5313
1375
4811
6896
7340
6767
3685
5432
7707
1137
5928
4322
7449
3309
4345
3467
1998
3371
5290
2099
2558
5641
3616
2335
5838
1588
8145
2086
2188
1443
3390
1207
5649
6188
855
1576
3728
6307
4018
6504
4841
3210
1146
963
4395
5529
7371
6422
5891
3090
3889
577
695
549
5219
3100
2890
5275
4465
6758
2679
6
3563
380
5931
3303
7407
8060
1702
6151
4850
2159
1359
84
4839
7944
6158
5169
1995
1679
2709
7594
5286
7390
7597
7224
5364
7723
6737
8096
4711
4884
2824
3971
6710
215
4111
5656
1991
1106
1656
578
4468
2287
6166
2194
7526
5388
7227
4955
6643
2964
3332
1910
4654
6149
4735
2840
358
6382
2811
6336
5903
4695
303
1713
1762
5148
7088
2083
5594
7827
4451
2137
5441
3843
4311
6507
5814
4925
4888
3325
4709
4929
4033
1770
6237
7310
5769
2711
2336
2039
6455
4864
98
7186
389
7675
2047
6048
5977
5785
4640
1615
3677
4631
2218
2621
85
1182
471
4014
2724
532
2347
3328
6701
1942
1543
7201
4855
2832
1232
6311
3655
8098
2815
1727
5435
2745
7093
4191
811
4922
2651
7325
4207
1831
8056
6978
5908
3343
1829
2153
4493
4428
5486
3561
1494
4708
4766
3849
436
4156
2168
2676
5391
458
5623
1373
4302
6970
5396
5915
7442
5363
1086
5864
7286
2141
3738
2038
2731
2819
740
461
7052
7018
8131
1984
8147
3054
8156
5705
3015
3264
5125
1400
2531
3387
828
1553
3732
8172
6983
7830
4726
3632
233
7411
7781
3251
4409
1266
130
6452
7867
4448
1280
7769
3194
3879
2963
5660
1871
2145
3591
2381
164
5236
1723
5468
6603
912
2383
6510
4670
7214
1891
7653
5728
1861
171
3267
2044
4103
3532
1682
5142
4782
4928
5799
6468
7136
243
5281
5068
5206
4679
1864
6751
6605
3223
5946
7697
6180
6332
2536
2444
3878
2289
4303
3767
7221
3549
2364
2660
1872
8143
4024
3569
4739
2981
4003
4143
2050
4344
2723
3036
1454
2408
5874
4160
7156
6593
1634
4584
3736
3224
4135
1124
4764
457
1559
923
216
3206
3419
7129
3019
2779
3842
6608
5129
717
495
814
2385
2269
3614
1579
875
6470
57
2562
7681
5904
6577
8086
529
3435
3456
5384
5580
7276
6202
4694
8054
8033
5041
7896
103
83
6082
1550
4176
6765
3228
7197
5745
4600
871
1159
1460
6536
237
8085
5285
3873
5199
680
1819
182
8157
270
6533
4834
2889
4870
3997
3847
2597
2165
3145
5671
4196
5005
2459
977
3678
4467
1697
5693
1074
1055
5704
3729
2593
7712
3964
1378
1516
289
7153
6173
2560
1973
2580
5574
905
835
1648
3551
916
5016
6866
6893
1544
5271
5162
204
5856
503
8136
4129
2856
1623
7793
2643
6699
5555
1477
1862
5828
371
2952
2160
119
6795
848
1123
280
2936
298
117
7744
4831
5778
3718
3484
3874
4693
2503
5961
1437
5072
3758
3356
6069
3324
3500
7969
1029
7767
7209
550
4857
5751
6599
2205
7612
5258
646
5007
2149
4347
2192
2852
3834
7931
3472
2519
1012
8148
269
6501
1753
291
3454
5567
3296
5743
5433
1368
2431
5278
7689
775
5367
6986
713
7765
5455
6825
3550
7396
3247
1416
7329
7923
3050
6117
2638
3650
4742
6576
2734
489
3458
6879
1420
4934
3442
5342
2002
2485
1596
1841
155
5996
2105
3497
2439
6902
1473
2747
820
3818
3487
6331
5842
7632
5576
2609
4771
5681
2261
707
5499
3379
3258
6687
8083
2147
6367
5955
66
2827
2250
1500
4491
3479
7525
4854
1028
67
4212
2302
3556
3310
5088
370
1669
2419
2557
3593
6094
1737
5597
5315
4150
5075
4638
4518
4626
7841
6380
3389
4047
2209
6366
1186
4068
6499
1925
1575
7657
7085
5045
6798
7126
6860
2275
4578
3585
4437
150
7342
6044
6274
7840
6121
3480
5558
7906
7228
7756
5570
2830
8116
2901
2629
449
1617
4037
7872
3916
6735
3014
4100
4012
5734
136
6996
2409
6900
2010
7660
6604
7001
1614
4750
6817
3095
4689
1393
3746
3430
5171
3362
6480
7703
5767
728
7353
3572
4912
3804
7123
6760
8023
846
19
4078
5117
6941
7176
1209
2639
3731
992
2548
3628
7779
6714
6987
5577
3805
7541
2613
7914
3132
7223
3274
7751
7617
840
3768
304
5804
5716
1259
7553
2594
1502
6283
6133
915
3523
3153
2595
1599
2238
392
6099
7693
6415
2422
4163
472
626
2786
6606
7089
832
7405
3161
3915
2376
1414
3364
1855
5292
3338
7381
1472
4768
7770
3624
6571
6607
4741
3819
4189
3596
5130
6249
5546
844
2144
5747
1905
5760
3235
5735
4630
2569
3116
7016
4992
518
6040
7678
6345
1171
3816
6840
512
2501
2177
2369
2722
3262
857
1305
8038
5944
3618
5345
3553
346
6103
5164
6360
278
5763
4942
5868
114
4077
3751
6799
6192
498
7070
2805
2097
6424
1657
2235
7019
1706
7704
1730
4562
405
3734
845
5233
6235
7590
3168
7842
6408
2767
3832
5207
1141
2386
3937
3850
52
4755
6909
3348
4453
6590
3157
5619
7997
4387
7164
3953
6092
4910
6648
7782
4088
3013
4342
5399
5605
4894
5754
2120
3032
4676
4849
1346
2685
5710
6019
6848
5380
6786
4101
5260
6024
3695
1177
7645
5803
4237
5661
4656
403
7706
2521
238
7447
4575
4571
2839
7044
2343
4523
4120
5262
4324
2674
1594
3455
4306
7640
7718
4573
3135
362
6003
241
3620
7445
6356
7976
3817
6750
5670
3831
6271
5980
1021
6169
4813
1203
5538
2529
4752
8112
6378
1950
4351
3294
4772
3745
3363
6383
7311
5266
4064
958
1220
2874
5689
7296
6074
5346
722
6145
3290
2908
8115
2814
710
2307
6305
8168
4495
4856
3756
5118
4545
4315
6621
4440
2213
2994
3408
360
1882
8152
2842
5736
4066
5224
1051
6509
1230
1127
1205
1517
4389
1505
1249
4334
8149
3094
3470
473
4536
7248
2822
3640
3143
6165
5428
640
8097
2576
3667
1733
4981
4719
1254
8177
7374
6771
361
2445
7202
7666
7039
4137
3078
558
2173
1461
5893
6664
7180
7818
2909
6748
3504
951
7345
5155
54
5592
4743
1075
1144
3357
3929
854
3498
6528
6705
4030
2436
5419
170
7715
1427
2568
1192
3824
7144
5639
6707
1954
8183
3881
5755
6596
544
5336
5003
7187
2202
2669
6912
2490
2370
129
3416
592
7135
5456
6801
6407
976
3694
4381
3868
4298
734
6206
4522
1683
4770
4677
5216
5909
2516
6212
470
1493
3102
6620
2860
6636
6708
7233
1826
3361
5476
2005
3317
311
2757
4827
6270
5062
4716
5853
4154
6567
7023
7232
2276
5650
5099
5988
6541
6544
4045
5437
3289
5768
1211
6685
4057
49
2363
5403
6154
1691
5688
1185
4259
5019
7912
6047
7418
477
7762
7090
4091
1385
1036
4785
581
595
1866
302
6104
2013
6804
4280
7166
5434
4767
8170
1132
2623
7346
3724
3533
3180
7203
7608
7065
8051
6560
4309
359
2809
7764
5397
2273
5718
426
2112
207
2801
2870
5000
203
3888
7142
6700
5542
1481
4294
5416
6531
6350
5112
5426
2113
929
4563
2937
1362
4866
4175
1714
638
6822
17
5186
1122
5351
1803
306
6213
5379
3625
7165
5386
2294
7113
5314
3754
8189
847
1054
1558
1475
1604
7358
1283
6176
5662
1430
7578
2614
5420
7146
3951
3833
1867
548
4436
1353
2132
3826
2356
6956
3781
7882
2878
6309
4108
7118
5913
1763
3578
3447
2555
4274
6572
2577
1616
6184
1202
6204
3076
5322
3131
8108
5365
2615
81
2556
6168
6041
7742
5288
4690
4667
4914
2073
6573
6702
3276
4478
7904
6876
6155
6740
1661
7263
7509
4687
3046
4222
2094
7217
2460
4680
2522
5085
3686
5960
65
1037
1157
980
7599
6872
6754
5775
7220
7231
1849
2069
8167
3790
2847
6081
8018
524
827
1978
1282
135
6944
2072
4758
4121
561
7573
6633
2437
7351
490
3087
3836
2495
7441
6963
7546
6164
7235
2091
7426
79
7010
6858
1462
6641
3765
242
5021
4038
4520
3055
3720
7799
984
7986
4234
7843
7127
7077
3432
8100
4636
5929
4871
4661
2116
2245
416
4278
6198
604
3402
7432
928
5058
1108
6397
4498
3613
1638
5753
7950
2167
3305
1865
7586
5667
5318
196
4061
3565
5128
6238
2703
5291
3394
6539
5579
7993
3198
6839
3236
3648
3707
1041
6199
1391
4963
2498
4290
6736
6999
7475
7377
2763
2642
696
4233
2630
1168
141
5934
6916
5572
584
5425
4862
2653
5647
2497
7309
4646
6503
6966
7506
4400
3949
246
5613
7798
4380
2458
4291
434
6297
1492
7628
3741
1883
4346
1651
260
5919
4715
5839
3272
1356
5457
2837
5296
3242
2602
6449
6874
702
6627
6676
3948
7611
3872
2423
2493
2228
6063
1581
4130
2991
5854
7824
1738
5211
6844
4903
1271
6747
1215
7043
2743
1612
7786
7864
5607
575
3761
1095
4096
2880
6625
2670
7534
4700
1509
7663
350
7582
3865
5229
3696
3773
3211
62
8082
7691
4072
3809
1354
5984
7492
7293
4988
6610
1031
3757
675
5794
3653
3747
1190
3630
7792
5813
1631
746
3225
1223
4476
156
7911
1808
491
1822
1449
2400
2782
2180
2761
942
7822
2472
1300
3159
5477
4412
4795
794
6527
4263
8128
1688
669
5102
927
395
1833
3130
7249
5214
5146
7359
7899
7406
4170
2695
6444
6349
7454
459
5475
6922
874
1583
6036
4920
7494
6586
336
28
4305
5449
4402
7302
4017
2122
2988
5498
6493
6891
2393
7050
2479
2885
4497
7720
3316
3113
3407
2229
287
4192
8137
342
4738
212
8092
165
4505
6731
2551
867
4803
7278
3721
5663
3791
507
5354
2998
3092
2624
1024
3555
6089
3346
3147
7651
3702
906
7631
3918
1649
7577
4337
5942
6451
7479
3855
1433
5451
4388
5796
5739
5844
2195
2338
3209
858
3162
5094
1620
1945
5969
1751
7698
5316
481
5012
7627
5805
4252
4798
7063
2515
4917
431
5830
509
552
4879
620
1006
1626
7337
635
6878
6997
4669
2074
1529
7261
2442
3649
4753
1285
3992
4271
4954
522
277
6653
3501
187
1085
3045
3220
7543
6684
1195
2140
7171
7207
349
6558
5730
5227
2359
2850
3946
7048
4439
463
5812
8138
2416
5821
3292
7988
1314
1881
6988
5852
3009
6489
6784
3230
4989
926
7515
1771
4472
7480
3215
5795
7355
5578
742
4285
3558
3388
6445
2081
2454
4353
7902
2916
6123
3368
7980
6857
7169
2528
7820
1173
5028
1153
5936
2257
5873
7636
998
7688
1818
3932
6182
2664
4087
1784
3975
492
3682
3263
3512
176
4546
5591
2748
6671
2895
2924
7343
6000
2559
3245
5105
859
7835
467
7299
7981
6396
6011
3233
2224
447
7949
1355
5356
6631
3537
4165
4105
7378
1176
7472
7208
8123
6990
6116
6849
7238
3581
2169
3514
876
513
2933
804
1899
988
343
2098
7834
1100
4788
525
2834
5149
6122
1170
7915
5141
3172
3998
5440
1324
3701
3612
3928
4622
1398
5311
2946
3554
8050
3165
7450
4421
2075
3903
7106
2282
5330
1463
7513
5443
2929
5366
7890
4784
8102
494
2303
4434
4627
2475
1764
3252
1019
6780
3715
7579
651
7336
86
1310
6779
5553
143
3461
5174
6500
8036
5626
1625
6720
375
7103
2726
5157
3760
6649
5552
1530
5467
4819
2196
6901
5528
7994
1600
4953
622
167
5359
6692
1931
3698
1685
2773
7814
4861
2857
3762
3307
332
6189
8078
4246
3639
1445
7605
319
5057
6920
3808
602
3057
7108
2818
7451
3704
5640
1022
7036
4754
6512
1722
2947
5738
1476
5593
6638
3711
2341
4117
2511
6709
337
2707
1047
4516
1323
5781
1000
559
2214
6655
7284
1058
3621
3876
3232
8032
326
3615
7637
781
5744
5999
1695
484
6543
4183
6328
7913
932
5295
3329
780
6910
1046
7592
5460
3838
4886
792
2918
5846
7713
2561
7272
1906
4883
3450
2136
7241
4190
2892
5189
5653
7699
8117
4282
5584
3759
6497
4136
6436
7173
4427
5906
2586
6614
4781
3722
4524
1506
500
3070
2790
35
3308
5516
5089
4714
4149
1778
1750
7188
4550
424
151
210
5926
5715
6347
4188
5161
6232
1302
4106
1227
3412
2712
8107
385
783
7318
3524
1879
5757
2518
7154
6885
5239
6942
5861
4358
5297
6282
4602
109
3934
3476
4075
1693
7536
8155
483
3385
5023
8153
330
1233
8048
6059
4853
3443
2714
5414
7832
2318
4876
593
6195
527
1188
7780
3538
2366
1972
1478
3065
4450
6242
7403
3541
1846
4138
6310
778
2488
1912
3846
933
7009
3089
953
5800
7271
5424
4740
4485
2772
3413
8162
7570
7996
3042
3284
614
3103
3020
5478
7367
7194
6231
5871
6329
7740
4974
7115
5080
3977
4372
4745
2096
74
629
5482
3179
3114
7152
4341
2719
839
1633
3770
3453
7614
6285
3800
4686
3525
5962
1728
4937
5383
7060
6670
7471
624
496
2738
7956
4582
2090
2680
6262
6119
2259
4425
3835
2949
2278
3810
8037
3772
4384
1853
4923
7859
5466
3740
6039
3354
964
1821
321
2060
4044
2349
6775
6556
6523
3890
4418
7957
5882
1949
686
2578
716
34
231
6131
3073
1265
3753
3460
1279
1757
3499
2657
2300
1079
570
2800
7831
4621
1678
924
7148
790
6107
3433
7443
7167
1467
5590
3138
4583
1129
6144
192
2244
4414
2816
2591
6465
3517
4504
2232
4202
6442
4304
7747
7743
6545
4275
8034
2846
5073
919
6834
4576
328
2048
4967
7626
3573
6267
1859
4142
1096
6404
7464
682
6971
4613
1199
7229
627
180
7313
3353
3452
2473
138
4362
1083
6053
1789
7730
239
5086
76
3776
5188
944
3418
2886
3431
7973
324
446
4760
1319
5762
1131
2826
2616
3184
563
7926
3821
39
7662
5412
8169
7755
2506
2319
4610
6911
1541
3118
6023
7837
5816
6294
4488
3672
8067
1701
1243
3425
3848
2352
310
1348
6656
3160
2958
4748
1806
3445
6602
8114
6102
1372
7288
5832
188
5070
4329
6968
4940
2906
6609
3150
4071
7132
8146
6280
5244
2382
8132
979
749
6712
2373
5922
6466
1161
4534
153
2432
6275
2698
2553
2372
5123
3900
5950
3887
5543
7932
697
1574
8191
554
6106
1474
7791
6579
3869
8073
377
960
8110
4213
2305
3700
6413
2065
5987
1082
5554
6623
7145
2836
286
2114
7838
684
1993
705
4825
12
327
5166
6299
6308
4115
1068
4736
6075
645
7074
583
6868
5935
3861
273
2324
4860
2350
1090
6575
154
2510
8019
4881
6417
2117
5725
2910
8119
3812
1619
4267
6162
7847
2360
3853
2320
3559
7565
6372
7800
601
1561
4173
1064
3957
7460
7750
5301
5272
3651
4134
7521
6033
9
2689
7727
878
5114
1286
887
3894
6200
5770
2426
3909
3927
809
5203
2234
4236
4617
4893
1511
4424
1699
2601
6438
6991
7316
1369
3097
456
7149
1073
462
6020
962
1290
6584
1926
3488
6883
388
3564
1692
5198
6940
2371
4979
229
4601
4565
6672
4982
32
7603
745
1103
6207
316
5191
8040
6580
147
169
7618
938
3201
3189
931
8130
3111
920
514
6718
4343
5268
5010
3984
5506
5210
670
1578
4846
2054
3049
8075
4379
6482
6789
5253
6143
383
7428
4365
4251
5966
2464
628
2337
6673
61
5583
3697
5798
7095
7554
4718
5887
7815
7379
7982
5847
632
973
2573
197
1686
1330
4983
506
7210
6538
4581
6187
3739
1887
5279
3474
6050
5447
612
2226
7773
2600
714
5870
191
2888
6142
7398
594
5429
7349
1563
668
7014
6412
7952
589
3880
767
7307
4574
3828
4997
829
7315
759
6682
7726
5327
7886
5851
1948
200
4257
3811
2768
6644
7399
7671
7420
2692
1438
536
6395
837
3119
5344
5982
1242
6570
2780
8160
3034
5534
2012
6696
2618
8139
720
6568
7942
6058
4496
5303
7758
7268
4837
5192
4006
6826
2032
3037
2365
1101
7595
6029
3789
1160
5957
1113
7032
7020
1335
6224
2796
7601
438
3128
7388
5377
4112
6399
7711
6362
3557
1572
4952
282
21
2962
7725
6386
1937
2876
1878
1786
7414
4650
7673
7692
8061
1366
6698
3288
2026
6056
297
5742
8181
7412
5978
5714
748
3944
2539
1902
4969
1985
7122
4318
1450
974
5485
250
166
5293
2389
1057
4612
1245
4055
2984
1791
788
7500
4547
813
6535
7321
6925
1907
4099
1014
7810
1097
7330
4239
6761
7710
6315
1485
4927
519
441
3602
567
6859
7768
1690
4729
941
3792
642
6495
1390
3429
4915
2758
4673
7623
6960
1908
8120
8104
7721
692
8030
71
3301
6051
1752
6552
6365
3784
4102
6600
5677
1801
6923
2435
6693
4663
7805
679
1389
4662
922
5132
6261
3883
511
2976
7819
4537
6303
3436
4147
407
7528
6894
4023
7606
6502
221
7339
6284
1536
4993
2884
1406
5586
190
2131
2766
7852
7370
5078
465
1148
3074
5187
2
6281
5991
1111
946
3243
5370
5859
4360
3482
7236
3662
7177
3297
6373
4943
3509
1465
2015
6724
2466
2018
7567
4371
7850
5287
1960
6322
4560
90
6861
6454
538
5993
6222
6021
6772
453
7785
3293
2221
7474
3539
2508
3717
1147
7668
1178
2777
5400
4477
7774
120
7537
6647
4452
3714
4858
5183
1523
3771
611
5221
5746
1800
6377
6559
4887
7275
4607
33
3782
6525
6148
2375
2549
7763
1915
2036
4113
6130
1007
6410
5621
3166
3127
1811
6788
6068
5422
2151
1870
1548
4051
4874
683
128
4404
2496
248
6485
6496
2646
8006
6746
1040
2172
6190
3503
1719
2023
2001
8190
4528
3377
6136
80
4717
4230
258
2710
5430
4201
5866
7728
4569
2771
6330
6583
5082
711
6437
607
1240
4354
2134
5431
2020
2645
1521
7885
7695
6076
2831
2813
4844
6973
6589
1997
718
7465
7674
2277
3518
1586
758
6428
739
7869
8099
6080
3814
2693
760
7433
5939
7404
244
7054
5877
18
5631
3422
7301
5617
16
5965
2263
3421
784
4535
1088
6269
6537
4272
6666
8121
5113
6240
4672
3633
3983
5986
5413
4885
4245
3062
6927
1717
6752
7258
6340
1507
3527
3283
7548
652
1725
5733
4800
3221
3936
4273
5824
4161
140
442
6256
6645
493
3502
1458
4028
4209
6820
7086
5659
4604
1824
4559
7510
1032
4733
2509
3033
7076
3799
4904
5410
2405
4312
7661
1329
6935
3028
3306
3837
2902
1591
6374
8140
7948
4812
1533
7507
2285
6087
5748
3763
4445
2401
5134
6823
4153
5535
78
3508
8178
7690
608
4603
8124
6741
2925
7222
6818
5389
4666
5030
1966
5703
2877
7264
5474
1221
1092
5368
5469
5018
7285
7888
5519
1799
2467
437
6732
7529
1834
5284
1863
7159
843
6057
3922
5976
1441
8063
6564
3017
819
3706
1700
6887
4725
2342
7182
6919
4243
5298
2896
2353
4699
5721
352
3141
6183
1720
6348
3393
245
1235
3681
1174
7000
5390
1301
4180
5108
2546
7324
2706
5152
429
265
2682
4277
553
818
5257
1337
7004
8055
7298
3146
2817
2260
1673
2233
185
7320
7067
1322
2972
5382
937
7282
4529
888
3079
4270
2465
3813
7672
6715
2552
1741
6924
4793
6943
7038
5334
6513
6630
4996
7530
600
6921
6711
1374
1743
687
6578
485
903
1667
5037
2554
1943
3996
2128
1895
4737
6837
5201
4059
6989
1787
5604
6321
3006
4703
8046
940
3679
7833
3803
6519
5067
2297
4308
8184
694
2468
1756
7544
6124
2127
6126
7829
6824
7629
4426
769
6727
4637
2191
4301
7081
7937
5989
6810
125
4911
3337
3061
451
541
641
2995
3459
2843
4957
1975
1858
793
6816
5924
4241
6448
5972
6273
3336
7483
2111
4242
366
2530
7571
5450
4696
7760
3898
7174
7116
3414
5717
1421
2721
779
4823
860
3334
2272
795
1067
4525
5022
175
5175
1703
747
4978
4961
4053
4333
308
4058
3319
4633
6258
4140
1446
5059
6763
7092
1351
8166
1326
5793
978
1027
4470
6805
3552
5569
5921
3186
3056
7457
3787
3520
4307
5011
1107
750
7434
949
6793
4074
6027
7664
943
6622
6141
4704
2164
6384
5822
5495
3911
4313
6776
1795
2564
5373
95
1118
2199
5898
4416
1327
2713
2298
2399
4293
1237
6016
1013
6812
579
1947
4744
861
179
7394
3592
1911
2216
5702
6766
6215
223
4643
6313
1347
3895
189
4036
6880
764
597
2604
5916
6792
