4064
6219
7058
4165
5722
271
6683
236
892
2571
8082
838
7619
125
3192
41
2348
44
4968
2500
5255
7112
5941
6500
7649
2322
8097
1817
5914
7689
7920
7387
950
6596
2783
7803
6948
8167
6504
3996
6740
3086
3564
3999
3838
6382
2226
899
1137
1631
7292
7615
3372
3066
6164
3700
4815
5814
5196
6437
4155
6610
7818
7801
6517
7526
2065
4553
6946
3350
7886
6050
6809
3453
3624
1399
358
3926
2233
1313
637
5310
3701
6966
6599
835
1413
6211
7055
1212
5677
1541
6267
7530
7767
6179
7401
2382
3345
2266
3162
8001
4523
6886
7195
5247
5637
2686
5769
1689
2010
5683
1409
7324
3320
7697
4118
6255
1607
2586
7349
5564
2713
6752
333
6481
6803
3748
4113
1500
7732
3079
3307
443
5282
7208
1162
5206
310
2295
508
6998
3364
3850
6535
4303
8093
1039
3056
1443
7853
7100
5903
1320
1176
35
7304
8177
6009
1154
1472
3326
561
4204
6073
2518
6869
4136
2936
3302
4142
5567
4596
4672
203
1510
1404
1875
2486
349
477
3288
4495
5927
5867
4002
2221
2651
5222
4459
7218
3758
2200
1638
2749
1797
3944
4148
8053
1083
543
7797
522
1222
3525
6299
3637
2818
1432
2966
3377
5724
1469
7393
894
7176
4907
5091
4724
1630
368
593
3170
7162
5031
2476
6471
5184
5975
1823
4532
4449
2727
3421
3991
2042
5931
7118
5667
3871
2834
6616
2190
2820
2605
6664
4109
1508
671
1136
2296
2873
7849
278
4549
1178
2409
3772
668
6097
6756
4308
2573
6884
6733
4659
3928
8056
4833
6499
4996
3925
5996
4763
3229
4664
3348
5838
5422
2122
2672
3955
676
209
1249
5472
2368
5702
2967
5256
5723
7420
1564
7756
3854
5928
895
688
280
6448
3125
3060
4093
4710
2864
7305
4362
3600
6173
7872
2611
420
6225
1271
5876
5565
7914
3349
4841
2788
6940
3585
7346
8130
983
2655
4487
4322
1021
7675
2907
5965
687
4919
2602
3069
8081
4963
3393
7201
530
7480
1763
1496
2301
4799
30
3733
4969
4328
6901
3464
3824
2021
3574
6690
7884
4069
7713
2626
5193
3103
6800
3322
6079
7522
6891
970
428
4263
4891
1571
5857
1813
6693
3957
1371
4424
2958
1050
7303
2117
7622
6310
4241
1454
1644
2127
2927
4900
3863
1555
6964
3
535
7180
1964
612
640
627
8166
1485
3869
1729
406
6506
6644
96
1288
8160
8174
2324
3042
6814
2143
5892
7835
6974
6184
5453
5714
824
782
4361
7788
5353
1910
1856
2915
7373
4976
6605
3779
2587
359
1035
1090
1465
3259
3138
4830
5402
1306
57
5755
284
1741
4427
5954
7099
7687
3405
285
769
1931
1059
1246
7412
3707
6303
1691
610
5671
7064
2770
7556
5959
4643
4208
7519
1173
1104
47
3389
6258
5493
1134
6503
7151
3948
971
4775
6282
2523
859
7421
1641
4512
7065
340
6422
3334
5444
6502
5086
4732
4803
3106
898
6625
5935
2768
728
6230
3038
5645
6717
4967
3882
3833
6398
134
8170
3551
4942
1700
7450
2020
306
3261
2160
2465
4740
3647
4076
5525
4949
113
5399
6565
3780
794
994
1993
6722
1806
3184
4097
7469
5580
4601
7359
2865
3156
3739
648
1983
3023
6804
3602
3656
520
6986
1646
354
6897
7207
7685
403
5587
4837
1196
1746
4012
1925
4758
7299
5618
3832
7878
1440
6036
3035
2535
1302
4887
6685
2422
2229
7079
513
5966
3384
3074
7688
5346
577
1292
227
7278
5598
6394
4212
4195
7665
1840
8151
4875
6806
2612
6419
2185
3921
4970
7721
8018
6877
7659
2460
1503
1391
4632
26
6655
1232
5670
4552
1784
93
430
6624
2165
4377
2224
3631
7217
6032
5923
5541
3123
7680
1180
6458
7604
3176
5452
8179
2821
7333
4620
7309
721
615
3116
2007
7741
6017
2044
6917
6038
5715
3252
6602
2062
6662
7193
7287
3986
4038
7574
4338
5547
1353
597
5811
658
4812
2539
5620
4898
7155
1379
2347
6670
6237
5780
960
6407
99
7235
6332
5865
6715
2436
2969
3473
8022
3643
3303
1550
2361
6633
1269
1987
3129
2026
7397
295
4629
7161
1226
2054
405
425
7830
2479
7773
5413
5696
3626
1158
6944
1106
6117
4508
1417
3200
3329
439
4914
2113
4905
1683
3714
5066
4369
790
4703
2018
555
5578
5361
1974
6684
3845
2575
5272
3087
3368
1034
1556
7261
4709
468
4557
4270
3199
2478
929
5985
1257
7534
5106
5608
4083
4355
4985
7452
7186
2008
5656
1200
6574
817
1260
7260
69
6672
6496
2546
110
1070
6350
7321
4409
8128
4680
1819
2840
583
7036
3335
5792
1146
7266
1928
5912
6227
5382
388
8094
1129
5791
175
1436
8119
6957
6231
7087
4952
1250
6747
6088
2353
4951
4790
3502
5377
3105
2729
1744
7506
166
7785
2838
3111
4466
1167
2532
722
6047
3414
6538
264
6430
2811
8147
7719
2552
1625
7137
7650
1074
6910
3875
4612
5394
279
4177
8028
699
5374
4537
7490
6995
6958
1835
2687
4184
6694
8016
4092
4760
1669
6858
1037
4615
701
1901
793
4323
2632
1916
4595
1230
6576
7965
7736
5162
7350
1942
6186
6190
7968
6272
4826
4479
934
4590
6061
2445
2451
3077
4128
2973
3439
3211
4849
6646
7313
1752
7762
6205
3805
7424
5433
5067
5652
861
870
6022
4892
3285
4800
7411
7885
6181
4410
6438
7652
6020
6169
1863
5308
7705
5600
4999
4638
108
1884
3691
6082
2829
3688
1622
1433
338
2084
4399
62
2182
6759
378
7177
3927
6340
4119
3455
1305
3296
5210
4081
2277
3907
4434
7555
1672
7148
3544
3650
8036
1013
3126
4545
7631
1894
5494
6113
6203
2681
7638
5119
2112
5731
3535
144
2540
4072
7624
397
1874
8171
3240
6087
2070
6879
3438
2623
3825
3693
7948
5318
5323
5229
920
1733
498
2669
7699
6285
7188
3757
3181
1119
2448
5586
4573
6935
7268
6266
2527
6755
4318
1113
1785
2914
3354
1574
2616
4576
2955
1124
3816
8159
407
3295
5513
4412
850
5276
7473
845
2912
700
6883
7454
302
4954
3954
696
4291
2517
3632
7769
5794
4992
5410
2429
336
1907
2845
3403
4733
2030
5286
5654
2724
1201
6224
4343
6878
7558
5805
4075
6165
6281
6235
796
3371
2805
5035
7850
3552
1307
3435
1225
2866
6352
3194
254
2583
3685
6805
1793
529
3143
946
1868
5898
7827
5198
5408
4393
2862
6709
939
5918
4074
3669
6554
1861
2528
456
3185
3426
6653
3433
2243
607
3437
7789
1266
4415
6603
7306
2079
2538
2334
3251
797
1676
7156
7892
6069
5816
7777
5426
3512
8156
1233
4370
6542
3930
115
6772
1572
636
3319
4882
1720
1850
5093
4091
3400
7066
875
5615
4707
4004
2807
7295
103
4049
2075
7518
2053
6952
5354
495
1710
2842
3724
92
2298
987
829
1754
4405
6176
5650
1184
2698
3945
1502
984
2209
4497
1679
1375
1228
7331
6145
8191
4161
4492
4256
6674
1241
3978
119
4384
2976
3521
1563
6007
5730
1488
1997
7598
684
1185
2105
5182
5029
4469
1363
6810
80
4515
7860
2308
2261
6411
5191
4236
198
562
8114
6682
5458
5217
2733
7851
8138
7863
6978
6002
3327
1616
7572
7924
6257
4624
7694
1025
1080
2707
7560
4570
2814
2440
2234
2000
608
4272
3831
7407
7173
4642
5262
4033
718
2360
4802
2115
5583
4111
1749
743
5200
8176
4218
3742
692
2490
7758
238
3198
303
7846
3346
7395
1235
1319
913
3179
1804
5112
3998
1821
3029
4264
120
2204
4785
2549
158
7094
802
7404
3301
5787
6372
1847
1487
7655
2558
6894
7059
3595
3151
4514
2799
250
1580
4407
2695
886
3531
6474
4016
3149
7310
7210
1368
2932
4463
193
6911
6217
7993
5610
4176
1667
3398
1342
7927
8072
4542
7563
1419
3590
1941
5445
834
6251
4088
3328
5947
933
7138
5863
1582
5690
111
7181
5737
6843
4870
3409
4872
4389
1554
419
6868
5185
6450
4117
4832
3189
3026
6396
3404
1350
7220
5856
7836
691
1291
1895
3016
1002
5817
2641
3165
511
4566
7439
7026
4325
3309
6126
4413
2286
3018
1688
3157
2791
5146
390
3696
3430
4353
804
7978
447
6403
6783
703
6043
5485
3465
677
3015
2853
4866
6580
7050
4285
7110
3743
2804
6127
4986
6099
5372
4251
3480
1943
628
6308
4807
2816
5512
2585
4667
6854
7243
6514
4437
192
3618
2048
4059
8139
4133
6808
7754
1066
7956
2463
6735
3454
196
4458
2146
6046
6889
5140
3895
1645
617
2372
6727
1613
7426
3967
3750
1254
3044
1217
4614
5274
4216
5789
6311
3981
6516
6292
909
2002
851
3120
6298
4445
5205
484
7709
6519
3363
7336
2377
1093
7637
7289
2350
4980
8088
3366
3530
6936
6630
5543
7611
1626
214
6143
8065
4375
5366
5243
6954
3134
1077
6619
6433
387
2630
1197
3391
7308
1816
7319
2831
1486
7291
6426
159
1457
6872
5977
823
4922
3511
3390
869
2712
7239
4244
369
2589
460
3342
5302
3708
4009
4215
5888
5250
3282
6775
7468
168
7222
1523
5752
7599
3806
2365
2458
630
5866
2953
1068
2449
2063
4627
4616
1854
1239
5183
4828
7234
1628
5986
7368
3102
4864
1639
7400
182
4290
2069
323
4085
5942
1775
6550
4917
5407
5438
4984
932
6656
5522
7157
7449
8039
1549
6771
6583
4767
1444
4006
1318
5949
4530
1755
6526
6409
678
7843
6359
3787
1812
5560
4462
4883
3843
4719
2705
2317
6338
6718
7804
244
3675
7944
5592
5890
2981
6412
6573
7579
3947
6819
1187
6175
5815
5919
5732
5158
2291
8045
1837
7511
4989
7134
6544
2736
7444
2307
5455
4821
3601
5952
7022
6902
1041
4798
4817
2158
7441
6357
4684
4723
5929
980
1718
841
1897
7857
2562
3589
7463
6118
6906
1281
6444
391
3548
5894
538
6540
4110
559
5782
5337
5401
5060
226
311
7348
1344
5358
4294
3680
181
6021
3506
2264
7722
2548
2059
6758
7069
5852
6388
5202
5569
2252
7061
373
866
5763
5416
2241
5432
3620
7377
2654
7483
7889
4134
5246
974
5315
4178
1885
7702
7150
6704
5678
3263
4676
2709
2433
6708
2106
2173
6092
7727
1827
8186
457
195
3966
4032
6537
1088
7931
6487
4662
5915
4363
4279
2136
7603
5085
5468
6856
5708
1810
2283
7075
1751
959
625
3037
1341
7726
5220
6373
3213
5451
3864
169
4687
7503
3849
3408
433
5995
70
1704
1120
3132
7698
667
7678
5926
4145
5373
7025
6116
6058
4585
3885
5932
401
6791
5786
3995
3526
6700
3494
5268
1009
320
3528
1917
2050
1960
4248
6795
5557
3215
1892
7541
8087
7666
8189
3423
5795
4228
1620
2689
968
3549
3097
5165
5899
3841
1968
5001
6830
4438
585
828
2995
5303
4715
708
5023
2187
3711
2029
7780
3886
1397
2644
4302
4293
4631
5979
1408
6343
4730
7761
135
7312
7621
4483
6980
5350
8002
6154
3463
7083
4806
8047
371
7054
396
5841
5798
2750
3764
6606
3306
2565
1939
2854
6636
7337
2885
7926
1255
5664
1838
848
53
5507
1108
1075
2919
3146
3557
1745
3695
376
4569
2259
7027
2515
5415
1132
3651
6855
7466
6680
4203
7724
281
7205
7105
7870
4708
3950
5488
3545
3667
8181
5836
3965
7995
649
7569
1177
5332
2771
163
2663
3692
5326
5758
1056
343
2741
7178
5906
6669
2249
6178
5136
7908
2009
3803
3858
89
3621
3024
887
3918
2918
5404
524
3586
2855
162
2637
7881
7570
6445
247
362
541
6820
3483
4403
6828
4836
6719
8163
6816
4534
5561
6243
3007
4946
3808
751
2375
4396
1870
6887
5293
1551
2780
6402
4491
5386
5784
4869
2055
2232
4354
783
6220
7768
7947
4529
5429
7738
3355
7190
3443
1791
4309
2726
2001
6119
2850
4822
6066
367
4920
1591
1655
4504
6363
5160
2763
3053
4666
289
803
3051
2861
4609
4317
3791
4114
5790
257
3399
5327
7684
1829
7706
6162
6949
5014
1657
6641
4467
489
5499
5343
6578
6449
7607
857
6712
4446
6615
3108
2428
290
4748
7840
5048
2430
1927
4602
6560
1331
4280
5808
3802
7248
6627
7277
3228
2784
7901
5675
1416
4242
3474
1886
7617
7132
6383
6611
4885
1761
6132
5588
5126
4065
1439
2454
6187
7230
8052
1681
808
7735
7774
856
6023
219
7390
7329
7129
5606
7475
5716
5613
1530
3065
659
6790
2489
526
7370
5360
5464
792
4358
5520
2904
1234
4441
3137
7865
1985
1727
217
6103
4533
4804
6284
7198
5885
1961
3510
6312
2874
1442
7877
1786
2223
3239
3538
2003
2905
2461
4108
5851
3794
5495
9
772
1164
2952
1452
2457
243
4149
5236
6254
6000
2205
4267
1977
5285
7095
844
6293
6997
2657
7122
8149
16
6899
6279
7852
1121
6416
7664
4327
621
2189
2464
6451
7681
4475
1677
516
2610
5052
833
3558
7552
14
2954
331
5641
6629
5381
3768
6093
1161
5447
6930
2263
6489
3912
8
3681
4844
882
1531
6098
5209
3257
5595
7996
4078
5502
5765
4104
467
6248
7121
4015
741
2487
6270
6651
1445
7798
7786
1301
3142
4692
827
2237
6100
697
7354
2420
7376
4179
2594
5365
3092
810
5045
6461
5450
6482
1430
205
3835
6760
1912
918
3952
3272
2250
7021
1546
6456
2418
3148
265
4229
4274
3221
6301
4903
2989
7987
1326
1603
6063
6726
3082
1105
6706
6905
704
2402
4574
1770
2155
3209
3520
2208
724
5134
917
6124
2886
590
1629
3045
180
4736
8102
1693
5796
739
4160
1836
4993
5570
4779
6260
5490
7189
6012
5605
6029
88
2824
4158
2931
4686
423
4103
2412
7247
3830
4897
6495
2025
2778
4258
3734
5180
837
7338
5962
2193
7297
4225
862
2056
3581
1675
6144
1117
6956
5081
1830
3761
4444
904
2227
123
3720
740
532
7103
8112
3745
5633
3352
2315
6316
4105
4045
7859
6465
1475
2343
5793
5342
5521
5155
6811
4156
3169
3150
7047
2884
3248
12
2394
3197
1152
7031
5988
3294
4820
3457
7106
2797
2417
2742
2195
1428
2494
754
5886
6528
5747
5297
6385
1114
1024
4124
6215
7470
5825
4983
6570
27
3609
1559
6371
5718
7307
902
5842
6026
42
7051
1351
3766
1995
7936
537
7327
6723
4406
7512
6914
4704
6818
3380
3370
194
6984
536
3906
2554
4531
7060
712
3977
7905
873
3049
3518
112
706
2214
2723
5090
3422
6057
778
3381
7507
5819
4973
7811
268
157
6509
8084
2431
3258
5627
7618
4759
3262
6400
1952
2817
4541
3594
4222
3654
4511
2359
2887
7682
5329
7537
4890
6928
3130
126
6078
938
4982
5118
4090
1163
3300
3072
3503
5307
59
1950
7285
5823
6018
6399
1183
3011
944
2389
6102
3580
5771
7499
4884
5018
6933
5168
579
5002
1581
2082
4298
7019
4699
3851
7686
2557
7013
3786
3413
5905
6846
6545
6632
7
5877
7989
4332
5766
3532
757
25
5746
1753
2242
7419
5872
4720
4889
2536
1329
1568
4029
941
3275
7250
5120
5519
2073
5945
1849
6155
1328
5759
4932
1515
1410
2691
4498
6531
3379
7514
2363
867
2280
7326
5330
55
5092
2300
863
6508
3316
7634
4791
8020
7187
7809
7545
948
6030
149
3689
5393
1429
4682
7398
546
4948
1335
4371
896
587
3310
1560
4950
2413
502
4901
727
6840
937
7437
4098
2530
4773
4373
4591
972
6101
6151
4276
2665
3050
221
5614
1094
2745
732
3657
5266
7484
1448
3687
6447
6195
573
1633
4017
7114
7873
738
6328
7535
1724
1576
8131
3819
7462
4524
1803
5012
1367
7787
3818
6055
6832
6621
4971
7517
4714
40
3317
1166
7806
6679
6551
1758
3519
3666
947
6168
8035
6238
7183
1006
2635
3777
7325
5295
4227
4018
7481
6420
379
1172
5809
3913
261
3611
6354
744
5352
506
6486
5235
2406
1898
3898
2964
3135
6274
1663
3247
6590
6871
7318
6654
4650
8059
619
6993
4550
2606
7302
1614
7845
2661
2755
5254
7816
3690
6439
6497
7139
5563
4230
519
2786
7408
6585
709
7600
832
4238
4766
2470
1815
127
6938
2482
2825
2485
253
2152
2481
7296
5812
2023
118
660
2089
3617
1589
2792
3941
1289
777
2114
2329
1159
2728
2730
6612
720
6185
3640
3001
5241
1003
2917
3428
7029
1686
2867
3488
4610
3497
2503
249
3336
4288
8021
3820
2555
4010
68
7334
3583
3367
2877
1277
525
8046
3584
8107
1652
4528
5130
2787
7932
256
3836
6234
2390
185
2996
6824
742
4266
6746
6115
1756
4386
7194
189
2634
1046
1312
7414
7807
161
2387
5301
5545
5665
5207
3905
7229
719
996
2938
4042
5163
4896
6384
6748
1040
3397
1336
2116
3064
2121
1953
160
7551
1789
3554
5939
775
2228
5486
5669
122
6056
4572
5554
3783
3776
3588
2785
5778
548
921
6983
611
7280
2058
85
6925
4345
7352
6586
6265
7364
8116
6210
4496
5621
4670
2836
2149
8011
2358
6711
7643
2667
4381
4278
3942
2303
7067
3789
3914
3674
3232
6942
6414
5754
3089
4918
2806
4162
4825
2658
6476
1521
6199
1373
1499
3710
2525
5470
3992
3565
4461
7119
3255
5705
5389
908
7009
6245
8118
2682
3784
6218
300
1354
2271
3382
2493
2376
1670
1160
8070
3411
4173
7004
360
4823
3347
878
5703
325
3813
4352
2511
7896
3208
3859
7135
1933
852
4679
988
224
4063
1138
5201
2452
384
6687
1932
4001
635
4237
5028
6139
3908
6904
5936
4451
6090
3633
4374
6341
5571
5896
6395
5634
7123
1730
7524
4819
1031
931
184
5194
1030
5142
3629
3501
15
4482
291
1533
2566
3230
4198
1333
7116
5757
66
346
3281
1381
6418
1750
3344
6862
3036
7492
7628
1272
4797
3980
3815
1799
5173
976
5227
4856
1569
231
5749
4315
6920
4260
272
5137
4210
5149
4432
1935
3059
2045
4617
7740
7170
6979
8161
8124
7062
129
5218
2092
1650
299
7984
5636
4979
7467
7214
1394
4301
5380
759
8135
6937
4536
6074
5336
5585
5448
6214
2150
4943
758
7033
2426
75
4397
5221
1824
3969
3699
7575
1518
1182
1643
7273
6876
4041
6953
928
623
786
3678
5084
3931
7236
2403
67
1263
4938
2386
1207
5368
997
1415
1014
3716
5818
451
5351
437
211
7997
7330
4428
1527
5441
8038
1853
7521
7897
2550
20
7578
6261
3168
3861
1999
164
426
8104
3682
5974
76
3993
2219
1584
6623
7796
6549
4310
4677
7259
1270
6040
6971
6337
5626
2256
3555
2138
4965
5034
1781
1512
6567
116
664
2998
7460
1019
344
5454
6833
8009
7429
7240
1699
3569
5643
7691
4987
7465
8089
5753
3250
5328
5695
5300
1924
3331
1772
1944
6845
6083
638
5412
5913
5895
2888
5369
4334
1694
5582
575
6309
6283
7520
1405
1883
7256
5487
1524
4501
3360
3432
5889
6005
3417
3177
545
4039
7601
2268
2333
3561
6008
6334
2039
1862
4144
3500
7966
6209
1992
6228
3856
7317
3418
5734
1061
2297
5267
7826
6968
6609
8150
8091
61
3110
4716
7040
7590
910
3744
286
5725
6480
2769
3622
6134
5477
3485
7165
1116
7544
1087
3068
6533
6331
6959
7991
1355
3568
3953
4493
943
5110
1872
5298
5025
1971
1251
4420
2944
661
2469
28
3872
2796
2094
4472
6085
3610
953
624
2397
989
32
599
1846
766
2631
1597
3284
5059
3340
1349
7225
768
341
124
7770
2369
7672
1425
5357
3267
7919
3968
315
3333
5946
6668
6109
1579
2642
4693
3749
5657
5726
7529
2939
3566
3721
5990
1128
3207
7362
4102
7791
6280
5269
2313
4505
5439
6896
4556
4886
6324
5364
2292
840
3597
1561
7620
1055
6699
7301
879
5997
1578
1585
6440
6873
900
2131
2086
1986
4928
1609
753
3314
19
7440
645
7935
7516
4649
6091
1666
1043
7701
1618
6981
1855
3751
3649
1963
3951
6650
7812
3033
6713
1085
1387
5474
5305
7039
4769
5007
5921
2139
201
5294
1980
5449
737
3670
5139
2720
4261
2875
1715
7442
2293
7720
5535
3260
5043
7887
5964
5581
7258
6536
1923
6329
4471
7488
830
6977
5223
6835
7676
3848
3468
7994
5957
8110
2677
3190
912
63
3737
1497
1221
5348
2438
2184
3242
1654
5727
1834
2262
6006
4382
666
5063
5706
7015
7405
7715
1240
4131
4021
7577
963
8145
3811
5064
2336
5278
5344
4873
5553
2835
4888
6608
3383
1534
1020
1484
4450
4753
337
5910
6379
6823
2498
4223
1782
4805
7749
6140
2194
3459
4936
2813
5861
1097
8117
3799
7808
7595
8134
4706
1211
5940
1427
7902
3277
7635
1653
2288
1374
2688
5391
5776
665
4937
5065
3971
618
218
5047
2620
5710
6749
3840
1195
2354
5249
3715
7917
5212
6327
7008
5537
1471
472
2067
1345
6764
7779
4998
7270
2671
6762
312
6996
504
7388
4398
7497
7038
2710
1411
2579
6001
3022
6757
3508
4115
3915
7283
1358
283
2484
6701
4489
1008
3416
1237
2374
50
2683
5531
4756
1421
4604
2137
3615
2279
8078
1078
1209
5000
297
1988
3055
399
4750
4316
7476
2846
6730
3193
1934
5577
5623
6821
2603
210
2147
5117
3719
5102
3812
5021
5159
5176
1168
935
3478
7311
2474
1110
6557
1796
6885
3094
5647
1632
3592
1507
5922
2718
329
1122
854
5388
5900
5602
6042
1028
8075
1575
6333
4771
2601
1264
1388
7154
1721
2120
806
4107
6761
1860
6836
2399
978
7656
4132
2043
1455
7120
2414
4522
6638
5171
3021
3311
5887
3118
3237
6817
5729
695
7990
4850
7509
1202
7612
1665
5104
1360
2078
2310
213
643
2170
3846
7042
5225
2212
7728
4562
6348
1141
5496
365
4846
2680
8103
1973
800
4762
5398
269
992
3847
7491
6691
6454
2890
6792
8154
4912
288
1802
7172
3343
1981
107
4408
2510
3085
7745
1621
8003
6104
6256
6306
4701
4356
2702
7041
2664
1446
100
7140
3243
7646
4583
6705
1466
4879
1601
7793
5601
626
7636
7010
1687
4287
1930
5767
5214
995
5539
5854
811
4621
7977
7494
2318
148
2027
3596
2400
7589
814
1706
7107
6364
7149
8105
1323
5252
147
7077
4577
3315
2326
7320
7540
1615
5750
5871
5459
1079
945
5868
2909
3083
1473
1321
1865
2987
4480
4
969
2646
321
1193
2522
6466
6827
5783
4476
4286
4961
6967
139
7127
5762
885
6397
1905
5760
1532
1204
4051
4013
2706
2740
7582
6837
7834
6202
3736
761
5612
2154
2819
4378
3183
1451
276
7970
3186
2506
6031
7757
6459
5135
1698
1685
1027
2512
4455
7974
4000
2141
6892
603
1505
5869
694
5095
8165
2373
5492
4200
5107
98
6562
4474
8144
5533
4217
3388
2529
1268
150
1016
4043
2335
2534
1483
7227
2289
2847
2777
2281
3484
5088
3233
5215
2926
136
1084
4551
6909
7012
5437
2618
6188
6751
911
7391
4159
2467
6597
6913
3697
998
7254
1552
1369
5153
197
3553
3897
977
8063
6569
3946
2977
2732
4510
3235
1661
2895
7711
1610
2415
3308
4737
518
1882
2943
7204
3662
5989
1537
6564
2179
3062
3163
5629
392
5430
924
5434
2192
1467
5024
262
8006
5070
4939
7647
1247
3645
1403
2647
1441
6153
4713
1764
2051
1955
4694
2102
542
3795
3730
8014
7335
6375
4689
651
890
6955
2411
1820
2038
7392
104
3063
6157
6973
3888
7772
3704
5213
958
4867
436
1773
7641
540
1190
4953
7824
6013
2959
7696
865
6807
7868
3236
3785
2304
5880
7101
8033
3936
3916
7332
4910
6777
2246
3709
7202
5
2568
982
7725
7498
3182
4781
1300
154
6141
2595
7472
1400
142
6853
2614
6888
7708
6640
7960
1732
3868
3386
5080
568
591
3013
6507
6250
1091
2096
1275
1314
1051
5687
4503
4300
3205
4526
1798
5969
7839
309
2255
3009
5409
4221
1406
3358
2247
4613
6620
6657
6826
51
7746
4794
2159
801
7406
7028
4366
2648
4868
5721
6133
3515
1538
1309
4644
3214
3591
4417
723
7546
2856
1648
1577
831
2468
2767
263
2274
2472
5992
82
2901
2711
5874
2349
8071
6253
6661
2068
7487
7144
1362
2339
4485
6053
1029
3469
4931
1438
4661
6368
2258
4567
2758
3100
4691
7343
3220
7328
2175
4490
6931
1716
2708
3444
4757
1702
4061
6750
7456
1156
3424
613
7771
5983
5524
3047
1359
4660
5016
4788
574
4426
2703
5500
853
5697
3452
1435
1169
5309
3722
1656
734
1004
1407
7583
4277
3702
4695
7670
7971
3407
469
485
560
7098
3487
3470
815
1175
2900
2076
3698
1131
1393
389
7937
3274
241
6463
2645
4915
5668
3196
3052
6753
1647
509
1748
7293
72
6233
4589
7167
2439
3533
8024
7723
8101
2748
8055
6852
2629
6346
1996
1604
4321
2946
596
2678
7339
3477
3447
4027
7805
6019
3923
7264
8178
3646
4314
7949
6675
7245
3041
3706
2543
990
500
2424
34
4535
5584
5123
6386
178
7223
7211
2700
4058
413
5800
2598
5036
7946
6546
1216
7856
3738
4571
6926
2453
6785
5094
6522
4380
2735
5189
1522
6493
1287
4180
240
6464
565
5911
8136
1461
5719
138
1979
906
5873
6478
7396
4372
3608
7315
715
7356
4711
3982
6355
5848
4975
4140
2577
3098
2168
7288
3534
6584
1064
4792
3970
4205
6052
5937
3821
2267
6962
6342
7425
6972
7739
5934
5807
1308
5152
8096
5875
756
8099
7213
1529
884
3920
1828
656
2097
3550
949
750
7543
49
4626
78
791
1081
3536
5306
83
13
2576
4057
576
925
8013
6376
2516
8111
2860
7035
860
4941
3668
2284
8120
1265
4003
6196
4335
5824
1586
595
3293
3974
6880
5334
6216
5280
1054
319
1976
2947
1188
4442
1418
6617
7091
7108
2899
4678
3655
820
3048
1023
2590
4578
2717
3883
4299
1062
569
8040
6086
6389
2248
6525
7032
3959
327
6191
1767
5435
7179
2441
6721
7375
1424
6049
4239
7669
2653
6874
6591
7001
3147
3490
4997
4813
7876
3297
2793
6277
6236
2312
5951
4991
2196
6313
1708
8100
662
2942
3598
3790
4336
2006
1316
1602
2325
6112
3113
1713
453
7111
3374
6381
8010
2379
2894
223
2752
1107
6919
2191
6698
7014
3962
6028
5904
3440
2572
7231
8175
642
5572
7587
326
2410
1717
463
5049
6548
3058
2220
2172
1600
5862
4333
7950
5860
7553
5161
1735
7199
5099
4810
7915
2480
2087
8083
7275
6305
936
7017
7084
4206
7763
1325
6322
4181
7378
332
881
3664
2739
4641
7147
3638
5128
2201
6321
1498
842
5909
1742
2898
7249
156
6992
7274
1390
5891
3174
683
2640
165
7837
4174
1047
3917
3225
1245
5625
7539
6221
5774
1946
1133
5340
5240
5418
6703
4392
6130
499
6037
3124
2775
6870
7810
4972
1858
3960
8079
5859
7985
440
7562
7374
7690
357
2920
5712
6240
1984
3325
7314
3476
5803
408
1514
747
4150
5395
3694
5694
8034
6912
6128
6736
1076
7566
954
5999
2810
2696
2596
5020
4348
6428
2405
7929
5411
6206
394
3902
6678
3159
7380
7282
7528
4755
4947
5061
1740
6263
821
5076
1015
7246
4246
215
6647
6317
2388
11
3729
7482
3893
1570
2341
1832
3028
3318
5457
6907
5933
7413
872
5497
3359
5211
3330
3943
7561
7844
7802
2617
5089
6692
5597
8127
8125
2273
6291
1
230
839
4197
6731
1962
7024
1286
6167
6347
2238
381
2930
3866
6044
0
6170
6106
454
1573
4637
1101
6745
1126
2408
4960
4054
7654
5251
4470
6773
3997
4599
517
7841
2028
7384
4623
7085
7799
5617
7813
5907
5347
5154
1747
6729
2443
7584
95
1208
8153
6841
609
6302
4400
7381
1642
1695
4745
6289
3575
3256
4842
2979
3604
5331
3741
2110
5237
7073
1022
2790
5314
594
7436
3773
6921
2342
2132
3445
6915
8025
3800
634
819
3136
5828
1259
1634
6249
4209
4655
5133
7653
7399
7477
2692
445
7952
4387
4066
4554
6080
1766
5639
5199
1877
4199
3540
3460
6738
4243
5203
2564
4005
330
1583
1738
6950
3246
2287
4725
4163
5619
3672
2357
7351
986
121
480
356
282
6813
4728
5230
2675
3759
3671
5879
6927
4735
3462
2442
505
7166
4411
177
5666
6455
7212
3865
7904
2098
7045
3911
5635
1338
644
714
7923
1065
3206
4168
6366
6665
6555
4994
5544
7523
2962
5042
807
2902
4170
567
6472
2276
6241
4234
5482
4020
435
6198
4705
2636
4859
4481
5835
3271
458
5443
6575
2156
2323
6594
1800
1658
1511
6446
1947
2999
5961
2177
2385
5638
1012
5646
1157
3152
4796
6716
5316
347
7963
3264
7925
3365
478
6568
4543
3420
109
7679
5663
632
7707
7605
5072
5345
6702
5387
313
3935
1327
927
3299
7890
6774
6197
2071
7284
646
4089
7916
5532
7361
3362
7913
1619
763
7431
4656
4761
7080
4262
6579
4717
2338
680
5008
5820
5030
7011
5642
825
7549
3387
6781
2198
6539
4746
965
2130
2582
6064
4782
255
2466
7174
507
2393
5987
6860
23
5870
5253
3639
4494
7832
2404
7020
143
5498
6637
7833
1434
7591
4283
7854
117
4312
1513
2906
2459
1135
1295
7203
5681
550
3039
4593
5902
4718
7496
2929
3628
3728
386
3527
5830
6212
5596
3612
1322
2398
2367
6136
232
245
1005
4421
675
6895
7625
2934
2911
4855
4099
3522
38
459
3218
813
1199
7251
1480
1238
266
7435
3046
4651
4835
2933
2171
2857
3676
1848
1493
4390
6488
4594
3765
5054
2013
6588
5004
7750
314
2462
3249
5616
7016
7753
4219
534
4068
795
702
228
2972
7152
3746
2260
2253
3723
6988
2362
5378
2951
372
7972
3000
4281
172
1841
7692
448
8137
4801
4894
146
693
5589
2851
3613
8190
3683
4700
2945
5216
6452
6798
5660
729
5292
2093
1086
2446
7109
3030
7729
5362
1063
7093
3158
2802
2011
6076
770
7253
7752
5157
6982
5339
7921
1937
2599
3496
1711
584
2992
1431
5748
4959
4346
6152
5244
2450
7096
2761
3874
7513
1914
7645
2309
3353
1153
6435
682
1284
7610
2779
2869
6779
6951
6743
5930
5461
657
6566
7197
4056
2870
5009
6244
2704
5079
6765
7423
5233
2206
2628
7159
4580
7003
4340
7215
5736
7712
4050
2475
6462
2652
2035
4121
438
4152
4927
3547
7367
942
3919
5853
5466
5473
2600
7125
4743
2764
7241
1045
4024
1805
5845
4752
4908
2203
301
7954
1242
8030
4665
3394
1468
6934
3976
3467
4636
5998
7975
5839
5628
3010
4816
2649
8058
1811
5968
4793
7658
7322
3076
4658
6941
3117
350
3091
444
6799
3312
7347
604
1219
4520
3004
7848
2327
2425
4418
5144
5396
3767
7501
6068
6834
7478
1714
7912
1965
5116
155
2088
586
3541
6710
1357
4789
5509
4307
4172
3442
3005
6336
698
5893
5069
1426
6529
549
1565
6204
7145
2321
5517
7567
8129
5981
6320
8162
7037
208
3475
5022
4125
4673
6380
916
1125
5151
6326
4166
2679
4977
6014
1479
6304
1762
7961
2162
2584
5406
5676
7369
3880
363
1825
8095
6159
174
3972
3625
7988
5720
5827
773
5546
556
4324
1899
5471
2670
6004
3492
2622
1504
7163
6239
152
7432
380
1490
3238
952
3286
2290
3827
4255
2519
2396
5526
2031
36
3735
4751
2111
6125
4962
4647
3870
6987
4259
3180
7585
2169
1692
5982
1624
1843
5231
3810
6121
4579
2133
6769
5484
186
6467
7063
3269
5224
7049
2852
2265
1768
6793
836
5478
521
101
4071
2879
1082
2225
1492
2848
7764
6323
956
8064
2514
5077
5833
6784
1253
2701
7962
4036
6725
580
4086
5270
4273
6676
60
6171
8183
52
3204
6
5062
3112
5662
6521
3395
4776
3175
8061
2125
4143
5132
7714
1352
3984
3324
1296
4082
7500
8012
3938
2275
43
7453
514
5259
1833
7430
620
1612
3287
6174
4433
2650
4311
730
7538
7630
4484
2859
483
999
3896
3705
130
7486
486
5311
6457
2181
2997
2447
2660
6287
7879
3881
1540
2993
7142
4402
4360
4478
7340
2174
6166
6059
7580
1998
1072
5462
3448
2421
1690
7842
2833
4787
6477
7461
8037
4231
5529
1684
3543
1611
4909
3491
6558
8048
2916
5050
5503
6501
2496
233
5281
5832
7704
4122
6367
1857
3427
4742
2216
2633
7613
2401
1149
351
4233
6194
4171
4957
2345
7864
6213
8004
955
7573
7744
639
2923
4167
5333
4625
3829
5501
7226
6947
5770
2140
2978
967
3212
3782
922
1682
1112
7081
2473
6201
5006
919
7831
493
7443
6601
4765
5170
2513
964
5355
5475
3245
5174
1258
7938
2882
6541
7700
4818
5661
1449
2344
1450
7820
4425
1553
4235
6559
5788
5604
1402
4657
3587
5424
5813
6393
5804
2419
6148
1198
6424
7900
4341
5188
81
2892
5878
8007
3446
7955
2488
5115
294
2302
3280
4521
7007
3313
6259
7072
2218
5291
292
2957
4252
2794
496
222
6075
86
1460
6822
2064
716
2991
4944
2352
4271
6161
2878
5689
2081
3867
4945
1731
6932
7564
1383
58
1664
6857
7862
7267
1273
3217
1662
455
5806
6404
6077
3792
1769
17
6898
5071
3658
3539
4367
2588
762
2994
6788
3703
1060
4044
501
145
3922
7262
8051
1780
1954
4468
5032
5740
4597
4414
1606
366
2759
7196
1671
3876
653
789
4067
2047
7341
7959
2378
4422
6475
1218
3514
4123
4654
2294
2332
5552
4808
2119
446
1594
3425
3341
7146
2747
5624
4164
5925
94
3479
4988
1873
7623
1206
705
7910
5384
799
5735
3576
1053
1852
1340
6943
4586
2505
4192
7548
7819
3793
6295
5821
1278
2319
2091
7951
5511
3636
7365
4430
3133
3577
1243
1067
5041
4151
7742
229
2231
7046
1765
3796
7505
1462
1520
564
1489
4811
7000
2356
5375
2239
7366
6016
4690
4546
5967
1304
4106
5356
7192
4379
1370
5963
7034
779
1525
1453
1392
7982
6649
7175
4809
6865
7817
4683
7447
6510
2285
5574
7385
1214
5005
1736
581
3509
316
8142
7568
6767
7089
6025
2099
3499
2666
3560
4077
746
533
6864
6681
6622
7005
4391
5756
5039
7088
4839
3191
5944
8185
2721
4955
4101
6671
128
4265
5463
1459
6468
8168
5653
6246
1317
4080
7272
2245
410
3054
412
4447
1587
1879
3878
6659
1918
1501
2217
6512
6839
6300
2782
3121
487
1343
4633
2891
3160
1911
6045
2305
3571
4606
735
1649
760
858
7464
7502
1878
4772
3582
5622
4268
2744
5313
1389
1989
4838
4112
7371
7934
2537
5197
3929
8015
4214
2211
6618
2985
2104
3599
4778
461
4100
1544
2371
2520
7627
4527
1562
5124
3210
7748
592
7238
173
4559
1608
3093
4084
1356
5284
1111
2685
3441
4565
3529
2643
3754
4154
5773
4513
183
7386
5288
207
4519
2812
7710
482
1787
1236
5359
2046
6415
1147
7983
5688
2311
655
8049
710
4652
2432
7858
4696
5187
3826
2351
3523
7044
1982
1673
2956
1542
2383
21
3979
4881
6413
2908
7821
2366
2722
1285
5122
4011
2809
2435
6532
784
6081
7795
1170
5739
370
1557
7648
1229
5480
1779
1011
4207
5129
153
5026
3461
5540
785
5916
4359
5785
7124
7532
5850
6763
2827
3392
97
2801
8148
7002
8042
4517
4902
7263
2049
6628
5421
2492
3166
3731
3304
1519
1623
1969
3227
2551
1807
3774
690
5591
6286
418
488
6645
7533
1018
2163
711
6513
1303
4339
5425
4031
5440
3559
7667
4220
4774
566
7455
2384
7434
2830
5125
4786
1376
1938
3278
7068
7783
3890
5555
672
1174
1099
1382
1315
7133
5611
4035
1940
774
3627
3406
6138
3415
324
3139
1680
4028
3012
4232
7182
1057
4871
5446
7323
4194
3537
2941
689
3109
6577
1778
7459
5483
6695
3027
6441
4095
2142
235
212
5015
7402
6744
5551
246
7092
6789
558
2213
4394
4186
1215
5884
4436
3195
7030
6370
4851
4365
2961
4224
2077
6135
1814
7594
1951
6374
1915
5673
4548
3679
5920
2199
105
2773
3983
1036
2107
4749
3201
6262
6965
1339
3075
985
5325
641
3006
3903
2849
1456
5321
6296
5590
6111
5219
6247
2574
5287
5686
7102
4712
77
361
2897
3337
3219
1921
2924
22
7422
1145
1913
8057
5955
5097
8066
2921
7790
843
4697
2444
7907
4863
5277
5603
5728
475
5579
6801
3481
3202
8054
3606
5527
431
7992
4070
2314
1420
670
355
2188
4464
3373
8169
5994
5843
1267
2607
5674
726
5299
4663
570
1920
5659
1674
5181
8106
5436
5131
871
2103
4698
7632
6587
2036
6252
6689
4729
3673
5271
4981
3095
6095
7403
2776
334
3356
1904
883
6929
2673
2839
1869
6975
1017
6123
6432
6345
7781
6107
6494
4754
6226
1826
6848
2328
5682
2178
8086
6365
5279
2693
6511
6994
2592
2974
3635
7048
7928
7542
5801
4738
3489
7184
3270
4925
2656
3141
2753
204
673
6866
7233
7981
3486
7344
237
1476
650
2826
6831
8158
5858
6070
5924
1366
6453
1378
4419
328
2789
3844
6572
1348
2986
424
571
3188
6429
8113
6686
1909
6728
7800
847
6527
5826
8032
7855
2166
7973
685
7674
3456
5046
2052
7168
7734
6060
398
8090
4138
3244
2774
5228
3361
1958
7609
5958
6552
5208
4734
202
5991
462
4929
5341
6714
4383
5575
476
7888
3339
5593
601
442
5829
4675
7504
4646
1759
5037
1058
3268
4139
2984
3032
5956
6724
2567
6613
7596
6485
277
3781
4956
7969
3814
5074
4507
2843
6360
6851
3096
1818
5338
6484
6593
6631
4674
2197
1401
4858
7115
3770
1224
3989
2215
6604
3887
1705
864
767
6770
4368
798
2766
2638
79
2684
464
2828
2497
24
2123
5897
5953
6969
4727
3376
7893
5684
7592
6351
3797
492
6114
6160
6520
7164
6405
2129
2697
7933
4547
1709
5003
5296
4443
3860
1528
4584
2597
5169
4934
1038
1908
2772
7224
5938
3725
2795
2988
4831
616
1795
2980
3873
991
1866
4924
479
5742
554
1231
1007
6778
1640
1482
755
979
4575
7074
234
8000
84
3985
5400
1044
4320
2320
8062
951
1966
4305
4558
3909
5121
3144
2437
3769
1567
3115
2619
5743
6985
4337
6642
4211
1668
4582
6741
2407
6290
4777
2591
5172
3605
3401
5568
1822
547
4423
2963
8019
5775
5098
6146
3975
2756
981
5456
3901
5261
5273
1458
1757
5978
3031
317
1103
3727
3224
4094
7581
5324
805
1967
2251
7451
4157
4668
5562
6491
686
6180
6072
4862
2965
4435
4843
167
1477
6067
6939
5599
4116
8085
7597
3122
8098
4516
1261
6505
6571
1887
6129
2207
531
7394
3434
4120
345
7290
4477
4600
7316
5822
248
8115
6961
7043
2269
4129
7269
1566
7559
7999
4688
4330
260
3222
8076
1396
897
6392
5289
7671
3891
4296
8043
2542
6110
7495
582
2928
46
713
7792
2330
5238
3412
7508
6945
4622
5239
4587
1871
2553
2240
6349
3321
5542
3579
6960
5192
4297
2822
3131
3493
3223
1155
4254
7219
7918
7875
1539
5550
6666
4040
2024
4439
4202
3164
3740
6734
7345
3894
2613
4073
4854
2738
3402
220
3937
7006
3507
4876
2863
7940
1547
3226
1385
6812
449
45
4213
2153
6065
3114
7474
1845
6325
5510
2754
528
3466
4022
6356
1171
252
3375
6105
5505
3505
5855
5376
8121
6003
7930
7775
7515
2844
481
4191
4603
7743
6515
2507
6766
4619
7794
7586
8041
4431
6391
1194
5304
2541
2982
8173
7718
2508
2903
6149
4319
5538
3241
6436
7909
4175
7117
6242
4135
6427
7355
5609
3760
3834
1864
2346
4055
1945
2019
2746
7898
2180
3573
4852
3660
7922
1896
6720
3642
1380
5781
7894
31
3357
764
74
6882
7409
140
258
2937
5383
5114
5883
6353
5530
2108
7457
2
1096
4247
7446
3017
6177
7536
3593
411
4053
6207
1722
4456
2714
5649
4025
7644
2815
5275
3659
3889
5559
1760
2731
1635
6543
73
5257
1130
4741
395
1205
3396
7673
1880
3216
7550
7221
7554
5367
2975
342
6737
1495
2151
5844
4096
7160
3940
8143
2210
3603
2960
1386
3020
2041
6639
2734
7389
1210
6307
8005
3449
8133
1697
8188
6553
415
1922
4126
4857
4448
6614
3119
7606
4304
3276
4357
975
5632
1660
7998
8067
4037
5073
3025
6696
3070
6739
1248
434
239
3104
5691
5263
4893
6707
5100
6990
3963
7479
5630
3614
3899
1888
393
5479
4146
2760
7731
2762
818
614
2662
6518
629
8184
6796
5837
4189
8026
4130
1151
2477
1975
6339
7782
8140
6479
206
2935
1026
855
3726
3924
7967
4561
6094
4874
7360
54
4404
6378
4538
7867
7651
6970
4342
7136
5019
1423
7825
5056
2380
2593
2005
3775
1831
1294
7158
6635
1703
6918
191
4635
7130
5390
7286
4196
2483
216
966
6275
1098
6387
745
4182
7200
5167
2889
2544
4329
6838
4030
846
4640
1337
4087
4034
572
6490
441
2639
6051
4275
3332
5779
1179
3879
6663
4183
5319
3756
4169
176
5248
4829
298
1535
6802
1220
4289
589
6658
5363
8092
3556
3862
4269
7639
2757
5242
2737
4824
3495
8122
65
2715
29
1000
5685
402
7942
973
7828
353
5096
4639
3994
3504
4344
3161
2970
7695
523
4401
1701
7716
880
1936
1474
7861
2893
8180
6483
4848
2803
3078
3939
5515
432
200
1678
5371
4669
2118
4284
3755
6183
1994
131
4739
7363
1867
3090
4906
822
5651
4933
888
1150
3265
3900
7880
4814
5704
1906
6797
606
414
5385
8109
7342
3857
8182
826
1324
5335
6192
905
4853
3451
307
6163
669
663
3853
8050
7418
2456
5481
1801
3101
2381
3648
2034
3771
3817
7126
7903
2085
7953
7082
5051
3107
7257
6524
1948
674
2434
3809
2880
8060
2148
352
3471
4008
2560
429
1494
5709
6264
4916
788
4313
6011
7557
5258
7823
3369
3081
7765
5082
48
5405
5980
5427
4245
6581
2012
422
7899
1900
5699
6276
4023
6288
5738
322
1042
1651
5917
6223
7608
4645
3450
1491
2032
4618
4349
5972
8172
5768
3956
5594
7626
5679
2925
382
5700
4964
893
5175
1723
5491
631
1330
4048
3254
2881
1189
1926
318
551
6442
1165
6780
2244
7943
274
6054
7252
3644
3578
3003
137
5802
3410
2499
2370
2306
4019
6273
8029
6825
725
7276
7874
4958
400
553
6182
6314
2983
2222
8008
5518
2134
3061
1728
1545
5840
259
4395
2254
5960
7576
4847
6673
4460
7814
3570
3634
4563
275
923
5044
5777
1181
6377
6193
1881
7358
1262
39
5534
5392
7104
2501
4137
7531
5103
4974
1464
2040
3884
5908
6048
2176
6330
151
5566
7143
1299
5701
3763
1073
1100
1095
8017
4452
654
1052
7244
8164
4416
5831
1297
2871
1347
6039
1788
5549
4827
6268
5057
3542
7906
2547
6421
171
1725
6903
1590
3892
874
7153
6297
3616
1092
1536
3351
6598
5322
1148
1959
4141
6607
2674
6443
2581
780
901
2014
1334
6319
6556
3153
8132
1890
3718
7911
6847
2080
7052
4201
10
5011
7866
7141
5147
4350
4880
1186
1889
5349
7737
5017
2858
4634
3973
2624
4671
1361
679
5717
5111
1463
1627
1771
2101
7662
4250
781
5672
5943
188
3458
3653
889
6406
377
6697
515
3173
2556
5680
7703
4046
4921
6120
816
7171
4731
7206
4007
132
6776
1298
3904
4440
5948
5179
4306
1972
3823
1978
106
7209
5010
3040
809
421
4861
7023
1737
3472
8155
2236
2157
2950
6431
1069
7131
5640
5772
6634
7113
4560
1118
6989
6361
2272
5745
6592
5260
404
2124
7128
4935
1543
3279
7976
3732
1599
5113
5101
6626
5186
2949
3839
3961
5312
2061
5234
891
4685
3234
1595
3172
6677
1517
5141
3567
3949
3231
3171
5864
7895
4630
305
2608
364
1734
8141
6362
5423
5901
7076
6999
578
1596
