7928
5568
4753
8100
770
54
1563
5223
4206
2867
3158
7146
5952
6945
876
2803
5522
781
4196
1617
4046
8065
6505
3678
2900
4679
3897
1349
3772
5564
7768
4222
5138
4218
5397
476
6063
467
5430
3672
4552
1191
6838
7375
5475
1268
57
1217
7903
1388
2694
6932
7265
7886
6274
5286
6029
5425
5257
4852
1471
4681
1343
6415
5136
7364
1628
3431
3550
5111
7938
661
4763
1865
5128
4074
5201
3793
4027
2926
5763
385
6756
6308
3714
7295
7404
6708
4688
8149
7510
4445
5362
4751
4388
99
3596
5479
295
401
5406
2099
7134
7067
8122
7832
5298
3413
3729
4088
4154
4312
1298
3489
1588
4850
189
4722
7670
7127
3262
810
3128
6076
450
7204
544
554
4385
6665
508
5813
5412
1421
7118
7655
1241
1154
2241
1912
2407
7555
680
3675
7426
4840
6142
1510
8051
112
2074
3315
2800
4914
8152
2384
1568
612
7634
6427
3146
3666
1190
3851
4
5989
7308
5949
7758
2894
2556
4564
4787
8090
8160
1118
3110
2146
4018
1955
2305
7937
902
3859
5096
7682
4283
676
5306
1577
689
250
503
8048
3106
3574
7885
7417
4208
6559
5418
1707
4205
3344
6498
5793
7339
1279
2568
7694
7533
5819
7900
5072
181
2298
7001
7200
1738
6886
5785
7456
7793
1810
1607
5013
4756
451
6580
4837
3804
2717
5621
4424
6703
6282
7064
7498
3962
5992
2334
6797
803
4286
1878
5396
2200
1379
2422
6800
6095
5359
6839
5126
5789
3335
7581
3151
29
7596
4591
7000
7546
979
235
5911
3101
6968
2553
5112
5379
6844
492
644
1111
3896
1486
4382
3966
2822
85
1672
7566
4727
7020
3118
682
7500
2883
5129
8092
4842
191
1502
6016
3171
2630
6492
3232
186
4298
2148
2584
5939
3321
4719
6699
6174
5387
5079
3416
4496
2490
505
6426
7829
7812
6114
5581
7971
6924
2171
1123
604
2181
7441
8062
3852
587
7729
555
4617
6750
173
3976
1995
954
6180
2754
6103
4058
2049
635
626
1129
7745
6903
6710
6573
6960
6118
6649
619
3065
3698
4129
6548
98
3291
2860
7595
1192
4649
7418
1473
6444
3014
6411
1179
6349
5664
7813
3865
5109
834
1176
2009
2637
4543
8173
3311
7054
3071
8146
4994
5613
5855
3139
3193
5825
4279
1444
4565
4731
4251
4126
6321
4035
6974
3339
6852
3066
5927
2818
2709
4803
664
6535
3681
790
6599
887
5859
43
6071
5870
4399
7259
3572
1046
4292
7632
6361
7943
50
285
3748
5003
5638
4415
3437
6928
5697
877
3217
897
3959
7738
7333
4676
3501
5094
4580
3305
6072
7925
5502
843
3692
4706
5390
5501
3898
3323
3595
5413
3373
4042
1330
3716
536
3103
7243
5494
1608
3710
7810
553
2866
7198
4521
694
1220
1146
2124
5590
6084
955
1021
3648
7579
514
794
7611
5866
8121
3125
4577
8060
69
6220
6908
1452
6921
5583
4957
6161
1416
1364
4373
466
1306
2806
5144
3946
6610
577
1273
2219
448
4851
5488
6123
200
5427
4393
2277
771
7876
5976
1215
5435
465
4470
4530
3838
56
4777
7882
4575
1185
3738
5244
3140
2655
3732
6104
4021
7405
5366
3445
6623
5841
6372
6047
2003
5738
199
5599
7098
6344
156
6728
2268
6382
7953
8021
7730
1958
6408
1992
460
1732
758
4180
2209
3491
1354
3916
3920
7679
1591
2038
584
143
4471
5528
2130
4375
3357
2106
1230
2242
2198
6333
3424
2893
324
3931
6770
4363
5780
7189
3154
215
3989
3053
4357
894
5342
3112
4776
2015
6222
2665
1763
2258
7332
4488
4236
4764
380
1061
233
427
7749
1139
4614
6947
6689
3356
8052
925
7316
2416
1372
3119
336
2648
4130
7585
6565
2092
6635
8077
5092
2937
3651
6920
5254
1042
4120
5717
3281
2543
1198
3584
5670
775
6983
6379
7248
7107
4717
5453
2362
4655
1218
2088
4481
4474
7470
2774
8006
422
614
5531
4599
5347
11
3312
4092
5518
1028
1222
6813
5864
5849
4166
5419
1848
3050
5093
6158
2974
1001
2933
6007
3882
6858
3111
7791
4300
83
3334
7245
4213
1823
5230
5459
5884
4863
3968
3640
4611
2960
6517
3780
1937
3558
60
6488
3523
2588
4761
7673
5098
2391
1295
5747
859
691
3028
6778
6584
6861
519
4996
3761
756
7794
3197
7770
174
2446
4219
7453
7336
1479
2382
6483
7370
6149
3670
7260
8003
3674
2265
5211
2372
3282
5686
5319
6957
7575
3886
4915
7238
3149
7538
1997
915
4352
5402
7440
4503
4133
858
7945
5263
5845
2026
3573
4896
5207
486
2697
4190
2356
1651
7298
5264
2794
2660
194
5667
4362
6151
147
8043
1662
2358
6384
1088
4080
5684
4801
7786
1902
4376
3152
2714
61
2851
4767
8101
4502
1677
7739
1188
23
6313
5373
471
2745
6622
6592
1922
2917
1850
4590
3451
5066
179
5606
3469
5516
5614
4497
515
615
678
4326
1439
6030
1432
7322
1971
5075
3331
4928
2833
5351
5727
5711
1440
4759
1383
5317
4748
4686
7026
564
4729
3791
4752
6110
1100
3121
201
4631
2163
3873
1058
2567
6401
8029
1867
6467
4096
1586
3646
3534
7324
5162
347
7492
4971
3677
1817
3818
133
6732
7131
2503
6341
643
190
2071
2594
3333
4243
1308
6224
2043
5249
5542
3087
2283
7926
5781
1180
1945
7984
34
4002
4378
3834
6366
2856
2842
3060
2511
318
5208
135
1687
1495
6616
7400
5689
7176
2140
1517
6305
4354
6141
7561
7342
4571
765
766
315
7254
1724
3963
7246
5429
6469
3131
4615
2378
5314
7598
3684
5062
905
2646
2873
5167
6231
1246
1854
7826
3095
3425
1013
5725
2696
3774
5822
6740
3163
5322
6000
1745
2094
7010
6608
5589
3481
6843
3415
4508
2780
7574
7442
7182
5052
3829
6111
3893
932
1369
4825
1143
3012
2308
299
4086
7919
3906
1666
6999
728
2040
597
6388
2555
3969
1648
3875
2785
4737
5569
6664
2172
4152
1641
4770
4723
2529
305
8064
1680
2474
6038
696
475
575
2727
5352
4799
6269
5163
6376
205
2438
1572
3210
6878
3439
3289
1257
896
1434
1871
2688
2029
3080
1770
5830
2944
6169
396
7915
4685
8082
473
5131
7145
3627
3755
4500
2602
6854
2449
5751
1667
6230
1403
4972
6638
5761
6572
6578
7625
3994
3656
5998
4843
785
4090
6641
1247
4214
240
7976
8140
5215
8117
1467
1345
7334
4267
3225
345
2947
3744
2767
6567
6100
2373
7143
5247
4003
4235
25
7080
1460
7423
5843
5615
2194
1318
6225
2882
651
378
5942
855
6687
3840
8080
3799
3914
6626
3952
3389
5251
5512
4605
3814
4401
3805
5473
7325
6015
831
2397
735
1573
512
4369
2640
2017
6286
7910
6026
611
5331
433
1012
1393
2541
3145
8072
4119
935
8110
2996
5704
6767
7394
1826
1507
2563
7830
2389
6255
7526
104
3620
1336
2478
8186
7454
7828
6581
3705
1451
7320
5142
5986
3540
7464
4848
163
1380
6129
5984
3000
6644
2967
2920
4079
1270
8042
7569
814
563
7352
2876
1426
1274
3611
204
6712
4261
1684
2909
6922
334
2069
4319
2266
8054
4462
2881
7640
2359
1852
6840
6413
5365
1314
2278
7862
5964
6634
7275
6866
646
4305
6662
3700
601
792
572
873
5108
6004
1252
4853
5370
17
6802
6256
2403
3252
7700
73
5087
4829
3482
7253
5608
787
3394
1615
5582
2984
4535
7211
8178
4796
593
8190
332
2518
63
3377
6120
4414
3940
2218
3044
3130
5237
3773
4572
6456
1604
3778
6234
3594
4827
4410
7707
1438
3571
7582
2285
5234
733
8038
4721
7747
4923
7077
2473
1433
6423
2488
7687
2631
1174
6002
4666
2444
1962
7977
2702
409
362
6298
2496
1466
5519
4773
4645
4094
1034
6410
5200
2549
1623
1231
8151
2521
2457
1669
6807
8095
4598
6280
2054
1595
2679
232
5135
3771
489
3888
6318
4304
1258
251
5624
6094
4514
1837
6709
4694
1049
8103
79
7584
3874
4280
1066
3915
1929
6707
5557
2272
3076
1259
1990
2533
7941
4159
736
7913
3735
424
5712
3546
5929
3927
4043
2196
7652
2135
4566
2039
545
3806
7192
2364
316
3857
7061
3058
5116
3753
852
3010
2843
5626
3682
7086
3725
1239
2642
4905
6251
7949
3170
70
1603
7236
308
833
7541
271
1140
4346
4985
5561
2721
3430
1310
2414
6935
7927
3950
3284
5120
7637
4087
6604
4442
3342
5714
7095
904
1980
5838
4161
45
483
7803
5035
4078
880
7663
4670
7465
1963
7163
7085
6355
242
2377
7642
6364
4669
1285
3532
7665
2649
7615
2652
6768
2793
1576
2482
7572
3496
4991
693
1933
7635
3580
1363
5025
4774
5721
4365
148
6082
4477
3909
5746
1151
2943
2672
748
1425
4031
77
2980
4594
2467
3077
5219
3591
6555
5005
7013
4961
5800
2942
5083
7150
7029
4603
5898
945
2658
7864
2326
6204
5541
4581
4714
7706
3951
3606
7443
2892
2289
2398
5788
1083
5376
6833
2897
1018
8022
1398
1079
4538
4878
3147
4284
4824
4832
6135
3731
6971
1868
4367
6714
7130
4701
5441
3825
1635
764
6570
893
606
4813
1895
727
2931
6684
7676
4919
2324
4026
6164
1523
5935
5183
3600
1629
1829
4468
836
5341
5282
2723
5587
4561
7916
4909
7205
236
2634
6311
5377
1127
4814
2593
5702
6510
4333
819
3288
4444
6972
5065
6794
6226
129
1033
3472
1508
3497
5114
8075
6284
1084
342
2762
6177
3828
6514
6727
6846
2360
6165
2091
3366
3601
4127
1706
6006
3365
6481
7894
6686
7536
1488
6176
6128
2019
2557
1237
966
228
5262
5058
1065
1387
6564
4487
3569
7732
1254
2911
6946
493
405
2988
3503
8167
2225
3421
3822
3912
1331
7208
2690
4924
918
7
7808
747
7041
2147
2047
5662
381
2580
697
2750
7911
4747
4252
7459
3885
1619
6744
5395
7068
7388
6374
1208
1670
2376
585
501
5274
1609
596
6941
214
3285
5325
1332
4170
1777
4480
2332
7668
4596
5602
6089
3853
3292
1006
6061
5224
1159
4619
4295
838
2510
1841
6746
4523
5826
3485
8005
3142
4464
7944
531
900
108
924
1931
3304
5499
91
7201
7439
3575
6545
81
2472
6351
5382
4143
8115
2886
6753
4024
3919
7939
3987
3007
4361
4483
1417
1989
5972
2341
5724
3978
5892
1029
4525
3478
6223
5677
1982
594
5637
5107
5943
8066
7251
4775
3039
2381
7589
6715
769
6199
7787
6702
3372
2528
2030
7766
4494
5956
3850
4270
700
2353
417
5537
6106
4145
5616
4948
2484
5510
6940
2208
6338
4570
1152
1970
8098
5772
6301
5915
4937
558
3120
6553
504
5020
6834
2710
3396
8169
5507
8014
5295
7052
6484
5932
4405
2394
546
6062
6798
2441
2203
7155
6508
7755
8094
2013
1876
261
7717
6566
5147
119
7121
1941
4041
7733
8011
5722
6741
1622
3474
1328
5294
281
7895
1187
8150
5140
2922
4979
170
157
2226
4228
3104
4105
4264
3924
7214
1699
3659
6288
1792
872
2257
4927
4409
6893
5657
5735
7825
6729
2004
1757
4854
4269
3784
5155
2670
7728
4418
6683
6546
5048
7209
7669
1620
2104
3242
719
5235
4638
434
4000
6720
7962
1455
2374
115
1055
7167
6539
511
6373
420
4171
6632
8030
2162
6931
1195
245
7190
374
7689
7188
5625
2081
1074
7725
5933
5873
5361
5787
8086
5837
7390
284
6440
3085
3370
4146
7508
6390
2686
881
5205
3548
7960
4368
4110
1081
6331
2421
6404
7450
6050
8161
6418
6524
2234
4935
7578
4271
6701
7630
5016
996
4659
1126
7899
5771
746
7291
171
6761
7507
729
6900
5278
2050
2456
3905
4707
909
4978
2260
5231
4966
2650
1271
2427
1879
7967
7811
1816
3180
7602
5795
30
570
1116
6070
2718
971
5812
605
5908
4179
2012
4785
1887
1014
4417
2325
832
2415
8120
1640
226
6266
1051
3433
5354
1824
8001
7136
7774
930
8138
4149
2314
3135
4873
6332
791
1739
6487
6956
2633
4258
499
46
6329
7271
5409
5008
5326
1405
4783
1413
3001
6605
4220
2836
7563
2699
4360
670
7765
6929
3004
7237
4604
7409
4708
3059
786
8171
5213
5444
8000
6260
8015
6959
6358
3108
2564
7815
6913
816
5778
6242
1811
5291
6132
6003
3293
7959
6133
582
5040
1636
4033
2053
2259
7807
7420
3848
6979
7796
8019
4001
7120
2548
2042
5979
7199
5974
2173
613
2824
38
4022
1078
4266
4262
4513
2297
1914
6119
7504
239
3177
6448
1132
3586
4073
6624
7956
821
3264
3300
2561
663
4282
3531
6011
8020
5353
2748
3973
1594
6398
1873
3576
4344
5276
2307
366
5031
2579
1303
4341
793
502
4786
5483
4056
5090
3925
6675
7965
7164
2370
4732
3209
1611
5828
5757
3965
5524
1639
5049
4644
4091
999
2628
2879
2045
2986
706
569
4841
5461
6500
4203
2082
5360
4118
6848
3148
3035
5259
4332
7218
5922
364
7846
7797
202
2935
1998
2704
6558
6656
7402
3207
1957
3930
410
1836
3216
149
2205
7778
1390
7161
768
6057
1040
2829
5154
7299
2635
4622
1909
5797
2789
739
5570
164
321
7692
7856
3653
3350
217
4807
6918
808
175
1205
7714
3250
3090
3746
1382
2248
3645
2292
3243
2814
2170
6293
1530
7875
3904
3464
7972
5768
2725
2837
6148
5661
6583
6955
24
967
542
8168
5840
7411
7833
6992
469
287
1808
8070
125
1315
7978
2321
2874
6532
4768
1872
2320
7385
1969
6611
490
3078
3188
5099
2735
1581
6436
6850
4945
1542
3054
3174
6793
3400
5681
5744
2310
52
2662
7599
294
6319
5924
2499
7667
3172
3663
5883
6657
2758
2795
4263
4053
1269
4955
1453
1333
4403
7686
3447
8112
3709
2504
7038
780
21
5552
2863
6034
6985
2492
2083
142
7590
1395
5285
6588
3777
4100
2647
6998
4446
869
6519
4482
7553
3887
7884
641
1142
4975
369
4893
8024
4085
602
3819
3449
1446
58
2031
6416
1795
94
2299
4050
6482
3316
4567
2737
1869
7782
6930
6561
2390
4451
5077
4691
6593
702
4381
1532
5329
1468
6606
7869
6125
5676
2086
2891
4476
7395
5164
1173
1627
5977
5228
1592
5500
1686
8148
7078
7435
2313
7868
3661
789
6801
2908
3967
6987
3765
4115
2396
6961
6289
7046
6299
4045
6934
6237
3749
7304
6996
6263
6276
4216
5001
1578
6925
1893
949
468
4315
4448
3993
6855
4726
5487
6146
7823
1949
5297
7458
1305
2229
7609
122
167
695
2799
6912
4123
3046
3006
7082
2072
7534
2044
7398
3360
496
5240
8132
3175
2820
2711
3157
2070
7600
6278
1454
1690
1652
4386
642
2368
3198
103
7633
6400
8093
297
8074
8046
5460
2519
2184
6075
5055
386
2532
6674
1691
1514
1353
6466
2355
1671
4330
7556
441
588
5816
1597
1954
3220
4187
7230
7777
533
5726
8076
6865
3408
3872
4032
3270
326
520
1626
1838
5170
78
556
3274
1011
1002
5823
3522
4453
177
665
6803
4891
4495
4702
4485
7897
1750
539
5218
2875
7027
2489
2475
6162
1483
2739
5906
2798
2865
7618
752
1650
3459
7177
4395
4450
4899
7866
6316
2453
2400
7718
7138
3091
404
5076
4257
6692
1533
7187
1689
5598
8071
2202
4416
4895
6315
1781
3102
6667
6631
5448
2158
446
2294
5559
3728
454
3937
1099
4912
3475
4402
7366
5399
160
1908
7354
5834
6378
5872
6008
6899
6515
5169
654
598
5420
532
931
6287
2760
734
5060
3097
5375
4077
1907
6272
4165
2666
132
7250
3143
1952
268
6995
1103
5232
2590
2165
796
5962
4831
4384
7284
6327
68
2405
5990
510
138
7711
5148
8035
66
3948
7552
1368
2452
1569
4392
7093
6916
4364
5127
5216
7681
1924
7384
5270
7985
4076
4064
867
6830
3736
3256
1281
8104
6651
6267
7902
7883
2448
4976
875
6521
5548
8108
8091
958
4162
6127
608
7081
1647
6562
4939
2895
1554
7802
1702
184
541
3069
438
4728
3756
1755
6241
3265
3221
4663
4019
1245
449
341
4242
6205
4010
2869
1044
535
1482
5966
7780
13
5968
3997
5423
1243
2828
2726
2945
7480
1207
4230
7511
2057
1106
86
1856
6779
7896
2872
419
3555
2671
2957
7060
7821
1870
2014
192
1283
5666
3856
141
2899
1740
2491
7387
1384
5592
6682
1056
4156
3422
2667
2167
2540
7917
2787
2841
5046
3094
3764
7477
1948
1459
5851
6209
1891
4012
2621
5539
1161
3011
3404
1342
5503
16
7485
6217
393
3527
3277
6759
2369
3340
6943
2383
3056
3869
4711
6181
6560
6257
5879
4709
6763
5266
5540
7522
4549
7317
4925
2319
1851
2100
254
5563
1673
6673
4459
3726
2034
5199
248
4335
4934
4082
5996
3680
400
4061
1718
3696
4490
6053
8
4184
3577
7789
1832
2985
3551
3500
4668
8017
5635
7301
6485
4674
1987
6771
5041
5338
1419
5814
1735
5303
7460
7525
5011
5122
7970
7258
84
6876
4296
4023
6079
1134
6421
5405
3938
6080
3211
1951
1265
3218
4880
75
4558
5960
3619
1633
1543
1170
260
7716
3031
96
8068
7493
4150
2684
6507
7603
3686
2337
1070
1575
7392
272
5193
292
3530
4623
1232
7311
6202
3295
5980
3200
7677
2276
5869
2317
2419
1788
1041
6642
5450
1630
3329
4515
5649
3129
647
7353
7017
2494
6262
2304
1138
573
5737
7623
8162
4311
5389
5118
6362
1038
6963
5791
7524
7964
3486
518
3564
64
3364
2982
2016
481
7958
1904
7286
882
3354
1964
849
6859
3310
4585
7721
3260
244
3487
4933
846
7451
2365
3362
4618
5177
983
7289
5203
398
6890
4593
703
5693
3047
6442
2117
2458
4858
2930
5115
1874
3322
7752
2676
692
934
1210
3767
436
7489
7881
5273
6975
1112
145
6688
3403
1075
8085
2538
3045
36
929
2639
5289
4249
2566
2395
6781
4516
3811
6261
3516
40
4673
6068
2864
4441
3381
3810
7050
6059
1524
6171
8157
3435
6179
2168
165
4013
4902
7321
4771
5320
4374
2233
3379
7914
6842
7215
4112
645
4055
8129
5069
2887
7113
5002
5463
3798
2608
3075
4951
162
1839
1114
3615
6334
6962
4391
965
2997
525
7287
3519
7982
1984
759
6680
3266
6058
3222
7656
6819
2847
2598
705
3155
5368
3309
118
1705
7724
5782
3759
6857
4458
2235
2955
5346
7606
6032
4795
6927
4377
3049
565
2075
2749
8040
6271
5900
4128
6328
3942
2858
2514
2636
1550
6502
6773
2243
7871
7822
975
6722
6512
681
839
4806
169
5529
1209
7252
87
4291
6829
2352
1665
2155
5521
8028
2669
6359
1663
5579
1881
4072
49
8176
6655
2946
8007
3245
3622
3762
3553
7904
6526
3114
5618
3568
4938
6895
5562
4452
6346
1562
4993
3359
3688
6646
7907
3088
5860
4716
6906
7009
2348
3943
7620
7648
1478
5130
2551
3043
3178
589
6245
657
988
2434
1831
1913
3074
7255
3984
4782
5945
3922
7698
5051
7399
6343
3384
4998
6511
3387
3498
4907
6126
3543
1411
1053
6547
5462
1800
6805
5433
583
7223
5827
7924
6534
1579
2215
1774
4524
741
277
1197
6815
7650
7610
3720
2261
312
1598
3585
1378
346
732
7481
4698
298
1762
2859
4960
4015
7165
6577
891
3552
5629
5498
311
2963
6563
5047
5242
6024
3536
3813
166
7319
8041
3570
622
1794
5546
6056
5447
2437
7849
2654
3908
7772
59
2885
7898
7542
3533
1678
1593
862
5769
407
3346
4539
4339
2380
3419
7736
2501
3626
506
6892
5268
4531
1729
621
2144
3268
1944
4113
2796
547
2329
5586
2695
6470
4345
2716
1047
2804
8031
629
7814
4307
6462
933
7709
1768
1606
5217
2206
7577
1860
7549
1309
4672
4675
4963
2027
1219
1036
3524
3718
6207
3877
5105
6873
7016
7734
1119
1567
1500
7664
6883
6749
421
19
2573
1570
7878
2085
6809
2554
2349
7491
6391
7396
7756
2256
731
2002
1350
1535
5339
464
6134
6370
1743
7449
1967
7206
6041
7135
309
7090
5496
3557
3488
3980
549
360
3868
1822
7292
1661
4186
1506
977
4931
3024
2736
2673
7973
1864
5017
4610
6302
5878
1552
7444
2249
6144
4183
4867
6697
208
1985
2961
7227
1062
430
7004
6432
3638
7751
1297
6206
4358
6022
459
3144
1355
1923
3960
2316
2179
6155
2993
4225
1311
4217
7416
4185
8156
3724
3187
2126
1815
760
4725
7983
6417
3369
4958
4423
7092
1357
3070
3996
2810
6617
609
7309
6758
4820
5985
2539
3609
2477
1167
3327
5609
6724
4662
668
3412
5393
3520
1431
4071
2156
5817
3849
1497
1960
7994
1612
1145
4811
2700
5253
543
5221
937
686
8105
985
4910
5665
560
7557
3707
6337
3233
4356
5280
2379
5921
414
822
7368
4281
6290
4419
701
5168
477
7172
358
8189
1956
4984
730
5601
809
917
6046
6875
472
2956
4176
7993
6769
4293
6458
788
4791
4460
2443
397
3544
4276
1371
7616
4168
1293
4084
3957
2450
8004
4671
7593
6783
4555
5934
7805
5165
1163
5186
991
6010
1301
1267
5332
1443
491
1714
307
5369
1275
2687
3173
3386
4983
5867
6019
3933
65
2918
7313
2385
4870
5056
7604
5225
1784
3704
6590
2096
4420
3116
2623
5970
3722
6762
2995
871
1892
4900
6005
6516
3136
2889
1975
2048
1918
8166
5465
3428
3870
6882
6896
4014
885
5172
4648
2763
4800
5371
6091
5753
7071
4744
7528
1564
4898
908
2089
7712
7112
884
4664
7293
101
7779
3599
5674
1427
1289
3296
4608
7141
3343
7102
7708
3375
5543
4746
1010
5940
6602
7741
1374
2970
3910
1165
2992
8145
2270
1325
6595
2255
5978
6188
713
107
7074
5925
2284
3134
4798
3687
7560
4435
1645
4089
6586
956
2254
1008
7344
2770
3892
7234
5937
2853
1772
8133
7649
7551
4124
7818
6166
5311
5356
111
7880
3048
6772
1087
7374
3276
2440
6914
5514
7058
4229
762
3156
5063
4654
2001
8142
6182
7792
6317
3212
406
1485
1168
5038
4855
6933
2948
4461
890
2228
5030
7521
7059
3328
5650
6832
2661
4475
2245
1605
7310
3495
4297
7240
7140
5271
5517
4398
6040
7203
2613
2282
5695
319
5134
3614
5846
74
5593
2103
1999
3470
2743
974
5550
5068
7543
317
6167
5555
7040
3448
5300
952
1097
6552
4699
5245
2706
6799
2354
1200
2835
7567
7249
603
4936
124
920
1449
7680
7550
6246
4324
3084
6897
1059
2262
5773
62
5206
5831
1052
1373
7908
2118
1994
1445
431
725
1009
1897
1973
7279
3253
1746
7935
5588
1005
5544
5497
3757
8018
6264
7091
5777
6864
4857
2339
3521
6088
7783
457
7111
2772
916
5343
6439
2962
5619
8128
1498
6676
784
6193
140
7497
5987
3452
3159
1256
209
2973
5658
7607
3647
1711
2979
707
89
1710
411
4636
1160
7415
1798
6150
1196
6596
1003
478
3271
4157
1847
6013
6201
3505
5027
2191
7075
5536
6637
627
2236
3902
7539
4554
130
981
6627
5764
6326
4131
8089
2586
4093
7327
7272
4792
3376
4132
5783
3169
2333
1685
3223
2098
7030
6997
1235
6339
5877
152
4069
5178
6240
4135
6291
4456
5842
8016
4116
2969
5415
1835
5061
7838
5000
4049
6747
7608
7195
6429
8067
5226
4020
283
6506
6795
5863
2615
2060
6877
3787
4054
2713
7350
151
5821
447
131
7357
4200
5192
1214
4387
4652
1783
146
4613
1007
7278
127
4833
3013
1240
3042
7785
7754
6786
1098
1304
567
3549
5378
516
4600
1494
6490
2805
4104
4906
425
5633
2468
2224
1086
5349
3990
1965
3913
964
7448
4844
5703
911
329
4164
2073
2412
4557
7335
1326
7788
7119
51
2632
4646
1063
5495
3405
7591
5792
1767
1017
4355
5798
5622
1778
7509
1950
1242
5854
7519
2433
159
2020
7152
5437
5106
2201
7414
2207
2210
6639
4198
5774
7056
8102
4862
7486
1080
4757
3391
1613
7548
5663
7870
1093
3737
2680
1857
1
187
3096
2522
1712
3537
5305
1946
6760
5533
8141
4992
6695
7162
6880
182
6437
2139
3025
4250
5363
1441
7066
2188
5265
844
263
6923
4592
2849
4876
348
6124
5146
3494
1674
2345
2095
6820
5646
5547
6208
264
2199
3507
5741
6218
1162
3901
921
824
2719
5871
3794
5896
919
3036
8009
7288
439
3081
4438
4254
7099
4172
185
942
373
3581
7817
3958
4469
3891
5523
2607
6081
6275
7847
1845
3018
4735
5506
1290
7992
513
4913
2028
5408
7094
5807
7369
5284
5212
4541
980
850
7048
5275
2779
7731
7014
2423
7776
6806
1164
5015
864
1464
4226
2271
3450
7684
7270
2132
7912
4390
3064
2901
4492
1212
2129
3398
359
443
5078
6621
5894
1260
5999
5340
6614
3473
907
440
7852
1634
4081
7445
4103
7799
7666
5916
8180
6826
2827
4109
6619
3275
5261
1186
1352
6969
2025
4789
6915
806
3955
2569
7457
5731
716
5748
1566
136
5288
1789
7867
4303
2143
354
2720
4294
4953
3538
2138
2523
5749
3380
4540
5730
1278
829
1470
2127
6425
6579
3317
4588
5057
389
6001
266
5603
4749
1249
6582
2703
224
4967
2783
484
5508
1885
3727
1936
1027
5759
5385
3480
5580
1216
4651
3589
5560
3338
6136
3407
6723
435
1203
6754
7988
913
5865
7226
2825
6078
1614
3662
1511
5574
1323
7529
6568
6471
639
6109
4484
485
6585
7947
2250
249
6479
6633
7809
6613
6405
6324
2512
7614
1730
7946
5687
5117
2301
5930
7969
7276
524
1935
7475
4970
4212
7843
1019
6831
4501
2393
2855
7836
1773
6455
7169
4584
3230
820
4740
3390
6186
3776
7767
7672
2161
3785
3502
7179
863
7559
2870
3567
947
1765
246
4616
4491
7283
2350
1389
1181
6575
6870
6721
4158
7132
4556
2222
2211
5355
1120
7523
6250
3559
4244
2768
7737
1618
5909
2562
1584
962
6643
6285
1226
4011
2919
2784
4713
2898
1681
1430
5716
6159
3742
1545
1726
7303
671
1537
6845
704
5770
3027
6043
4436
351
7300
1747
3213
3022
3855
4121
5007
4277
55
1035
5152
3991
6345
6033
3900
6433
4274
5032
6625
7084
3228
6990
5938
5184
4977
5400
4587
5482
599
6074
6102
2766
624
1966
581
993
178
5416
842
3597
1991
90
1716
203
4995
3792
946
1503
6190
7472
5595
1753
1820
649
7452
3515
7386
2131
4380
5489
6163
7851
3138
5104
6543
6428
6121
5372
6764
1910
7488
4562
2878
3086
4455
403
3786
7070
3186
4629
4063
4231
4426
6459
2994
995
273
1327
3683
561
658
6607
4690
2861
540
1582
3982
7592
4144
7957
3016
5238
7285
868
1900
2230
4106
2102
3055
2351
6509
4204
2388
2454
3701
423
3668
4065
655
7979
3287
2110
6197
2622
6085
3302
7905
1370
7576
1785
2756
6233
4952
5953
2046
2287
6195
5330
2761
3740
7002
2425
7923
47
7235
2959
5124
333
3883
349
7380
218
1262
8027
6591
3518
6238
4207
6650
1376
2627
1089
2312
6009
6369
7564
7887
5754
1760
1484
5033
1694
3560
2896
26
7124
2788
1561
1780
6958
5755
1521
2769
2577
3457
6380
7087
7023
5733
3224
591
761
4433
684
444
4730
4221
7371
1423
5137
1250
7906
227
1071
818
7149
1560
5913
7123
7951
4762
3526
497
5971
2924
4318
7224
1632
270
7018
795
3578
1692
7170
4988
3628
5059
4434
3734
5995
2455
5272
4696
1375
6569
1751
2177
1528
5102
4122
4835
365
4805
4981
3833
7137
4512
4794
3137
4059
1551
322
1458
4443
1779
2439
3800
4411
4908
2195
2888
7701
804
5669
3566
267
7859
4697
6544
7089
1516
6812
3642
3817
960
7412
6735
3862
6385
1334
3539
3694
2691
5432
6244
886
8044
2328
7262
660
6168
2032
2817
4396
3961
3632
3314
3763
3235
1925
7378
3590
4624
3562
6446
4193
3797
7096
3298
6353
3665
4810
5957
2375
3272
3999
982
5973
4155
4309
1583
5141
5818
1414
717
8081
3795
3313
5762
5596
7748
7043
289
5344
5009
4864
5648
7181
5767
2830
3092
223
1758
3983
7855
6473
6731
7175
6774
3621
2826
5036
1928
3041
4095
2111
4188
2520
3636
2361
1108
6451
3037
5299
1401
6589
2214
1348
4406
1749
4693
3176
2204
5642
5327
7438
8191
5876
3476
4750
3860
3325
1814
3258
4248
5283
3341
6910
5683
5839
2854
6409
6105
7757
742
6967
1704
5458
1888
7154
7636
743
7011
4151
2949
2141
1110
5018
2807
970
2479
3631
3133
6211
7657
3676
6856
4625
22
6601
3280
3160
1229
2164
2279
7740
7540
7296
2269
4199
6743
8039
6035
2657
2275
3409
4506
8163
5445
5850
6097
4075
5728
4546
6065
7100
7166
1475
5150
7968
2142
6173
458
3535
4911
4812
774
3009
7432
7331
5436
7330
7363
6115
5794
6775
7329
2036
3844
3162
4256
286
5572
495
1959
7021
2213
1556
6576
2495
6140
1896
7857
4479
2570
3203
4808
6386
1386
4838
3802
978
1526
2288
3899
7466
3319
2221
4628
7535
5647
648
562
521
6402
7047
5014
8184
3204
1512
566
3051
4421
1358
2231
357
1039
7202
8097
2693
3141
1637
5045
5388
7462
6323
2976
6357
853
2653
2476
6690
2643
636
1193
2740
6872
6953
6884
2965
6
343
2600
2552
6719
1469
6737
320
4463
3871
6751
3918
6694
7545
4379
8053
5554
5756
7850
2591
4321
4428
5345
2183
4888
3348
2764
4520
7842
6396
4493
6647
3504
777
5123
7920
6460
2801
941
2773
7874
1621
5888
243
3324
688
7062
1043
1695
5358
2906
2852
2936
837
1248
3032
338
3739
2330
4954
1057
5958
2513
259
1133
7889
672
2052
296
7922
6757
2620
4866
828
5954
5309
387
2470
7266
302
6745
835
180
2868
7307
3563
1741
5917
5740
1136
579
2813
5558
3541
3399
2656
4099
7036
5890
5829
6441
3945
8179
5067
6152
3712
6917
1843
3417
6281
4639
5384
3697
158
2733
5820
2371
7007
2174
2578
1996
4680
4946
4147
1782
3229
6452
2000
2018
3721
5357
4223
2682
4169
4047
7125
745
7502
2742
5630
4197
2087
4802
4860
2619
3124
5398
1675
3345
3690
1703
6214
5023
3107
4602
5732
5779
3479
6254
715
3
4637
4890
3351
6270
3846
1272
3588
1737
3161
6851
7365
6145
8164
883
4986
6336
586
1754
2857
6192
2101
4194
2008
1344
4766
1719
7343
994
4656
474
6295
2007
7351
4982
48
6672
7383
7726
5428
6542
4240
3093
6780
1069
176
2751
6901
5640
3607
6294
2776
4030
1723
3062
6879
4660
7685
1844
2133
6489
2462
4163
7835
2461
1228
2192
1156
8083
6796
390
989
3420
7436
3598
230
1045
1234
2426
3423
529
7197
3347
4569
3429
5080
4987
1821
5832
6700
1742
6368
1397
6835
1544
3863
3618
382
8099
6574
5535
7499
2535
7216
1769
3484
2122
1365
5639
5133
6942
3318
7644
7116
1024
6183
6594
7377
3115
1481
247
5902
6303
959
2505
7638
7431
7841
1286
6905
2306
2678
3355
4877
6765
6977
3842
487
1972
6377
6788
4630
3970
578
2152
5975
1590
222
6841
674
5713
4389
7191
3082
8045
6200
1337
6698
4922
3542
6496
206
1082
1238
1734
3547
861
1000
5089
1107
7297
5110
4741
2544
402
7022
1548
4754
4245
6424
3788
3458
4349
2180
4040
7995
6447
1090
953
6300
4657
3884
2724
418
3830
7207
4422
5100
6948
3192
6454
5424
5899
41
7173
2154
6018
3706
6283
2005
1979
3803
2136
6736
1877
3929
1625
6711
2712
3166
7422
1321
429
1813
3320
3616
5474
1030
3303
1492
2507
6659
2185
1362
7257
620
7713
3801
6252
7661
2939
5176
432
3132
5097
2193
1211
5426
1491
8073
8185
1842
6814
2668
1092
2701
303
265
4070
6520
3185
4859
6277
550
6789
5391
5530
2840
2838
3981
895
3183
7975
7277
3251
6787
2413
1624
6066
5659
6691
139
7517
5173
5565
2734
455
1509
4769
4568
3629
4712
2402
5643
1428
2058
4328
4865
7671
3854
452
1557
4788
7990
7631
7210
2481
5944
1456
7242
779
4739
128
7393
1338
5874
8107
4509
8116
1296
7515
5480
44
2187
220
1135
3361
5180
5431
5672
196
5575
5143
3286
910
6098
4211
6909
827
3246
5179
4872
6394
7005
3432
4336
3529
2928
7651
5685
6052
5442
7158
2408
4306
7346
6790
3699
7101
7704
6973
6494
4815
5195
5653
1654
6215
4008
7617
8175
6726
4821
3911
7348
253
6742
4819
1696
7065
709
4667
7391
7171
4191
7860
6435
2145
1525
7231
7088
2220
1032
8130
3796
5204
4887
7108
6654
2545
2471
7302
6028
6031
3603
5367
634
1715
6112
1596
7544
2698
7144
7104
6550
462
31
4869
2113
6049
198
1182
5310
5576
6926
3715
1978
3907
7932
5404
6887
7750
5885
5304
4718
7790
5198
2850
4083
4505
2059
7742
4447
2065
3099
4067
1540
2309
4486
1277
6716
1515
3182
5904
7142
1339
2685
5600
5024
4137
6816
6898
8155
5333
4273
7918
6189
3702
7735
847
5928
4882
1709
2078
6292
5042
2546
2399
1404
2035
3336
120
6474
4519
5673
4836
2890
1683
6513
6012
5824
7358
926
3255
2844
4903
6228
625
6679
7696
6951
2565
5477
5293
3191
5936
2311
4407
1183
7126
121
5679
6536
216
1616
3168
1947
7674
6477
2624
7012
6360
2934
6777
4370
3949
6253
6117
6949
1919
6810
2989
2921
2424
783
4259
5611
4595
1786
4323
576
3378
7003
5594
4098
7760
8056
3652
4627
3406
2363
269
7845
1015
4683
5644
2707
969
6170
5538
6042
3205
1664
3816
5931
5323
3226
4871
1906
4227
7834
353
3782
327
3583
7233
7213
1505
4308
7587
4334
7168
3063
1072
5457
888
6668
1415
2120
6964
2125
4366
5010
2318
1701
710
5760
2237
5691
5121
5481
1809
3513
1313
3238
5318
7117
2485
1202
6978
8143
3667
3455
383
7688
3297
6587
2705
4889
4529
5527
7482
1166
7690
1149
82
388
799
6718
257
5095
2483
4331
4990
5551
5196
5991
4612
290
3367
5907
6862
3030
943
4066
6486
4141
5472
5678
2497
6090
3977
7699
4528
2293
3122
3254
35
2605
5125
3337
8049
6738
2582
3858
2024
4779
3889
7153
3506
2178
755
2344
7877
5799
7476
1023
817
5655
1155
7281
2952
5103
6356
5321
1284
328
4408
6776
144
7294
42
1787
5381
1855
1538
7629
6296
5417
4745
4238
3248
7872
4973
6185
3812
275
5790
3934
3903
88
1943
7148
3579
4413
7840
1122
5182
4809
3617
4051
4499
6828
8134
6039
6153
4383
6475
4233
2903
1976
2459
7659
4547
2061
2983
3462
3219
7463
7909
7547
5775
1225
889
7467
5084
4883
37
690
1117
5880
3179
568
7376
1720
1536
262
1147
7217
6693
7139
984
3821
5698
4526
2601
7722
723
2115
740
6147
5835
8106
4431
6419
4720
7323
1938
5720
4781
1547
7891
6818
7360
1299
7413
53
800
3299
7612
4288
2525
1177
463
2971
5469
530
5815
258
3894
2752
1377
5478
3393
2537
2346
2744
7057
2914
4489
219
1886
7478
3545
1391
1102
1463
2576
2186
6497
7469
5166
377
4642
2972
2560
6023
2845
6630
3442
580
3247
1064
4004
1932
6557
2216
2417
310
4553
2581
3815
4449
963
234
2006
6658
5573
3657
2809
1476
3353
1988
7890
2410
3454
7349
3201
1766
4658
6660
5220
2786
5287
5149
1658
2765
2331
340
3126
3385
5161
683
5556
3184
7267
6677
2500
3392
4545
2160
4944
7844
7583
7160
5752
8079
394
3033
4322
7605
1927
8126
8012
3444
3602
3807
1406
7641
6067
3528
6822
2486
7892
7658
5101
6445
72
7518
1360
1291
3593
1144
1858
2987
5455
4466
3685
4959
8109
2681
3941
6156
2575
188
557
4467
1744
630
2430
3015
5392
3658
1130
6748
6354
280
4949
8084
1447
6463
3468
1602
914
6020
1697
428
5302
2846
6970
1477
5739
5784
7981
6064
2966
4710
2808
6891
2547
7474
1472
7184
6894
507
5578
372
7643
6243
6393
1329
7934
1983
617
2515
5804
1153
1828
650
1513
3061
4313
3263
3194
4215
2923
3809
6108
4327
7280
773
7473
1559
6919
5961
4797
2981
7076
5719
4430
5337
350
1539
2559
825
7072
6808
6191
1022
6383
1282
6681
7063
3790
1571
1731
3374
5805
2638
6782
5912
6087
1920
2998
4643
4830
4661
571
8114
685
207
7848
6320
7033
4371
767
2033
5239
5567
1236
1105
2589
2954
3758
2583
2281
4582
5185
5222
4929
7816
7157
2323
5194
2149
363
7225
256
628
2792
5082
3517
3947
4005
5545
8125
5485
5549
3483
3861
2913
1649
534
6265
6988
5386
2240
6628
2480
5699
5743
2302
6175
5471
1721
5233
1722
2134
1178
8187
5903
3679
4316
7382
4845
7133
3113
6525
6739
1644
5776
6235
1775
6172
7359
71
6051
6531
4052
6239
3695
7403
1169
1752
4999
8153
7314
480
6804
662
117
3089
5534
7624
1221
2418
3639
137
5053
2730
968
453
2692
3460
7419
1679
8055
5786
4846
6600
1104
2677
4048
7174
5401
4302
3979
4340
711
3499
5139
1589
5758
3083
7627
2280
5675
2064
7312
1113
6314
8033
2463
3624
7769
2596
2411
2123
5050
7269
7490
1037
1131
5174
6397
1940
4576
4044
8087
6273
5086
1115
6853
3641
903
4826
7105
7775
7372
6480
4641
7042
1520
1288
3332
1359
6389
6045
5652
4574
5081
1172
5073
39
2502
6077
1993
7193
7241
1493
5955
4117
927
426
1555
5209
4790
1442
1251
7662
498
6138
2932
1408
4950
2080
5296
4533
3052
2246
4736
1480
6950
2728
3554
6350
840
5926
4175
7621
4700
4879
4968
5350
4884
1026
5604
2097
892
7980
6247
7106
2315
4034
6938
5750
2753
304
4579
5577
3832
8165
1125
1429
1004
4210
8147
4285
7097
4192
6493
6817
4142
807
936
2929
592
6347
3511
1394
1574
1802
4885
750
5252
210
4828
1175
7955
1981
7806
4148
7373
392
8036
5241
7345
7212
5910
6907
7762
3831
4139
3471
1693
10
8137
802
5605
4173
4038
1790
5019
1261
391
4734
6130
6791
1812
3411
1457
7326
1638
6194
1294
6867
6395
2927
67
6367
2429
7461
2916
2925
2915
1587
1399
1435
6936
2848
8034
1657
1875
4874
2223
6704
3463
8047
4916
1759
4941
1402
211
2862
4894
5901
7784
3426
6403
3867
8154
7800
3768
6528
7795
1016
5852
2431
482
1953
632
355
7573
1020
5881
5256
4559
1199
6888
7425
2832
708
6612
1424
1796
4589
538
2022
5292
12
2778
7044
4765
2051
7530
8096
4108
1367
7110
7527
5734
3747
3917
7109
5054
1341
4472
3236
2367
5809
3879
4153
7219
2663
2531
2722
3189
5690
7032
652
878
6131
1253
7437
3824
7185
395
279
5895
7963
6212
1504
7186
1727
408
6792
7356
2327
1911
6504
1054
751
2466
1244
7397
7019
938
3835
6036
4310
3769
1076
5920
4633
3492
6629
352
7506
7516
331
4234
3164
2811
1819
8182
3935
2558
2084
2641
5308
2759
3368
6640
6713
1085
1448
7494
3261
4886
1412
2910
7495
3625
8088
4510
7128
7744
116
607
5434
437
6310
415
2109
3383
7407
3928
3214
2469
6325
4527
4347
1396
3556
1392
2715
197
2968
3206
5188
3019
3231
6766
3237
698
3283
2741
7961
323
3508
7455
5645
3998
6092
6279
6093
7024
4816
6784
2612
6113
3719
6501
3745
2506
7727
7239
1728
6478
2534
479
4626
5260
3881
976
2447
6431
4289
8188
7194
5709
2802
1171
2536
9
5443
1025
7424
150
6414
8023
4647
3703
7487
8144
961
6869
3936
4653
3836
1534
5610
527
5468
5963
4437
2747
1840
1717
848
2112
4518
335
939
5682
5301
2951
4989
2401
7753
1883
4965
5290
5175
2977
6143
2105
3932
7389
4962
7379
3273
3026
7512
5847
5520
5692
2464
1320
1317
5623
5171
2614
413
1347
7049
5421
276
7991
2834
845
6054
105
4317
4037
1157
5584
1830
7861
5410
7122
998
548
912
3512
4586
7015
7083
4804
6122
3446
7771
1150
3826
255
3754
2524
7705
4868
5492
5641
7715
6248
2839
6533
7854
2150
3713
1266
3441
2487
3823
7006
4329
944
1797
5631
1859
1121
7948
3693
4425
1531
3691
879
7045
1322
7565
7484
2189
2819
2121
3456
3465
4980
5886
1031
3604
1756
3294
3525
3654
367
7580
3644
6538
7586
2746
80
4597
3008
4536
6663
5119
3363
526
2964
3689
5656
3072
3847
1346
4178
4025
610
1917
7341
4253
3878
7147
5636
7513
4678
4057
4517
7103
5202
4440
7989
2153
4006
6422
7647
4241
7558
3975
4715
2182
5993
6365
7601
3711
5197
5959
2645
6549
2392
3988
7039
3939
7532
4359
3410
5965
8135
7421
2176
6096
1880
2273
4818
110
7929
2357
6420
4634
986
4551
2907
7619
4687
2404
442
3227
4237
114
559
7129
6340
7151
4350
3741
6522
4412
3971
5210
5833
860
3241
5525
2432
5742
4062
4705
4542
3330
241
5281
5028
7073
6540
4177
4942
2757
721
5246
957
3633
3986
2366
1489
5967
4534
3561
6227
3843
3490
1863
6598
2077
6017
973
1916
7055
1642
2322
5411
6733
712
1400
5801
738
4742
4101
6232
3038
1974
7827
537
4823
1096
782
2530
7025
4684
7697
7743
8127
640
2340
2791
3827
274
2175
5566
3215
3117
5628
6259
3630
1189
376
4353
5394
4209
2617
4733
2651
7290
8113
278
1496
5803
8158
3167
1356
3005
5532
6825
2067
5808
898
6666
4548
6434
2816
4265
595
4560
950
6636
1849
3306
1942
5279
5571
7028
618
2066
7429
2263
3301
3890
2625
6203
5181
7247
500
5511
990
2023
7998
637
6874
3290
76
154
6399
6645
2342
4114
5882
6268
4793
5267
5091
3775
1764
2217
6556
7646
1656
7568
28
5191
3153
5810
2420
1903
3259
899
1827
1833
7337
252
7763
5189
1698
4189
1986
1287
5513
1206
656
1713
6371
517
293
5313
3841
371
744
6994
5484
5997
368
826
6518
7115
4743
677
6991
5456
5504
2387
1934
1791
3605
6725
2526
1736
3181
6330
6198
5440
4964
1921
7571
7268
1340
3034
8058
4039
2999
6678
6154
3634
4918
1803
1884
6541
6216
5467
1490
5696
5597
5951
4839
2119
6406
7986
3127
4755
1255
7338
815
7220
6116
494
3956
7930
2831
6965
2197
1148
4182
2609
2595
6871
4397
522
3895
183
4290
2291
1668
172
1224
4160
7178
1688
3109
8069
7888
2493
7999
3202
195
5229
2871
6885
2296
5486
3249
2904
1889
3438
7520
2990
6221
906
6025
856
4125
7483
6696
2190
5071
4404
445
212
7362
7306
669
5006
306
3358
1316
7723
5526
1862
5620
7691
2781
7819
2664
675
3267
7053
509
6863
7639
3440
6618
3493
1653
7471
5988
4007
3926
3057
5585
7347
4427
1549
153
5515
6461
7873
6297
1410
4278
6099
5736
5718
687
638
6236
344
2674
5312
5627
2335
6060
7328
1050
4201
1422
1646
523
724
5509
193
3587
5383
5157
5491
1499
4901
992
5493
3098
3921
3783
5085
6669
7954
6450
7340
2616
6571
3766
4695
5446
1890
3717
6443
3234
5021
4343
7950
5660
7318
2991
5708
4875
488
5969
1073
2460
870
6609
5668
4563
4609
1109
2252
2347
3279
3669
3418
2062
7588
5688
6258
5947
7966
4640
4498
3453
5651
5858
5277
5891
2300
4969
7037
1158
3723
1204
2303
168
3760
5243
5875
3003
6523
2689
4537
5811
1801
3401
7367
1361
4578
2731
231
5464
5022
5796
300
161
4682
3779
5710
8025
5680
339
3021
1418
6465
6412
2940
2626
1518
5919
3040
7221
7051
399
282
1461
7479
5113
2428
6966
2683
4432
7628
1465
4665
3671
4174
7831
5422
7974
5918
412
1227
4337
1487
18
2884
1804
7801
718
4511
8050
6178
1866
2821
1807
6847
5914
2729
33
2571
7645
4351
5836
4881
5088
1101
7710
3240
5380
2232
2629
5151
