7887
5852
6938
2775
175
709
7117
4084
3207
5899
3338
6230
1144
4389
684
2101
5226
4999
1038
1039
3098
4372
5766
3987
4219
6191
6950
2227
1575
482
2395
8184
6651
5848
1638
5056
6387
2655
3321
419
3895
6224
104
2206
5462
6329
4234
5183
3422
5066
6275
5489
2826
8008
5678
7510
3877
1642
5519
5685
329
7546
1758
4430
3239
545
5549
6412
195
5572
7774
2698
578
6452
1175
1960
7371
3073
187
7793
212
7378
5126
6353
7187
3995
3653
551
558
2181
2807
7170
2467
1615
377
7405
591
4610
183
1562
3189
1678
5854
4908
3316
2214
6459
3028
1717
2731
2237
7244
4017
4
7826
2112
6622
3629
690
2246
3011
7119
7454
7732
4058
5384
6019
6551
938
2135
2948
1306
1693
5451
7221
4745
6257
4125
391
7152
7692
1694
4052
321
8037
2890
448
1829
3710
6858
1424
953
1766
4477
2553
5428
7967
4739
3458
7507
5740
2869
7181
7446
257
304
2664
4265
4149
628
527
7584
5431
392
6426
2619
18
4255
4173
2564
8187
3388
80
1086
6381
3116
2706
8063
7951
3738
284
7443
4514
3502
2490
5396
7359
2829
3646
3851
2106
7824
1370
2046
5016
4691
159
7800
3415
1322
2265
7188
7816
936
3519
5900
2063
4001
6988
6639
4534
1518
1082
2073
5714
3100
8021
7450
2185
3152
5161
6568
2491
5288
7240
3283
2690
926
4688
6793
5240
3017
6357
5961
5918
2469
3249
4928
3853
6565
3560
2585
1119
7249
6957
6055
7180
7715
7779
2136
3705
4065
3789
2144
2153
7971
7544
1246
4192
5088
6655
1054
3901
7337
4079
8112
2730
6736
6765
5002
5015
2808
6777
3314
3957
1158
3648
3615
7525
759
7239
2514
582
2997
1406
474
7243
3834
556
6877
7856
4448
5329
2018
6627
2030
7643
6028
3399
5234
7025
7151
3390
1838
5887
4115
7264
7484
5506
3972
50
6863
3773
5072
5979
7027
4842
2708
6352
1132
2929
5094
3419
3988
4633
6428
7866
5874
5530
1311
1803
4994
3637
4008
7485
7632
3124
1686
4067
8177
3838
6584
6718
370
7248
203
2643
4848
2961
2817
5360
2298
2528
2774
2584
6346
3768
3414
4800
465
451
1280
6468
5737
2405
5668
4497
1759
7676
8016
1216
7430
999
5127
4985
3013
4236
3630
5876
3353
357
307
282
1748
6687
7642
5797
7723
3788
4459
2155
5817
1835
4296
6898
640
4772
2283
7258
6686
5765
3844
490
491
4424
6007
3731
6641
1881
1918
4498
6633
7368
661
5604
181
4341
5143
3518
7616
2045
8127
3766
6385
3272
7256
4659
2640
4166
6097
1874
1849
4047
3228
994
4906
6839
572
1736
7733
7699
5351
6293
3815
6095
6991
5601
4016
5588
6702
8130
776
2832
252
1579
4597
7888
1310
7433
6180
5390
3443
3423
2242
4146
7601
4463
2110
4005
2853
3839
6604
4525
5861
7898
6453
5086
4032
1217
1172
7989
4609
2067
5067
1890
5167
4023
700
5733
139
4179
7010
1756
943
6017
8043
1606
5290
7373
3849
6132
3631
5809
7815
3889
2863
7089
4958
2123
2388
7872
2033
5826
8046
1301
832
5746
1035
683
1156
6126
4322
3582
7538
7586
5254
188
95
4990
4076
2714
3929
1742
4139
8019
612
3230
1228
6290
892
6683
3869
2472
5260
3651
6543
2506
3930
2382
4336
5751
1320
6289
434
4116
3793
1577
7423
1951
4811
907
1407
4910
1814
7876
1825
3391
5893
158
7055
5699
3050
5890
4046
4262
1477
5172
7144
3244
6555
3192
4608
4446
1022
4069
7447
5069
793
1936
3529
5762
4856
7336
270
6726
3913
1337
4375
2783
6066
2701
4527
7247
7428
5425
5488
7799
5174
5825
6313
7214
8182
6608
3395
7909
4599
6803
6621
7726
5356
7649
4972
7655
5522
6305
5955
3964
665
292
1749
2
2286
4767
144
3129
6330
1574
6541
542
2684
2962
5159
7124
4213
7295
1811
7871
1141
3004
2347
3916
2914
1992
5859
1046
4976
4949
4674
4169
7172
1898
4059
1240
7324
5091
7014
5988
6056
6255
7990
7808
4103
3054
6211
4413
3820
416
1467
5251
5215
31
5186
4508
7817
5199
5165
1557
6573
4148
4604
266
5060
4868
5622
471
3682
7850
2380
7452
5387
1036
3163
5808
1597
757
3275
429
4342
3379
2121
5261
6127
5365
5660
504
5716
179
7915
4138
2990
4974
1520
7811
2733
7389
30
1976
698
7133
6710
2363
69
5142
1929
1734
4426
5727
4642
7283
444
3776
3187
4577
4150
4311
7272
7814
7966
6601
102
4887
5645
1151
4225
6852
7177
4864
1154
2306
2568
5031
3347
4993
2429
6327
279
5020
6087
3482
2238
820
5194
4861
1558
2671
6266
8119
210
5947
5342
142
5711
340
4422
2394
5380
2634
7946
1382
6806
4593
2970
3241
1892
4123
737
7467
68
8154
2516
2530
6458
7991
5965
318
1252
7594
2573
3841
7303
7195
7448
1045
3126
2044
2518
8067
4408
3636
4672
4733
116
5948
809
3327
6982
8151
3501
7593
3403
1720
8098
6295
5508
1137
7862
7217
6223
4983
7275
4810
333
3506
2747
2958
1662
7035
8122
7515
4441
6271
2710
41
7382
7007
2754
929
4839
2779
1641
7134
202
5114
2872
6103
2989
4627
2662
5235
3248
4233
3105
687
6556
7137
7077
5623
6889
3884
2718
617
1218
4656
2572
7748
2561
5637
4196
1235
6597
2936
507
3487
675
6174
5956
5880
5504
5831
7722
2904
969
5196
4757
1021
6860
4569
1667
2802
2511
7029
1942
2131
3271
7614
846
475
899
610
4106
3132
1504
8089
910
4938
5986
1042
6005
7573
3087
6920
5683
4760
1283
3048
1292
8049
4390
4584
148
5745
6360
184
4860
422
6653
8155
2583
3304
2055
5540
1826
4940
859
567
1676
2413
64
577
1830
6789
7619
1366
5346
7940
3922
1522
2688
3808
5053
6286
3161
2735
1303
4041
3018
7056
1369
4904
4457
3246
1025
4765
7267
6374
3436
8081
4546
7357
2896
4287
6496
3547
3621
5783
8191
437
7648
1665
5984
5500
1380
256
6665
6142
468
7895
2417
5024
6111
441
7700
2651
3579
7958
4926
2859
6316
5147
4313
3242
6530
6196
1553
1937
6479
6292
6824
5813
6312
6167
84
7750
1640
7537
654
5702
1324
2734
8091
1011
3168
5724
4178
2367
8029
48
4121
3084
2477
3183
6523
7084
5099
6162
1851
4215
3357
7710
88
5287
2066
6323
5989
7841
2563
6730
4120
6752
1866
3093
7342
3515
2361
3665
231
2611
5014
6998
6973
8165
7091
384
4347
6731
2116
758
2499
5317
5438
4670
3193
3240
2250
5839
4738
379
6469
6217
1605
5181
4709
7599
7842
4238
1108
2100
5877
6393
1149
6748
868
4159
1990
6061
4027
1274
3970
6677
5638
7384
233
431
6914
6169
7297
1689
2951
1729
478
2120
2364
3389
5201
602
2864
1404
2494
2792
3730
7105
7805
477
4454
6976
3857
3206
25
2411
6463
4565
23
1405
1120
2885
1243
508
568
3915
3297
8160
5330
3551
7514
4206
3027
2104
119
576
854
6760
3227
1295
4237
4667
1211
2318
2086
3809
2183
6020
5603
2085
5026
4683
7944
4387
3661
3164
6198
7651
7674
1980
3197
71
4137
2712
3068
186
2150
4603
56
4616
6186
6814
3714
152
2402
7148
7478
4943
2509
6475
7059
5474
5690
4946
3025
570
7197
3596
5776
7771
6247
4788
7776
3123
6384
5674
2749
6960
7315
6178
1788
7962
1733
4576
3245
2445
2641
1327
512
54
3317
6082
3049
2404
1735
6064
1554
4843
3090
2178
6586
3801
835
6038
2765
7574
1674
5038
4201
7364
3558
7683
6031
2419
7916
6986
6685
8163
6363
5299
4931
3286
7720
6423
7501
4443
4968
4314
4286
3370
4978
2058
2249
7860
5771
3035
3108
1560
5749
4329
2392
7194
7094
6808
6291
7626
2355
822
6083
4364
524
8131
3574
781
5898
6480
2918
3575
4875
1293
2659
3681
2813
4295
7314
7103
3959
3421
3826
343
5605
4936
5118
896
5535
5532
6766
6029
1148
6557
3265
1957
4807
5177
7880
396
972
5920
1996
6207
3022
4323
849
7003
5339
673
3294
6269
6122
5083
3285
6425
5466
2487
2944
746
2485
3204
2667
844
2889
7477
5805
7769
5536
6187
2366
2220
4524
5648
7612
6309
5256
1889
3893
4916
6977
3603
7482
6823
3782
2644
5164
1513
4144
6460
7298
2322
2657
2639
5090
1844
4247
7242
7040
1979
3470
633
4735
2742
580
2387
4719
7222
7110
4182
7086
5553
2692
3990
6958
2456
3352
4087
5117
332
5936
4207
4867
1677
3308
8078
1185
3341
4955
2059
7186
5832
247
6466
5647
4827
1637
8075
624
4913
5388
3402
2113
861
4988
5383
4549
3539
877
6025
3430
7223
715
2576
6548
3825
5774
7123
1296
7731
7095
3019
3835
7663
1709
7219
5503
1383
1956
3424
6086
6454
5373
3474
1891
404
2836
3508
2658
4073
57
6392
2729
6720
3397
6577
4804
6263
3143
3260
5100
761
6001
3902
1761
1683
7438
4695
4942
3635
7536
4798
769
5430
4091
5262
7458
3743
6049
2685
3680
6674
6183
4529
727
2304
5763
291
1390
265
5886
7189
7881
6890
575
2534
201
4254
6694
7404
2124
7431
7823
1189
674
4489
7410
4421
2715
8038
5033
260
6690
4112
136
172
6688
4747
7402
5858
1827
4190
4022
3589
7631
6727
4034
1271
5307
2870
7716
8134
590
200
6414
6569
1523
1586
2591
2328
6137
5149
4632
3257
5703
3056
940
741
1134
7558
3340
301
6888
6881
7020
2837
6585
2888
646
3708
3006
1541
895
2486
316
6838
3441
2244
3514
8000
2539
2927
5882
2156
2978
4699
5853
3712
7677
5368
1081
5923
4097
5424
7597
4293
2803
2427
6446
7681
5416
3845
2234
4216
3497
4592
3830
4260
2788
5079
2753
6069
3176
2352
453
1580
6625
6358
4163
3878
6790
5814
5619
6706
7725
3433
5348
6448
3077
1783
5137
4127
6868
1880
4354
1126
5119
4064
8153
2090
5726
1998
3247
7796
7647
7268
6578
6484
67
498
3552
2447
263
4248
8105
3771
5324
2464
2941
2513
5263
4450
4328
5160
1988
6921
7162
3449
1001
1726
3800
472
3494
6949
7998
7757
7050
2414
6359
55
4907
777
4979
6042
2932
1064
5775
4854
4815
1065
3932
6145
388
4871
4444
5926
6261
2020
5459
6753
7149
4589
1875
2373
376
3137
4045
5931
6672
1656
6090
5250
4874
5802
3448
7064
3165
7420
2770
6067
3700
7069
5822
3907
6163
4631
2452
7220
58
7031
7758
1236
3897
4859
1533
7912
1691
1278
1570
262
1927
2099
5003
5966
3021
7836
5709
6701
7531
2493
7789
5458
7284
6124
4170
5463
2650
4266
887
7650
730
7156
8169
4625
234
1325
7225
6160
6351
122
7747
4423
2721
8073
1099
4834
7983
4151
2119
1343
4581
4466
839
8056
7028
6509
596
1241
1436
537
696
1955
19
7972
963
4511
3378
6285
934
6867
3234
7252
3676
3667
6115
6922
6524
1428
1911
866
7021
1762
308
3618
6579
4177
5102
6050
960
293
3295
4420
1745
1458
4507
5340
2324
450
1123
3479
2091
7607
2974
615
6282
3299
6123
7499
5928
449
2231
6300
935
7973
778
1267
4829
1569
689
5646
5902
2795
8103
5306
2806
6481
2169
1621
6501
4675
5632
2054
4267
2072
6546
5720
2321
803
6047
4111
3452
3759
8062
7147
4416
3562
5150
2080
7229
3029
1070
7101
1919
5976
1029
5476
1033
2125
6455
1178
7613
3823
1060
2880
7511
8132
543
1116
2764
1690
4957
4600
748
5576
7127
2541
1502
417
5208
1561
4230
2637
671
5835
3306
3976
1068
705
3754
4987
4018
4703
4880
3111
1978
8032
7157
6892
6332
1361
2707
1387
189
455
1338
3966
5661
692
1230
5542
8042
6821
6974
2824
1512
6354
3384
6896
1544
6681
7063
6045
6220
427
3445
3564
47
1986
2833
7142
6929
8041
65
3256
2971
3400
5704
3785
1775
4897
6362
269
1114
7500
415
207
4562
4105
1159
7524
6738
6401
1671
5093
5076
4104
3229
4560
6388
2126
3053
1409
4766
2164
5157
3912
4402
2096
6268
3943
621
8068
224
6438
7153
3837
354
2771
3871
4315
4803
5483
7679
147
8027
1097
7809
5516
2317
3674
6599
198
1463
1596
4242
7338
8150
1095
4033
2544
5359
7782
7705
280
3577
865
6661
7878
2295
5187
7464
2624
5927
1248
3974
2508
5241
1769
5815
456
5124
3769
7724
7150
916
6034
1790
3521
4992
7100
5602
7659
3656
4717
5189
4440
4681
7852
1299
5444
6170
8157
5710
5412
2923
805
1612
1746
4077
1471
7492
5006
6931
7859
2230
1967
4327
2538
3102
6887
7905
862
5566
7697
6801
7540
1098
1304
1587
4241
4510
7874
3868
707
894
1702
2012
3408
470
775
5671
3122
4474
5649
8011
8034
1242
3311
2341
2891
51
7933
7174
6903
4482
4564
885
3492
3804
2745
7462
3543
4623
5333
6447
5129
2140
6558
4644
7666
5914
6335
4094
2241
4802
5718
3325
6206
5560
1100
8185
4109
3085
1845
5959
2256
3983
5039
2741
3587
2403
509
7453
1300
7388
4358
1101
2036
1411
1543
3678
7346
6370
6832
1089
7833
914
5404
4607
3269
93
586
4392
6745
1378
5544
946
2912
7760
8190
7787
3203
7409
363
219
4259
1516
244
1024
3904
5305
3874
5211
37
7931
2719
773
3437
3332
2678
5243
6514
6231
3462
5212
6232
4787
3885
3652
7980
5314
2308
7317
3238
6699
6682
232
1708
2356
7216
1602
1634
1993
6350
2137
4037
3160
1362
1763
827
7834
1288
5946
6106
4544
529
2985
2280
277
6802
3121
2977
6128
5190
619
7936
4405
344
7583
965
6134
905
33
298
8138
5608
4855
267
5433
6287
5169
1953
7737
565
2138
7630
2441
5778
8116
4505
5315
4919
5402
2111
5095
5517
1289
763
2867
6499
2008
3490
5311
3657
7207
6965
2480
4753
6670
3624
4930
869
6725
4458
1043
1725
17
6212
5389
4003
6847
4773
981
3548
5972
7843
838
530
702
7328
3767
1399
6476
1872
5441
3950
4888
2070
5584
1517
5847
751
7302
772
6611
6729
6572
1250
1077
1842
3654
5323
2543
3305
1947
2412
3677
165
7999
6235
3504
828
7686
6161
2537
5696
6534
2661
2215
330
4734
121
5543
1044
6280
4830
2967
898
5107
3933
6759
6614
4057
6326
7744
2158
3363
3566
3442
7635
4678
3329
7380
319
7995
5085
2711
5922
2212
4582
889
874
3784
1455
7442
5741
6692
513
4740
1395
5836
6443
3758
3875
7736
2353
821
6400
872
6051
6983
3064
3719
3978
5116
8079
1801
3336
6816
3296
2013
364
1713
2053
7753
3984
1368
593
5558
5547
3401
6779
3235
6030
7334
3949
3753
1648
1700
4294
4902
5005
5529
2588
630
4905
272
2789
4082
6133
1914
1465
7678
6450
8086
1706
7132
5731
4700
7505
4624
5658
5533
4799
1581
3376
5406
7121
464
5640
2998
3114
5422
2682
2504
6048
1685
1353
5285
1527
7427
4651
1328
2130
1103
3177
6165
1419
7623
7606
3803
2801
3568
4626
6114
4961
2253
36
5197
3180
5857
2693
4706
3459
6813
7375
973
3833
1135
1828
964
9
3146
6643
4291
1333
8039
15
5617
2982
4601
7585
7502
2969
5767
6071
7903
3343
1167
4261
5415
5188
4081
4412
1012
2358
992
7083
3078
3416
1169
6833
2489
8096
7475
6157
7273
792
4572
2895
4570
5806
1789
1933
108
1281
3243
7087
185
7339
2290
864
1635
3392
1102
1552
4825
5781
2209
8121
85
7846
2458
1603
4036
4578
4941
7335
6539
1165
5755
7590
7154
1712
6754
1879
7352
979
8014
4494
5769
8095
1547
7318
7024
3530
8071
5233
5374
6256
6405
798
6841
3592
4184
2924
1410
4517
3924
7523
2261
4922
5870
3350
242
4762
4575
7479
4411
3704
3428
5210
7773
3891
497
2840
5611
374
3569
5021
6272
6373
7002
5216
5974
6193
5760
7764
6559
2285
5239
4536
1109
1329
2505
2128
5486
2281
6575
4515
3969
7308
3545
6418
2370
2460
4028
4218
3764
7877
1251
2167
5756
1841
2810
288
561
5084
7015
5596
5626
1618
3381
6592
6209
603
6818
983
5758
7231
649
3059
7016
7372
3212
3733
4188
3349
2500
1117
1373
6926
5316
1490
2325
2098
6879
134
1354
2996
5873
7319
4183
4858
3005
7356
7806
2271
5265
795
6741
7875
1429
3196
7675
6253
4345
1372
2608
4361
7992
5980
4948
7092
5680
998
4901
4131
2827
1991
1426
5919
1196
1819
5717
5092
1503
2362
2315
1131
132
4367
2988
2305
6436
5302
7491
3748
4172
4284
4040
4495
278
6933
311
3599
653
1245
1174
4639
4533
8135
2289
4472
6184
4969
78
5964
3002
3330
6348
2635
8133
4676
5439
6372
1473
1124
1285
6431
7038
4618
5399
5748
5205
7
5007
4528
3226
7128
4837
2330
7913
5296
4579
1909
6770
5841
5594
7955
1113
6489
3009
3191
4895
7461
6916
7825
1421
2331
6739
5764
7201
6338
1507
1418
5992
3894
6861
7693
6705
1305
3200
3772
4845
848
171
5417
442
4557
6678
5915
3031
177
5842
5828
4537
2216
4796
4744
5070
5257
5043
949
4679
6980
410
1815
2689
2784
3749
7331
4301
6147
4598
3960
7495
3741
6319
6369
6857
7559
4831
2648
3036
6076
6715
4186
2252
1345
2594
4312
2551
5551
3709
3668
6943
5284
7719
6413
2822
6033
5985
1258
230
1515
4338
1684
7829
1059
3722
4465
645
6110
7954
4812
4893
2147
5017
7310
1968
3184
3178
5106
6449
6967
6749
5369
5409
1431
7897
6936
1588
1643
8069
3797
118
5170
3382
4595
5580
3591
2239
6609
6962
1191
1777
7851
7290
7553
510
4009
506
3434
749
4278
3360
1906
4784
7572
4471
4142
3088
4903
5280
4630
7416
1948
3780
1444
1249
7367
5490
7227
1506
2218
2398
5300
389
6503
1069
6437
3171
3557
4160
1259
1821
1609
66
1092
7474
2457
3693
1860
6241
5866
2182
7198
3807
5993
6659
7981
7270
1793
3374
2260
4117
3496
4785
4167
5482
3199
549
1308
6871
5881
6987
710
6467
5875
2333
841
6356
3641
516
150
3154
2079
6070
5987
5246
1511
5824
3486
5363
4161
2796
2245
3824
3685
8006
4208
6432
6371
3813
1631
7439
631
5049
4010
1496
4545
7798
3628
5851
6786
400
2866
6054
6298
1394
2761
4817
4013
6628
5112
1084
6018
1195
7975
1893
1489
4417
3503
2955
2343
3069
4349
2555
2793
5579
6537
4712
5843
6284
7853
5681
5493
7795
6995
1899
2972
5983
6375
6631
2061
6407
4012
840
6989
652
4050
2598
3278
336
2451
6872
4971
1901
3847
2228
4007
985
5942
5867
2108
4211
6626
5343
1023
6984
5023
4711
1730
4881
3524
7312
4636
3366
5705
6880
2269
2737
1555
4395
7780
4071
2913
629
3307
5080
3014
5567
3135
373
4425
7044
583
1413
131
505
261
7277
348
5656
924
4573
8111
2946
3729
5445
618
3865
2917
4330
2432
4882
2042
5227
5695
1535
2566
21
514
968
5022
2416
6192
345
1006
3870
4396
681
7078
4393
800
1422
6768
7718
4339
7922
7468
7665
2115
614
2786
2191
386
7305
7136
6015
3144
7160
2527
1916
7023
5613
4665
3683
4770
4292
4732
421
2152
4778
5624
6063
8020
1273
6205
2952
7285
2105
2233
8044
3468
3252
163
5435
4356
6807
4986
2629
8077
4563
6939
3806
2874
5481
7379
2672
592
7900
4622
5635
7588
1655
5970
5437
2390
243
4541
1806
4439
4850
2151
1093
3706
7784
7140
1751
6624
2177
5865
921
4520
1500
4795
6828
6937
6521
1861
1367
2627
7386
4321
3565
526
3900
3405
6059
5554
7669
7001
6773
1938
957
2165
693
2933
2074
5694
6225
5309
4437
4865
5662
3854
8030
6942
1782
7896
6493
813
2210
740
5401
6901
7579
5426
2189
1476
4823
4418
4750
1313
2535
2462
302
1425
2052
1047
111
6899
7288
6404
1075
5578
2814
5777
4951
52
997
164
3537
7812
7519
876
6411
4427
7695
6671
2557
6213
6684
6716
6072
719
314
7434
7081
2600
1015
6751
222
2548
4021
6164
3554
4481
1170
6151
208
6544
7638
802
1439
3633
347
0
5639
3394
3778
7449
5954
4101
8136
6744
1839
6302
7400
4210
6843
5612
1442
3454
4637
7668
3707
904
2291
2254
956
2623
7419
643
5929
851
5759
5446
4664
5304
7304
4553
3726
7821
1239
3198
6498
7801
5320
2194
1002
7581
1598
6094
4715
4250
4043
7093
4257
6422
3250
4793
5242
7566
8137
162
5153
5819
4391
7831
616
7646
4963
1085
1408
454
1176
6297
7652
4335
3298
1485
3263
3355
3231
368
6792
7577
2831
7997
3850
7615
3438
5182
7735
5267
8143
4605
3099
6504
3092
6762
4918
5440
7869
5122
1755
2446
4646
3270
436
229
1162
5327
7911
6927
3921
4110
5222
7403
3067
6080
922
4414
5700
6660
5249
371
4307
7498
1950
2357
1944
259
4024
1468
440
2762
3711
3292
6420
6940
4602
3911
4366
2401
2999
7978
5531
4729
2545
5655
3760
2026
4629
2705
1388
7993
5666
3404
5591
2034
5449
5792
2676
5028
1632
2161
44
6336
6728
2666
6811
1599
8106
7435
5910
7621
5511
2523
1355
6935
1654
3044
5289
2574
855
1398
6402
4934
3446
3805
2947
3216
395
5272
4235
4819
4512
1106
6619
7022
6483
4083
595
1539
349
7680
6439
1318
7138
3012
2345
815
5180
1200
2503
3812
1633
2994
597
2884
721
807
2560
3585
237
407
299
3595
4132
7457
4469
1139
733
6791
1009
990
6149
2407
3626
5977
5354
220
6274
4228
4900
1864
3478
676
1928
3047
3037
6246
3407
130
2168
5687
789
7332
5663
1168
5400
6581
1376
3597
6934
3590
2132
1854
536
755
4352
6185
7361
826
1244
6709
1400
2129
6968
8007
2542
1529
8149
4305
1974
7943
4470
4671
942
7401
7349
1143
566
1062
7294
5864
8124
1441
585
2350
6190
5577
7567
3358
3489
2015
7768
6635
6693
3312
4318
1922
1731
1145
2003
1657
4914
7257
5801
4436
7730
123
547
1757
1701
3752
7858
7079
7884
2759
4014
4869
6040
4072
7589
236
5644
5310
3015
1812
3447
8061
1184
4758
1475
1608
173
6355
7738
6675
7889
7822
7739
6140
5916
2673
7202
4251
6772
2723
2310
2669
228
7393
12
7042
1611
5675
4588
8048
1412
4540
3863
2940
113
3145
1104
4369
6085
2273
1857
6616
3377
6041
4126
8022
4506
1934
6317
1963
1695
1030
3828
3903
5523
5185
1932
6883
366
6044
4647
2879
5364
5856
3761
4728
5032
7837
651
6505
2992
5168
3934
3728
6640
3045
289
485
7125
4649
797
3781
6961
4362
5570
7104
2195
5037
3663
720
3525
1525
2247
4947
4555
2479
743
3375
5271
14
218
7241
5386
4277
3147
4737
3169
5784
6052
7469
5073
1261
4063
5303
8129
225
5575
3237
6526
5000
6179
5378
959
6391
7703
2865
7234
3882
1138
4343
4394
1125
996
3101
6563
8074
7052
7348
6495
4492
1448
7026
2476
5905
3981
6146
6002
1601
3619
1488
7376
2259
6664
7126
197
6440
3604
3745
285
2478
785
6077
6615
6878
3155
7407
2027
1457
1188
5128
2011
7203
1785
1846
3310
1282
6900
7504
2488
7575
6902
1314
367
2862
1260
7696
7212
4404
5193
7171
7949
5089
788
917
6817
3601
2893
986
5253
294
3923
4376
3488
3861
5191
6561
2041
3879
2438
3623
5381
5392
5872
2736
919
5883
967
2075
2845
1080
4401
7534
5050
2520
604
2843
481
2782
6267
7163
5097
6820
4232
5548
5259
3142
4382
4805
1786
7637
6022
6873
2697
6512
4300
4462
6906
4721
4093
2409
7353
6782
2964
1450
2276
6602
5888
2217
3622
178
306
2907
6864
5347
6502
7065
7929
8144
2980
5394
3556
552
7159
7374
3186
2385
4388
4648
4074
3066
4499
852
5478
7185
7948
6695
2934
4447
3607
2279
5963
6869
6419
3991
1478
2860
6497
3546
240
991
1679
2329
5195
4935
7097
8076
2850
6442
7145
3927
480
3645
6136
6992
1999
2047
1958
5673
1096
6711
1593
1153
680
5561
1859
7130
214
7436
7113
7551
5468
4370
7899
2068
6367
5949
6999
2235
274
8053
3097
5652
4783
1221
4279
6719
3259
2006
3920
7996
305
5301
5231
6281
7395
7512
6979
3947
1133
3955
2772
3251
4464
8167
1330
1052
2268
290
2722
5247
4256
4099
2987
1509
1040
2143
8146
3280
4134
7682
5539
2174
2920
5497
5025
7345
7396
5442
6251
1584
4054
239
8141
115
1884
2134
7262
2076
6143
3814
4890
1152
4789
1774
3686
5838
5994
853
4158
3594
258
1969
1155
6078
2468
3335
3020
5934
60
3267
1776
46
4231
6747
7520
3484
4191
1181
3282
1232
3450
5520
6238
600
7299
4114
5217
912
6109
324
114
1954
7772
6781
3928
1630
6618
3740
947
5382
3369
1747
6488
3140
8047
4748
4693
146
6763
3289
192
2849
7820
2320
5491
2959
4086
7660
1202
5555
6339
250
4813
6735
607
6264
5042
3588
3620
6181
3563
6538
4959
2301
6956
253
140
7071
7569
8035
6012
3573
409
1487
1687
7950
6946
2057
1482
2502
531
4710
406
8108
1940
2160
7919
204
5518
668
3910
2434
4924
3460
1225
1440
2877
3908
2856
4038
1276
7797
4889
5538
493
8083
563
1573
4246
3541
2740
3417
2296
5609
7763
6492
6947
5111
129
3944
3194
3550
4019
155
35
5308
7977
7322
1505
2219
1772
5175
5075
1302
7587
1614
5377
724
503
325
7923
1076
3303
2463
1290
438
4451
2522
6417
1078
2232
435
5593
6473
7183
6155
6787
4030
6737
5480
3412
7205
6344
533
124
6035
1977
2928
5513
7785
7963
1238
7863
8181
2621
5120
6908
3936
747
2847
4677
7228
7070
3319
1415
2203
2950
6855
7602
5479
518
6798
6152
2384
7114
8097
7019
1810
4982
7749
3859
3906
2251
918
669
978
2097
3125
2603
2193
5556
736
169
3255
4643
4088
7658
5820
1193
2963
3544
8113
2127
7414
6722
3608
1981
8023
7827
6723
3427
3318
1183
7413
1483
5286
5264
7578
6870
4751
3584
5896
6491
135
4727
879
626
3109
2818
8120
418
7910
3994
5349
8064
5636
1055
1688
4263
1317
6515
7481
2141
6482
7684
7350
2886
5134
2702
3532
1223
5654
7603
3739
7854
7460
6969
2875
4513
1738
1591
4873
3383
7321
2720
6462
2868
4435
1728
4835
6311
4731
6757
6990
1160
4049
7541
7030
4797
423
1816
1831
6932
5485
2922
7794
1459
1680
5950
2319
6954
5630
4554
7296
6159
1628
8115
2288
2811
4522
6177
2757
2406
7656
6634
5499
6997
7932
7053
3023
3166
6663
7560
6265
4548
3862
1616
6215
7109
7729
1855
1437
1578
5729
7213
4705
1392
664
2109
688
3612
3888
6840
4270
4774
3420
3062
1495
3222
4378
4808
2559
8140
8082
2835
7254
1970
3643
2272
473
5906
4975
2316
2691
1136
7417
1284
6893
2294
6632
7509
7885
8018
6704
3117
768
7617
6451
1798
2855
3070
1964
5684
2396
3346
1187
2626
799
7106
1014
1941
5275
6941
3007
5398
5334
974
3985
528
856
387
6613
7835
6308
4614
5054
1664
6389
7740
7762
91
2426
1548
3600
5403
3110
3010
4791
7987
3362
7018
1034
2556
2205
6023
2615
5009
5101
3475
7945
4143
4542
7513
5140
535
3072
7840
2581
5370
945
5770
5697
6470
2590
1935
5074
7224
7465
7622
564
7807
4280
5925
40
1565
7810
6928
5136
3365
6315
5044
2828
5958
6053
745
686
7441
4269
380
1886
3455
4048
5799
7570
5471
6919
823
5811
7333
1384
6794
5524
414
4273
4716
7755
6105
4212
4962
691
4697
1773
893
6540
1341
3831
5600
1862
2571
3380
6021
5545
3945
4662
4221
3956
1208
157
6835
2270
1781
8147
6580
5277
1019
4654
4846
3076
5012
3816
8171
3658
7766
7664
7618
3071
2339
880
5557
5293
650
7362
728
1298
1744
2021
7518
2794
7727
3138
723
5081
4844
6456
4090
4669
59
6582
7496
3510
762
7293
4346
7190
4619
5568
701
4743
5793
8057
3848
8054
1497
1472
8040
7237
1443
7886
4385
2335
4532
7528
4485
5780
5353
2200
4921
7939
3219
6173
4100
1661
5620
2547
6011
2267
334
125
6882
1645
944
2582
2512
8188
6000
1869
2798
3779
6587
6545
2700
7155
3074
1007
2114
598
4240
5933
3179
2133
4002
1121
7818
1204
5166
5940
7938
7624
5013
1705
4226
3858
2025
2554
4445
2262
6767
489
3505
4756
7934
3060
8010
3261
4923
3236
3131
1617
6
401
6511
446
1164
4832
4185
3822
3463
1669
3899
5230
6617
6566
2004
4769
5679
3570
2005
2437
8065
7211
8024
2631
4878
4543
5686
8084
226
6553
3721
6595
3351
6279
141
6195
5171
6603
6306
6386
3867
5355
2570
3150
7728
7988
7245
4724
548
3817
6219
3063
4591
2606
7921
1724
1882
238
6676
5204
1926
7210
7914
1386
1063
1480
5909
4754
2842
1461
901
160
2369
2695
6783
5475
3765
5331
7627
5628
7644
5743
1481
794
7255
4912
6607
460
6774
6836
2211
6549
6260
5757
5457
767
2668
430
6421
4726
4154
3113
3081
8104
2146
5148
7952
4203
1627
2062
6328
3367
7625
920
7033
6637
7917
2851
2342
8088
771
6088
1877
1486
7173
5798
1848
7204
7167
6073
1913
3542
1359
7941
2949
5732
1416
4777
3086
6679
382
7873
211
1663
5515
6301
5969
420
4078
1247
4461
5495
4035
4055
6948
7925
7390
2069
4915
6378
5163
5367
1966
7778
7406
4473
8186
8183
925
1013
3732
5607
3429
4399
3791
5192
209
1853
5207
3118
708
6805
704
4217
4847
1177
7112
7976
6141
589
34
3942
126
658
3293
635
7743
550
3625
2196
4373
2799
310
6016
7709
2727
4836
7765
6026
5104
7037
1971
4271
7466
6156
3811
1180
4141
6113
697
1931
6490
4580
5245
1538
1566
3975
8175
3684
96
1166
7706
5411
2622
636
390
1028
5206
97
4701
4056
7073
5634
5361
3313
4746
4518
5642
4484
7629
143
2549
4156
5357
4634
3852
787
4320
4516
3466
1379
3262
1510
4157
4660
7425
4826
2471
1896
2035
1074
4501
3001
1809
8178
7576
7193
6970
2359
3167
5599
7385
5885
8100
4696
811
7902
7960
2861
6461
7870
2255
4661
2465
2243
2532
7034
3410
4004
7329
3872
3613
6874
6819
8176
7957
6689
7961
739
1619
3065
2439
1326
317
6680
1920
8087
3979
1802
3322
699
2882
7175
3698
3701
6517
7527
5967
3393
712
6098
5944
4872
90
3213
5565
2820
4752
1112
4107
2533
5597
2901
3158
1352
5688
1719
2787
2344
2078
8172
2423
6796
6886
7770
6795
89
5452
6377
42
3616
3763
7662
223
6204
5891
8015
1356
3464
3968
1385
5345
75
1464
1122
6698
5319
5098
1018
4039
1335
3523
7061
1140
2704
1391
7426
3453
4655
7017
5294
5863
7847
3610
7640
168
7358
573
5358
5528
428
1090
6837
1818
3520
7516
358
2383
987
2372
2525
3827
6254
7143
2725
7506
7306
5065
5145
825
3746
5791
7907
5794
6590
911
4480
5453
3334
6395
4960
1451
3836
1959
5224
3328
2312
7775
4386
1945
7459
3368
6099
3659
5492
6746
833
5689
1031
1895
7418
3406
1213
1066
7421
2636
984
6712
4068
5534
62
7066
7942
5541
7120
7947
5827
2609
5273
4713
5318
1389
7301
1878
5448
679
3315
1902
7013
7347
4687
7918
5278
3224
5691
4641
2461
1847
726
4297
642
5631
6398
6138
1514
103
1595
3856
3188
7628
6826
5924
2926
6382
4704
5407
4653
7141
900
7688
8085
4519
2208
323
4133
5787
8092
7620
4337
4937
784
467
7282
5823
4838
3952
3091
5715
5845
933
7354
1905
1837
1375
487
6620
5962
5837
8118
685
6408
1568
4000
1401
6343
3786
6057
1008
6415
105
3962
7200
3876
5335
3734
858
5470
3655
7250
5991
1807
221
5447
4509
3973
2399
7783
6236
830
7122
1262
5414
2968
6242
6060
6334
1041
2060
1764
7377
4299
2436
2496
4348
5352
1534
843
6884
6656
5135
647
3211
6644
6606
7711
5312
7893
2696
4885
196
5982
5734
5559
3094
682
6894
4707
1770
1229
1868
3426
1212
5894
6314
3533
2010
659
6842
6013
1536
4702
3284
5
7605
7549
6406
4640
753
1946
6508
2683
1672
1652
322
1275
5997
6010
4145
5423
2170
4289
1531
2094
4780
4690
2939
5155
7099
2009
2303
3925
7561
6532
6288
6004
461
6952
7164
1129
6364
5677
756
4290
2925
4357
1765
2031
7108
2580
6148
6320
6822
623
7832
5469
3024
2466
2014
463
2902
5258
7166
2848
5821
356
2163
4031
6853
3941
5068
3602
7486
3348
3526
3954
6831
1750
3989
1908
6594
5735
3473
559
445
2492
3483
2510
6118
3387
4187
4658
5113
5621
6554
1127
7415
6107
7517
5019
627
275
331
3432
6424
5615
4268
7456
2223
2630
7168
6089
5008
4775
1027
742
927
8001
2483
6276
245
6717
5669
1594
4128
443
931
2858
1501
2375
7982
3696
355
1491
923
2420
7281
7661
7008
3495
2007
5830
7671
5692
1545
6713
5725
4152
1651
4952
2225
6830
3491
6531
8026
4708
4606
5029
1582
2326
7039
4453
216
6101
1321
6654
2056
213
6084
2844
174
7490
4085
5109
6963
4617
8107
3866
1334
6487
2674
1363
6993
5941
7178
7330
4334
6390
6667
4657
3337
980
5496
2602
2107
5738
1072
5610
5218
3266
7146
5133
5041
7761
804
7702
1268
1797
5643
7707
2032
4355
2236
5162
2760
3277
4288
7480
5752
1639
2569
4229
6397
7265
2159
1319
7365
1696
283
3727
2435
8166
1704
6075
110
783
2497
6629
7118
744
2956
5744
3787
1053
2675
906
2839
5629
546
8164
3605
7657
4239
6574
6911
4965
2763
2498
5048
2975
7455
975
7554
4523
6243
7844
7266
1210
4851
7653
2732
7882
6278
1843
655
4264
7970
1438
766
3083
515
4025
351
3649
6027
4828
7712
7000
5472
5650
1754
5214
6721
7307
8012
5393
6769
2002
1962
4891
365
2122
3846
4409
156
6194
1049
7320
1073
5030
1130
7192
4181
2592
7745
4042
5270
3818
3713
847
166
1983
8072
6444
5266
928
2433
4673
3481
6588
7076
5034
6645
5782
7045
4989
7698
7235
6303
3679
7107
584
5849
1454
1858
3148
4638
525
810
4984
7890
2340
1894
3819
4668
3650
378
3128
360
5130
3832
2077
5461
2157
2699
1985
2222
2084
6666
2474
5322
2442
3008
915
5291
4932
2681
2024
5753
2686
6394
2550
8101
4171
5419
7075
1824
385
1198
5432
7253
2204
6981
6096
782
5935
372
1703
4792
4917
4174
3095
1613
1364
5779
5952
6119
2738
1128
3513
3170
3860
5232
2142
1585
2577
6331
1780
5178
3873
6189
5895
4478
1675
5693
7792
517
970
7058
2575
7351
2201
1647
8179
2351
4319
2995
1739
7685
3173
1272
6294
5282
1659
2314
8060
227
4377
5376
4193
2752
786
3476
4496
5176
7734
955
5860
5096
4155
8152
5592
7667
6536
7533
3511
4504
5047
3356
909
1000
7596
7654
1297
1526
7397
6910
271
4894
3225
1549
3041
5202
780
2278
4822
7209
5115
870
1493
5616
466
6825
1470
6703
5510
2043
2694
6464
2346
6409
2171
4282
1563
2519
3456
3444
1203
2337
3061
988
3703
4162
1414
3660
6668
6778
5505
4198
7968
1852
4316
2558
4298
2976
7530
4310
4806
4274
2628
6441
7562
6175
6032
29
338
5803
1796
4006
6166
1226
1530
7830
6379
3372
622
4945
6849
7049
5221
4585
713
5581
5998
3572
4272
3079
1795
1666
601
2894
5123
2081
6691
1820
6112
5884
4044
7901
3792
6457
888
1710
4500
2716
5443
7673
24
86
4628
6776
5200
5754
7532
1105
6771
2751
8002
2800
1224
2257
7292
939
571
6233
7394
2903
808
2540
73
1912
7535
350
5255
4998
6646
1681
5509
399
1907
7867
958
8025
5795
6923
5812
5375
1397
2942
6854
4939
7006
1435
1351
2248
2663
5546
608
2618
7920
3290
3687
1924
1037
2957
5295
6321
4066
6337
4129
6844
1192
5105
2599
2529
4964
1004
3162
7463
7767
3909
5855
7547
4686
7571
117
6366
6227
4344
1622
1723
4781
5897
6552
4379
6707
1094
6994
2039
2816
43
1528
346
4953
7451
469
6368
5203
2118
6519
1449
4488
2470
7325
5912
2677
483
6750
1434
1822
1808
286
6036
7545
4558
7543
3032
6244
1227
7158
6172
394
1396
4243
6079
3046
5350
4722
937
180
519
3026
5574
7360
2274
3156
6915
1005
2881
6062
488
2192
6732
6120
70
6642
2873
7690
3571
5569
7861
3107
2166
5921
1056
2758
7444
4374
6270
5871
3715
6810
2919
7508
2892
1521
6188
7591
3268
5052
7286
296
666
1374
6171
4283
1115
3472
1358
6743
4816
4285
4771
4189
6907
6518
1067
4224
8174
4635
5110
484
5665
5834
2821
1592
6434
3549
1381
7085
5785
1107
5385
5058
7476
5297
1707
3737
3536
4276
5454
4331
735
5138
1997
2379
7717
3770
1542
6851
6349
5868
2536
1222
1939
8110
7115
1813
5237
2642
8156
3220
5810
860
6108
4763
3281
2579
6507
6506
7048
1
7291
5464
8050
1508
3291
5879
4594
6930
3288
5807
3344
137
7563
3718
4663
7503
494
5973
637
3324
320
2687
2029
3119
1787
2841
882
6571
7721
6214
300
2965
6218
4365
4970
3364
3439
3917
812
6216
6200
1340
765
7701
2915
4820
2297
6564
3840
149
1629
5951
2768
1571
962
1456
7341
6485
3993
2207
4363
6612
5018
7226
7849
7526
4053
6800
1943
7845
3218
3583
3666
5413
4611
4415
8051
5582
2620
4199
2652
738
2443
541
2048
954
734
902
5087
2049
6154
6130
1644
6529
2614
5011
11
5063
2515
4956
5338
1620
4863
5878
5362
2336
1965
6037
7316
5537
1453
574
2102
2374
7865
3720
408
10
1492
1309
7756
7691
4840
3075
5712
3274
1057
1207
2365
3586
6478
2756
3664
5670
7445
2473
3762
3386
6700
109
7670
3750
5152
2050
3182
7230
4223
1182
831
4586
1279
7279
4340
6724
61
7964
1479
3553
6234
3040
3157
5055
4718
4551
2425
176
2713
1871
7381
4122
5336
1791
7483
7311
818
7803
3418
2484
3935
2871
7746
6240
2368
5521
326
1350
2149
7182
6208
4996
3302
32
1897
672
6924
534
309
6259
1219
2916
107
4776
5062
4818
6252
2526
3457
2984
2649
476
1767
4020
5721
2910
452
5283
3796
6383
1646
5035
5103
2040
1286
2966
264
2931
1741
7208
4080
817
120
6003
5943
3576
4419
4786
881
3627
3159
6221
5788
6533
4666
6567
4381
4821
7412
2221
4140
5957
1885
1989
3043
7313
7804
5484
7238
4539
5379
7309
2605
7233
2186
412
6697
6228
2083
1339
6944
4980
6131
5804
5328
554
1452
479
2481
4351
8102
6024
867
3493
3672
7582
1323
1146
6785
2797
5550
2777
8080
6342
3561
193
1823
3669
6657
1972
5179
2307
3096
458
2938
5220
426
8161
7366
1590
725
989
3120
6985
2378
5057
6570
4227
6862
3507
7494
4317
7908
7041
2275
5252
648
2327
5465
327
45
2092
6966
7759
7786
3016
2287
3373
7557
2660
5512
5930
397
413
816
4892
1930
897
2173
4561
2188
6396
8033
2897
7131
2679
4483
6875
941
3896
5321
4991
4759
5595
3264
303
1900
3735
8148
7906
4029
2739
632
4779
6804
557
199
5004
2332
1883
7985
2766
4281
7788
731
5077
2421
1623
5590
3190
2001
4898
1111
4360
5889
2665
6210
1600
639
381
5625
2596
3136
4521
3034
5332
1952
6201
5571
2000
678
662
3777
7343
7206
5790
2815
5975
6648
7904
1348
1576
2348
4899
2709
7392
5913
8004
7326
1727
2022
1984
492
2773
6345
1800
4852
2597
1567
6945
6322
1799
3175
6525
7633
1234
2377
3057
5146
569
2703
875
5840
3794
2546
462
353
3385
7868
8031
6058
6144
4741
2309
1604
2495
5467
7472
5862
7592
2778
4118
5292
7937
6815
5325
7959
4070
7398
2781
1194
4761
3961
3149
5907
4176
7196
6850
2744
154
6953
4884
4749
555
1556
7072
2595
1537
7879
2089
5141
4925
5904
2953
2653
1163
6649
2521
5672
8045
1975
1058
6734
4011
4325
6092
5269
4253
2645
1256
2601
6081
4698
6623
3842
1371
8189
1270
2284
6975
312
7432
3638
6876
5526
3320
3451
4967
587
982
6600
6848
1186
7984
871
667
1870
5344
6636
7169
5773
3465
4927
3055
4530
7184
7047
5598
8059
5001
6139
6528
2082
1697
1083
4652
4876
3598
1660
1393
393
694
2389
4650
1173
663
4933
403
2424
405
3003
3195
1403
1197
8180
3938
2607
5563
2524
7610
1344
857
6248
908
3948
8162
2386
3361
5562
7232
814
6589
7777
6361
670
5768
5816
714
750
7819
6865
5156
5796
7004
4089
5405
4877
3843
3881
3112
2266
4433
6445
1867
873
729
3670
235
6486
6121
1316
3174
7236
1347
16
4493
2313
6250
5223
2726
6696
1026
2180
1020
1446
1474
6380
1699
5713
903
4275
2224
4245
3699
5903
7067
4371
711
4135
8017
3208
5707
486
4794
6809
3695
3694
3829
2187
4682
752
5996
2613
3223
1312
4092
1887
3509
539
540
4304
836
562
205
4252
1088
2028
4613
2979
3042
3141
5059
2229
4168
1658
1753
3883
886
1716
3527
5228
5337
3606
3202
2338
3958
4306
625
8052
6074
6304
7838
4476
2454
5276
3396
3534
425
1714
6135
8036
6897
1079
7802
5846
2016
3892
6834
2776
8170
3354
5653
2586
4587
2264
891
2834
722
2051
1876
7179
3939
6046
2311
7278
4309
2103
2148
6516
2565
5527
2393
72
3757
3205
6714
606
6535
3498
5125
6116
8099
7781
5313
5397
7199
6093
4468
7636
2937
6913
634
7161
4350
5473
7424
5999
5418
2746
6318
2450
1519
7742
2993
3967
4398
2617
8125
5064
1269
6925
6474
6500
6433
1840
1550
3998
952
1833
2973
3982
439
1915
4782
2087
2449
1589
1752
3971
1995
6203
7387
7323
337
4222
7608
5279
7935
1179
5587
4303
3671
3905
3342
6859
7891
1118
791
1161
4583
677
2981
194
6008
2448
92
2300
5229
7687
6547
3535
5892
5341
883
2612
369
99
3914
2654
501
7440
1917
521
3480
3980
341
6959
2240
4981
3986
3775
4136
4119
7218
1760
7839
1850
3799
7074
5071
2482
4194
2349
5078
5606
1432
8094
7600
3887
6150
5945
6510
2431
7672
4966
6494
511
1768
3115
2400
7489
7752
7129
1365
2604
2930
49
7539
128
3
1071
53
7969
3522
2909
3593
4429
6277
6650
1349
732
6593
703
3996
5487
6784
4490
101
977
1287
7488
3103
6788
457
1559
3089
2562
5244
2646
2391
4130
6125
7062
3301
3512
1583
2172
13
6403
1346
2823
2724
28
4095
98
6797
4862
1834
5460
2854
2945
3716
2954
3724
4612
6229
1331
3644
2376
6039
3614
5225
3609
4896
4574
4977
2065
6775
74
2475
3864
313
7930
3215
2878
2680
3774
6761
4973
217
1923
3051
153
1206
2440
5051
4814
1255
3634
3185
4153
6520
1779
2616
6756
206
6430
1417
2197
1722
770
5937
297
6605
7057
4886
191
3323
94
5800
7604
8126
890
6310
7754
1551
4113
2876
599
249
5641
3279
4200
5132
609
6885
4479
8159
2883
2422
4547
5730
5371
3345
2139
127
6978
1910
3326
7927
4403
7704
7111
4531
1836
5939
5651
7260
433
3127
6168
1715
2202
2748
27
4432
2282
4383
4866
3692
5911
842
6472
2453
7246
2830
995
5436
7054
8
6365
7894
7565
6856
5040
6068
1091
6799
8009
1804
383
1462
4060
7556
2428
4061
6245
1653
1494
5698
4400
8058
806
4879
2900
2415
8139
6249
976
538
2038
5728
1277
834
63
4841
845
6182
6477
276
4764
2804
5108
1291
7422
1498
5968
502
5455
2190
3082
2728
22
819
656
7327
2299
7965
2852
3580
5981
5789
7994
3201
4680
335
7470
966
3409
5219
3673
1873
2199
594
5747
2455
6951
7340
2717
241
4568
2410
2625
