5370
3327
2649
6655
950
7413
7839
1034
4351
181
116
8183
3620
3188
5844
6888
3278
1607
3584
3733
5536
505
8048
1932
4150
6762
4706
8080
6654
2787
4124
3168
2580
7066
6400
6180
6116
1059
7729
3338
3438
3702
358
4523
712
5642
1699
3482
3919
1729
5700
695
5757
4206
6994
937
314
6224
3684
7630
3297
6241
7423
2058
5085
1756
3956
6115
735
5768
3614
1810
1089
1385
2820
6829
6536
3767
7500
6730
7851
7902
2383
4297
5850
436
601
6388
4521
3837
6212
2972
32
2361
6636
5396
304
7634
5571
5640
6204
8187
4448
4810
7495
1046
449
5965
2345
7025
1339
3891
517
2096
6513
7330
3261
6262
455
6052
2191
4321
8
4820
1050
5532
2859
2604
2415
3024
2647
5624
1353
1053
5924
9
4932
4725
2018
6870
2250
7305
6438
6378
2348
2641
398
7834
8190
2923
7201
1990
7578
978
7440
462
4069
91
4022
2179
3363
6647
3792
4464
4201
6845
2521
3059
2165
1715
4934
4915
6849
754
7101
7064
6087
7846
5566
1849
2624
5927
1514
4606
7580
210
4996
4024
3407
3906
4108
7895
7100
1739
908
8131
1005
2533
2142
1410
44
2228
5537
4584
4669
3501
1848
1069
3839
1540
7177
7013
387
7982
4475
7906
3662
1680
4888
7588
4684
2631
458
500
3056
1936
6533
7726
3882
270
1529
3468
4558
3445
3626
4979
7447
4056
4533
221
7420
4671
3983
2642
2961
4718
4974
6142
5316
7290
41
6182
7625
6346
7343
3068
2154
966
5228
3735
539
5090
7119
3931
1124
6181
7358
6304
8126
3012
2190
6518
6472
4125
2280
3612
2316
848
2167
5843
7739
7142
1146
5638
6158
7172
1190
2229
3644
8098
4761
5849
54
3455
4594
630
2847
626
6163
5320
5909
4899
3193
7518
6803
1249
5912
3984
4597
7505
3116
6141
7028
6123
1147
1763
4808
1107
4360
4554
7362
1428
3177
974
3998
6828
4302
4046
5121
5033
429
4070
759
133
5479
3537
7690
2778
3488
437
8077
6465
8119
6859
2023
6595
6005
1329
4215
2562
4514
2126
5688
7151
6736
6732
3359
4391
6649
1392
7236
1576
6774
213
4949
163
758
3885
3429
8064
4878
7845
1506
6915
2618
365
7286
3279
2725
4081
589
535
6111
5411
2939
1649
7649
757
5175
6311
3085
6779
6250
3449
7421
7995
1367
7011
7400
2696
6781
5021
4549
82
5275
6422
427
5312
7074
1235
4001
5322
3899
6918
7828
4374
6764
3302
3953
3557
7731
1812
4796
6988
2077
2204
6608
137
7779
451
3999
5851
8096
533
4209
6257
7955
8123
7310
2626
5771
6468
2291
100
1818
5758
4337
6089
861
6165
486
2581
4494
4516
5217
5447
5026
2181
6427
734
4545
2681
1703
6001
3478
8112
4610
2104
1259
1401
3219
7168
3781
6318
5453
205
35
4585
2601
5348
5679
3253
5993
2827
738
1090
189
1632
1920
7486
7031
4373
2219
6060
912
7810
359
3160
7947
3915
5559
3847
6689
1981
71
7008
2430
5798
7319
7062
1638
7662
1951
6717
1037
7696
4639
906
7582
1545
5733
5489
6173
6653
3417
2293
4436
7554
4348
1621
1087
7855
7146
170
7937
7830
1289
6197
186
2283
6321
5184
6435
603
7618
7260
3453
4441
7866
4713
4182
4128
6211
8006
134
3178
526
5332
4750
6248
679
2568
8014
3758
3872
4040
7109
3402
2164
5998
1878
3159
14
7925
6733
3232
5767
5486
4433
3560
3063
4612
4335
806
1775
3111
7605
5792
5789
1347
2809
5487
7396
3852
687
6174
3432
217
4382
3050
5897
5456
5551
310
5535
7245
5613
3344
7131
4551
1851
3876
6950
6556
518
5083
2079
4876
7297
3150
5182
6928
3471
5626
571
7112
1958
1534
725
3871
4566
7137
6961
5295
20
390
4283
7922
7108
6267
2122
4505
227
2615
3980
5784
6843
2426
2091
5299
3216
1311
6362
2199
787
1318
7281
6998
7639
7596
5001
385
6674
3548
3212
1362
2064
6620
7225
7640
2940
968
3812
5277
8116
2565
1721
5446
3033
7304
5690
1202
5476
3334
1995
7482
4198
4792
3593
7073
1724
2528
4492
2698
7944
4091
183
1416
5082
1964
4482
6885
5584
5633
4409
2412
371
7776
6401
5607
2897
6588
6920
6355
3039
1629
5575
4440
2183
493
5415
2369
2988
3258
5867
6425
8105
893
3686
3613
7269
7223
3006
3026
939
1252
7470
6877
2984
7435
7450
490
1973
5672
2230
5449
716
2671
109
4805
6857
5636
3725
7228
2014
2747
7268
3352
1226
1805
4332
5099
1856
2358
1562
6538
3077
6889
1804
5753
7249
1459
555
2595
1679
5192
3979
5649
2843
3213
1093
4256
90
835
4937
1164
8133
2851
5655
771
1295
7248
1552
5044
7237
616
3603
3916
5762
6562
3524
2646
3272
2474
3571
4739
686
216
5539
6878
7706
4461
7388
7057
1971
2578
6429
5251
3380
600
694
4486
7734
6792
7339
4754
1220
604
1727
7078
5597
2396
2294
8020
4319
924
6755
5048
1315
7751
6183
2839
7092
128
2376
370
276
7239
5945
7295
1892
2645
187
5024
3374
256
64
4556
6295
7219
599
273
3982
2596
5748
7665
2277
3918
5414
1191
5418
6980
4405
234
649
6426
7680
7878
1308
2842
2032
923
7443
4265
3863
3369
3169
4066
290
7530
1550
7255
5253
7157
4732
3799
5693
6802
3378
6675
4184
7483
2418
3275
5702
2938
1696
3043
7740
5530
2147
1719
3130
2451
4632
5772
8043
190
1643
7636
6937
1310
6099
2608
2813
414
5057
7847
691
7757
6140
292
543
3078
5513
1193
7738
1910
275
6869
4730
984
5249
3462
5271
3810
2625
2564
1929
4049
7897
3040
6648
6078
7950
7278
7027
3851
2817
3866
5270
6970
5887
3747
3850
7654
3794
4444
246
549
5662
6191
1123
2115
1693
3966
5130
6867
7633
5915
3834
4815
3281
1798
471
2111
7793
6639
1182
1402
4630
5405
2710
5590
2541
6305
928
1694
6767
7781
77
6943
2537
4306
5378
6334
3711
5257
7293
7676
4860
299
8151
6686
3067
2459
7872
7133
1689
1419
6564
591
2959
5278
4452
4893
1265
6293
7742
5356
6747
7472
6692
3167
631
2145
8032
805
7668
3577
4550
6230
6495
7316
3670
3457
4911
2582
2539
5547
6326
4987
7946
5908
3241
510
3221
2687
7082
5236
2680
4388
4641
3842
258
6963
4031
3641
8010
1111
4695
8111
4638
3421
5601
5769
2269
3031
4536
8065
3175
4035
135
3126
1262
5474
3969
3195
2805
6236
1056
7091
5928
6854
1844
2356
4994
5254
139
3484
7542
1154
7445
197
232
5080
3677
7263
1073
65
5706
1685
0
4856
6645
5508
131
5324
3138
1115
3037
4222
7247
2113
2054
6910
1188
3623
866
2163
7688
5412
5062
4775
6308
4030
5341
5848
967
3990
6407
6274
377
2856
764
2664
5064
4646
5577
7222
2033
5542
7181
6080
2594
5071
6699
5652
4831
6601
3849
6296
3251
6210
1960
6281
7042
2413
1832
7775
6886
2911
4471
4498
2236
6876
7560
5879
3343
6528
7663
3079
7385
4036
303
5019
2373
4092
5136
6186
7864
4434
2909
8181
4771
1579
5368
4999
3240
3975
7426
3045
45
7772
5975
4616
7708
942
4268
1200
2721
3499
5785
3203
1760
2830
1899
8135
1170
2532
3776
7849
1065
8102
1296
2906
6220
7807
569
3952
6852
2803
3923
4314
5113
1236
6724
5153
4836
2458
624
4655
5034
1048
1297
5533
1602
5076
3235
7604
1611
3523
7598
1277
3504
5525
6079
6076
4239
8167
5987
5343
5806
4075
7229
896
4172
5165
6424
3127
726
31
898
5740
5028
4902
2566
5103
3600
219
1549
3503
7733
7875
3186
1138
4104
1945
5419
4858
2577
3968
7068
5224
7471
6684
4631
4960
4105
4650
259
1018
6817
5882
7541
5050
7315
4868
2500
204
6390
7617
5012
2287
1642
3894
75
602
7006
1499
7556
970
8017
644
5231
6550
5593
1879
5615
3833
2472
4534
1731
4813
7579
5917
1657
2872
2249
3783
6633
807
283
4207
2087
1057
4738
321
4123
1742
7234
3218
4129
3231
1720
3925
884
3994
7502
8029
5116
1581
4537
7357
506
301
7980
6676
5814
4364
1690
6967
945
7874
2495
5729
7951
6511
6249
13
1017
7480
786
6880
1671
3595
7089
3152
4152
6021
7461
3260
6587
8058
6605
7863
2684
2841
2450
3773
2491
4924
4900
4166
4740
2486
3470
2200
7957
6806
4749
7949
5588
7003
7141
3465
3932
6436
7424
1412
1788
3663
483
1398
6041
6658
6051
3400
1992
6300
5181
319
5666
6033
2097
4614
378
4776
7624
7929
3139
4043
8159
8161
4185
132
1104
544
1109
3083
2731
6763
1930
1345
5719
6201
886
7103
118
5903
6770
6065
3594
3082
4331
1504
5025
3119
342
5376
4077
5374
5329
3147
6294
2739
4879
7272
5417
2016
4694
523
6327
4219
125
6783
6402
7939
1148
1153
6023
7721
3678
80
8038
6946
5056
4246
2485
4703
8011
3639
5002
6576
6348
2273
2542
1333
8074
249
4727
175
4988
867
1674
2321
5564
7918
5646
1557
820
781
5243
5416
3346
7658
6540
550
3227
3556
2019
2241
5166
596
3682
2301
400
4582
2569
3796
6691
6955
5338
1386
251
6394
553
448
2247
1120
1395
5744
5674
1322
1068
1748
5971
973
5548
3666
5428
2284
5953
6218
7968
2697
6850
3355
7060
5272
3760
1870
1231
348
3565
2083
473
3319
7790
461
4778
2661
855
4262
1358
1865
6360
5759
2158
4560
4058
5576
7335
2259
2315
6264
69
4496
2036
6419
6598
2476
4526
3107
3940
4122
5061
2159
6929
257
4454
5527
7224
3748
7513
6627
3358
1847
7352
6816
1043
8030
4403
8189
5526
6990
5878
925
1684
8059
4562
5221
4840
72
3856
4137
7123
5815
6164
2072
4548
5409
4194
7081
5078
1229
406
364
2307
5760
1527
242
3853
3500
5728
3410
3141
6398
6392
5807
4626
5595
7431
7456
1956
2726
4753
3268
6546
844
670
2098
3146
785
376
5667
7085
4862
7212
2688
1836
7022
403
5678
6999
2375
1880
7433
4394
4658
2793
2570
3392
1464
4294
6532
4118
4260
6825
326
7292
7386
6891
2751
6026
2864
7984
2907
1480
4998
8114
1647
7970
4542
5142
7837
1816
4079
8140
3742
4897
5354
3901
6775
4430
4947
2926
736
6095
4848
2955
5137
2583
8004
1858
335
7784
5603
3886
25
1723
6607
7244
703
4242
3395
2342
8154
1390
7139
2922
678
7549
1735
6470
4144
6085
4814
3439
6086
1314
5339
2873
6383
1660
2192
4094
1864
4635
7936
4875
7129
323
4159
1300
6010
153
3955
2025
3447
6810
7651
2050
7825
3563
3341
5207
4653
4774
7591
2840
7755
1132
6416
6474
5779
3528
2679
4696
1312
1355
5222
7312
6420
1414
4047
156
5515
1052
3934
7748
2889
3209
4625
430
996
4697
226
1299
3995
5630
3874
7646
1141
5377
7020
4861
1792
5393
5671
2488
6646
546
607
3958
4397
752
3092
1789
7978
2891
1866
4345
3798
645
7434
7626
2960
4379
300
4346
2814
3356
1508
833
5972
3744
7789
5038
1261
5366
2501
2741
83
1783
3493
1867
440
3329
5937
6385
7659
4437
3525
5746
2397
8104
2494
4097
4583
4901
940
7069
5268
4442
4819
3892
5466
6260
3367
619
7942
6043
2198
3353
5651
7823
839
5084
6462
3096
1156
3137
1476
241
3541
6537
6882
3331
7801
3047
315
609
6559
2657
1726
2351
4068
7163
381
7079
7182
5008
4943
6440
6602
611
2235
1751
1161
2429
1330
1198
4529
3009
7557
3509
4600
5731
3426
1646
6244
4663
3342
4258
7332
5475
5216
353
1733
5583
3479
7039
1554
5680
5820
7121
6231
1620
7481
5013
8128
7575
2714
2786
7543
6958
3184
3087
7898
1080
5309
4877
4760
580
7635
8101
4910
2773
1591
4691
2308
851
3171
2402
3751
3196
6771
2233
1276
6753
3494
5634
4715
5118
7380
17
5727
3522
4223
2515
4928
7455
7184
5831
6641
7364
3246
179
1635
5458
6935
456
4169
3463
2879
447
2869
7348
7865
6772
5836
7198
7777
5149
5701
7135
953
4136
5810
1391
7903
890
5841
3020
4389
5242
7318
2299
1380
6890
869
1094
254
1244
4773
2172
3549
536
6987
2835
7616
7059
1600
3598
941
4132
7885
6034
3312
662
2026
3929
5947
5173
1119
3926
2650
4528
5790
384
1338
1639
1131
1923
2694
5900
1578
5010
3911
1278
7552
2536
7132
3181
5011
4106
3609
5003
1088
8185
5248
3180
4148
6423
6232
514
6444
7444
3674
3176
1495
2769
4678
2516
2336
2529
1350
3190
4637
1186
8042
2519
1806
4852
541
7105
8007
7753
5112
208
5572
5143
1503
4160
3236
6573
5619
6570
2655
1167
6473
7752
3903
6247
5202
7432
8041
3165
6014
632
2659
5609
6510
3575
4565
4546
3161
5596
1714
3368
3704
1264
6119
2309
4980
6930
4921
4892
286
4110
3648
6861
6697
6159
2037
4220
7197
147
7337
1205
1903
220
8070
7941
2094
6499
6189
6185
2189
6838
7972
6610
1484
6200
2027
2372
2124
3270
6758
1999
5095
115
3861
4358
3491
7329
4271
1292
6541
3573
2056
836
5041
1042
2620
6259
1922
2849
4757
4435
1764
1954
7246
3526
6681
5098
3070
1215
6283
433
3505
7648
2442
1029
2666
865
6175
7880
1530
6583
5817
2029
7600
567
5695
3276
6788
2319
7523
8040
1521
7353
2133
577
3112
7275
7620
2592
2951
5407
6406
3247
6489
6734
3303
4447
67
7053
3550
7498
6081
5541
389
3473
8153
6731
5421
1481
2876
7485
4509
2116
5980
6860
4918
6151
6903
6804
7881
594
4200
1172
4370
7792
3490
347
2464
3211
983
903
1171
1415
3007
6356
5134
5472
749
2890
4413
5304
3558
5077
2823
4973
1455
309
3540
7581
1211
6667
7403
3705
6310
7889
4387
76
3680
1817
1842
4039
3957
6404
7655
138
2617
7071
2443
3072
6317
4559
5669
6047
2894
3021
3895
8117
4272
1584
3656
4010
2107
3838
4929
1592
2763
5549
2703
1159
743
4499
3616
2825
122
2105
6883
1776
7120
5985
7883
7019
6986
4731
6345
5599
3629
5565
4107
3904
172
6665
5169
7558
5828
4228
1544
3642
3282
6350
4327
7736
5778
1426
3789
7627
3248
7764
1452
401
2550
5426
1500
6976
5984
4284
3627
5330
6705
7827
2672
7857
4908
5485
3271
1028
4241
4829
2794
1595
1475
6282
104
4304
311
622
2211
4453
4500
964
7313
817
6127
2024
1617
4527
2465
7612
4564
3371
6372
4925
7417
5247
2297
1364
5394
1916
3051
6242
4946
5943
6927
3646
5886
1765
6625
7761
1319
7147
2232
575
7497
5194
2903
5438
6666
2693
2448
1061
1496
4510
313
2009
2877
5656
5835
498
4025
5459
5214
360
6469
7267
7361
7397
5745
1404
3657
3802
6135
6464
7538
1150
6656
1803
2419
1316
5246
1133
5074
5031
4330
3345
3064
2534
1636
2209
1948
340
3555
1654
2762
2285
6585
8165
2846
1304
6671
635
3813
3716
3321
5698
2352
6342
7884
6821
4495
7252
1354
1998
4147
3370
7718
826
1268
6848
1887
5860
7125
5180
857
4088
6609
6679
1717
2629
5058
4034
5264
2205
4645
4402
3495
6125
73
4721
6933
5635
5538
2893
1934
2378
7240
2981
5364
6109
1158
8176
6535
1993
7794
6720
6974
2953
4488
7446
88
5713
43
4316
8068
7080
7021
4589
5176
6635
7786
7148
4411
6973
3440
1700
5612
6312
4717
6922
289
1381
294
3530
2976
411
7987
2368
5653
6932
4168
560
330
5147
3774
4312
3095
2612
3542
24
5448
7115
7334
7574
3510
3081
8056
6796
6952
871
1405
8179
7180
2548
7372
4224
59
6361
2775
5478
1906
6941
5490
4787
6768
2240
3797
7479
5353
724
3534
6002
40
2398
995
5608
3793
2339
2678
7745
7127
3604
892
8139
977
6701
4087
3790
5605
3942
7814
1704
3005
481
1991
5594
4380
6600
5094
4687
6754
792
5059
1448
1658
4418
106
5429
5212
3697
1825
3924
5801
5104
7652
4762
5709
6071
7594
1616
1335
3688
4216
6215
873
5106
3075
642
5223
3723
6376
7713
2943
6421
7672
1435
3425
2267
7346
1793
1342
850
2344
5504
5461
1384
2371
337
3989
2985
829
7373
3791
6497
7795
6543
7106
2090
2740
33
8143
202
1574
503
3284
5105
1003
5157
3671
322
5178
677
7730
7454
3166
5736
5018
1698
5255
3865
5440
5582
2263
2021
5457
7076
7377
494
4622
3390
6894
1208
6074
3054
1175
4881
6722
4784
2041
7741
5944
5686
1165
1815
306
3846
2848
5904
4968
6162
818
4846
7719
6030
1662
1223
6027
7931
5611
6531
3566
1079
3015
2325
4682
2423
7933
4940
5822
1064
6094
3665
5161
4930
916
2598
454
2918
6309
3424
4839
3745
329
1230
6616
6884
2554
933
5290
7430
3200
2551
3003
1535
7873
1681
1977
7457
3873
6956
3652
7587
3987
4728
5725
1559
3685
674
5811
6458
5901
7796
478
1272
1275
6048
7140
2524
7966
4253
5355
3939
8012
7694
5365
3460
6024
5342
1938
4598
3441
3109
209
4415
5229
5155
7056
7693
5300
7563
1179
1519
4115
1106
4298
3154
4519
2174
4557
7111
1247
492
4476
453
4789
5007
2306
7991
4205
2185
3660
7090
845
1962
4376
6500
623
3080
4511
919
7273
531
1890
7637
4210
4493
2075
368
566
3001
176
4009
6896
4465
5913
5665
6146
2896
8044
178
2498
562
2770
6799
5265
2807
2699
4356
1006
4872
4961
4004
7585
1049
5349
2176
2588
6270
6485
6022
5156
1143
2836
4051
1853
5279
4309
2195
6148
5925
6660
6662
6093
710
1461
2039
238
3615
5824
3841
2526
3354
3351
3970
2066
6339
2965
7930
6384
7150
5313
7251
6505
1237
4742
6053
1989
891
191
4656
5120
4799
6981
1933
525
3820
1915
5893
6208
3635
7047
927
8180
1526
291
1454
2420
5858
7571
7043
7785
6268
1979
6471
7102
7488
6008
6287
699
4362
4898
4250
4830
7802
2797
48
214
8174
2509
7525
2603
6841
6298
4238
4211
3761
3913
3591
7220
6868
4547
6498
339
1691
1994
7493
4
4798
1943
4712
6773
6457
61
6263
5162
5531
5430
1377
3778
5455
5241
2022
6223
1471
5298
2343
4700
3954
1177
3659
3383
2674
1253
2776
1031
979
3948
7760
3404
3489
800
6522
1648
2401
1716
4191
2543
5065
2826
5606
4873
4672
4427
2389
3862
1536
4817
4752
2970
1709
192
4710
420
3225
6193
5435
8130
52
7901
3257
5379
7787
7018
4621
814
4340
2390
7621
3466
6091
5718
6940
7389
5711
4959
5388
8152
6702
4328
2391
21
5931
5573
6628
2567
2576
4477
6121
7462
415
7976
3696
4701
305
7774
8113
6009
1302
201
399
1900
151
2540
2707
6812
7998
1207
4628
3013
5941
7015
3148
8120
5301
2901
7932
3106
4741
6184
7159
1394
2162
7088
2499
1054
7250
166
2942
6161
4502
5581
673
4292
3475
3763
7351
6844
8103
8021
1173
7476
3401
1594
8168
2908
4329
3076
5923
5285
6793
2006
6277
1827
913
2915
6756
4506
7188
5761
5645
3536
4863
404
4146
1896
7405
2990
701
7392
3951
4019
3800
6069
5715
4729
1234
6735
1149
718
1023
1791
911
7920
1242
1556
2767
3202
2924
1572
3228
993
520
3289
102
5793
6246
5252
6143
7967
6313
2824
1488
3234
1063
7979
7007
2510
7798
1875
7854
646
5604
5281
8163
2038
5560
2258
6563
7561
2493
2978
2858
2357
3372
2224
4657
2440
4992
6969
7826
1515
7965
7720
6568
1045
3053
3099
1706
2874
7033
177
3963
3752
3698
700
802
2593
650
5380
4350
6723
3653
2602
7061
5562
7320
1796
7050
3722
7411
7041
1983
4555
2218
4421
4280
2660
8138
123
590
7037
55
1565
1248
2312
3298
540
641
6098
3985
3060
7877
5692
3153
382
2766
4699
4140
6824
2867
5046
2640
1605
4972
1460
2082
4363
3741
6631
1002
7670
2585
1543
1695
233
7349
6664
2517
5397
3570
7527
2744
4572
6813
6558
5503
2546
1613
3391
2853
1828
2212
586
2292
4085
5303
3726
2834
8079
6712
981
1988
5544
5336
7956
7707
362
145
6501
7615
5524
1360
779
627
5829
3730
7230
7632
5507
1076
2579
6494
8037
3893
1192
4451
7242
1263
5495
5783
8173
6487
5146
1785
2216
7961
7144
3651
2274
7216
3731
2796
5321
5101
7354
7034
3242
5390
6467
2561
7227
8144
4141
2381
1797
7921
1997
2074
6839
6410
3233
3647
4420
1084
4179
5280
7669
7065
2991
6176
92
5755
8125
1566
3811
485
230
5864
971
4991
4320
1320
6925
3222
7097
4240
2424
4275
1768
8088
3485
6039
3634
5830
3194
3387
4145
3687
2675
1399
730
6873
1346
1323
4599
5528
2913
7766
4955
6100
1421
6544
2801
3408
6192
1445
773
6902
2106
6619
8067
7546
3061
2885
3959
876
336
5125
5905
5032
7328
7189
3753
1905
3458
2125
7831
6330
6611
3880
823
3483
6375
7576
372
5186
521
4399
68
982
46
4837
3835
4212
6344
1925
4854
3333
7927
7117
1822
6126
1032
1755
6818
1628
255
7306
2800
5840
2421
6150
798
3036
7296
3938
6555
6579
8061
6496
2563
1972
3930
1895
4967
5450
2504
5977
6897
4156
96
4608
6160
6272
4517
6409
4165
5938
7657
1436
2948
3461
142
689
7770
6905
2502
4015
1027
3562
4931
7914
5226
6901
7606
1501
5163
3592
1924
6477
6431
6592
3765
2012
5898
769
2735
6512
6090
934
1144
2511
2555
4044
856
11
6571
7963
1327
1096
4936
4791
6917
4120
2051
6650
5658
4126
515
4945
1670
1950
8118
1845
3881
1473
3405
5506
4041
3869
2266
6567
7370
2015
3456
4944
5964
207
5726
2080
6003
4313
782
5832
3090
4543
767
4233
7660
231
4180
4978
5234
477
1369
7484
5705
3361
3267
852
4400
7171
5042
4139
7964
4661
1280
5111
7638
1062
3512
3349
2366
7238
408
5328
1077
2968
5318
2525
6834
3317
4016
1306
4591
1653
6740
5988
6801
794
5258
7465
6129
7860
2414
864
2382
3676
2180
2302
157
244
206
1151
264
6791
797
3207
5516
576
3628
1587
5966
5552
7911
2063
1085
2318
5629
6565
7893
1741
3914
5683
3029
4113
3599
7599
1044
8057
4274
3531
5877
4273
86
1982
7176
6678
2831
1282
6038
3673
5682
7153
4644
3423
2779
7590
5289
7331
1257
6484
7384
7398
3552
3110
7516
1502
6374
4481
2245
7773
5974
4652
1752
1291
7548
6661
4851
5803
2904
5717
4410
5483
1470
6488
8147
1370
4307
693
1861
66
4111
1740
3497
7394
5586
6059
1183
7175
6007
1829
4958
7848
7164
2305
868
4938
1376
2175
5205
489
6746
789
7544
2460
6795
7858
7515
2475
7046
5955
1781
1266
6302
3809
1099
6716
1666
141
6289
3464
2925
345
1838
27
6199
6659
3589
3446
6178
3347
6256
235
355
2203
6013
1968
5110
4062
5876
8099
5363
2822
4950
4889
2042
7152
7437
7187
7572
5384
770
1644
6776
796
1010
1585
3214
1819
6507
228
7221
6357
1573
948
538
3285
5361
4383
3088
5288
1067
5327
7412
7110
1949
914
7301
4038
6725
5467
2880
877
7695
6452
7526
4704
245
6190
2819
746
5208
778
4286
3578
5800
1417
5543
1633
3310
6719
3896
7298
1497
7235
2654
6050
7345
1285
8081
4780
3976
921
4443
1841
444
880
4926
3699
5890
7671
5510
4956
5932
2031
3437
2260
714
613
654
1184
4170
7717
545
5439
4748
7414
7326
6853
3027
3755
5722
6626
5808
7592
1737
1622
2630
5452
6329
827
6706
6604
6207
7959
4737
5644
2614
3451
2490
1541
6373
1492
196
6670
5625
6269
6643
3069
2656
5358
1197
6690
6596
6911
5256
5529
3427
972
5481
3386
3546
2662
1066
7442
565
5096
2449
5047
2146
2934
379
5710
6959
2234
5838
4485
4057
6936
4158
4826
3759
4766
5204
2910
2634
6603
4651
5293
1458
2503
1030
6750
5232
3974
2888
4127
1007
793
846
6657
5122
605
947
7583
3121
464
6945
6640
1217
7010
5766
2832
5910
4869
509
7291
915
6515
969
7595
705
6480
1406
2008
2161
4654
2364
2320
7817
7044
3579
5346
3197
4957
7835
4339
1669
4101
658
704
3910
5310
6209
3667
3364
7185
2406
4121
2088
7809
56
6965
2127
5639
2137
4424
2333
5263
3304
7890
6572
570
4412
3543
8148
6879
3155
5140
6606
2719
5509
2722
6284
5392
3140
7406
5969
5981
7410
3443
111
5521
3643
5230
7519
3815
1313
1885
7045
114
452
6417
6612
3486
5420
4913
6413
6672
830
4535
5174
962
5620
4237
5386
1240
3472
4673
7524
6169
6846
3145
1185
7055
1889
2947
7804
7520
7568
1210
5617
6984
6110
1487
6483
5154
7030
194
4891
2935
2455
3398
1606
10
578
6539
6297
1568
4864
1974
5892
4867
3093
174
7232
3120
7333
1659
6307
2173
1430
173
4489
2067
1909
5749
7686
7170
3322
1618
5856
7294
3538
281
3832
5302
4163
4917
2706
1344
6104
1645
421
4276
6068
4226
6017
6908
4935
706
3198
237
5425
253
6506
7178
5812
961
5861
124
5786
2572
1986
4607
171
4823
3633
4090
5383
317
7876
7859
2295
7517
5109
1493
5553
1434
1542
1498
502
4359
4344
958
1687
6490
7822
1966
160
2932
6693
7850
1206
4629
7938
3217
3094
625
551
3467
7289
222
2689
7468
6205
496
7962
824
5714
279
1511
7160
1860
4381
2887
229
26
4508
224
2881
4390
4366
2653
772
167
2081
6235
598
5345
4827
3960
7511
3962
1732
2462
7986
7409
2673
4751
6971
3858
5233
1127
3292
5677
3314
6549
628
7824
6545
6916
4073
5809
2489
2330
3583
6695
4982
7156
5739
573
5035
5006
3097
4816
4647
1531
1811
2166
3057
6124
5805
6805
4675
2289
3808
6380
7192
479
470
7492
7725
6368
592
894
6365
7778
812
8122
5335
581
2047
7166
2998
5063
1790
3042
4248
149
3335
446
6837
900
2633
395
755
6728
1599
7253
2669
1664
554
7550
840
3409
1597
2178
7162
1453
3052
4963
2184
2761
1383
3103
6393
5842
6019
3766
4469
2197
1539
7276
53
6858
574
879
3921
3922
2627
5946
3950
2434
7084
669
7215
2868
6542
5703
6155
4317
1673
8026
4969
795
7126
4744
3576
260
5933
1290
4923
5261
6418
2300
223
101
2139
3907
4042
6957
838
8049
4365
5872
761
3129
5167
7032
6866
6279
1725
5918
6923
1465
4029
2987
3738
3507
4134
1821
5511
7149
8175
8171
4906
7116
5962
7427
6663
3973
5632
1250
3062
6139
1852
266
617
2704
5776
4553
6862
6118
777
6698
3844
6566
5545
5847
5283
6156
7016
7907
1214
6502
4676
7040
3480
2363
4095
467
1083
2828
3769
1012
5191
7241
7355
6820
1975
3357
7096
6029
3768
1026
3300
2792
5737
3295
2916
3262
143
4577
747
5347
3883
4642
280
2743
2875
3887
5399
7667
1603
4202
665
1746
4311
2332
2749
6273
2484
7977
4174
6797
3244
5871
331
2508
2276
7683
1598
5496
5152
5660
5770
1055
2329
6157
3105
3539
843
265
3306
3326
3855
4601
6580
3801
5854
1245
1288
6453
4353
6677
816
4196
2340
1136
4023
4587
94
6721
1134
6179
3324
8191
8013
4308
3377
2573
3515
3163
4618
129
926
6757
4765
5491
7467
7023
1970
302
7737
6149
661
2619
7641
161
4563
6822
6028
2353
901
7886
7993
4255
4352
3992
7217
6651
2544
5123
1953
2538
7124
4093
4267
3249
610
8092
3189
6586
5845
4617
7195
7711
1483
809
6912
7653
5742
3518
1260
2060
6909
2011
6618
5424
4782
5839
6995
3784
3567
3201
8018
7214
1701
7288
4885
3568
1794
5494
2432
6428
2092
7143
3481
3133
5934
8132
1482
7675
6589
2117
7853
4002
5857
402
405
7058
3143
1074
3435
5017
6395
2155
2130
373
5819
5622
2623
2129
3086
344
606
6582
3010
1341
6456
3878
6319
4177
6560
6290
2798
2207
6285
4310
6137
2400
431
6992
7307
2253
6154
766
1707
1868
652
2149
7797
50
2584
1359
2034
4581
2170
7888
495
6088
3941
5039
7130
2610
1561
3266
6349
5557
7367
3517
6096
2518
2399
3164
6335
2553
6593
4296
1337
2196
7756
4183
99
6147
1907
63
7203
2552
7155
7808
5497
7308
6509
6075
2591
2438
5940
931
1678
6615
5852
4841
2969
3971
5444
4018
7613
6786
831
7803
7063
7532
298
2290
858
6525
3301
5661
312
2575
2967
4627
3002
6578
164
5079
1303
4323
6621
692
417
2691
2487
5869
4264
250
6448
200
1944
4948
4059
284
18
3296
2865
3631
7000
6577
2255
4100
7363
7699
4080
980
4343
579
1204
5319
1375
460
1301
4431
5567
8052
468
3422
6202
2206
3986
6
2821
2784
5568
1432
5114
1431
3384
5164
4014
2530
2217
3645
5518
597
2941
1596
1225
7564
7661
2044
5097
5673
907
1507
2651
5372
6288
1850
4289
3520
2636
1955
542
6744
815
3318
788
7205
1189
3224
5362
2214
3362
1926
1580
6382
4580
7791
8166
676
7758
2354
2799
5514
6397
6331
3527
5675
6058
1524
3514
5179
7836
148
1287
159
4470
944
4347
8108
583
7375
4318
2644
6713
3533
4895
3683
2243
4117
7833
6377
3900
7496
6166
4045
4326
6826
4428
3089
7754
2781
4425
7704
997
6082
4919
7631
1813
361
2712
5704
5305
1577
3162
3444
5804
4290
4478
7727
5053
6835
278
4204
4175
3823
6599
7948
5958
4254
7533
1178
2328
6064
2772
5171
1963
6203
466
438
7923
4028
4252
7340
7992
3780
4269
1609
3519
2144
140
4835
3348
7832
6073
2323
391
7258
1881
2757
7501
225
5929
6597
3553
4734
1433
5834
2394
2208
7321
2711
5070
3843
4084
7644
2571
3724
7691
2168
5895
22
614
7208
1162
7924
6316
2791
87
3286
3299
5837
105
7350
3123
2367
5697
5172
2350
3339
2089
4229
1940
5115
920
4853
3991
8177
3199
847
1675
7698
8069
8022
2059
1757
6784
4659
4847
1908
4777
4050
2483
3173
1305
5087
1615
1269
146
7401
1984
5344
8186
4705
7475
1187
6240
2586
4305
6340
5413
6255
3183
2248
2215
2
4261
7589
994
3981
4414
243
508
516
2670
4615
534
2256
2121
4291
6729
4446
4986
5086
6811
2870
4759
7945
6238
8034
5145
3818
6219
1612
3032
1571
5949
5203
7960
4349
5791
6574
2818
7642
7387
2157
2393
5684
6707
3477
4119
4249
3313
6106
6874
6117
1802
1902
883
7521
1485
6547
2648
7478
23
307
1512
4643
4733
4849
5799
588
7161
4939
5408
2040
1443
1219
2457
7193
2724
5502
3397
4133
3305
4244
4882
6508
5505
5075
3669
7958
2883
2360
158
1745
729
2030
6519
5189
2136
1135
5756
3403
5976
6710
5735
2073
5331
3288
6575
6432
6434
910
7973
6815
750
3263
7997
4677
333
935
3912
1921
5398
672
3004
350
4693
1168
2720
5956
4767
5296
5602
587
7194
2003
2768
6614
6049
1490
4187
1807
6130
1893
7504
7896
2403
1243
6414
1593
7666
2621
5647
3933
2788
5198
2963
688
3434
6243
5982
744
1509
3870
572
3220
2045
1780
1927
4668
5519
6921
6523
6354
3506
8027
680
2933
1522
4698
1537
6682
3889
760
1525
268
4793
5922
7438
2811
5600
874
854
7555
7816
2103
2523
1374
7017
4417
4236
7805
2262
8160
8019
1961
6708
97
320
2701
2871
6741
2676
4568
3365
4406
1937
3585
904
6745
6966
1996
2958
765
3610
7469
7701
1831
1710
2028
4355
930
1513
1246
4613
49
7732
3650
7113
6341
6752
1623
2755
2855
5315
8150
3764
6275
1418
2845
3601
5623
1773
4116
774
3182
2069
5135
154
7453
4071
2282
6727
2992
3715
2771
2222
5367
5317
2456
7566
6370
7780
1128
8164
2002
634
3770
1116
648
7114
3487
4993
5957
4779
834
1590
4683
708
7441
1782
2690
1425
325
6951
5471
5360
2237
1293
4153
3785
5260
4293
1036
748
3320
3323
6265
3502
1108
5282
1411
753
954
4195
537
6338
3706
1702
5973
7191
6831
6347
7940
7035
3597
4135
7271
5939
7769
4522
85
7382
4067
6363
4634
7954
813
7900
2613
2983
4468
4243
1711
853
1749
7749
6061
2231
1325
3917
519
7285
7169
4507
2860
6865
5089
6972
5979
1778
3442
5730
7917
4189
4422
6900
5997
5574
1738
8000
1203
756
5128
497
7408
3337
5211
28
6623
2252
7765
3996
7577
6954
643
783
2685
4089
2435
2709
3230
4518
1575
3824
5073
1637
5423
3431
3935
130
6352
6907
723
7759
4842
6989
4590
4914
3714
5916
3459
1767
8090
6769
6638
684
6808
3065
3187
6652
6063
552
4573
1826
6521
2270
5780
6463
4922
6266
8121
4596
4171
2223
6482
4821
7975
5999
2531
1091
905
6975
3044
5284
4055
4746
3840
2433
4378
2275
203
8072
1194
3496
512
1872
29
4456
1348
2099
3967
547
4552
3691
1614
1447
2808
6322
6985
6964
2884
6439
4685
5326
1486
6278
1688
3655
4818
564
236
7607
5403
3897
5523
4282
5468
2730
1843
5036
2156
1427
6748
324
751
6018
5037
2123
8095
6751
7029
2468
5043
5054
2481
7391
1180
7303
5307
7323
5579
5129
3100
2665
8100
2560
4570
559
7687
3879
3416
3430
6789
3388
5948
2782
6004
3826
6092
2717
5067
5556
425
2857
5311
7593
1051
7608
2439
8094
2607
8053
4466
1125
6492
7282
459
2392
4822
363
6403
182
112
5991
6112
1663
6526
5591
4112
2863
4295
7815
1058
660
6133
8076
1407
4336
5723
1652
4513
4459
435
1078
7280
7996
3564
6847
7487
5422
637
4964
675
3621
239
6391
5049
1862
5052
5570
1608
2514
3717
6919
2138
475
4665
1516
7459
2686
3291
951
1808
3750
3927
7436
7009
1321
432
328
1886
8106
5865
2226
4103
4151
1532
2668
6703
1256
7506
6443
1400
863
4660
2131
872
6906
7077
663
2062
37
3025
7829
7342
4114
841
4844
1520
7014
6819
5433
1631
1747
2281
2108
7763
1839
4445
556
4003
1588
2065
6953
6412
6070
2417
5961
2411
5827
5512
6066
1667
6898
3028
1766
7934
3727
1130
5359
2427
5906
819
5395
7322
4462
3854
7553
5132
4802
1931
5387
3806
4575
4640
6138
1528
7510
3692
4985
3016
5741
3868
2013
6552
5
7762
3561
426
58
3713
1070
4649
2492
4952
7677
6188
4423
7458
1569
3396
3622
1855
7869
7173
7750
1218
338
4467
1422
3547
763
5119
2445
5102
3420
6892
1387
5333
1911
1626
875
2549
5239
4686
4804
7559
2150
1505
3122
4021
7463
5477
7535
2663
6226
4576
5463
3238
1366
4886
668
4530
6968
2101
6914
6680
1221
638
198
7614
5795
5765
8127
5621
3737
1489
296
2729
6785
3433
1343
4942
2303
74
4416
1894
7490
707
5066
4769
8085
4064
5177
5151
1859
4096
2171
3908
8071
1772
6688
6216
7609
2120
1692
6584
3131
6102
3156
5201
7199
3728
3689
3204
8137
412
4609
4907
4487
2007
5482
4013
4368
38
1467
3450
3732
7610
6948
7098
6132
7856
2902
2416
2311
5126
8158
6301
2261
6222
5029
4099
728
5200
862
5873
3664
1619
2736
3316
2093
1967
501
5107
5016
4681
697
762
4396
4208
3947
3608
1449
2816
5465
5244
6476
1019
7852
3965
5286
3250
165
7562
4758
946
1160
4674
3654
5081
7136
5291
633
1152
2764
2930
5401
4263
2979
3693
1014
4592
4161
3884
6942
6364
2652
7528
2213
2141
7843
4386
976
7210
8055
1001
4912
388
2789
2471
1163
2733
8184
6320
4342
3293
3394
5782
985
7393
5369
2182
5994
5381
5437
3091
6766
3192
2512
3469
5375
7894
7174
4007
1040
3905
5350
474
6228
2632
2754
1396
3572
2404
7279
334
7395
3419
443
2227
2377
5219
3030
7138
595
4281
5404
211
1102
4287
7601
5160
651
6481
1357
3308
2477
1463
4620
2298
3151
3993
7474
4217
1092
5743
7735
3375
513
6044
4920
1918
3373
7569
1769
1004
5859
4354
5245
784
1216
6336
7196
1196
2919
3038
1000
3508
7038
4825
5068
491
3022
6517
3019
215
5870
5441
5534
5610
4157
4395
4807
1919
263
1873
6683
3746
5813
3041
1201
2616
4037
8129
4977
269
7302
351
6479
5764
1676
5196
2971
2750
615
5325
8046
1224
6685
2838
7771
2469
4162
2482
8035
1758
6379
895
7551
6794
8045
888
1140
1553
1625
4504
7094
7643
6947
960
5773
7871
3624
5657
2239
1672
5144
6128
3208
8082
6939
2478
5493
7512
6303
4909
4832
4515
949
585
2752
3492
7452
1199
3521
6622
7213
7821
6239
126
5952
3988
7309
5484
6461
2194
7368
413
4834
6704
2220
4277
4008
5274
2829
2279
7584
5410
2973
3128
2600
6871
4692
2520
7347
4812
3617
6056
1145
6451
2900
2109
1718
30
8078
2055
2507
4083
682
4357
1101
3264
7539
3920
1589
2716
5821
5862
5781
367
1754
4033
5340
5747
2737
8134
434
917
4722
6389
7899
1209
2587
3772
1897
3782
5797
4315
2441
1713
2046
6856
5000
2338
6366
6280
7087
849
2557
5168
3283
2957
5499
4540
7399
3185
5250
1551
2272
6863
4709
8036
1047
4235
2337
480
801
6637
2605
1142
1095
6739
1987
3719
7647
6504
4708
1298
3740
4074
7265
4181
1777
4231
2861
5400
42
4855
6561
6899
5816
1139
2251
5462
2407
5914
4338
3804
34
7909
6213
5314
5554
6709
5942
2049
7536
3545
3630
1212
5796
5069
36
366
4995
1450
2470
3376
6035
6553
8003
1914
2349
1884
1478
5091
2746
6591
3559
5650
3707
5014
5266
2878
4857
7264
6778
7892
295
620
2780
6991
1610
1075
4288
7383
4221
7428
6743
1801
3158
3703
3144
5990
511
3649
7842
4976
3055
955
3712
2505
507
2153
6097
7989
2387
7705
5826
3414
1555
6353
261
6629
8169
6261
7619
2431
3817
6299
5833
4438
7243
4385
1665
7390
2920
3428
4603
5406
3
1824
6934
7299
3000
3827
4531
316
2473
4679
558
2454
3695
499
2326
2461
2950
5794
4176
3786
4419
2728
6864
2061
6554
3382
93
2242
7356
60
8054
1361
1601
5427
4664
957
2271
1888
683
2331
1941
1686
2574
711
6396
7024
3762
2756
992
2637
6696
3379
8033
7806
3448
6644
4188
5823
3023
5124
1820
2017
1683
1038
369
739
4450
6669
4491
113
1013
4155
6055
3269
3611
3757
7204
6114
5598
7702
4384
1424
2201
593
5040
681
2898
3658
423
7985
4473
3223
2334
5825
1980
394
4143
2265
5641
859
168
136
3661
7381
2702
2084
3252
7913
8149
5721
1912
1351
4797
2148
2078
5863
4989
6460
7799
6493
5030
2622
4361
4000
6011
5185
6020
487
465
1947
685
463
70
882
1352
1232
2322
3928
1959
2895
7145
16
4866
6842
4266
7344
6015
7473
1491
2852
2355
19
2850
2388
4806
6982
7678
4941
7341
4724
1439
47
4199
3454
2795
7507
1324
5555
4078
2463
6196
1103
1786
3672
4324
4270
7365
1787
6694
6062
6759
5668
1307
4052
6253
3102
1423
4131
5434
6040
698
2160
810
6711
3125
3708
424
7994
7767
4624
6167
7266
8073
1928
5628
5297
2989
4859
5930
3586
727
4102
1365
6187
7049
5691
5978
1254
6237
3287
3544
7908
1363
7026
7404
7283
7183
584
3008
902
1835
991
380
4285
1393
6083
3848
7402
7547
5637
1336
7743
5522
5092
3602
7819
4809
7768
6814
4880
4398
7545
7366
4903
7052
4203
7952
7274
5240
7710
842
5777
4670
5712
1795
5432
484
5190
6459
1736
2010
341
1117
5885
4716
2118
6105
4871
822
7338
7531
4449
2110
4178
6225
7419
5888
657
7999
7988
4017
1728
998
1174
5681
6931
5732
3113
3829
7656
4884
768
4230
6170
7716
4541
5970
2257
7782
3721
5875
4770
3104
828
5460
1876
4214
2410
6430
1021
7722
6949
8110
2946
7916
6726
4369
7154
5382
918
7083
6107
117
4048
4539
5563
8005
2727
1846
6491
5235
987
7460
6960
5170
1121
6358
4966
4720
2020
837
8156
7674
3034
3946
6590
6718
7118
5866
7844
7256
1548
1558
6851
2844
1863
656
737
5951
1570
7
2385
4896
721
6369
8115
832
3101
2748
374
1942
4061
8089
1071
1368
7602
1389
5306
4883
2658
1016
2944
7685
7202
2071
5540
5141
6548
469
5720
5724
3315
7935
8178
5023
8083
6979
5294
3418
1472
8162
1655
7012
1228
2977
2999
416
6832
6673
8097
3117
6466
522
4257
3058
690
2556
6514
2119
1466
2177
3816
799
7838
7128
2453
5891
4164
952
4299
5262
1891
7682
5894
5676
6524
4086
8086
2409
1784
3385
6144
2837
8084
2854
6668
5027
5402
1901
6996
7905
6581
1477
5967
5585
2246
3259
3936
5687
5889
6962
7186
6557
582
3864
4372
5210
2628
103
6715
5158
8142
713
5919
3229
7611
308
1957
629
6122
5960
4965
7714
4142
7723
4322
2313
7300
6168
352
1462
7067
7862
3807
356
5480
7072
5696
2436
4525
2921
1009
6386
1563
5754
5558
2193
4954
5357
2705
6221
4904
1771
1286
6103
2962
3743
6025
3115
1546
2882
2068
4619
2862
4490
5051
3309
3902
7565
860
2700
4593
6325
4457
247
6978
3739
5855
2927
6195
418
2288
1082
3638
3114
4781
2997
5911
5627
2286
7508
3498
5473
4747
6630
5445
3720
3118
2738
4082
1750
5618
2917
1697
5921
5699
3415
2742
5371
3961
7981
5670
7684
2559
4735
4234
1586
1668
8087
8157
7095
7700
5996
3389
6624
1969
3734
639
1251
4325
2982
4012
8188
4602
4197
5133
4870
3174
647
963
803
956
1779
3581
7820
4098
155
6738
808
7567
422
2467
5751
1656
3256
2452
3937
4484
5500
7494
6323
7107
2422
8028
8172
3625
3411
5986
2278
7233
7270
7048
4997
696
7868
7165
5088
8091
293
4726
1952
4845
7509
943
5880
5853
3701
7692
4367
6252
6324
5587
7597
1081
3277
1564
5199
4962
3619
15
5995
6016
7200
5100
990
720
4213
6800
4279
4472
2076
557
7697
5464
62
7207
4432
3011
7134
6445
2692
1408
2480
5874
3694
240
1331
4109
1761
1743
5738
5935
4865
6152
4186
6737
621
7882
4301
428
7681
2210
733
8015
3679
2638
2346
7629
2324
4479
4975
285
1429
288
4824
4408
7867
6503
4801
2086
1479
1641
1883
1877
1409
2341
1869
95
6913
6617
7912
2677
5950
81
655
184
1965
1533
5454
5884
7650
2359
397
4032
5055
212
1978
393
4611
7075
7374
1871
5983
1241
1100
5138
375
3857
6613
2986
2100
4981
6594
3330
2310
7534
2954
4916
4138
287
561
504
7926
4636
5108
5337
2759
1195
472
3888
5004
3066
5287
5159
3675
6997
7529
6251
2479
4027
3779
2005
3311
1753
4690
6227
3636
252
1730
7378
1334
7317
775
2004
1904
5643
7904
6447
6134
6101
3890
4702
392
1650
608
1624
7953
2812
7514
2815
4574
6171
4604
185
3821
8023
878
8051
6441
3574
3754
1474
2347
1651
1238
2497
2912
5060
2732
8001
4429
776
5883
7712
6032
4005
152
6315
6359
7489
659
7870
2362
5193
529
6387
410
8031
2713
4894
4633
5218
4063
1518
4743
5517
7477
3136
8039
1279
1446
5775
7005
396
2905
79
7887
2833
6486
4595
636
2783
5896
4463
7974
3074
476
7841
6924
1682
2384
2102
8050
722
4483
4060
909
1604
4218
1267
1294
2760
1538
5225
5707
6113
1
3535
7336
897
1309
4714
1833
4666
7679
6258
4371
2734
4763
6926
195
2425
1874
7744
664
7891
6198
5561
3828
1444
988
2085
3179
6798
386
7257
1113
3775
2444
5351
3788
6012
6437
4605
98
1898
6840
4192
8124
1640
1025
2949
2804
4520
2547
3170
986
1181
1326
2048
4795
6234
3226
5195
7813
5093
7001
2000
4648
5708
1227
6351
7603
4933
3605
5868
5148
6042
5654
6993
4764
5015
3340
7284
2268
3700
1708
442
7451
457
3777
3205
2774
4707
6777
1510
439
2374
3149
6229
1712
3280
1917
6120
7728
1332
3046
3771
5616
