2376
6311
6180
4132
2594
2846
7131
7902
5311
4123
895
6652
2273
1354
2000
4450
2307
1377
7957
1235
4103
33
6189
126
3302
2570
1133
8138
862
4548
5511
1952
5944
2248
8139
5413
7662
7789
4575
2977
5438
5560
2802
250
4413
4991
7942
3563
5253
2861
4374
7000
2470
5550
6352
3966
3184
2769
7022
3271
3126
2197
3368
6373
1212
2004
2999
3420
6934
653
7147
4942
5007
3588
6472
693
6160
1024
6833
6582
1095
4244
5875
4443
5441
2464
3524
435
6337
4233
3256
4449
2941
5558
962
218
8002
1540
454
4317
1719
5847
7101
371
2512
1119
3298
1467
6547
4945
6952
4537
1600
2319
7331
4302
765
1965
4402
127
7459
7853
7477
4600
7718
7254
5449
418
3127
1961
1850
4952
2300
1825
5083
4272
7077
6039
1566
2083
6681
7170
7064
7445
6736
1435
7353
5954
6030
7505
1171
5549
7010
7198
6410
7659
7447
2514
6211
6308
1258
423
3544
7865
3285
8137
5602
2957
1653
2817
2528
6262
3581
4219
8191
4729
1882
4383
7509
3392
2442
5406
4885
6841
1548
914
3372
2671
7034
3654
5835
1415
5246
1827
193
2515
4453
5268
6869
4750
1270
2178
4924
938
837
7461
851
1445
6324
2330
3098
710
5929
3212
2961
59
7520
18
1820
5904
7007
5467
4234
5938
4398
2001
4743
7255
4899
6201
4446
3107
5676
1744
1123
344
6792
5236
7287
6881
1397
5243
5343
4886
7284
1984
3160
5680
5796
2886
290
4917
2425
3257
3099
4844
309
5793
1141
1439
25
524
6673
1832
7719
3251
5068
5821
5105
4447
3605
1335
3156
6731
2194
7731
3015
1460
6365
5322
457
5824
849
1143
6150
3822
4683
1509
3227
7138
4964
2831
4429
1350
1764
2286
3954
4872
6543
4698
7360
4767
3162
5270
310
7722
6193
5972
2281
1093
6257
6356
5888
6978
7283
478
5781
3643
2384
5262
5842
7490
3538
4060
1631
7271
3681
6429
10
1147
7304
7585
3458
2962
7876
1779
3006
6267
7330
4538
7979
4108
2189
1054
752
2654
6175
2786
1164
6271
6037
6360
7382
1547
2754
4530
4382
799
787
7482
5720
5057
5604
3231
7470
2661
5507
5608
1818
2903
5935
7378
3592
3913
5079
3136
217
2890
7415
5502
4053
4612
3597
3443
1043
1804
5885
8155
641
6142
1747
8036
887
5024
5926
5811
5594
5892
4632
2247
6872
5921
4519
1801
2866
283
8133
2345
7489
4288
4243
4755
7723
145
5569
1589
1257
973
3666
1232
1369
4161
4800
30
4047
4819
3820
5752
2084
5658
3817
1881
4360
5764
6740
2061
5074
847
3616
4342
3254
20
4314
5285
3261
2916
1767
404
7114
7626
7675
6510
5060
2909
2947
4354
6382
4811
6346
6055
7018
7736
4645
6196
3195
7200
4829
4673
1938
7860
5611
3535
5423
6116
3297
3132
4328
1150
7710
6505
3642
7352
2276
5536
6
7896
999
2018
5650
4934
4066
4859
3752
5116
7567
5385
628
7835
4639
7171
2063
2242
3061
6694
6009
1476
4197
6099
990
1572
2485
7151
6823
3580
89
3674
7215
1759
5979
1323
1242
6569
7830
7323
1086
2296
4462
4511
6485
815
1765
2564
1491
6246
7175
2366
8108
587
6844
4895
3072
3150
8101
3021
6601
1085
6358
442
7823
3029
5934
7465
2110
2565
4353
597
848
397
3894
4654
5845
4707
3952
3359
6969
2356
4481
2357
7998
1244
8150
1632
4487
3147
7065
974
4057
2628
1449
2239
5999
86
3304
3408
2677
67
691
7240
6521
3900
4330
5509
7562
5374
532
8126
1077
7204
7306
756
6291
6044
503
1771
2959
1599
8047
2
5765
880
203
2757
7904
440
3287
1388
6100
13
3224
1520
1795
1124
2850
6493
6638
5603
3172
4338
3466
566
6787
4467
4055
6607
2998
35
6983
1999
3995
3517
4863
5962
7128
3452
3577
6502
5651
477
439
2049
825
2112
1630
3758
7623
934
6615
873
5430
890
219
4782
6377
4565
6962
2968
6068
6027
2452
4309
2097
6455
7449
3106
662
1976
2132
3930
1578
5412
79
3243
5472
594
5730
2575
3482
7575
3760
6989
6336
6878
376
1675
4176
6021
1690
345
2205
4134
7431
1247
1139
839
7890
4510
1964
3269
7235
2303
7429
3815
195
5678
486
389
1551
2980
4456
4933
2835
2301
5696
3188
6603
518
760
338
923
4410
2436
244
5217
3916
1892
3119
1749
3663
5890
1786
8096
4607
5469
2771
288
7015
4628
3376
6801
7676
7385
3901
71
4210
7971
4590
4884
6935
7826
2883
4048
1504
2292
6742
6919
4261
7634
6501
5818
1830
3104
3179
5902
4999
1615
1457
4585
845
6842
6286
5201
4204
4283
2825
5512
7579
854
2975
3171
2415
48
374
2211
5644
1337
2323
709
7375
5499
2783
4278
7485
1087
459
4135
1657
5299
3042
6524
3842
4014
4295
5411
4596
1423
5877
1806
1691
2372
936
3487
66
6450
2342
2554
4035
4553
4795
951
5990
5491
5628
3333
1283
5518
3846
5547
5540
4144
1652
3449
291
375
4399
4107
1033
7343
1598
6626
4258
8177
1155
1639
5397
516
4534
6712
5280
5826
458
676
5289
2438
6748
4271
7969
6580
5632
2144
1603
5479
4915
4493
5874
1464
5654
424
5293
8022
4147
5777
6293
6867
5633
4514
7953
2413
5304
2183
3987
4606
1643
3712
3523
6087
3317
4268
919
2184
3312
2876
1261
3601
3007
1472
3946
1074
3249
468
3738
4835
6309
6993
5789
101
2950
7275
3451
3157
3295
2920
5082
2994
1627
5295
1917
7221
3843
2600
2630
5600
5476
1052
2634
6187
7256
6995
5027
803
1877
4151
177
1336
7762
7636
4862
784
4881
4672
307
7995
732
2501
5463
6347
5870
6606
4864
6359
1736
287
2965
6148
5565
5226
548
2379
6834
7972
4216
2489
7869
2182
4850
5915
6412
7414
2353
6951
556
5786
6631
2407
4856
5339
6239
5989
1403
5465
8048
6814
4651
6078
7686
2932
1376
3948
7749
4742
2313
899
6192
434
7460
1290
2942
2813
2207
7301
3163
7163
410
794
5992
6509
7297
1348
6884
1884
5353
6132
3723
5808
5291
5728
3424
7056
7994
7424
4340
6970
2952
2210
5398
3511
7100
6381
4717
1222
5039
2375
816
335
4056
2521
3973
642
706
5735
826
4321
3539
7381
7669
4897
1876
1581
7588
3268
1329
2997
1332
1784
5149
420
7772
747
2568
7031
1901
5978
517
4326
1910
750
2933
4828
5035
1070
235
3648
3396
6581
4653
1279
3246
614
7164
429
6611
5899
2589
4541
5143
6526
3343
2125
1741
5440
213
2764
6317
4840
7568
1114
916
5178
3270
5833
2832
3803
6119
5834
6963
3757
2483
1254
5275
6463
1061
4496
7062
4345
4179
2259
611
7020
110
1330
1382
5251
796
6468
6664
5585
3841
6049
4367
8041
3521
5998
7374
4768
6648
5368
8124
7829
874
6567
5025
2015
2495
2236
1251
5305
1503
5489
2014
4622
4260
3500
5247
4178
5783
5371
4502
6678
463
2865
4018
2108
2664
1408
3505
6639
1436
5010
232
2241
985
576
6923
2094
6057
7435
4006
5085
908
6168
1211
3701
1770
1694
433
4700
7086
7961
4313
4083
6733
2725
7395
2052
2958
7067
1973
7493
8130
1735
4987
1088
721
5782
6998
5488
734
6826
5100
6200
4282
339
8012
385
7154
7524
7694
224
3924
2794
4953
8161
6518
5126
6651
1616
5717
3199
6688
6313
7293
7166
6798
1383
606
7112
5315
60
5761
4699
6400
5924
3546
3293
4277
7038
3672
5288
5185
3203
3635
1557
6486
3439
4730
7093
88
5386
2557
8134
5265
3055
7027
5837
7850
7901
4716
189
3139
3324
3871
1068
1404
1424
4016
5595
2624
6912
2270
7157
3198
1379
6897
5189
906
4669
7391
7672
2305
6988
865
7559
672
6186
3621
324
2641
2070
6808
2617
7965
7732
1183
3415
4940
2798
3217
450
353
6653
8093
2943
2899
1646
5373
4281
8050
6927
4075
5593
772
7818
2552
1607
3442
7989
6314
1534
56
7894
2719
2889
400
2871
5286
7539
3936
29
5504
5483
7312
4861
3670
6106
619
7862
3691
7011
6649
4072
1655
3713
2670
2488
5089
6633
1678
1189
3678
8172
4433
5790
2060
4414
2057
2492
622
4938
3117
3578
2005
1867
6738
4882
3943
4401
5309
2288
4508
5220
165
1773
7
7266
6734
3170
3345
5657
1713
5153
1311
4615
2222
3739
3278
4770
5424
565
6093
7952
5687
3849
7733
4583
882
4224
3339
523
7628
3750
878
1402
6608
551
8025
780
5606
1931
111
1555
866
1082
5582
4400
5856
4906
406
6331
6089
2888
347
7975
1730
7845
5640
7821
6260
2914
7582
6416
3917
8053
3512
811
5072
1046
7081
1532
3446
4076
4126
7044
5912
3774
900
3453
4722
7145
6609
6470
3818
1960
1469
7302
407
5930
3909
7601
1324
3950
7085
859
4928
3495
351
4522
7820
2316
1851
2221
6588
5219
4120
5778
5715
2208
6973
3647
1349
6769
5939
2237
4319
3645
1846
393
2762
3587
989
1229
4740
1695
3646
1386
4359
3779
417
759
4208
7308
5141
1754
5967
214
419
2459
5742
7412
4791
85
506
430
4761
5928
3316
926
7006
2130
6916
519
7229
3724
7288
2852
7187
6419
661
1009
1285
8176
6357
2853
4059
2394
1905
7632
2864
7169
4199
6245
6496
7184
3520
7638
1243
2335
2172
5583
272
7373
3838
2155
3662
4063
5906
2991
530
2233
6616
69
4671
4315
3699
2245
3579
78
5197
1110
4879
3225
1681
8164
4889
5571
6617
1948
5537
3034
3761
7569
4820
3821
1550
586
3164
8092
2767
3962
1234
2496
5726
7206
7087
1083
3555
1977
602
5891
6994
4923
1660
5869
5187
7340
6692
2657
5861
6860
321
7303
5597
694
7881
6366
1366
3202
5643
3228
7778
2347
3735
4308
3873
330
1911
2163
2029
1993
299
4170
472
2667
5661
1194
6974
6665
2752
2901
1313
3240
4201
5383
6004
1131
6564
711
7173
2844
7528
1014
3134
7149
4736
4974
3957
7532
3398
2339
4097
1858
6847
3789
1521
838
2520
1216
6233
1484
7796
3619
2474
5003
7738
7437
617
7120
382
2517
2355
7376
6266
2119
5520
3847
120
7657
1756
1619
8010
64
267
8008
1193
855
5917
3076
3653
808
2262
3543
5948
6672
6523
7572
6750
7537
3823
1810
4837
7397
6368
1032
7041
7226
1621
1729
2734
147
6182
1448
1529
4318
4941
655
6782
6253
8017
2505
4389
2898
4273
2738
1531
6401
563
4738
4578
4385
6632
7879
2230
3885
3340
4358
7773
5841
1275
2251
6155
1346
4913
2572
6335
485
6990
625
3336
2828
7561
1552
3573
4080
7075
1549
1339
5
7804
1620
4424
7496
2023
206
498
3509
3373
1192
7873
714
4838
7232
5158
4065
2860
5482
5227
1304
4621
6028
1490
1847
5088
5706
4827
4981
1865
5941
5737
5703
2152
5497
5399
4228
4343
4765
5822
8054
5589
8024
1483
6591
3775
3730
7066
7824
5037
507
3435
6957
4771
2986
8187
1862
2451
1693
6231
8173
2369
6898
7863
870
6621
443
6390
1665
340
7408
4276
3028
5854
4452
5142
2190
6818
399
4486
7349
7794
6560
810
5971
296
3493
2603
196
7272
2080
2964
2822
2524
6115
5222
6072
3902
6058
6492
5791
1112
7279
2685
3120
6143
364
3514
68
1798
871
5221
4687
1896
6508
4516
380
4089
252
654
7870
4790
4515
2106
8154
5264
4521
6396
6558
5510
53
1056
80
7186
4570
1035
6579
2733
2821
1543
5919
1223
2040
254
5683
817
2812
2099
305
199
2851
6008
956
6540
4939
4285
1241
5075
949
131
1545
2225
6442
6080
46
5318
2456
6816
3675
7996
7776
8049
4377
6893
2676
3684
7269
7891
3010
546
5878
4935
1928
1438
6137
901
5225
7261
6413
7263
5681
3045
3833
3504
383
2744
2354
1145
1255
2988
5712
2675
3595
4564
5347
1012
1878
2588
6199
3624
4501
6602
3374
972
5839
8015
5812
8039
1221
2104
2058
1915
8086
1227
1055
6248
3826
3470
7757
4813
6706
5527
5798
6874
997
913
4373
3532
6800
5119
940
7404
7471
4951
3196
6716
4172
902
7931
7617
3208
2229
4713
5779
1173
3111
510
4978
5136
4741
2659
6546
6908
5692
7241
7195
1487
550
6937
8045
1861
2223
3263
7892
1666
7554
8000
7454
3942
7344
7025
6398
3759
7570
6854
222
2963
4365
4946
1118
4438
5210
5256
4435
1752
5700
6402
1199
5806
5963
2944
1633
8069
6221
50
7549
3108
1305
8157
7960
1650
6789
4792
3810
2093
953
1372
1185
2269
3625
2186
822
4668
6984
6228
683
2838
2729
1777
5677
6762
5348
1157
6820
6690
5255
4405
1167
5422
2531
648
4391
2264
7004
6727
1458
3009
554
3043
4280
6554
1433
6825
7264
7190
4676
4100
8089
387
1649
51
3081
1265
285
1700
5635
2308
3377
6561
414
7106
1618
1174
2614
5165
8180
7296
8146
4847
5846
4058
6754
4141
6139
3614
3700
7029
5698
3161
1860
5376
2150
7026
1060
2477
5451
1321
1840
1720
4257
2417
3375
6181
7084
698
5464
7222
2727
3748
5612
2728
2472
4325
3183
5320
7978
2389
471
2849
5316
6047
8099
588
2937
4922
2041
6372
6636
4346
728
4818
4418
5961
493
730
1813
4932
5173
920
1945
2159
5508
7551
4517
2827
2322
754
153
2008
4395
6531
1374
4634
7217
7900
3038
3266
176
2665
7181
3001
8162
681
482
2045
758
4307
3144
526
7918
1574
690
2717
6663
6386
1651
4853
5470
7322
8110
4320
6566
8125
1609
2543
6120
2213
7183
7842
5117
3778
363
1558
3276
3492
4225
5098
2298
4106
5815
209
2602
5932
4415
5741
852
3084
2810
7032
502
5868
6454
6088
7811
1515
4797
3389
3763
3636
7864
2703
6556
4376
1002
2359
1962
2367
1979
6760
6732
6213
1395
5059
673
740
7759
4823
6730
4193
4026
6948
1089
5002
1807
6125
4513
1919
6015
4408
6469
5495
5634
2218
4423
4958
5722
2672
5803
1101
8055
2605
5490
8094
119
1158
6999
2487
8166
1709
3182
6622
2195
3756
1334
2884
7832
2039
6717
2302
5071
8079
4477
4967
4478
7614
106
6856
1516
5884
1751
7177
5453
7689
4875
5070
4492
1220
4613
1230
2435
3832
2702
3638
2430
6691
3174
356
5802
5151
2127
4167
2177
4560
4022
6515
542
416
2609
1428
4826
5753
6036
6725
6532
5345
7497
7550
7841
6353
3965
2797
4753
1092
2385
6986
3181
7816
2149
6991
6208
7300
1586
1260
1359
6805
4602
5369
1249
6426
4266
4658
2704
1592
660
702
3697
7647
3749
7698
928
4944
6042
11
7257
384
146
3402
6660
2421
7834
142
5690
5209
28
768
872
7480
2476
4008
4430
4616
3742
4306
5529
7871
4908
5920
1663
1859
3829
5630
2830
3086
5933
3405
6086
689
2745
3872
604
1392
7640
4162
7721
1746
1740
1356
4388
7714
7203
7110
5646
2498
5017
6534
7411
5474
3041
1425
2982
5524
5058
4551
3128
4776
5258
7591
7428
6169
3423
6263
7462
3418
6549
4131
6838
6395
5746
185
2804
6107
8148
4337
6288
6145
1064
7143
3291
1048
6550
139
2453
280
1399
3967
2599
5155
7484
7888
4274
6895
2121
6883
2011
2022
4311
4976
4068
2781
4073
26
3508
2162
6903
2716
2351
7690
7985
2692
6392
1528
7082
1821
1544
2503
7983
7921
1271
6462
1704
2918
4350
5832
4356
2128
6279
4023
4732
7643
5377
4092
2243
331
591
91
4916
3813
6625
3331
1829
5610
163
6996
5191
2558
5033
2068
3113
6404
1839
4839
7877
3510
3947
6320
4344
5462
8141
6074
5519
5484
7843
534
1776
731
7529
6675
7377
6862
7984
5666
2629
2773
4222
2246
1951
273
3206
4535
592
7598
6380
5672
3030
504
4046
27
7146
3658
6623
3851
1513
1680
216
7172
7433
5356
1797
3964
1367
4701
2408
5501
7580
2076
4137
5103
2126
876
7597
771
686
659
3382
4153
4527
3122
2539
7021
3478
3085
3070
4868
521
3715
5627
7525
7798
2079
4121
7986
7211
5170
402
8080
561
5724
8043
505
2028
6185
1309
1661
2984
5567
7531
6206
2648
8156
5115
6767
3710
5578
1
3860
6910
4154
3839
513
7267
1298
6117
1871
1701
5985
7413
1525
918
4963
4015
378
5548
5108
4727
2429
670
39
3834
4737
2138
6060
3981
6958
3491
2371
3528
2088
5671
6586
5419
5541
5415
3044
7800
5956
3918
3069
1575
5517
2096
7396
8182
5211
1443
6152
8121
7964
2536
7955
2584
5503
984
7405
6533
1122
7451
469
3431
1477
6618
2724
1303
4323
8097
156
4927
5825
5276
3951
5907
7406
4892
5851
2374
3727
2700
4185
5341
621
1103
4149
2935
7889
4643
6016
495
7728
7253
1923
6388
5572
4624
5702
4659
1715
3770
1029
5409
559
1206
5840
5148
1802
4152
982
3499
4785
2314
6439
6220
1738
2694
1791
5340
1081
897
7023
3881
108
6435
4802
6476
778
4594
4396
337
1450
6890
5290
6964
6979
2642
4428
4416
1486
1705
4714
1763
1946
4184
2800
2267
1409
3416
2848
7427
6940
7940
1644
6527
3013
5468
1856
2102
5362
4434
1537
727
2289
5132
178
2404
4778
2455
394
2284
6423
6053
8158
264
6010
4865
5242
6247
2922
4888
1671
5736
5940
1584
5893
4230
1023
3088
5473
1569
3808
5011
7209
6270
4249
5561
2147
6643
5235
7278
7379
8027
3797
7291
7895
1098
4760
1400
4948
7781
549
1913
770
7948
3575
1593
704
6683
361
1588
3075
3694
7474
2261
2618
365
7926
8183
4581
7492
3187
492
6943
1585
7332
6178
2604
6261
3726
1105
1519
5734
1065
3637
6264
935
5966
5162
4468
579
2479
1957
4831
4704
4156
3796
4664
623
3892
1010
4587
5656
1037
4339
2542
3467
3192
2807
1982
2113
1398
4896
7118
3060
1184
160
6846
6071
6487
2970
5823
7756
1049
5444
4297
964
5983
3241
3623
7536
6614
5012
1602
231
1624
5389
596
3939
242
2742
3904
236
239
1656
4093
4822
8056
5629
7423
4256
3548
2240
6090
729
1794
6954
5159
1812
1614
1434
6191
2732
3347
4390
4004
7812
4279
6482
3516
2655
6571
3310
5184
7914
7681
4379
7594
6316
464
5487
904
2046
4394
1017
671
3640
1523
3703
6929
6721
6875
134
4188
5645
1883
1100
7351
7997
6025
2025
3862
6407
4595
2637
3290
5329
5099
5381
6362
2576
2894
1955
8068
5850
2931
1058
5785
1718
5867
4500
6831
947
3255
3564
7802
2278
4213
1027
4798
651
6147
7316
1996
7684
44
2287
3591
4902
5528
3731
1050
5252
842
6967
2674
5378
4584
7249
6637
8145
1626
7144
7426
2215
7646
4000
4777
7139
1970
2457
6000
6947
3905
2936
2859
1522
4918
7806
4036
4054
2529
3806
2882
2137
6491
7912
1140
5404
1981
3714
2504
2981
3299
7874
24
7280
422
5023
7767
5065
6892
1971
1034
1104
4289
572
5050
3344
7799
6719
1506
7345
2556
6110
5146
509
4364
891
818
2100
5767
1053
1726
5685
6344
7782
2715
6167
7192
6085
1854
3193
4021
5380
5817
2350
6840
1707
2608
3971
630
494
4200
6668
7819
3308
8186
2153
3096
294
7402
5056
1231
7825
7527
6079
1256
7903
6216
3277
8112
2271
2038
2563
8128
755
7592
4694
3745
781
1126
6641
8159
5636
4709
7281
4010
5263
2855
1479
6194
5053
656
3867
4841
3274
6222
4855
7922
6370
2553
4069
103
6676
8084
6354
2103
3168
814
2414
4469
7913
8011
5110
4543
4758
1291
37
7688
3895
744
5359
2418
4262
2530
3906
6207
1676
585
4464
2185
4731
4013
5522
3685
474
5161
688
1210
6743
7966
5379
2334
7366
1080
3911
7028
779
5993
6161
7880
3395
4232
5525
4417
520
3429
745
892
444
328
3596
1107
4028
7822
133
6446
5951
634
5814
6307
2649
2252
3052
2141
2227
4397
1582
1362
6473
251
5000
7189
3080
6855
4168
3399
7990
5881
1276
1933
5091
830
1727
8062
7868
3519
7141
5749
2881
7054
3720
1463
3471
1538
6322
8004
1622
6975
6488
4611
2181
6745
6158
631
3189
4155
2516
7814
992
2927
5622
5968
5570
12
2606
4523
3138
4292
5237
7754
6710
6278
1387
5244
6722
2739
8174
3348
1725
7740
4670
3661
2291
6164
7635
3667
835
1742
7855
6548
76
1941
6714
5757
77
5233
965
5460
2960
4926
5704
3868
369
5863
2555
2077
1755
7158
971
5894
701
5580
3569
3990
2796
6184
4164
6056
431
1461
1684
7466
2224
3922
8082
6484
7813
5731
2145
7095
7954
687
6425
6624
5576
2868
3221
6765
1853
909
2818
4597
3079
7367
4183
447
1834
6783
6729
2839
2392
5086
6843
8169
1699
589
7092
2458
2778
5566
3247
1296
2919
5682
4091
5066
1595
7605
5358
1069
6082
1451
5756
6129
2892
1455
4378
2019
7664
3798
4774
1831
5684
807
109
3865
2033
6284
4979
7384
7993
2550
1597
1159
4488
5751
883
7833
2581
3837
2974
1743
3112
2546
3959
3486
1768
4588
6070
2260
7162
5647
7325
180
2755
8090
1411
8114
2484
5448
5780
2917
5691
4552
7403
5177
7583
7088
7394
7611
6108
6256
4854
3115
522
7652
2815
5564
1097
1117
4303
4988
6084
573
7434
5590
4842
4757
3378
6542
1838
3229
7981
1670
2879
6303
7739
6174
4088
6525
3110
5693
1510
2619
6329
4957
2971
958
2736
7999
220
2522
5750
2299
7444
168
1564
3197
3342
657
6921
7040
2847
5964
5403
3082
4525
6635
5605
791
7481
3484
4719
3800
3370
5271
5714
7008
7516
128
63
1874
3327
4086
8119
240
795
7111
2297
7846
7933
1790
5212
994
2590
6034
6464
4620
6763
1935
8175
2002
636
4876
2870
819
1769
3679
3211
5862
2165
7005
5168
841
238
2547
4893
2653
2845
3677
2481
201
5334
7356
8151
4242
6466
7556
4370
5709
6507
8033
5679
3445
832
74
5393
3933
7666
7464
164
7557
7244
3912
4907
5819
1217
7602
4656
856
3133
4142
3432
7717
2013
1956
2951
5107
1866
767
1606
3485
2420
194
6240
6597
1358
1410
8100
118
3561
4718
685
73
3809
6845
7220
4432
1370
1635
5669
3244
1125
533
3805
2639
6858
7627
7769
2466
8170
713
3729
769
1669
1287
325
3237
2842
3087
426
4177
1692
4851
3166
6328
5539
584
159
5028
4867
7970
2327
3534
4380
3325
7500
2731
1013
7161
1640
388
5407
699
1007
2101
708
2580
5324
6013
5532
6684
4115
7827
5269
7182
3490
983
3702
6272
582
5147
5092
4067
5344
6172
2249
5193
4711
1958
2344
8001
1803
4980
3233
2973
6397
3979
7071
5521
4640
2956
674
3219
137
4316
6456
6574
1672
1559
4801
1417
3322
6478
1453
7947
3556
2232
5514
4546
3047
3116
7393
6283
3985
1732
1500
6541
4789
1045
4482
7259
7070
7817
1307
6128
5335
4044
2329
543
6870
7600
6003
2721
3657
2652
5447
7205
2680
3204
1553
3077
395
6436
7140
1096
6751
6091
515
720
2129
5708
5186
5260
5357
6764
453
2872
4883
603
5494
7153
2626
5134
976
7050
4759
677
6445
4489
6777
6513
6312
1146
3525
6173
6041
4392
5245
5408
4547
1446
5087
6658
3489
4955
5493
4763
4411
5097
7709
1712
4494
2136
4559
6471
2582
3346
8021
5981
7884
289
2035
7045
3354
5129
2635
8075
5623
5545
746
7317
7207
5394
6297
5911
2192
5745
667
4745
6933
2095
2437
1267
6594
2592
5792
7593
2673
4796
105
680
5477
905
7238
7225
6330
1213
7219
3469
1898
2010
4710
6593
1658
981
2471
5807
1474
7648
4150
2027
7129
4187
6630
4286
1412
3576
3365
3000
4109
804
5164
5073
6422
1673
2317
7113
6596
7925
2117
4609
6544
1809
4930
5555
7276
5665
2388
4009
1492
5772
3095
8184
5974
5402
1916
6747
2449
166
5895
198
911
5180
6273
4550
3283
7878
2660
6195
8129
295
6339
4691
7236
1654
2993
2747
5049
7102
6667
2508
6348
5660
5579
2253
2662
4806
466
4931
1904
7251
6936
5740
5688
6095
398
4471
3142
2034
5308
665
975
6741
6735
7456
6528
5988
2799
3409
2026
3016
3357
7604
1030
3040
4804
1456
5317
7380
6096
4858
575
3970
7959
1822
1389
5613
2623
1508
5021
7341
4404
6938
7486
3825
1909
2591
601
6861
7777
4030
184
5641
6269
1252
736
6980
7963
4166
1306
3550
1246
4159
3496
4207
1038
3053
3853
4910
2337
4901
6203
6162
19
4943
5865
867
1078
2256
428
7962
2750
7491
2525
432
7992
1452
4754
7629
6241
2071
7061
1708
1168
3250
2393
3547
2154
3201
5417
1647
157
8070
7091
7328
823
1420
4157
7097
3502
991
7988
121
7543
7779
2706
684
3272
2282
2976
783
4458
3929
3718
6146
7679
2573
8143
1947
3259
945
5283
7875
4119
3856
5426
3603
2012
6997
4816
6866
1983
6657
6837
7202
6949
6553
1645
4556
624
2989
2090
5739
62
3456
7548
3687
3919
6176
5551
4582
7673
2601
6679
2378
326
7421
3568
1357
3799
487
2687
1280
1591
7932
308
1084
1937
3350
1266
1208
7362
1677
3787
1040
4627
4746
1422
5328
6219
2948
806
5591
2789
6118
954
1731
7068
5216
1236
2179
7442
5122
3693
6234
2722
3386
4128
3235
5111
7355
4692
7311
1315
1753
5711
6659
5673
4431
8018
7046
1782
3850
4051
4571
2995
6495
112
7230
4363
889
6224
3094
5046
3461
4084
7237
5182
5137
3615
3609
3888
6250
6112
150
6038
2164
181
5204
959
5436
6159
6572
8132
7346
1391
7587
7130
1950
5292
17
270
4830
4052
4591
381
4269
6598
5763
4961
1378
6907
7608
7857
1153
5166
3319
2340
6367
6443
5800
7576
3611
6073
6822
917
3869
946
5124
6430
4775
7210
7724
4721
4287
7765
34
7432
6662
3795
6600
1611
3501
5674
499
7314
4436
4220
8113
230
7420
3137
2805
5031
368
360
317
3454
3338
2843
4239
5313
6661
5686
6235
5020
6779
4143
7590
113
1844
8034
36
3824
4815
6489
6786
5200
7047
4857
7105
5876
3866
2226
7667
4608
2333
6458
1667
7574
7644
7127
2513
4324
207
3155
3012
6839
1783
4536
824
5442
8160
1634
5526
2156
5300
5163
4202
5179
1596
460
4787
612
5908
1980
1495
4460
2082
1188
6237
3515
3437
1918
1253
3048
6555
7059
793
1613
3329
8131
3066
2904
3379
3989
4294
2053
2571
6285
7469
5747
1930
1176
4817
7335
3245
465
6121
5675
277
2140
323
4684
268
4914
233
7624
2519
5078
2668
4786
4480
5466
1920
8046
1922
2051
3186
7416
2433
57
3301
6746
3976
5321
7430
6610
1987
3191
2073
3303
6363
4877
3719
7180
3024
7541
7407
7630
1190
627
1757
3394
5439
6620
2730
3234
1295
4001
4253
6917
4512
349
762
4105
7956
2578
2373
7452
7327
6761
257
6799
5950
6075
6229
5388
141
2036
564
1238
2078
2737
5936
5183
4263
1063
896
4094
5914
3105
7958
7792
4333
2900
1228
1320
3567
4520
6768
4203
6434
1331
3540
5653
6225
6666
6063
1563
411
6276
4766
5390
6960
2779
4563
5866
7982
1121
6268
8071
8117
1696
4098
5500
4082
6784
4646
162
1333
6880
92
2803
6757
7218
3814
7425
4744
3782
1662
3513
6304
1497
140
8147
7645
3252
3753
7458
7453
3433
640
1160
6599
2698
2753
3220
7488
2979
6032
4799
4372
8035
2151
7058
2065
462
4703
5036
1327
7535
1921
7934
455
5154
1561
5652
2312
6959
5001
6414
525
1963
6506
6114
1347
3769
1113
6920
540
7847
6956
5432
5076
5157
5637
5506
2187
3258
5531
7685
5123
2823
5231
3078
6709
6689
2548
7165
5459
5898
3751
100
4347
3417
6149
2406
6342
632
1198
2913
4483
797
489
2294
1824
7334
6790
197
281
4062
6796
1835
2266
1686
4133
7398
6849
2820
2897
2567
6327
8185
6104
396
715
2469
1026
1170
2691
3328
801
1518
4264
1233
5516
7410
4726
6686
7441
844
7409
4275
3998
7615
1536
7530
6811
6724
6835
4252
3064
5530
4503
8091
5478
6459
303
637
3284
4441
2220
4476
4793
7339
6785
2343
425
7867
488
4920
1196
3680
483
3994
2199
6499
3464
2396
2996
7295
7502
3740
6018
773
703
3232
2705
5095
7974
1137
6204
7837
4657
4422
6695
5905
4681
1195
4061
4017
7212
403
4247
5420
5977
1758
7872
6409
2902
3017
2926
3215
2891
370
6452
4629
3129
1907
3737
5695
5360
8031
1641
2612
3194
7784
2331
3711
3037
1576
5754
5461
1868
3450
5872
4212
1897
7653
7074
1365
8006
7609
1864
4810
6374
4724
1903
3676
1459
5370
6299
6135
6640
4660
5261
461
2885
2701
3717
3103
6536
1608
7359
1728
7603
2658
7771
282
3226
1292
7242
6815
907
1197
7174
8109
3884
6006
2175
4012
4647
4209
1079
5410
4341
1629
7807
3980
3020
6144
3326
3598
4110
6457
7620
6853
4873
7854
7658
5127
6448
2758
6494
1099
2032
1944
3574
3999
3807
2168
7035
2293
5375
1351
3827
2212
2544
8072
2146
6384
712
1567
205
7758
2419
6987
6242
5437
2585
7752
6341
7519
6759
512
8142
3476
4533
284
6170
2380
6942
6882
1766
4725
6885
2157
1187
1116
467
7156
6944
346
2024
2967
6290
2064
2923
8167
6819
3425
3148
4573
5980
4569
3722
6417
3956
333
3008
5140
3440
4250
7013
497
479
5860
2869
7808
5829
7260
6891
2793
7498
7119
4050
4626
5314
2862
5533
253
5758
7682
5784
3876
4630
1498
5515
7370
3607
6083
8152
8060
4189
3880
6332
1442
2206
4990
4781
610
858
3644
7691
2746
5457
1967
7450
4270
2500
2938
191
6375
8052
4540
3531
1617
7930
318
898
4808
5838
5883
3683
764
7753
8076
4539
4531
4251
3334
6644
5984
828
4821
3923
700
725
3
4772
3364
5384
4649
6583
2646
3844
5044
7168
931
6124
3706
4440
8102
2740
4043
3754
6387
3468
2134
1927
5574
5069
6797
577
1685
2142
4371
5931
2444
5005
2921
5667
2069
6251
3093
4205
7695
7285
888
7544
652
6720
5668
6503
3790
2863
3384
6828
2874
723
5029
5405
7607
3273
1109
3230
84
6589
3209
4690
2895
1737
1698
6064
4229
2463
2174
6693
1073
23
1057
1501
7350
3743
941
7735
2907
3874
5382
5080
5254
259
1573
2946
6755
8032
1163
7563
4160
5241
1869
7419
6202
757
2173
6420
7852
2198
4661
1385
6479
169
5434
6298
297
7542
6029
3131
4561
6188
6378
6138
241
2235
6403
2829
3639
529
4173
853
1512
1843
6040
2787
4113
6046
861
4182
5456
4617
553
1836
2905
5458
2586
1462
5106
2596
1207
1127
6043
215
5689
5096
7935
5067
943
1179
1441
4381
5598
6394
173
3765
886
1908
3353
4138
3507
4592
7338
4024
4960
5045
6894
4663
265
4245
1219
2538
1873
6682
877
3474
5955
7973
7552
3551
4427
6500
8178
6971
4007
1154
5145
2506
4996
3019
6708
2806
831
2562
4124
1816
2017
2007
4894
1762
7790
1688
4421
5175
2759
7787
5766
1031
6807
7786
5428
2925
6932
3025
6774
7661
3988
894
5970
6277
6827
508
2814
2723
409
5858
4490
7555
358
2349
3920
7693
6780
924
5274
1546
6699
6361
927
5229
4403
3413
366
6012
6604
473
5429
1924
7748
6067
1341
6794
4812
6749
3791
6052
2541
3057
2532
4491
6713
3953
5648
6232
7246
7919
4720
7512
2161
7315
5232
52
1044
5616
93
8085
1899
3286
6918
3097
293
2234
2645
2621
1066
1299
1793
2431
5492
7920
5195
6024
1264
6258
7909
237
1142
386
7839
6852
4836
4223
7581
2318
15
172
7915
5809
1218
3984
4457
1872
536
6351
6864
3893
812
2109
5588
6715
5014
1823
7467
1785
6490
6305
3907
7313
6477
6868
5855
605
3032
4898
996
1511
4682
7793
5042
4217
2326
5319
4361
5174
1966
552
737
3896
8095
5230
7310
1132
5575
154
3618
4925
5330
1805
1811
6449
7214
1152
7991
5282
2480
1465
1570
1679
514
6223
3503
5910
6965
2577
3401
6179
4327
1932
7326
6236
1628
6122
1900
314
5118
4912
7639
6214
4662
7239
3620
6677
6051
5188
7941
1886
3664
3371
719
3931
1978
6612
2107
1373
3062
6113
6529
87
1774
3200
7495
2055
4037
5063
3741
1011
6154
4444
4970
5953
7125
7836
5707
7708
4238
6275
8065
6338
1760
8016
332
7625
5248
881
5055
1775
4784
6244
3529
3537
2493
869
4265
7049
1612
6389
6595
5041
511
5773
7247
3385
2929
7697
2042
5638
8153
7478
138
2091
7099
4472
3560
4071
7783
255
6802
2059
6227
6294
7001
3444
1447
4803
6557
3840
5196
1636
4824
538
1710
3910
570
8105
1302
6134
3945
5287
966
2160
5805
6022
4420
557
367
4880
2834
5350
7844
276
2766
6976
6287
560
3613
2686
5310
1106
3479
1277
4236
3473
3772
1294
1289
2688
1135
7372
8040
5480
1733
7390
5363
5617
5987
2440
3960
3355
3011
2579
2597
846
4077
5152
5172
350
5762
6575
4825
2587
6019
2622
1138
792
7849
4633
480
7677
3074
5880
1988
2135
7363
5364
1974
6810
6391
5542
2708
2348
7911
613
2478
5273
470
7208
607
7108
7584
6905
4993
3878
4506
6059
4545
7501
3861
2656
3852
4019
4301
4117
3185
6076
3366
7936
3855
7545
568
1169
5697
1517
3441
3941
3921
5077
1281
6209
2123
7479
6859
4689
3383
583
6061
4977
5770
2511
3746
7747
944
724
5015
7680
8019
1554
1594
7446
2893
2454
475
4298
1949
3280
6804
7216
4095
8106
1637
5923
436
3410
14
6103
4579
2761
6538
1953
2987
4675
6537
5655
6950
171
7898
1780
5642
7051
1205
5416
2361
1128
4733
7905
726
599
7651
7319
748
2352
3669
5131
4348
5312
5505
6238
7618
313
4181
4518
8140
2896
5554
2231
3292
441
1274
4846
6791
4756
5130
925
7079
4849
152
6931
4369
5913
3937
1929
7655
1890
7017
3267
4728
5918
445
3140
7109
1419
4558
4598
359
4407
2399
2598
8149
6109
7358
1845
4601
5366
5771
3210
5052
256
1000
6226
6431
2540
4366
1683
6793
2748
1604
7387
7703
187
7318
114
6517
6703
3190
5481
3736
3294
7250
4929
1406
2067
843
4461
40
5864
3812
800
626
7152
7612
7564
7282
6590
1059
6310
4322
8144
427
4911
5716
1175
3975
2363
1814
4355
5618
696
5084
3785
2188
1426
4805
2228
4114
8190
833
6655
96
2304
5326
7616
6551
6865
6130
2391
481
5325
649
4900
2679
4310
4869
3732
161
1819
2906
541
4748
7039
413
2072
4678
5871
5581
5727
2105
4852
1165
4554
6437
1102
4975
4112
766
4780
3056
1799
6645
4194
311
7518
32
3668
7012
2785
4860
2709
1788
967
3554
5662
6212
2473
6480
1891
6406
4191
4122
1959
3387
3992
5199
4549
6539
2321
7866
117
2193
4542
4985
3708
3498
3101
4186
4445
5223
1237
2257
300
3728
7729
7907
763
3996
2780
827
1345
357
1668
4652
7599
3262
2949
5701
421
7715
955
4773
3721
6153
7650
7103
7780
4878
1071
5723
2398
7368
5332
3542
2047
1481
4226
646
484
2244
6756
4752
7265
6306
3659
7090
4336
6900
1605
7457
5090
2238
6535
1828
2644
8009
6447
7882
5873
5104
6243
2365
798
2148
4636
4079
933
6197
739
5323
6771
7122
1308
8135
7069
8181
8064
1642
7227
8013
3447
1282
3083
4479
6514
3781
6656
1352
580
4507
5982
2939
2009
2711
8083
595
2116
3363
7745
716
4809
1130
6516
2856
3705
751
5421
528
6011
6770
2625
7886
1992
4568
950
1894
1842
2290
5853
3335
130
4577
3159
921
4644
6156
5659
7743
5797
1344
4386
3786
6772
3169
539
2533
1748
5557
1416
2784
6017
850
3673
2332
5624
5725
7076
4351
5969
2877
3090
3695
5169
3968
5138
6857
1857
1314
190
1494
5218
2595
4463
663
3925
2443
5094
7137
4566
7637
5813
562
2792
1475
4650
4605
226
3318
4078
3434
3764
2219
2875
1278
6813
8165
3236
3124
354
1407
2447
2768
5400
1562
4118
2043
42
1200
2710
5192
6968
1421
3092
7805
7801
2549
4284
2089
7810
3982
3483
379
7436
4101
7123
6776
3506
3114
3149
1202
55
4986
5596
6830
3177
2465
7117
836
7199
3804
4465
1226
3650
248
1025
4130
6054
7320
1444
258
1326
3641
4296
5810
8088
788
5213
3792
1076
7923
3146
5250
5760
4335
4495
5498
786
2763
3282
3475
1172
3802
4557
3152
6685
1454
669
3003
5621
3963
104
1005
2772
6829
3762
355
6379
6705
2381
3145
1716
3426
1682
1587
5125
2409
3788
4246
5471
821
4139
6904
2364
1778
7354
1473
227
8136
4998
8005
3462
4158
4532
5713
7507
192
5943
4448
1203
1042
1895
3541
7336
2954
3167
6092
5387
6913
4845
6851
7116
5620
1004
718
5607
2527
8087
6475
4011
3051
5022
7692
4175
1166
5013
3733
3559
5543
7160
1724
2405
2074
695
5391
3629
2712
6753
2118
7052
3073
7107
6886
7674
5266
6966
6559
275
2878
2551
1879
3634
4696
7741
6190
58
6992
6646
2087
1855
2030
7828
3656
102
1942
7134
249
4190
2180
1489
3955
4712
6451
3460
5946
4619
7945
3526
3589
802
1539
6901
4085
210
5102
6369
6033
5114
7401
4665
3649
6171
3313
2518
5996
2720
3121
5160
7720
3154
5051
6205
3448
229
5859
8029
2423
7019
3969
7803
986
3352
2461
4145
204
2268
2158
2202
7063
4293
5133
2122
7523
1893
3545
7976
1390
3527
7273
476
4240
4227
1136
7248
3023
3986
4769
6806
90
225
666
2735
1471
306
3671
8057
2170
6014
2362
5820
805
1286
3248
4466
7124
5395
4357
6217
939
2377
260
970
3707
124
5631
3582
451
392
1943
2283
4866
2387
7455
993
3427
3307
7885
4291
212
5294
4305
4783
5171
5016
2120
5801
5831
7002
682
4723
7977
1144
7785
312
334
3158
2682
2751
537
1478
496
545
7654
1580
7725
7476
1849
857
116
3690
4454
61
4544
3223
3153
4470
5433
3362
3455
6985
6578
6680
785
1638
452
4034
5705
5327
2699
6889
5852
3238
7534
2050
3571
1826
2854
7565
7148
1297
5030
1664
7987
2272
5552
3927
6441
7418
4214
2081
3059
829
1215
3725
7388
977
1560
4962
3421
7270
5167
1437
6766
7043
3260
868
679
4667
5038
5960
5019
535
97
2809
6280
1019
2826
3289
1209
948
278
6461
1394
1018
5349
5354
2535
5009
957
7540
5721
5836
1363
2613
246
5755
2523
3572
3704
2279
6522
5534
4473
2689
3412
4451
1371
4794
3411
1623
3835
3771
9
2254
2666
7080
2143
4169
2777
8123
3049
2295
1989
4300
4762
4603
5307
4349
2263
1384
7503
7906
3875
1051
174
149
3341
352
3801
7641
2341
581
3566
5043
6002
143
692
3974
2427
7060
7514
2448
1556
7521
3109
1430
6817
5559
1151
1739
1214
1181
7897
4708
3522
5064
6440
6737
269
7443
6111
6031
491
4909
4474
4334
7392
1601
8189
7586
8061
7706
7761
1041
668
1466
1625
348
6427
2887
4983
4146
3903
978
2086
3935
834
4005
7439
3600
3553
776
647
3590
7809
5787
7946
5203
373
7705
620
3430
1263
4749
3565
6296
2402
6282
4042
6102
4833
988
3390
4426
5215
3213
3465
4832
1094
7670
1431
1792
3033
3054
2824
1939
4267
5040
1022
6707
3403
3879
5699
5026
3239
3709
3135
5144
555
329
304
3961
547
8007
7522
1870
7510
6519
8073
2306
1259
7795
6428
7533
2497
3627
4576
1003
3314
6081
8127
7663
2770
4919
5976
7307
618
4064
4003
2561
5006
2837
3180
2328
5828
1526
319
3831
7073
7566
49
1702
5788
3993
1499
7224
3151
2718
2003
2320
7704
8115
7893
2912
1837
5109
1325
3557
995
2690
4747
590
753
3005
2841
2191
3216
5224
7861
2647
2776
5614
4655
6873
6871
6718
5278
6628
5367
3978
5372
2275
6301
6349
1300
6133
3414
2250
3949
5355
5008
6896
1405
1493
2867
6126
6383
3983
3897
6511
7742
6165
5849
5190
6670
7294
4995
2395
937
4994
125
1781
6249
7483
1108
5296
8028
5897
7440
5418
910
5916
544
2696
7399
3830
1340
1015
6565
298
6848
4254
186
7136
3058
7361
2166
5759
415
6023
8023
7150
5047
4635
4614
5900
7622
6215
8120
4505
1568
7791
1880
2382
2681
1284
6939
5207
1191
7621
2693
6946
129
4735
8103
5396
7571
4259
742
7887
1689
5719
1120
2791
490
3882
2486
2663
789
7899
1761
1502
5586
6405
2044
7033
3068
3593
2111
6723
4674
7135
3100
4235
6925
2428
1610
3026
7274
1364
6481
6131
4332
1496
6035
6292
7924
5032
7292
4968
2325
302
243
6504
2811
3854
2509
4874
234
3367
2020
2383
2633
1468
2574
4992
7848
6562
6704
3755
3660
5156
6629
8074
4604
3698
7927
7538
1396
1687
4484
3622
5303
6453
4174
5599
1342
6001
4412
5556
5446
7337
2790
6474
2632
7755
6702
1273
316
4954
4697
7916
7687
5768
3877
1201
266
5995
608
1577
2411
3477
741
7155
6887
4947
3022
2534
5427
6281
961
4090
5443
5139
7606
3222
7649
7515
3926
7859
4936
3406
4104
6483
401
7078
2114
7746
2450
4734
2037
45
7233
4921
8118
616
6399
4572
3481
2124
7944
3404
4437
2446
2075
3480
7511
2978
2401
3265
301
223
3686
1717
4972
7252
4163
1161
4
6438
633
5844
2669
3599
2559
2410
4680
4384
6788
6050
7665
3275
6654
8044
6698
4299
2167
7951
7508
6915
155
1697
2924
4848
2616
200
1318
6065
2441
3419
6888
3358
3071
7711
7057
2697
182
749
1418
456
7760
1533
5194
6424
1182
1722
3887
5619
5034
7473
1186
1432
6642
7929
7487
5816
4393
2490
6773
5486
320
7668
5843
2930
4593
7744
942
4329
1111
4136
3612
567
4116
202
263
83
3794
6097
5901
1262
980
1021
8188
3570
7937
3858
915
5896
2819
4027
664
1482
3002
2491
2808
658
5496
6563
2726
879
390
1008
4641
5830
6151
6739
4695
7347
7726
7967
1413
179
2439
615
1310
4102
5445
7642
6393
1269
7595
3783
2434
820
7422
3178
932
7943
6166
4439
4290
2678
1328
7193
6340
6177
3063
6863
7494
3780
5991
1401
3407
3288
7768
1541
2462
5568
6465
5120
1250
6411
7333
7701
6026
5769
3630
1808
5135
2265
4029
569
3337
7348
2713
6961
8098
7713
4195
1514
7596
6325
3819
3766
5827
3891
2424
629
5279
7364
6415
593
3914
6809
1322
2795
3688
7290
678
7262
94
8030
5710
3696
1703
4038
2990
2311
2280
7245
135
7121
2209
6728
4529
2683
7016
3530
3438
6696
903
7243
7030
5121
5454
6876
4528
5181
7196
170
8026
2370
3305
4623
4887
7730
3816
2741
4642
3586
4368
6319
2858
5799
2611
3067
1470
1833
1001
6364
1817
4442
2545
279
3391
8168
7526
1272
5775
5112
5670
7191
998
1248
1016
7968
1507
4255
3552
3381
6945
3014
122
1090
6530
1714
3665
777
7053
4638
4949
2475
4984
2386
2569
7201
6318
7763
6136
705
4180
6141
6326
2255
2062
3870
5331
3380
3767
4125
7468
1268
5949
7036
6850
7448
7309
6350
3175
5101
4891
6254
5743
5267
5957
6634
4610
7133
336
6467
2467
1393
609
2460
1180
7197
6647
2969
5903
6376
7949
6140
7072
4666
1316
3784
2412
4982
6408
2368
1998
4387
8122
7042
2610
3602
4425
3944
4950
7573
1115
7558
7324
2216
1565
4843
6911
7094
2908
5879
4215
5639
7321
6711
5997
3536
3141
2416
6198
6821
408
3102
3143
3300
979
813
1954
5776
644
5150
4040
1360
5563
5298
697
8066
1240
6098
2048
5909
7633
4959
1429
7716
3296
2640
4509
7712
5626
6587
3369
4706
5004
1991
3972
4081
4677
6592
99
4989
6619
643
2507
864
6977
3089
2760
2400
2403
2432
1648
1361
3173
4705
6289
5848
8179
3253
7115
6669
3938
7223
1245
7980
2169
5553
3958
4524
4834
3845
6334
6259
5337
6824
75
5205
960
6758
