2642
4862
7464
6888
1974
7033
1891
2488
5553
5340
462
7056
7330
3190
5094
7245
3575
2777
5646
4554
3578
1680
1590
6062
2840
5095
3124
4666
5615
6986
3387
3101
6303
61
7510
901
5687
6679
3126
6412
1692
5917
6755
3758
3825
6152
4274
6692
2422
6773
82
2122
5155
1754
6748
257
7413
2126
5351
4037
5268
2737
3918
1519
1847
1139
676
8172
7733
2899
4767
6013
4675
6966
2268
6846
781
3594
8189
4614
4915
5855
7730
5231
281
2039
6744
3733
2610
2795
4207
3277
7100
524
1228
839
447
6199
4310
821
314
4849
5178
597
4541
7916
7630
6078
3749
3255
5947
3783
6503
1693
1627
2846
979
1633
3840
3861
4716
5239
7780
7267
2742
1464
868
5375
2390
6469
541
2153
1308
4543
7062
2334
1142
2173
5742
6777
6650
6070
3866
7659
8175
3972
7648
7397
3600
5943
1165
5503
8182
8049
6572
5775
3431
3695
1413
7253
5240
4950
5432
4828
3004
4285
5438
6308
636
3865
3221
8148
1442
1445
196
7950
1444
6286
5904
5747
204
2263
3528
2921
5684
1109
253
2765
1923
5110
577
5332
8140
7608
5216
5250
5754
4356
7955
3173
4334
102
2475
3148
3592
4211
4791
7879
2495
1509
1963
7774
7020
1174
5830
1534
1017
420
4066
847
4185
4092
7306
7596
4199
4321
172
2311
6452
3143
1473
4427
1391
5195
7123
5200
1642
7269
4510
4535
6734
7512
1595
1496
5100
1386
952
6991
1606
8180
3958
651
5093
293
2349
3876
4308
5639
5946
259
5067
6852
6845
461
3062
947
491
5721
3537
6154
6463
2776
1494
5954
3425
7873
7961
231
304
329
3549
190
8118
1582
3077
410
899
2074
7736
261
6382
5835
6804
1506
2036
5745
4547
3965
2935
2750
6289
2313
5498
7521
6516
1978
6819
8125
6045
7560
5264
4580
3723
1906
361
1277
3536
3382
1470
4960
6589
4354
7077
4417
3222
7990
919
2806
1064
149
555
2877
6543
923
3552
108
6723
262
8102
1740
5169
6290
4571
4426
7367
6225
7143
7249
7937
1842
3218
3388
6119
5886
7308
5399
5074
2457
8022
336
6803
5944
2611
2512
2228
1711
6409
5183
2205
2392
2370
1937
4348
400
834
3846
1746
8092
2437
7357
235
218
3713
6648
21
5630
6112
6546
4906
1500
6472
7107
3005
4009
4892
2649
5117
5547
2030
2910
2870
6293
5287
4686
6784
382
6901
4251
7186
2258
2734
4855
2708
4228
3540
7707
6138
5225
6346
2261
4980
5355
4255
3074
3543
655
7156
351
3362
483
1857
305
5984
1516
4617
186
280
2818
2165
2804
7875
4481
6211
79
6049
52
2654
6389
3263
6594
2409
7553
1982
4739
3001
5786
5389
1796
5000
2101
423
4049
4820
2478
3775
5806
455
2113
2820
1265
7185
4017
1357
91
3743
5280
5127
4803
5665
4408
7012
7015
4955
3059
1586
96
2179
4253
1061
7828
806
2318
5796
567
2503
616
5987
4962
7576
4839
4091
3586
809
4230
3458
5006
6954
5275
5151
6279
3710
828
5582
724
1118
1063
5996
7505
5932
6210
6894
4578
3355
5395
6091
6554
5715
904
7680
1426
5086
1274
3513
8162
7350
3816
7275
2950
2701
5629
6511
4669
8070
6936
4369
312
6201
2869
1250
7452
6892
5377
5711
1052
6242
7831
7704
4154
38
4490
1267
2273
5338
4949
1089
1194
2631
4407
6489
5411
2841
6971
675
1003
3286
4804
6074
7804
4909
4930
603
1901
1664
2438
4288
7080
5472
7391
200
3605
5507
1234
6787
4813
7599
531
7364
6818
7882
905
8063
5845
7333
2562
3480
380
4179
6884
987
1073
2862
4694
3694
3210
4823
2191
7856
6534
1934
1099
2790
5130
3284
6597
3060
6862
213
7996
1652
5262
6827
3117
1702
219
2209
7858
4902
1646
6370
1260
4938
3989
1465
7731
5007
4282
6413
3508
1747
1904
6502
4884
5541
1070
7021
5975
2357
6687
5986
1450
456
418
3923
6373
3753
2948
6016
3348
1620
3909
7754
774
2813
2252
6666
3268
6927
4309
943
2916
7969
5157
6665
6047
6237
7238
2295
1994
1046
4853
5281
148
4087
2059
5808
7163
1981
2315
6213
256
7479
3651
95
749
7027
4031
398
1514
1066
6276
6043
3147
4299
700
5632
1991
3328
3302
1045
4122
7628
3050
1840
8042
897
5177
1341
4421
4970
5360
4978
4961
5133
8060
7024
2597
2293
4806
7323
4152
6166
1107
7064
7074
2094
6772
2051
220
6215
6629
1709
6924
959
1806
8104
3413
4050
971
7781
2920
7569
2971
753
1849
2736
4242
5922
718
7180
1422
6745
6018
3971
938
2270
2319
1375
870
452
519
1837
3088
1232
1998
1481
1969
5403
1419
1305
3834
2106
7195
7939
7088
1211
5609
966
1546
4765
4552
5585
6774
1435
596
489
1189
2494
589
505
548
5756
2127
1093
2556
7353
4684
5427
1875
2874
5847
592
5712
6462
3379
927
3384
7904
7654
5383
6920
522
1939
4225
5311
5139
5614
858
4974
3607
5156
7625
7349
1117
8143
5344
1008
2229
3666
116
5823
5821
1872
5497
1529
6327
5846
5359
2907
2831
1067
3374
5962
5451
3487
5586
4360
2082
2151
345
6491
5267
2338
4565
4073
3300
3315
6219
6424
6996
6897
5920
5773
2056
7261
5409
3030
2112
5500
1346
7463
1535
7535
3744
3083
7259
7593
4794
4800
5055
7032
179
1912
4341
2939
3705
7377
7632
6113
7305
1865
761
7375
4203
100
3307
6987
3225
6743
6762
6788
6093
2881
5445
1603
3489
1351
5307
6232
1758
4457
5785
2527
5729
5579
6864
4778
6606
7371
343
606
6567
7216
5679
3916
3420
3319
4328
4197
4447
3589
8171
4306
2312
5595
3730
2221
7850
5136
7959
5040
6196
3089
7304
4151
3983
8023
1655
6812
5322
2797
5198
6185
4956
2167
4886
4633
5047
2143
5412
697
4865
1472
4343
7776
6922
731
7148
3519
7182
5652
1579
6513
4105
6362
2366
3890
5714
3515
2136
907
3677
685
2407
4520
8084
4012
1722
7445
8106
4847
4272
3727
492
1084
3067
2197
6253
1624
4058
2130
6871
4798
4324
5607
6710
4738
2328
3036
4648
3856
510
3628
4840
6721
5950
3899
4286
5669
4809
5345
8024
7217
5621
7023
6605
4323
820
730
1215
1153
6586
6355
4214
2339
7443
3025
1115
6878
1151
4071
367
5863
6111
3408
1233
2914
4347
1705
6220
6273
6460
4327
5284
2542
2615
1290
8188
7743
6475
4829
819
6422
5666
3100
7211
2254
5430
3217
4257
71
7986
5285
7759
6570
4453
3085
7124
3551
4561
7634
6445
3711
5778
2425
6158
3438
4377
5670
4478
3945
5589
6934
7795
2923
4768
392
7164
3216
5732
5938
3862
5153
3503
6269
7693
7441
7870
2530
3111
498
6649
3497
4512
6028
63
4127
4808
1915
7431
1362
5761
1462
5436
3076
7271
6885
5565
1092
442
5070
4217
7537
5929
6176
3314
7099
5576
673
6473
2294
692
3851
2844
1999
6569
5471
2867
234
534
370
7429
3708
7082
2535
437
4878
3180
5158
2139
4249
2995
2248
5524
5752
5080
8186
3667
7063
4880
6097
4689
5243
7343
2466
3910
1318
4981
8026
3464
764
265
5480
6240
7230
1770
5992
275
3750
4265
127
3788
6090
3182
2901
6104
1191
7864
7918
664
4399
7801
7376
7309
5316
6260
2433
3781
6046
3864
6568
2419
588
1757
6063
4287
3262
2579
711
5464
8174
6108
3612
4523
957
3875
3917
860
7778
4195
576
7907
5242
4563
573
7671
4311
7334
4363
1769
3773
5270
4584
3968
5488
5120
3096
6961
3712
1629
1167
6875
3175
2414
1021
477
2532
1947
4078
5353
4681
6378
1325
1405
2972
3860
368
6202
4499
441
763
5765
7381
4591
3112
1007
1825
7640
5423
2992
2227
6860
1608
4463
399
3229
1086
2942
7528
3548
4982
328
2154
2037
7601
5125
5487
5735
4858
7222
2138
3080
587
8139
5854
2533
1894
3451
294
2983
4278
5939
6643
7928
3344
7924
4769
327
2092
945
2624
7453
4471
3317
5049
6866
3784
2231
5877
5492
6456
2169
4171
434
7849
2757
8053
7531
7415
6447
4720
406
77
2850
4243
7763
7404
4877
3823
7752
206
3655
2575
6160
5205
6083
2272
3385
7701
1673
8158
5927
1736
7497
5512
7044
779
3259
365
3748
7656
3805
1452
7742
6385
4039
7176
1048
4763
2184
1261
1927
2540
6351
3614
1431
7935
1668
2249
2679
3511
4937
1808
7684
5454
5527
7951
291
8036
3596
1694
5352
846
7297
260
7652
3416
3622
4841
1782
211
3066
4397
6947
7325
7250
7073
3691
8039
3843
2809
5024
5951
8008
2646
3305
1476
1335
707
748
7747
517
5060
5370
5871
5341
935
6485
6557
5407
189
4339
1683
5039
4745
875
1393
7403
5003
1414
1718
1975
7651
3603
8019
7508
4183
4641
1591
4946
1863
5981
3473
6337
6782
3542
4776
4624
4221
2516
3897
5069
6278
3227
6799
4914
2518
1807
4013
2280
7761
4550
2908
5207
6562
2581
6147
1441
6625
7065
1058
6531
6005
3981
4757
6678
5914
2447
4086
4294
4118
2645
5963
5869
4940
5333
5191
7409
5063
3550
3331
3163
2431
4612
4125
2918
6444
7048
4514
4424
3604
1828
6968
2324
4575
2912
5319
4070
706
5329
1723
1518
8138
2159
1527
6816
4056
1090
3900
6536
2536
2981
3813
8075
5982
6349
7727
4384
5645
2617
3962
4917
6928
6712
87
3880
2121
1309
2791
2240
1322
5362
6339
2099
6677
1236
7085
687
7591
2570
325
3406
1203
1125
1681
5649
1059
3800
7097
3634
3102
4054
7725
5406
5308
4601
6593
6174
3021
7854
3234
5005
5213
1630
3646
1859
6805
6716
8103
3220
516
2580
4405
4388
2314
3835
678
978
1818
1023
5090
4562
1051
4637
2199
2517
5384
7975
2703
6663
3264
160
6418
6709
3366
3656
930
5798
3853
1661
738
2656
7444
5910
3580
7177
772
719
5089
7111
1135
7783
933
7440
7201
5111
1213
4721
8044
2355
5252
677
225
1134
1060
7461
65
4513
6591
5557
8098
3322
1220
6298
7500
1964
246
4034
7239
3104
3558
3472
585
3378
4145
2933
3795
7450
6874
963
7004
4797
6031
6990
4266
8097
4526
7678
2216
2857
7141
3585
7184
1020
4560
7932
3673
6841
1795
5025
7260
4894
4731
2832
3984
4035
51
1241
1794
6939
2098
6120
3482
6838
2241
6042
583
2420
4539
4434
432
622
5443
3325
4051
2738
2653
44
6283
2490
2753
4636
4929
158
6619
7150
6977
4912
2688
3340
5771
3261
4177
3591
528
372
7995
4676
4466
2277
4979
6561
1967
5906
648
4805
2929
4393
4101
6004
6843
173
2156
5767
6153
2471
3994
643
3760
1094
1984
2484
6575
3757
1315
1979
6365
6795
5623
770
1560
8057
2752
7515
1788
7103
5539
7938
6479
5485
2161
533
6601
1919
5850
7421
6425
6763
808
85
2670
7702
1896
3469
2219
1957
3139
2714
6573
4881
1855
6724
395
5857
2595
199
6726
3669
3371
3568
3793
169
7802
1755
6123
3533
2871
5864
1648
6694
3570
331
2213
7622
2208
1798
2196
188
7786
4625
3108
7838
3717
4204
5397
2989
8001
3534
2961
4521
5759
7037
1204
7329
3052
5444
1242
3271
2630
1437
7883
7359
4028
2853
2687
1853
1537
2493
1961
6241
2805
2310
1809
1207
3859
7321
7578
7888
6965
5974
7837
2081
7365
1564
6993
6989
3792
3593
4166
369
5843
6151
7946
1987
6660
1667
6081
2824
2427
2589
4921
484
3615
364
634
712
780
5898
7221
4709
2321
7492
7139
7848
512
5437
7713
6239
5682
7541
7263
2559
2673
7712
920
2100
2842
6576
2779
1749
7739
3887
5784
4910
6033
8168
5875
1505
1488
7720
5611
81
2283
5748
760
2567
5448
2412
3238
3369
7575
1340
3980
3780
2163
5234
2023
2298
6226
125
394
5011
5219
1892
530
4662
3239
350
661
3882
4852
6386
7412
5230
805
4670
1565
7396
2803
4196
681
5766
950
379
5647
5706
1520
7387
7572
3082
6889
6438
322
523
5009
7997
428
1942
8167
6633
4175
5141
3401
6010
6165
411
3576
2700
5002
242
5126
650
7823
1864
1291
5331
674
8155
5788
4361
4394
4048
4020
4098
2866
1446
879
6505
4602
7057
7094
6854
3505
2927
7322
4705
4338
3463
3002
469
3787
4796
7047
2667
300
4836
2316
1885
2276
2507
3601
3412
2726
3653
4081
6133
7289
106
7910
6695
3444
7819
7361
3159
8161
4736
6483
4782
6609
5273
3168
2603
7346
3370
5461
1373
739
827
7169
326
4439
2514
8041
7836
4533
4850
3426
2717
4
684
7060
762
1390
7552
454
6075
733
3686
5743
4744
3659
232
6507
5453
7694
3399
5186
1208
2677
1883
4597
4873
7863
1247
5304
2590
6930
6209
1053
5781
4247
4200
6191
7526
4558
3590
5659
4469
5828
1946
2565
5708
2077
1469
7791
6258
113
2367
2477
3555
3572
1185
2470
6637
8090
4260
6775
6737
1237
2789
2441
4810
4215
4231
884
3525
6984
269
402
2984
654
2711
4283
4482
2876
2954
4620
1376
7106
830
8037
7232
6895
529
3055
4644
3404
7705
1802
7116
2011
5456
1364
3738
5058
3288
15
26
318
1748
2429
6713
5402
4277
3797
3934
7223
3806
6251
263
1132
45
6853
1448
7144
4869
3719
4596
2245
6089
5085
1468
1743
852
4033
7401
3172
3777
4592
8003
7581
3297
8146
5783
5594
5780
4968
6288
4210
2754
2937
453
6262
5750
1735
4831
7160
1525
6008
217
1889
6263
5478
6641
690
3905
4349
2690
7925
4857
3071
5062
5283
3352
7636
2815
4304
7540
7383
2146
1542
1970
2430
798
6179
1675
3527
4336
391
7893
7125
2884
7362
5959
6470
747
7594
7132
5410
7546
855
4170
3269
1850
5349
800
3311
5358
7054
6607
6381
2922
4650
7456
4381
2137
4997
3485
6407
4423
6940
4410
6341
2694
6980
1540
175
7055
3529
7290
5012
2838
5104
6079
6408
2359
1330
1671
5882
2731
4570
7344
2374
6291
8009
7507
267
6988
6524
7881
5903
3440
3407
2510
4292
4248
4254
2566
5363
7886
2057
7909
4825
171
1255
2794
3130
964
1411
6662
4180
5891
1082
6051
4440
6728
6717
6916
6125
2000
5504
2418
6550
6850
390
565
5967
2454
1715
2856
6482
1801
4583
4764
6764
6441
7885
3998
2233
8012
1219
6383
6143
1096
168
3391
1685
6699
1311
3293
6608
3212
7151
5475
3316
3479
3145
2938
843
2439
4052
6194
2203
7610
4094
43
3801
3734
7868
7276
7699
2421
4872
6999
826
2817
403
2827
69
4793
7188
2265
6501
4124
1588
448
7036
3849
569
405
6808
8121
559
6506
984
6903
3938
6535
8065
4987
7280
6360
3630
6039
8117
1243
705
4879
5896
107
1696
4173
3820
5509
3011
3982
3298
1350
2124
6326
1425
7612
5564
6038
8006
7770
7046
6281
1833
319
7903
8091
2162
6972
7031
6636
1897
4542
4605
4668
2308
538
6052
1777
2440
8142
3772
4965
8054
5076
3063
7484
4546
3411
4315
7896
3372
1105
7105
4926
4864
8029
1006
7852
2206
5253
5187
2250
3195
2802
3039
7549
7135
5238
346
679
5793
6417
2489
1268
3306
7582
3446
3232
5282
7936
2848
7072
2955
3308
7331
6353
6085
1549
4014
431
83
205
236
1212
799
3363
5689
7018
3808
8068
5513
1581
657
8058
4595
7229
4712
6280
90
2621
5431
7976
5115
2591
467
3347
1965
3236
4411
4679
4320
6566
3644
3476
162
4099
4761
3762
2689
1238
1466
3993
2237
535
2171
2041
2604
4502
2997
2083
5258
5082
5760
2814
4068
972
1128
1886
6007
5073
3842
889
6461
6019
886
1012
8004
7438
7174
1363
3149
201
1799
6937
2246
6100
4261
4223
5993
5014
5491
2704
6830
3874
2991
4038
7942
5533
2322
6000
3933
6632
4728
404
1786
1443
134
1166
5108
3160
4534
2499
3237
7509
3560
383
1240
5083
195
5182
1000
486
2680
6231
5220
2541
4696
2048
2178
7274
6466
2134
2974
4267
76
3699
3150
2157
2016
1717
4604
3211
5123
5612
5613
4667
1075
5396
5135
7374
4817
1201
5802
7562
6761
7410
2391
3956
7430
5116
5814
7846
7871
6188
7109
4350
23
7370
5660
3393
2756
988
4472
5837
7091
5616
4783
5122
2947
3649
3538
4976
2259
1562
1559
2970
1907
2449
2296
6522
768
2796
2568
7159
3632
5731
335
6001
5905
4330
5038
6495
3339
1977
5813
3526
5233
3520
5119
2956
4005
3115
1244
7340
934
1150
7899
3771
4991
2892
2706
2521
4252
8046
7989
6831
2524
8154
4934
1097
5096
3964
7110
4972
686
3579
4928
1222
5194
6359
141
5728
1078
5465
1434
1293
1041
2915
1636
2351
1929
233
4184
4431
5720
2125
1320
6250
6204
3118
871
3012
6985
1920
6486
3785
4273
2548
3350
6686
6680
266
4232
8160
4948
3826
6510
3
17
5447
5599
4492
4833
5023
5676
1985
3242
449
1337
2257
5593
7504
3199
7584
8150
1353
4368
59
7324
1102
4665
7251
1766
6122
3410
7735
2320
4628
229
1751
6978
5878
4538
3208
2772
4159
6399
8187
861
2648
3202
2596
2793
6781
837
3674
5381
1033
5056
4391
2692
7945
8170
4351
6810
5633
6171
5418
5941
7840
4732
4771
7372
5043
4572
4704
6976
6127
3662
6261
5797
4270
6155
72
3249
4437
915
4750
1575
433
6182
2432
4866
7994
1347
344
775
6002
604
2500
7068
1707
3191
1004
5912
5288
4032
1830
4814
7294
6929
5584
5059
7972
7140
5548
292
1332
6109
1686
1954
5244
1831
4977
600
1404
152
216
4275
8116
1114
7979
6390
4643
2903
2626
5065
1171
1316
4162
6371
6318
6321
7605
3037
4390
5245
7921
254
1752
3518
845
1887
4418
2003
6058
990
5241
797
7035
2625
4844
5482
5306
5079
4060
2563
1119
7225
556
2269
2957
1479
5744
6735
1116
989
3330
1158
7337
4041
4355
6899
1532
7190
1738
5249
554
7270
5401
7279
1614
3609
7400
2766
6121
2993
7767
3405
1388
5416
8108
2006
7947
7785
2883
7366
503
5699
7757
4537
6021
683
6758
7626
5964
3065
6257
5757
5164
4063
1148
4458
6616
145
5335
5175
890
4801
5221
4121
5218
6956
6398
2131
2505
6595
6448
786
1289
5236
4139
161
1888
471
2740
2060
5129
7586
251
3922
3213
4358
6141
3000
5196
7086
929
2576
181
2404
918
4138
1122
745
5041
1384
2044
7606
3703
4766
5942
2452
2282
5626
5469
6065
4156
1306
494
3299
1398
2187
271
1294
1848
6144
6714
3697
5536
1601
6722
1805
5289
5439
3663
545
6768
4043
5550
7300
3092
5664
5608
4239
2369
4922
5193
3867
1554
4297
3049
3683
3275
7753
4958
6558
2665
1087
6882
5695
649
7075
5661
714
2744
2854
1126
1763
6177
3121
6525
5165
4536
7475
93
2255
5170
5222
4548
6523
1515
306
6602
221
7220
7013
2194
214
3329
7252
2501
2144
3854
5185
4484
3954
5256
6384
7927
2120
3140
1370
6429
4682
5881
1272
4772
1423
5764
7539
6009
6865
1056
3342
6904
1303
5844
5057
6647
1288
1670
954
4495
2952
6644
5325
1130
5860
5255
5292
4898
2337
4284
1703
3422
7050
7407
8147
2364
2010
7817
5342
5809
4903
1457
2204
6753
248
5737
3424
7530
2502
6080
7394
1331
635
1463
2861
3679
3621
408
4699
28
5442
4989
3474
6672
6400
6197
1935
317
6095
7363
3966
4588
6172
5224
6731
8043
1231
128
4160
5521
279
3829
3620
613
1409
4688
6612
6504
3279
295
6793
4780
3911
4344
2018
7700
6951
6829
2774
4611
1816
7810
578
7019
511
1800
2801
7617
4994
3810
7315
5921
8124
1262
1016
7834
2009
7629
1080
4057
4834
4129
2093
1846
6881
4303
5662
3283
2979
68
2381
3668
2058
5378
1495
7564
6515
7127
438
5420
7788
663
3706
5323
4486
3351
975
6620
6817
3129
3486
2819
37
7681
7662
7351
8076
6801
2267
3937
7729
2944
1820
250
5577
2672
8183
7427
6800
5755
6294
6642
3285
4026
6487
6320
1876
7657
5339
4986
1665
8120
4795
2808
1814
6733
6820
1862
33
2096
1983
4112
7600
646
4448
7536
7287
5303
7948
8176
7206
3409
2627
849
1744
334
1155
755
6533
3524
5114
7985
4116
5499
2188
4332
6481
1005
2782
1508
3046
2200
710
894
6169
2666
1439
3700
1428
7741
2739
1953
1558
7711
4182
1501
3741
3107
2379
980
1714
2830
553
3626
1611
472
7314
7026
3886
5522
2549
5546
3203
7570
6600
2224
1930
1768
5936
5337
1643
4861
6494
321
1756
3017
5481
5862
1279
3029
1996
6416
1358
6011
5685
599
626
5386
6809
4365
7458
4165
3058
7029
3559
84
5668
2878
2593
5276
8114
4842
4626
8099
47
7981
7192
3657
5496
6935
1700
3158
7874
4942
818
2963
893
5637
3955
7501
4647
4318
3465
6319
4132
4109
3033
4250
4468
2886
5486
7477
967
1572
7803
3794
1960
4618
3166
7348
5421
5144
1737
4503
6338
2799
7532
7867
1147
1317
3072
951
239
2669
24
4708
6488
586
5525
8055
609
2986
32
2811
1397
2426
4621
460
7061
659
3053
5035
3219
3170
3892
8149
4483
3429
6702
4634
5559
2242
7483
6208
8073
4069
540
4076
2727
6334
4984
1741
6701
278
5893
6719
2767
3907
6072
6891
3478
1772
131
3873
7719
7231
6855
7167
6757
6284
4432
4966
3616
6163
5511
6449
790
7661
5350
1594
813
7434
2411
833
7650
2497
5591
8074
6613
973
3449
1631
638
1069
7472
892
4494
7538
3512
7480
7468
726
3443
2192
4386
2129
3569
6254
2847
1902
4762
7847
36
5415
2034
7991
6512
1528
2020
6711
8031
3654
185
7067
3054
7319
4271
4100
2102
6791
249
3588
2721
4464
1440
3871
4396
841
6325
6129
7059
3936
7673
2052
2863
1845
8093
7312
224
1952
6623
6414
3935
4093
1773
7093
170
3878
2444
5872
5945
3631
6366
997
1300
8096
6981
7669
7009
7771
5560
316
6756
4131
2702
7897
6301
3321
366
2941
564
5327
3564
6015
1074
2775
2042
7131
354
6314
5516
1600
2905
3670
7598
1038
387
631
6372
4168
8020
758
487
1205
6912
4613
5484
701
4172
2480
4110
1621
4692
7851
2620
5966
1710
4553
6142
6821
514
2755
6530
2118
6771
6628
6014
5598
86
4088
4945
4569
1312
4019
7295
3913
2024
178
5884
1424
4722
6585
6707
7844
2574
5053
1407
5124
6760
4445
3573
3997
1133
2401
5667
6361
1149
6124
3535
7457
1721
4674
6778
55
2403
4473
301
3254
6369
3629
6696
1345
458
5531
5919
2691
7014
7318
284
2643
5433
3290
1256
6344
7203
7382
7977
7511
2716
1726
2962
1490
2397
913
6639
3040
4883
2111
4246
7926
1843
6252
2987
2182
903
5739
6682
5251
2911
2331
5842
111
6330
7773
3498
5672
2239
3884
6582
2946
3885
48
7045
1480
6776
3845
4690
4227
5725
1216
7282
993
1928
1599
557
194
1248
5549
4885
1706
898
1037
7158
5961
1933
611
7254
5210
497
5558
4706
2271
2792
7165
2492
166
1024
1493
5727
5888
1966
2860
2599
7153
5673
8014
3491
2172
1221
5776
1980
1550
4854
4876
3309
5229
1545
6997
1188
4169
682
272
5758
388
8157
2210
3209
1997
6658
6498
5477
1396
1732
2260
7200
3185
1759
5274
3332
7708
2651
3253
3496
1605
1068
1157
7583
4985
3995
766
6544
1164
722
7982
7414
6739
4516
2451
7341
2362
5867
8123
1104
7691
5769
6170
274
1417
4450
558
2584
4089
2917
4153
4585
1252
375
623
5960
4846
6017
2164
2309
6243
3798
3930
5348
4235
2160
67
7258
5168
3836
3258
4298
1858
5455
6704
2940
445
5791
2226
1943
362
7017
6890
4714
6190
574
3987
4003
803
135
7674
4047
6622
268
2417
6457
6559
2333
5154
5849
4465
2019
4818
6962
5763
3183
8190
506
2103
4079
6832
5994
5099
1160
3868
3250
7243
5206
4018
3779
5789
4378
1263
7356
2623
3587
3312
7816
5634
183
5391
7998
6598
7208
3146
6003
7580
2771
7266
5380
2783
7573
7567
1403
5870
2176
5972
1123
7748
3953
6430
5909
2891
1868
3248
1081
1355
3396
7471
313
1175
1955
2091
7142
7406
6054
1296
1576
3577
7749
550
6168
6328
5366
7369
3356
740
1269
4201
5015
6945
5310
3467
4111
7889
862
8045
6364
6331
1382
140
1101
167
2428
4416
2114
3541
6048
708
4555
3970
4726
5476
5840
3557
2013
5848
5523
3606
4187
5347
6266
7934
7128
1765
5493
3848
6581
4279
255
5915
544
7447
1226
7686
40
887
732
3841
5087
2851
6053
7908
495
2697
7051
3265
5028
2371
3599
1477
6948
3274
4559
3790
6094
2722
6426
3951
3360
6555
7338
6246
4233
4107
4673
3766
5991
689
8119
2607
7130
1295
1526
5449
3223
2001
2292
4819
1271
7943
4967
6603
7256
1832
7134
4103
1327
3075
6115
783
4371
4835
6730
6652
1433
5318
6411
1352
4749
863
1127
7619
426
30
5422
208
2105
8181
359
7291
7543
5113
3776
2116
6102
174
946
2732
1824
2382
1400
7765
4326
5508
1343
1669
6029
2724
5209
872
8086
4220
237
5530
2326
8078
7670
4046
6706
6032
8179
1650
5215
5690
5312
5832
2605
6012
297
3702
7494
2285
7842
5923
8141
7205
299
1018
7777
5021
3915
6547
3838
6149
8101
341
4557
3764
767
5957
3721
4703
4687
2887
53
836
1013
5052
1910
5022
6374
7590
6943
2780
3650
1028
608
4291
5839
6836
130
7890
2450
16
4599
3098
7398
6230
5457
5653
721
3999
3105
6175
1708
7218
7877
2888
3583
7423
3280
4899
2066
3318
7861
4875
2230
4713
3057
4953
337
4579
5937
7272
5103
1869
2110
7226
2445
6224
4511
397
4314
3287
4574
6580
6394
6994
3233
4161
7618
6861
5376
3291
1014
2894
4143
7007
5999
7665
6348
2455
5805
6779
146
5723
1270
7963
2913
4678
7732
4908
401
3521
2212
6617
5858
7411
5686
4863
3661
7891
598
6467
7038
4146
7474
782
4913
3641
6455
2473
3313
7417
5354
3949
6769
6685
1467
3390
7224
515
2253
7149
3756
5408
1724
6556
2522
6405
7726
1870
4837
6471
4256
5008
5563
8038
7465
226
1284
2924
1810
347
7518
6306
2557
7145
4727
3619
2843
571
5717
3791
7345
7558
286
3665
2474
371
2076
6732
5644
1344
5534
3701
1359
1049
6689
352
4715
7454
2538
6746
1666
6979
1598
6898
2443
532
4608
7283
6023
6136
4374
1030
2380
5214
752
3475
4142
1131
614
6140
2564
3326
6256
6674
3715
6508
688
3381
2872
6667
7207
5651
8016
4658
539
1245
2115
5519
6027
7862
6227
5446
323
3627
640
1789
1198
5466
4943
2393
2585
6322
4707
3747
2054
5473
2531
1503
1797
5701
5181
6077
709
6681
5971
7853
5782
7614
2434
3992
5435
5336
4305
4743
7695
1286
2657
944
2459
5978
310
7277
778
6599
3732
7906
4462
3488
1010
1380
1730
7481
1399
1179
865
7843
5379
4508
163
2718
473
6518
6766
7030
1647
7983
7418
7589
7555
2448
2612
925
5833
2741
4754
6514
4115
2707
3188
696
811
2476
6638
480
4084
720
7137
4157
2658
3435
6067
6669
7949
751
5622
4815
3240
1239
3338
2839
2483
1543
2064
810
3608
3852
2461
3510
6868
3069
895
566
5180
2211
3266
3725
7953
3926
3251
6858
1432
2170
2384
2558
2234
4566
2553
2215
5678
2812
1877
330
8002
6738
3204
6295
4302
39
2504
4748
6509
8136
7422
4832
3015
6925
147
3197
6814
2781
7641
2108
3901
7724
4401
5713
385
3153
159
7470
7620
2945
6958
285
3187
7196
2647
5373
4004
793
2537
7028
3863
7962
1371
1950
850
2506
844
1784
3812
7101
5838
2067
2123
5677
5064
7643
717
3034
584
1638
7525
1944
2290
2696
3582
2291
1704
2085
728
4027
121
5246
3024
1367
481
2463
2919
3247
6564
2588
348
3969
7524
6583
4023
8021
3639
7078
5681
3796
1839
4295
133
5320
5489
4001
4992
6770
8077
241
3561
1781
7768
4189
3276
50
6076
1224
6099
7872
2515
5004
1654
2350
4860
7002
1339
7894
3432
1040
2746
2341
3687
2729
8047
6057
3726
3908
4075
7790
6949
7299
1854
3617
5930
2070
7436
7392
5907
6387
6484
5535
4325
7437
25
2222
3986
3889
3942
4398
842
5400
7355
7228
5278
2062
939
3858
5707
7557
4735
1649
5734
3260
2175
1329
513
7556
508
6797
7498
570
3198
3402
1651
1217
413
5913
7554
5167
7987
3437
3452
2829
2262
97
4258
6967
536
2554
6200
1416
485
4379
6024
864
6992
1088
5983
1585
5301
7451
1137
735
5581
4387
6474
6933
7574
867
3419
4238
6302
4120
1882
1826
3106
3728
4487
5753
7762
180
4219
2119
6198
3184
3819
7859
2925
6292
4990
4470
3176
123
1323
2664
4085
6590
56
3430
7821
5724
2346
2220
2715
7069
6983
6893
6577
4496
900
1019
6537
8067
2012
6375
3767
1761
13
5566
7081
977
6705
6906
6917
8153
3501
1811
5467
7839
2348
4507
4186
8156
417
5460
2218
8126
7133
5528
5112
5515
2735
5296
2547
1412
1873
3946
1029
4237
982
6541
1302
1002
7756
154
1815
4090
703
7545
5812
5
4016
5543
6849
1249
4456
2833
1719
6520
2788
1568
3739
6675
3888
665
5098
7677
617
3456
4430
1866
7764
7588
157
5965
1036
4697
2949
8115
6869
2373
3345
942
8033
7993
2858
4540
5034
7189
2686
5800
4455
832
7832
4488
7604
3324
4065
7715
4119
1716
824
1193
5542
7826
2063
1962
4890
6056
1674
4061
7825
4480
5716
5925
8059
4645
4137
7974
4442
1374
6161
1745
35
4441
7968
5722
2968
3696
6720
4205
2675
5494
5081
2720
124
1881
1871
723
3623
7603
1829
7288
5105
7718
4269
6340
6035
1783
866
1436
105
5890
6376
5953
3689
4807
4843
1083
500
2758
5201
6659
6442
2088
579
7931
6379
1009
2733
5794
955
991
6064
7219
2573
668
1753
2214
6870
621
193
5372
2128
4824
754
2546
276
1055
2017
6579
3267
8113
360
1890
5174
4907
4459
3554
4293
1287
5916
4549
4610
7664
3367
1161
1567
7273
1098
4400
2544
1878
4623
7168
7213
6055
4422
4506
3502
6272
2413
7734
2834
4700
3193
7689
3201
6453
2185
4428
3304
3383
3008
630
1259
5388
5587
7513
7488
5818
7929
2787
4635
7234
7079
7313
7784
1544
1698
2526
5567
2640
6342
5606
1430
98
2835
1557
3439
2730
6926
7609
725
3675
4529
8129
3457
3272
1206
7058
940
2072
3289
4551
656
2619
7302
3131
8191
78
7533
1688
784
7317
1813
2909
7660
339
2969
1578
4501
5459
6697
6235
8011
3196
3281
671
3974
6212
2674
3932
995
5995
1911
5297
7193
210
5801
1214
1112
1377
3466
2481
2837
8035
1156
4045
3167
288
1168
290
5247
3353
7750
6578
3581
7001
5825
6205
7797
3200
1613
7905
144
6131
2299
5876
2635
6392
7645
4262
3817
7697
1742
5293
5787
5001
5149
6798
1522
647
6265
3007
1874
1973
5357
4882
6236
1932
2785
6245
1838
2868
3811
5211
3571
7152
5902
3481
1653
2577
5458
1731
5636
4106
7170
3179
2029
3692
7779
3142
4932
6264
2244
2712
2684
6312
3742
756
3988
6574
2632
1640
3097
7566
7449
3462
6020
6911
3640
7800
5829
4128
7642
3194
2332
1949
5590
5816
6167
8130
4573
7716
4897
802
7102
4733
3192
1597
6403
3807
227
4342
3252
2301
6837
5502
5163
6847
4594
3920
2027
5068
794
5826
2798
5556
3618
5077
3746
6783
3947
151
7902
5928
2479
4333
6794
814
7490
7166
4245
3079
137
2864
4711
5799
1596
7420
1959
4234
5290
3244
4587
5107
3156
8087
1366
4582
2141
7095
6434
4414
4830
6691
2594
1356
1447
4730
8133
8
1836
2177
7740
4663
5145
4346
7822
3494
6815
6086
3751
4403
5161
1589
1071
7772
7898
1701
4493
2033
4874
1903
6477
6542
6311
3565
7766
7717
7198
6789
139
7175
5030
5302
4640
6270
3495
7499
198
7919
641
1169
1971
3099
2550
3152
4685
1803
3975
5768
3546
6759
653
1015
1180
215
7478
1307
2155
3031
4307
3483
7242
5299
3171
8017
3073
6952
7956
6259
3433
7958
6059
1507
3566
4651
4996
6826
3257
3418
652
601
2634
2845
228
4209
615
4276
7633
1727
378
3359
4988
5212
7503
470
7425
5413
624
4280
5394
6092
4290
2890
2879
3904
6343
4370
3243
7688
7568
620
6037
2637
1804
3162
4202
5897
6560
1251
7637
1913
6110
2300
7646
3786
6316
4021
501
450
2307
6964
1779
6106
482
618
7915
791
4593
6195
6921
5894
4737
7878
6957
6661
6069
4530
3898
6914
6634
6549
8085
6872
4489
3123
7118
6304
1246
7262
4479
3442
2398
1129
1266
2335
4395
4419
5468
2186
1792
2046
2608
2897
6553
1812
4224
6137
7199
6676
4781
4259
2543
4433
619
595
2026
2358
6229
7157
4067
3688
1513
6786
209
1187
4924
4788
6247
4586
4074
3110
5479
956
6610
6323
1152
5968
4226
4158
6044
439
3637
7698
4192
4649
1297
7516
785
6811
1566
1945
3544
5671
7487
5703
2275
1336
4216
4589
2174
1764
7789
6614
660
6907
7
349
509
377
5529
6377
795
4402
3633
2960
5520
282
6822
5066
3602
7433
1095
2180
1136
699
424
2117
7900
829
1900
5702
7108
6088
5176
1054
4944
5710
5741
7241
4532
2822
7806
6953
5266
4752
922
983
3624
3737
7303
7971
4095
2467
3914
2408
3802
594
1460
3961
2825
3155
6528
7489
4007
7136
880
4044
7696
5313
6228
3804
307
2395
4838
6277
7542
7595
11
6164
6551
3023
5138
298
4947
6440
7775
3138
7984
2616
264
6834
4528
296
5851
3436
812
822
1301
3731
6848
6646
7597
6073
4983
590
2055
4827
468
1622
970
1342
6285
412
7782
8040
4802
3398
777
7083
7668
5803
3814
2966
4871
7399
7187
6708
2773
1415
4364
3522
3740
6107
3400
7467
4671
7706
7815
7550
5973
6499
2109
6465
2396
5976
5779
5118
3441
6050
1672
342
3165
5148
374
1124
2375
537
7041
5901
5051
1771
2572
6450
7380
5385
5483
6118
2183
4609
7210
3774
2377
6944
2586
1310
848
5792
2053
324
3048
7022
1471
5601
7692
5368
54
4222
5730
5166
7000
7368
5356
2930
1628
7999
3959
4973
6145
7390
4719
4313
7336
4383
7049
5159
3245
2681
4759
5424
1573
859
883
2889
6887
3161
7469
1047
4638
1372
888
4190
1065
2402
104
7246
6657
1776
1394
931
3919
4619
5152
7179
2719
1712
7183
7970
3504
4603
6214
1986
1511
8061
543
6307
1530
3397
999
7635
6883
5698
5561
7113
4083
7460
6468
6751
1632
5291
948
6084
4657
6913
2372
743
5575
3125
7807
8111
3722
5895
94
4952
3471
5569
694
355
7647
340
885
4141
7496
3070
2821
2511
4420
2089
1354
4826
7011
4331
4773
1077
1750
3996
3095
3020
5619
3450
4787
1369
6071
6492
1178
4300
4312
7428
2423
507
727
1524
29
502
857
1146
7792
4366
1922
2725
1778
2747
5969
4927
3174
835
3556
2600
5810
6532
6184
3500
2652
5696
8032
440
3341
4382
3127
1739
7473
8081
7502
5203
5147
5102
4888
3891
2352
6451
3704
2193
6150
4505
4867
5627
6626
7025
4236
3403
6139
4891
7690
7559
1145
6402
1637
4524
1103
5790
3093
2618
7388
6410
2050
6268
5892
1091
6588
2345
1988
6752
2885
3447
2613
3375
1510
5654
4656
912
1644
7811
7435
5883
2251
5952
2709
1635
7616
6683
4702
6222
6040
4935
5811
8080
435
202
7814
5072
1349
2965
8034
7798
3151
5295
4281
521
308
7912
1062
3468
2383
4724
6963
1111
2760
443
7104
4367
911
941
3754
5674
4770
1389
4812
2079
6545
5227
8135
4435
5631
4181
6879
2360
568
4959
6082
4531
3421
7087
3364
4102
1140
409
2456
639
2078
110
1408
7703
1547
902
4082
5393
6529
1491
5128
57
2491
1626
6267
7373
7676
3684
2786
6915
4919
4693
607
5625
581
5309
4941
4135
1615
5173
7354
2816
7292
4412
3685
2748
3516
6725
3921
1108
457
3292
1908
4353
3499
2967
5171
6061
3925
4904
5463
2569
3013
1609
2943
3991
7146
5948
1406
3847
1775
3389
7799
7155
7548
4296
5934
5361
3376
6368
6464
2769
5624
463
7829
3597
7793
4659
4476
5709
1533
421
3698
1190
702
2104
6790
5121
4789
8178
3672
6828
6178
7933
986
2959
5330
6824
2442
575
7895
3358
1298
917
3676
7514
3584
474
5054
1931
5188
2040
4191
906
5693
7202
3939
2014
5142
7855
6317
7040
2135
3714
3720
2389
4029
6397
4923
192
4653
4123
2279
5199
6217
5390
3215
7621
4525
3492
3414
309
3380
6432
3009
118
8134
2232
5658
6135
126
6006
525
5977
6844
6098
7442
5997
143
5628
5109
5700
2934
4385
1625
103
7172
1895
8166
8177
1619
416
1602
1989
197
6299
7627
2639
2985
5985
998
909
4373
6096
7129
3553
4975
7197
5269
1956
6233
4993
184
2855
2356
4723
7235
5605
1663
6902
5184
2668
7120
2303
5572
1410
7495
1172
792
6274
7980
3041
3681
8062
7737
2685
2368
4851
4176
476
3006
5237
1583
526
4263
4568
1713
7466
7076
1951
1458
114
8184
4925
6668
928
2207
5328
5016
1610
1427
4664
6297
2460
8112
3857
6134
7534
7204
3902
4544
789
7459
6421
3872
3133
4485
3086
7653
4598
3815
2852
6517
1821
2410
926
4212
504
5150
2994
2028
5037
992
5315
1618
5092
2893
698
4130
6539
156
662
1577
4893
7787
6942
729
7286
4627
2705
1617
716
129
1486
10
1639
1283
7710
5261
8030
4198
2978
6813
6645
6693
7173
2378
856
7419
6900
6187
1079
5718
7043
896
1121
2031
5300
5254
1031
715
1264
7769
7796
7096
8109
5618
7066
4859
7154
7332
741
2021
4527
8010
2284
1634
6415
2388
2761
1938
5298
4126
3087
1200
427
2453
2498
7296
5075
1482
1281
4995
1453
6500
155
6357
5641
3514
2849
5573
7194
7039
3178
7358
3532
1170
4718
5462
7613
3903
5260
580
1159
5208
3241
996
8152
7424
5868
7339
5369
386
6932
2235
2086
2982
6181
4821
2485
74
3377
2158
5955
6218
3977
4756
2975
6396
2990
6310
6248
6380
7957
1867
4008
6116
612
5704
6103
1043
7310
2264
1861
7887
7112
3531
5018
7448
7098
4155
1972
6173
3709
527
4517
1851
2578
3716
2560
1487
3682
3137
4661
5228
4971
7408
6345
2896
7866
3509
4498
6863
5532
4062
119
1026
4931
1541
3824
5908
5223
338
6367
7941
6909
3635
7384
974
5738
7293
5552
8100
5990
7278
2828
5326
3122
8144
2002
1993
3113
6995
3045
6796
5807
2468
1039
4660
150
5885
7639
8185
7892
3827
788
6703
6439
490
1225
3960
8173
7631
7812
3950
562
691
1860
5680
5733
771
5570
6621
5804
5106
3896
4774
4460
2520
6615
2999
5265
3832
2601
3927
6128
4024
6749
6923
2223
117
2998
2386
5263
7281
7960
2661
2486
5501
7482
2038
3357
5596
3459
6792
5414
4734
3979
2343
3943
3273
1173
1210
7233
1551
5824
5817
4002
4335
1958
1728
5777
8088
6941
7644
6604
3415
693
5518
5831
7517
3821
5610
7565
6443
1990
1553
89
7571
2168
6126
2080
1561
2683
3022
3051
6305
3044
5364
1285
4998
953
31
1273
3090
2281
776
1720
6395
1504
2958
1976
1141
6420
3349
1328
5146
4140
6611
3912
7405
58
493
4194
5026
389
6490
750
258
2304
2900
3018
6653
7857
2660
4454
6282
1209
4654
1793
7335
4425
4600
2145
277
5441
787
1499
5425
736
985
7615
7607
2904
5134
4792
207
6193
6519
5143
1852
4208
1144
5841
908
6427
3206
5887
4077
9
1421
2865
2606
466
4786
965
1623
5417
1192
2977
1492
4845
5405
3445
1181
3567
5031
5470
1348
3078
7520
2004
4577
5834
6324
5189
5131
7010
3038
2571
5045
6802
2598
4096
7721
5042
807
4777
1660
3924
2236
8127
2043
5900
7944
669
2045
4822
3068
7809
1517
765
6656
6765
3690
4698
464
3761
801
5617
4104
3818
1844
6839
6459
2415
6825
3967
6571
6
5017
3278
20
961
7579
6221
7446
5873
5795
6101
7561
8159
4895
5880
7162
4072
816
4639
1143
3844
2723
6630
8056
4652
4701
120
7214
4742
5450
1917
2882
658
2636
459
7758
3392
3186
1823
1050
7491
8071
3809
8007
5429
1584
6859
2951
1485
7522
8028
7751
7884
5650
7728
1257
7917
3735
4799
4030
2555
2329
2469
3610
5935
2810
8051
2342
7978
644
4164
1926
8145
6356
6132
6624
6631
4753
4629
2873
4134
3028
3831
1076
1879
7244
7966
7386
2695
6959
3782
1691
376
815
2008
6584
4392
7455
5505
6640
2305
2152
2644
2189
203
2061
5889
1383
7181
4467
1502
6159
4607
3833
4064
2032
7402
6727
6908
6207
1556
1941
1940
5770
5642
1762
2256
2347
666
5279
64
2340
4710
5426
165
6876
3523
1767
6552
1120
4622
4113
6750
2807
3120
4213
4816
1001
6496
1992
332
853
627
6651
5924
6363
3736
4015
1656
610
1678
6969
1497
2424
2344
3109
1258
6401
1163
3043
744
283
3461
247
4097
769
1314
3460
6223
6350
3759
1113
2902
3645
6183
6910
3745
4856
6896
4999
5597
4758
7393
5726
4868
6087
2676
1569
962
5746
3428
6030
3189
3157
245
7352
2327
2778
2582
2655
4319
3091
924
6480
5683
7493
2022
2650
7587
6296
7119
1333
3763
2005
994
1880
5697
3205
1791
2614
6960
881
4357
5232
4474
7911
5933
8169
6391
1580
6446
2671
629
5192
2988
1948
3718
3035
3652
1587
7389
1658
3181
6335
916
7760
1570
582
5197
981
34
6406
1218
4775
3822
7745
5392
1531
1593
1072
4564
7519
6333
4779
3963
4352
6437
869
222
4475
7379
2638
6946
6146
3448
3027
2166
520
2539
561
4133
773
8131
4193
4040
8094
6982
5020
2659
5865
270
18
4519
8027
737
804
3032
2587
7523
7326
4372
2641
99
4409
4218
5404
5931
6117
5980
7265
1684
2025
6905
4755
3423
4741
3895
4446
8132
2035
969
1223
6877
3228
3493
4581
177
7860
6521
4229
1659
8128
6114
8095
1733
429
6458
6754
5562
3395
3625
2287
6867
5346
287
4901
3434
6823
2278
7967
8151
5545
1645
5305
5688
2749
6060
7992
1324
1905
425
2217
415
882
2097
7901
6068
6592
6216
2699
4149
1197
1690
2728
3507
6034
4615
407
6435
3327
7611
6548
6329
3517
3019
958
891
2622
3333
191
6698
6835
1395
1361
5259
7462
3985
672
3394
5506
7794
2084
2953
7679
4322
223
1695
3119
5382
5879
5580
3648
5540
1280
4655
4889
2150
5861
6026
1027
4630
7255
1523
3230
8015
1402
2435
1604
3014
73
6627
876
3094
5257
8064
6255
2132
5970
1110
6433
4545
136
3647
6309
5949
3770
1909
645
2069
2926
7869
7227
2698
6234
7940
4413
2528
4147
7071
637
3343
1921
5510
5537
1489
4025
60
1278
2198
3154
2142
2592
1819
1392
6840
4504
5663
7746
3611
1856
2745
3354
5692
2071
5084
2297
7053
3042
12
7161
6741
704
3320
6358
7672
1641
4301
2202
444
27
6688
6856
3894
1368
3301
757
1790
2400
4438
1679
2133
3454
5640
5029
5926
7257
3755
4451
3164
1699
212
2243
2225
7709
1429
2107
838
3789
5204
2482
4631
680
5398
5286
2353
49
2405
6157
7755
5314
1183
5588
2678
3231
2800
4206
1925
4108
4436
2534
6275
5321
5988
488
109
874
3643
7592
2148
6833
1184
2015
831
6041
4010
2996
8082
3296
518
5071
465
7237
7115
2509
2376
88
5190
7005
7738
2472
4429
3295
4751
2406
6022
4376
5294
2973
4006
112
2976
6785
602
7638
5452
1381
742
1326
8089
5514
6729
5544
5179
4900
3064
176
3850
2609
7008
2663
7544
2823
3978
478
591
3386
3803
7126
3769
6388
4316
4918
138
