7753
7338
4520
629
6042
8057
3816
6543
2128
4209
90
2050
6798
1051
5797
3971
4357
467
6875
3826
5909
3652
3970
7203
181
5534
4013
3446
2615
4489
1876
380
6046
1581
4701
993
7959
8146
4422
1614
4875
6181
6381
3542
7873
1194
776
2839
2284
7580
155
2452
7493
3685
2580
5369
2118
1782
875
582
1403
3316
7495
4384
4711
7582
7821
6357
4420
5963
2336
7815
718
1029
3547
2117
3381
4380
7465
1169
4477
3234
9
5232
4628
2317
1678
1146
4622
4234
3773
6141
6997
6755
6752
1004
6205
1080
1392
3056
5270
1975
1439
4246
6333
4610
5924
605
1027
3439
2161
553
7223
572
4736
2802
7315
7624
2845
5352
1305
5889
2058
4531
3024
3558
8017
1256
5586
5312
4261
6035
3221
6947
5274
5610
7179
6769
5733
6816
434
7289
4849
391
8077
5915
3364
6074
2741
1453
6441
52
5269
4293
4147
1683
3678
2304
3647
3192
5644
2104
7385
4067
6556
6950
2820
7668
6689
5589
763
7388
937
1718
7559
2075
4766
789
6935
5923
3765
4321
7669
6301
1179
2256
1643
3704
7430
6257
1653
2758
4976
6830
166
1336
1828
7641
7710
362
5155
5324
5713
5176
1061
6537
2596
3606
6390
3695
2348
7847
3890
3269
915
1903
631
6108
3064
6660
5919
2241
477
2888
7520
5163
1155
3710
6037
8117
511
2263
5304
4061
7881
5907
7892
3880
662
5336
6122
7645
2810
4904
4794
1479
7331
2960
229
4780
4253
2199
2928
327
136
6338
5064
2716
5888
169
715
7843
2165
5047
5980
3426
2667
7512
4069
592
5133
3370
3565
4694
1730
1497
399
4351
2590
3391
1945
365
5249
3189
7575
3378
6514
3354
6726
7896
8074
6943
6686
2747
3166
3811
1622
7902
5804
4269
7589
2110
2595
8066
3990
7773
6982
75
4073
199
2534
1219
6167
4915
6561
748
341
5244
4078
4453
6267
4043
2017
720
6931
4333
138
6358
3181
1466
4997
4633
3158
4848
990
323
5469
2651
3308
334
1617
394
6009
2469
307
2102
1163
6091
8183
1796
1132
5396
774
197
3690
5700
225
7491
6275
2526
6802
1174
4522
3350
1378
4624
1604
7191
791
4884
6216
3293
5478
4730
6137
5231
5189
2073
3893
2641
2874
3646
3324
1831
6403
701
740
4691
7927
2072
2527
7528
3119
4451
5224
3028
2046
6784
6623
4144
8068
5007
5127
5704
3198
6685
2400
2031
5584
5861
3799
1998
4508
2818
2343
3297
8058
2951
5978
6743
4709
7535
2982
1183
4152
6425
1751
2653
3011
2015
7237
7138
6871
7434
2891
6756
4991
7653
1787
3669
2785
6927
2553
2019
6993
5209
3167
4786
4203
4017
6050
991
3936
4984
5067
5982
1856
3788
6821
2803
2439
2244
3272
5680
7610
7319
1181
6285
1758
1128
1697
7775
6894
80
5261
3770
2792
5338
932
6571
7110
6719
3404
6192
7845
7217
892
4456
7607
2678
5298
912
5376
5823
6066
2945
5032
3839
2459
7950
2427
7221
5814
6335
8108
7362
891
1431
6738
3852
7489
1762
4297
6259
6572
1427
4809
4660
5698
2103
4156
8132
8124
5213
2970
2990
3278
6872
2398
6678
4739
7181
6271
994
7865
2869
2189
878
4619
784
7198
205
4324
2592
4743
5303
6250
4656
2529
2480
612
1515
1158
1873
608
2528
3851
2648
2796
7372
5259
172
71
5658
7184
6201
2365
3081
5546
1456
6316
4698
6990
2279
2918
3536
4300
2373
4760
1869
2257
1434
8027
4011
2515
1482
3432
2998
7105
8129
6353
2966
2851
6246
2276
7012
3627
1570
1906
3392
6836
2597
6568
6458
5596
2329
2533
8128
1449
4202
4455
752
5821
4212
1460
212
3196
7339
2016
2359
3344
6857
3948
7912
2418
7121
2535
5219
8059
713
838
6078
5167
1073
1574
7914
7569
7791
2474
4229
499
3718
6493
2312
3433
6895
2965
7466
5171
4530
7587
3341
4449
4195
4161
2222
3075
7249
2390
6032
5816
2014
3222
4523
4447
3237
539
5153
1866
588
5905
3942
1018
5650
3859
2775
5857
3473
5787
4716
114
4556
1090
6299
48
2994
4294
4408
5962
2394
4651
422
3512
885
5235
464
5913
8140
5414
2001
5256
8092
8125
1966
3909
1994
7803
7390
5046
153
5829
2585
2129
6909
218
6497
5927
2337
456
331
7452
8091
3705
1167
4487
6551
3315
7139
5817
3361
4765
7086
5198
494
206
4840
2603
6221
6487
858
4575
4265
4370
7786
5851
4608
1171
4590
6152
4744
1688
3313
3559
6248
4116
7243
4838
5712
2421
6838
1549
1725
4363
431
7006
5147
785
3911
3372
543
6905
5959
2388
3416
6826
6155
1648
5949
6203
5083
6873
6900
481
4004
6305
6007
6815
3937
4414
6113
1157
6654
7369
5508
4412
3373
40
6846
8035
6362
2903
1016
998
3693
78
335
5760
3413
6851
2409
1311
4714
2481
7474
2323
3055
7125
6128
2963
291
7905
606
5053
7348
723
2369
7680
4488
3809
7685
3369
395
800
4519
2430
5347
4248
7038
7137
474
3587
359
3252
440
2964
1769
824
1227
1370
3673
3254
4354
5481
7077
453
4091
2071
7050
3088
4525
2544
6499
1098
7445
2791
2556
4813
846
2160
6133
6553
4641
5641
5484
1965
6082
328
1890
2854
1058
1446
900
1606
4791
5629
5853
7468
265
7750
5087
3708
7082
7882
5667
5983
337
4903
6483
6813
6635
5494
3347
447
4443
3108
7173
2547
7040
526
5688
6907
7933
279
3981
2892
5398
3620
4804
7917
1407
6093
5325
946
7368
4350
2262
3866
1585
3034
5387
3552
2269
5451
7501
6998
4596
4507
5444
6739
2090
1133
3914
977
2729
1935
3910
703
1441
5386
6139
3950
2685
250
7068
1771
3441
6972
635
21
1302
1562
6415
4667
4032
2508
4548
4141
340
242
3123
1763
4107
987
6864
4971
7538
1043
5051
4095
1208
6099
4093
7431
7250
5647
5378
1583
4814
2217
2002
7415
5789
6625
5255
6567
2403
3974
1760
7296
7350
3415
4895
1827
5406
6001
1355
4554
3143
4943
1450
2310
3078
7166
6669
5454
5702
689
926
6749
3100
6730
5425
3509
1036
5852
5516
7782
4143
411
2368
3331
4582
746
792
1996
5617
4832
6024
3004
3806
4164
5954
4338
6241
2416
6291
8055
1871
7484
72
3280
3983
2730
7671
3634
7563
5747
7064
2221
2068
5598
6059
6213
1386
4727
7375
2518
6067
7503
3982
8110
8026
7379
1287
984
3343
3
4683
4826
1839
8080
4793
5033
5981
303
3469
3348
3411
6511
7737
252
5792
6764
3686
6666
5844
6231
5648
149
3576
3786
6218
8137
5164
3424
744
1283
4077
5956
1263
6057
5293
4083
5059
924
4680
8039
2734
6349
384
5136
321
7376
7439
1823
4375
3932
3500
3523
6227
216
4654
1849
7463
2443
4989
5230
2619
3489
6576
1514
6263
4693
7278
787
4251
6811
1656
4669
4263
6921
8155
7966
1555
1028
5029
7949
4002
5487
2176
5307
6874
3074
6255
2023
2445
1936
2264
4286
1739
6132
7472
430
5142
1298
2135
49
1212
1729
7968
1618
4905
7026
7399
5447
5566
7706
7411
4304
5355
4708
3169
7222
6717
4313
8094
698
7526
278
2385
211
349
5060
7964
3455
3598
4117
1390
4127
3043
451
1380
7395
4461
5077
5216
1419
4938
2402
814
4751
4415
1920
2769
5894
4283
3560
3694
6040
7907
63
7264
1318
4710
5741
1234
3104
8178
7647
2906
5903
5854
5124
2197
8151
4755
7460
1716
312
4365
2902
2600
4715
3429
1030
8168
7288
1306
5296
3487
5234
2315
523
7177
6933
367
2381
3616
7697
5260
5603
6828
7323
2243
5089
8164
7300
607
4874
4929
1794
2234
7366
5016
18
4186
51
2266
115
1353
5722
732
2980
6945
4399
7280
6269
2211
6728
5557
5705
1014
5258
5916
235
603
6209
3841
6616
3750
4500
4945
3918
4340
2331
7961
5448
6729
1861
5860
5877
1049
7960
6614
442
374
2094
6763
1611
6391
4244
5599
2483
6204
5351
7363
1001
6744
3845
2889
4249
1224
3527
6805
5615
8044
2393
5838
2138
3203
1452
1660
1963
3342
2342
6748
1438
2722
2249
6103
6569
1991
223
1976
7102
3835
1961
4346
6492
4717
3949
189
927
4109
870
3120
5593
5653
7746
1774
2733
1667
6652
6147
7570
3217
5973
2477
1050
1710
5809
3095
2140
7094
4431
6531
1499
6861
56
7004
5964
1503
6245
202
22
7724
7244
1597
5768
5162
805
4925
3191
4192
3495
3656
336
2127
7665
3986
1576
1153
1620
3047
1679
6386
383
2809
6284
4493
7058
6382
386
1753
2765
2171
7938
2978
6917
2038
2218
7818
1647
6870
3679
1476
6484
6307
8030
7321
1474
4341
5327
6653
2713
1930
119
4725
163
8161
5088
3474
6845
7168
3414
7822
3964
5870
7597
6716
6190
4336
7464
2708
4602
5932
58
5005
1830
5200
6332
853
7499
333
7186
7359
7708
5165
3803
6044
3653
6071
6303
7904
8191
5754
3363
2363
4607
339
4803
3946
4256
1895
3289
7075
1594
600
3858
1019
3912
5946
3737
6720
1582
4509
5726
5321
5902
3184
2004
1477
310
8037
2844
2095
2275
4792
6937
5126
5600
436
6714
8142
1901
1483
1075
1122
2905
5543
6442
1275
5357
6658
5868
1185
7585
1327
7748
6577
1314
6436
5886
3724
1147
7965
457
421
462
1644
1317
5115
3251
7193
1518
5428
6776
630
4472
6725
7539
3326
6495
7485
7317
5241
2770
6089
4299
2933
8051
3406
575
4014
531
7310
1173
1850
5453
6908
1705
1629
1254
3133
1121
2740
7979
7345
3497
1397
7285
7736
6125
5318
7406
6925
6552
7626
4941
4923
6867
3402
1076
8162
7194
3752
2768
4065
5711
2840
3891
6308
1893
1977
4337
412
1102
2913
4136
2843
3304
73
5526
918
7715
890
3377
765
4481
5535
4071
5960
1162
7661
4594
7858
4155
7612
2187
6893
2593
618
3353
6422
2210
6647
5834
3743
7081
4639
438
8043
7017
2550
4208
1527
2380
2890
7887
5122
4044
237
3864
5218
6788
255
7298
4267
3624
2043
6888
1118
7419
3945
273
6088
6476
3161
5883
4223
7618
5026
4325
1917
5410
5597
2162
6548
724
6419
1217
3366
6929
2285
3625
5054
311
820
7234
2295
6883
2408
2879
2752
6079
6023
615
1535
2265
6759
324
663
4609
7704
3554
405
6048
515
4825
5439
7707
4817
513
8107
2225
3382
2142
8071
7426
7590
308
3769
4806
7449
2021
1928
6534
7574
1700
6989
3944
5102
5922
8119
6354
520
5001
3453
7932
5072
5468
6750
734
2652
6280
3085
7129
6644
8153
5708
4273
188
518
164
749
6745
3407
1941
6695
6681
8141
916
5207
5541
377
2060
5879
3884
7779
1367
783
591
1615
2164
6319
542
8078
6154
1478
2277
6680
5631
677
1101
7072
3771
5674
643
5555
1113
3257
4527
2582
6770
2220
4225
1269
6910
5020
6277
5125
782
426
3248
3734
2422
4969
4227
2901
1255
5021
7544
5185
2776
6097
753
614
3399
2027
1953
2833
7233
3461
1639
4777
5794
6249
506
3701
276
7943
5594
6924
4502
1308
5772
6126
125
3792
2932
2377
7154
6188
5306
6355
856
7948
1867
2789
2492
1801
7825
4221
7980
4880
1886
7644
5970
3365
4862
7140
1444
554
6850
7978
4237
352
1082
3129
5371
3564
7066
1372
5553
7836
4057
7698
4391
3201
7275
4647
6223
4140
1870
4816
1337
1922
1364
7428
4075
3262
3660
2354
7758
5990
6621
4118
3860
7481
4598
669
1035
6119
3815
4231
4774
2822
2779
1909
6153
6679
4749
4579
5408
5339
6789
1932
2976
950
4495
3231
5000
7304
5407
1958
3605
7011
5735
2112
638
788
1084
504
1081
446
1422
2612
1000
716
2278
6329
2940
3471
1246
2673
3281
5657
5635
6219
8061
1701
4966
1268
8006
3628
8072
6297
7051
6339
5463
3657
6778
2184
8169
2724
1625
1228
2663
1205
6105
8189
5576
8114
3707
2245
1408
1651
5686
6978
569
5239
719
4497
414
5417
7906
4398
256
5078
7853
2537
2613
4108
263
3298
3442
5028
5560
4850
2178
5383
7334
5237
5707
712
3999
7436
1413
5141
5474
6015
5613
3385
3518
7922
7028
4100
3174
238
5989
1289
4312
3774
904
4896
5452
812
4430
1854
1119
4706
6149
1638
3205
7869
151
2838
413
156
8096
1465
3787
7404
6812
1069
3585
6238
4084
5530
7984
7759
7270
5554
325
3464
1470
5876
3177
3991
5392
475
6196
1810
7846
3498
7084
2947
177
5695
1607
6276
1907
7854
4496
5716
1677
3766
230
6598
5781
5038
5014
4450
4232
2000
5254
2911
4320
4319
2560
4076
4242
4264
534
3301
134
4041
3843
2579
5921
2882
4712
6829
6936
6193
2814
7467
6762
2700
1062
3412
5805
150
6320
6431
3780
6423
2252
7037
4636
579
4339
3672
6542
3044
7205
6912
3987
491
1316
2467
4819
1462
1588
7142
540
1322
7536
2396
7985
1528
6787
2137
6170
872
1894
2687
2168
3389
556
8015
6550
6341
7725
4257
6466
8160
6651
4833
6337
3245
6077
7164
7252
8099
3290
6961
5736
7162
37
2744
3013
7133
7458
2131
3227
7344
6620
2942
2997
19
4019
2005
7652
20
2599
7515
3539
3636
5730
4541
6145
8022
144
2143
1384
7828
1724
4729
8
1772
6605
7936
5358
3670
5865
4317
4403
3772
4104
7553
7615
5512
1632
1481
6768
7498
236
7780
6740
939
7261
7287
3318
2124
4003
5144
5196
5195
350
3093
2664
1193
5130
5057
3096
268
1074
4601
3116
2986
7651
3185
2588
4466
4383
4828
1032
680
5521
5701
552
3963
5755
817
11
1052
729
7572
183
44
4397
7247
5706
2859
1926
3976
6439
1034
4167
6416
1993
2267
7356
3463
1519
6070
4329
4843
3241
4081
4310
6387
4539
1368
5025
6409
7115
7640
5071
965
4016
503
3900
261
2097
4588
6235
2606
6459
6117
5143
2167
5771
7079
809
465
7940
5725
7676
2675
3086
5904
5785
705
6848
8098
1793
3001
5717
7862
6318
3691
547
565
7277
62
6501
5815
8005
2358
6629
1661
4559
3553
5114
2451
2139
4040
8067
6638
668
6587
3674
4829
4922
8097
3548
1410
4440
6030
7629
5276
2983
7013
7015
1411
6226
2566
7898
2961
3089
4334
1764
8004
5316
1803
1868
3524
6445
2992
6890
5443
5359
7997
8138
1223
3639
5866
6283
2350
3927
1225
5731
4957
649
1680
7920
2617
2159
2026
4532
968
4784
6581
6378
1881
589
7176
6969
3299
5461
865
750
1663
1506
2146
6930
8134
5483
3054
5692
6454
2144
2008
7692
3359
3140
7700
4247
5966
6180
1776
3226
4630
5099
1056
3731
2709
2386
3614
1120
5069
1908
286
1813
7259
1245
4748
8019
3738
6958
5775
6820
7655
819
5098
6697
7266
6671
3213
4301
6505
2194
6468
7314
3827
6343
4133
41
6175
3193
7554
687
7160
7733
4054
7405
2207
2690
3165
3543
3499
5435
6928
6323
521
1686
854
6228
2444
6054
288
7656
4763
1338
363
1628
441
5229
2872
5656
2247
876
4951
5257
5855
5449
2242
5248
7074
2466
4902
7276
7977
4847
1833
5678
15
3808
7132
4617
6260
4279
3503
3892
7197
7336
417
8103
4281
6706
2338
1971
3917
6825
1537
2830
5466
6696
3692
66
7667
3114
799
7726
2972
1795
6659
7299
5810
3384
5746
6456
1567
2489
4899
2226
4388
2521
7588
5818
4540
6643
3139
7787
4008
424
3908
2024
5342
7183
4428
7712
7571
2702
6498
1002
4731
98
6712
2602
6690
2486
6163
135
6506
4128
2559
3531
6782
221
1671
7540
5842
7477
2971
3408
5811
6345
6444
4285
4692
1785
6374
704
2345
2447
7423
372
7913
6178
6039
4939
198
4110
1641
6496
4737
5505
3383
5292
2464
4543
2683
3712
832
3360
2426
4670
6127
4852
4921
7856
6389
2646
2886
4690
6541
815
6405
1694
985
7144
4114
5074
6713
7627
5532
3300
1447
7529
1172
393
5985
5480
2009
5867
8084
7720
1775
3667
1383
6899
2414
3150
5607
2688
4810
3209
557
4856
6379
3260
3232
6923
670
7364
7408
559
473
2370
7165
5843
5675
4367
6595
4215
4566
1669
4570
6075
45
4407
647
7522
5039
400
102
5501
6437
2620
6330
830
3677
3053
5549
5084
3501
4892
2319
2458
4018
1929
8126
8109
7811
7721
1307
5182
1600
2715
5948
5233
625
8000
6578
5035
2122
5660
2821
7562
6974
1276
7141
4429
943
5573
5019
6963
3960
379
7683
7861
6270
5507
1859
6198
4815
2962
7857
8173
111
2192
7583
7511
2737
7500
3253
1151
8182
6624
345
8034
6435
178
6911
7155
4666
3873
7747
2401
3145
4427
6003
5813
96
6118
4720
5331
6525
3661
5360
5523
2837
3330
396
5389
7010
3745
3291
3398
762
5819
779
7442
3288
6986
7444
7730
3491
4697
2313
6981
3115
4027
7097
5756
3668
3323
4372
5455
5243
8018
5793
1766
5205
2119
2036
706
3922
5082
3376
7046
4331
4674
7578
1531
3930
2434
7291
3052
1691
1057
2519
7805
6096
889
1689
2989
7880
2025
1745
277
5135
53
4207
7100
1348
7188
4718
4911
3362
5190
370
7514
89
7034
7837
6346
7354
1498
7201
6590
1885
2662
972
7876
6264
5619
672
1962
7842
299
5290
3763
6791
5565
5302
5864
7772
2804
3338
961
2782
7516
8118
3159
6019
315
758
6136
3457
2382
2362
7271
2790
86
1937
1213
2070
639
1733
1734
4332
5199
24
4098
5108
541
4578
2213
3897
4773
5681
3468
947
7384
4326
227
617
2236
1983
6135
3276
3099
3633
4260
8188
6478
1003
5542
1899
1067
5517
6143
3178
7199
6279
2181
3562
7749
6315
2374
452
4058
7558
5773
2502
6350
6006
1805
7921
4200
4616
5437
733
5441
1855
4573
6504
1065
5540
61
7797
3031
4762
2723
2495
3266
3138
4490
5926
6120
2435
266
1271
5580
6166
1921
257
8149
1500
4245
3270
179
497
4992
6573
3462
2764
6114
1285
6520
6777
6869
7494
5422
317
4194
6992
3239
522
1342
7763
7059
3421
143
371
1997
696
866
2718
5636
7225
140
4626
7635
3764
3612
1551
3671
3794
3458
7506
6753
4613
3898
3039
2799
4134
4445
5056
4562
825
3005
1974
59
3903
2441
3486
4534
3435
2473
3796
290
2829
1623
6051
7470
5095
1595
1743
6314
8172
5299
1248
5440
93
1573
407
7617
176
1396
7272
5330
4865
154
1513
5361
6222
7378
2885
6460
4772
6465
419
7047
7421
3427
5465
7555
95
1925
4750
282
4797
7606
2158
6325
3423
264
5885
1502
3615
1475
2618
2674
7689
6904
5206
3977
4577
3023
6177
6913
3611
7400
7766
721
5245
5898
693
1536
4822
6718
1786
7145
1064
7530
5528
8010
645
5991
6593
492
4734
2935
7332
6482
1918
8150
139
2499
6661
3635
1182
7112
4240
7180
7868
2076
6328
675
3128
4148
3283
4926
3337
1713
5693
5996
3544
196
7567
2805
7226
7505
3072
7312
1637
2910
6447
7171
4935
2704
598
3813
3246
1160
5345
6887
2749
3584
6214
3105
887
4129
4934
5076
1508
132
6254
5654
1712
5918
3869
2848
1221
5875
450
2985
320
2753
2484
5350
401
7849
1291
3824
6824
6265
3783
8060
2042
4972
4512
4655
674
2665
1491
6546
7699
3212
3199
1106
1242
1345
7872
1178
1742
8101
2991
3180
4236
6142
7525
2116
2174
2567
249
1127
5247
5105
5581
35
6676
4377
6999
344
129
6692
4343
6847
7622
5356
3216
1807
6348
6922
3321
7096
660
3642
1231
1825
2169
2705
5900
3831
162
6746
644
1761
3211
4675
5839
1898
269
1216
5643
314
7029
3235
2699
656
1252
4275
3957
2294
6557
146
4423
3901
2870
1841
110
7392
5993
5651
1145
7632
4298
296
3697
567
2894
6597
3830
2209
2429
4585
3675
217
6771
5605
4335
5272
4719
1416
5614
6976
5683
46
7664
7414
2229
6161
6687
6843
953
1136
3829
6273
7462
7031
1265
4529
3814
920
2240
4547
27
4768
4665
6164
389
6775
4288
2340
7030
4366
7209
120
727
6421
292
4620
7391
1619
7000
3062
2322
4086
4457
1288
6509
4699
7812
2195
948
259
6252
5783
5498
3173
7451
3510
2405
2406
4615
6266
6292
7118
3059
4142
1365
7020
8008
5779
7120
4023
3296
7377
697
4835
3420
5577
1800
6169
7953
5050
4771
4886
862
4933
5353
6452
480
7215
1802
141
233
7686
3546
8177
4047
4238
3805
5265
6491
1592
6588
3147
7798
4151
6619
6503
2548
4361
6
5869
1257
1149
655
5262
7839
4538
3579
6957
1293
4536
7860
3314
4910
941
6662
3134
6293
2828
1621
5252
6757
353
6609
3449
1559
3182
1616
2954
7326
2777
122
2239
5340
4785
654
536
1608
692
490
4437
7670
2574
3137
4034
7346
3179
2438
835
6734
3881
3087
3080
1463
2587
5188
5013
3985
5418
2633
3409
4589
6121
4796
957
3895
3502
1371
2375
807
4644
6151
1412
1674
528
7240
4157
8181
1851
2228
7541
3992
4056
4355
3775
6831
5101
5110
2707
5344
2883
6092
5563
3057
8049
1423
1972
648
7630
7107
3071
6159
741
6481
5334
979
2562
1589
742
5835
4646
2089
3265
999
3430
2289
4581
5873
7057
1530
6574
2324
616
3856
7548
874
2372
5075
3303
4385
4501
3938
1992
6603
1156
5113
165
3069
5391
2134
182
1980
2884
3749
658
2442
5988
3969
1150
6410
1634
3613
6398
7335
3194
2554
1635
7552
3849
2956
5090
4738
2864
3689
2575
366
2953
7374
6433
1557
3470
969
5
573
3659
6508
7593
2010
6758
274
4290
4834
5975
4306
711
3747
5012
3215
1598
560
375
6765
5337
3320
5529
2757
5187
1083
6866
3009
2259
2395
6984
1068
5008
576
6583
4378
2353
3063
3736
2693
244
1079
7482
443
3996
5845
2040
7049
7519
4434
5471
6186
4861
234
5788
6526
3244
5354
1309
5863
7789
2404
4764
4885
7295
3696
445
2182
8145
1541
6971
1388
7793
2939
1033
1010
7148
1261
8029
267
3476
7258
1834
681
2552
707
8174
8062
7755
2604
7370
3973
6294
2538
2611
5744
3604
7690
4387
2204
1665
1436
1916
1544
6919
4330
2321
5502
2926
3980
1579
5538
5096
2623
537
3730
7800
975
6101
5106
1232
7342
2677
1736
7343
4958
313
7095
4464
7693
7185
6627
3225
2491
2853
3431
6834
5394
7888
6949
2608
5063
2630
1373
7301
2288
545
1204
8003
4583
245
1811
4866
5179
611
7236
7157
2520
2871
933
2923
2610
5432
2974
2654
6626
2858
243
1744
3292
4757
6570
962
2120
7071
6754
1393
7894
2291
5380
6693
6547
2389
5665
6368
70
3886
5458
36
1707
3954
222
940
4668
5169
304
4125
5847
6566
7361
7999
3989
3867
6420
3507
5154
1091
4139
1066
3556
4349
3619
1847
2335
5002
7785
5575
3079
3505
3655
3720
2506
901
4092
8111
6038
4277
3459
7901
1350
5022
2149
657
1170
7454
860
3367
7893
7158
2735
2237
3098
1448
7829
6334
6529
4629
2202
3931
2471
4888
5936
595
3008
4645
1126
1191
5780
5699
7093
4149
2681
7717
2357
796
2057
1399
7062
1376
5582
1741
2771
6699
1695
7531
2101
2299
7863
6489
1842
7089
2300
8163
5709
6189
1706
1296
2594
1095
2927
2714
3762
6799
1104
5027
4184
4311
7085
4778
1696
1094
7409
3401
1749
1659
92
7523
4482
7367
1235
2440
3962
6281
7235
3535
4444
3530
1950
3027
6418
5791
5955
949
5036
2624
4677
3478
7174
6144
1333
7246
5416
4930
4663
5881
7433
1844
5362
1114
1206
6146
5286
4876
3757
755
3795
6507
6795
7770
2494
3454
7871
1978
6364
7885
3428
7923
6733
905
7251
4821
1340
6941
5940
2813
2086
5552
7915
651
343
1097
5085
1556
5626
3603
5570
6794
2465
4463
1148
7549
1039
4150
3418
4932
3515
5802
7487
74
4672
1286
7035
3317
1237
1973
4580
2795
6832
4376
1675
472
4940
2669
4012
4467
7695
1593
13
3533
2069
6274
843
16
7551
5181
5363
7987
5045
2501
4185
8120
5826
725
5795
5197
228
85
7751
6085
726
5366
7053
500
4064
6171
2133
3450
7859
8127
3610
7219
2867
5346
6575
2689
1938
4132
3850
420
6901
5006
148
192
6656
4235
3050
988
1999
7241
1852
4459
1889
8070
6618
883
7942
3422
4795
7781
23
7092
3525
7663
7972
546
7971
2914
952
2039
6639
7634
4344
2083
795
7447
174
6766
6783
3629
1846
7639
7134
5034
6239
2609
859
5533
47
3306
8012
7816
4026
7982
6940
5628
6878
4676
1143
7210
2478
6156
4571
5268
5564
7311
6664
759
5774
4042
4586
5295
3797
3746
6606
4055
4049
5112
1887
931
1290
4345
6043
2571
3171
7903
7819
3735
4561
7792
960
627
7638
3638
4770
7728
4735
5761
3882
26
5118
7002
152
4552
2514
4226
4031
7306
1220
1332
4010
6977
8187
688
4373
3219
6785
6876
3682
2105
5104
7884
1209
2378
3036
5967
5737
4811
3534
5372
4909
2739
6849
2640
5490
79
6207
1394
28
5288
4659
6021
4079
2113
3126
5003
4600
6518
4567
2682
5193
4063
2468
7509
4767
5690
1512
3563
55
3374
7738
1540
7254
7325
5446
908
710
6173
5399
4928
4560
4266
2364
986
5172
562
1490
3117
3467
2557
6841
3448
4037
2987
3030
194
7229
7122
5561
6915
1523
1900
3742
2504
488
7731
5511
3273
479
633
6596
7774
3923
7577
6953
3403
3883
5848
7654
6582
1539
6760
2558
1732
2831
439
5884
4623
5445
3010
2658
826
1238
3574
7422
5786
6599
305
5018
2333
2271
1180
907
852
4564
3706
8081
1404
4524
3475
3676
1037
4323
4413
797
5168
7637
2156
4756
1627
4252
584
601
8156
2650
6371
3906
1328
1335
3327
7504
5157
7401
8088
8171
7864
3155
5846
224
5767
6370
1239
42
7357
1125
902
2647
5091
6036
4870
1200
6819
3939
382
2041
502
1748
7459
3632
5313
564
3586
4204
77
3878
3582
2835
8130
3223
7848
963
1278
2801
3410
6675
3966
6560
7666
4952
3339
6670
4931
7866
6199
7778
3511
4514
6634
4254
4789
5332
4106
1294
3557
43
6053
289
1572
81
2392
8086
6637
1457
1233
6162
4314
7602
1860
7988
1272
2029
5953
1874
5633
5850
7586
4122
2934
6996
1777
3033
3596
1071
2367
577
1343
6396
4199
3822
4379
4544
4844
3112
4417
6613
5166
2984
2834
1610
3481
3567
4039
3538
5134
682
1658
3394
6406
326
6865
1773
816
1986
5204
4068
7762
1525
6608
7398
2876
1964
7807
4295
3532
4308
7496
392
8154
510
1243
7970
7830
1657
5878
2108
306
7609
385
4038
429
6731
5676
4995
4882
5611
2185
4475
5326
4550
7135
622
2904
717
8121
5485
7909
5489
1282
4864
6774
4974
1312
5796
3854
6914
2536
2636
5551
4189
981
4015
7382
3943
6179
8025
7994
3170
2899
3979
1330
4020
1566
6072
1144
3082
4163
6112
3092
1747
34
6457
7649
1933
404
4030
840
2253
5382
1496
2081
7124
2793
6584
170
2621
6182
4788
1379
6365
7808
7919
6474
1123
8031
2462
105
2977
8170
6005
4924
2680
2634
7200
7742
6041
5191
7407
4101
6130
4599
6602
636
130
7069
1821
4912
913
4980
4687
6195
4528
2598
1264
7824
760
3791
751
641
5139
7151
2568
5240
7143
3141
3820
1759
1721
1923
5618
507
5652
628
5073
2056
5941
476
7850
1630
7991
2578
6939
5872
5987
2656
271
2371
6102
3995
6565
4946
6559
910
1362
2919
7595
84
2173
2627
5333
4219
4411
1430
6558
5079
2054
254
7918
2661
4652
1210
3784
7471
6896
3972
6891
7767
4752
2784
388
7879
5228
6792
231
1690
7713
2020
4258
7273
5630
1161
6859
2157
6694
332
2121
7192
989
3083
7230
3865
4996
7054
3479
2115
3437
2530
5211
1267
5928
2190
4970
2325
3070
7281
3032
4658
3925
6704
4916
7735
4521
4080
5961
3017
2028
3687
3887
8075
2080
2921
4400
1207
2671
4906
2316
7833
828
2780
7596
3928
5837
7561
3038
7897
7678
4612
7744
1719
7703
1649
7149
1835
5173
2349
4022
4625
5109
2996
6220
2649
2296
6934
4105
5278
3645
3488
3681
1982
5944
3012
6298
2539
2950
4537
7127
3163
7600
619
4358
3934
6268
3590
4908
416
3029
468
5215
4982
2725
5499
8033
6827
7996
5947
2726
8040
3919
6427
4872
185
5309
757
976
1819
7313
3472
2379
5365
1486
2136
2232
7187
7208
5301
1553
8147
6780
5121
1369
1381
7136
2109
6530
3444
2897
1375
2748
590
3436
2510
3599
5801
1957
3144
3933
1168
4426
6640
4
4973
5627
3250
2152
5790
6889
909
6455
5201
4094
7788
7576
5479
5531
4893
2878
6359
4907
6604
7827
6471
7396
4707
5925
1815
7998
7679
5620
3153
5994
8020
3045
7908
5638
4533
3113
208
7944
5048
1324
678
4591
6363
6988
1789
6803
884
5901
5238
3073
583
6185
1684
409
1299
6124
5828
1543
4761
4965
1445
483
4159
671
2314
4603
5470
7910
673
2545
5777
3888
2826
5493
954
3076
530
2235
1672
7776
6068
1099
5882
1708
2273
82
6446
1979
7806
2893
7216
2154
270
3905
2470
4504
3309
2937
2419
3258
4986
5497
3870
7083
4099
4868
2205
7939
5092
5671
6183
7212
2732
1201
5486
1676
7202
7309
6711
6010
7397
1415
3520
6321
2695
6123
4188
360
686
6539
3902
2246
4790
91
94
4783
4723
2607
5156
2188
7594
7995
4486
7739
3683
4446
2208
4722
6793
3154
2428
4410
3286
6256
7147
8038
2360
7204
3537
4309
3200
505
7128
804
2743
512
4661
4170
1612
6631
2200
6500
694
2012
1501
6384
1865
868
3375
5800
485
3020
2064
6549
6469
7441
4174
1480
2975
3136
7063
7008
5803
3700
3000
2003
620
285
6107
4510
39
5951
6622
1809
4462
3526
3014
2293
4679
3967
5052
4217
6688
5515
316
1059
3214
1334
3847
5370
3626
6886
4787
1510
1331
4853
2841
7044
8190
6191
5556
7924
6392
4881
1967
869
8047
454
7480
7389
7055
7211
1281
1250
7852
4284
5284
4545
6554
691
2280
5267
2925
7565
5784
116
6533
685
3263
1888
7490
4160
1198
284
6877
3846
5271
563
3003
1788
7437
1808
1780
4292
1545
2638
914
1141
3368
7550
3821
4640
3440
5208
5995
104
2584
983
848
2130
6000
5568
4070
187
7981
4191
6012
1784
7723
2460
1646
6722
2346
6942
3148
3921
7502
4356
6853
495
487
6312
498
4994
4476
1323
482
6027
6402
6959
4857
7455
415
7534
921
6375
1203
2973
2198
7213
6868
301
5632
4576
2356
7718
7877
4028
3807
2223
6172
5935
3840
6842
1984
6080
6884
1349
6735
1096
5460
5930
4846
1904
7878
3570
2586
5482
403
4776
4009
5429
2865
4342
5159
8158
6727
1602
1654
6632
1038
6326
2183
5569
2500
6340
272
2860
5965
5616
4007
549
387
3482
2511
2413
6968
3396
6424
6944
2787
3953
6004
5938
5203
1459
1313
3311
3131
5836
5506
6100
4981
4480
1070
1631
6698
3229
5539
3352
6200
767
3068
5152
3754
3863
5585
3425
7328
3768
5477
519
5914
1960
5294
4632
5899
1417
213
2645
4827
3125
2180
1259
6360
7620
5442
6615
2063
5849
7189
6475
5282
1215
7646
7874
7061
3993
3091
5694
7958
4845
6304
240
3781
2425
4979
4352
6806
2573
4569
6366
6519
4102
6324
7360
4942
2625
3698
2561
3390
5277
6902
683
7114
896
8165
3588
5625
6018
1919
6655
109
5103
4111
6810
5062
5742
2736
5375
5841
3760
7729
2551
5957
1915
5697
1055
4052
6296
1914
3978
6852
2151
201
7993
4505
1569
4746
7091
4138
4087
6897
2766
8159
1837
3058
6920
7024
7427
7976
2532
3236
7330
2274
6946
5732
3060
1709
4210
1461
3595
6033
1524
4130
8050
3484
478
8001
4458
3456
4315
803
1720
4190
220
1717
1443
7945
3124
2958
7380
5251
1940
7741
1420
2399
5004
3725
4726
7294
2341
7851
7167
3285
2145
6432
6451
661
6047
5799
3356
2292
544
3397
4900
3477
7279
6443
7432
586
3641
1580
4499
3197
6960
3716
4956
1184
5297
7508
1818
3357
5450
6916
2517
7604
7302
3135
1226
2563
1599
877
6129
6461
2696
1698
898
3282
5602
7349
1026
4758
6502
6710
7973
2549
2692
280
2929
3334
5812
7835
5808
4703
4402
3975
5111
6532
127
2773
3722
1214
6855
5402
2084
6055
3819
1241
4740
406
1007
3090
6837
2767
7691
5476
5138
6052
1723
7796
535
1344
3541
3529
6311
2861
676
1093
7989
6150
5419
4759
262
2720
6817
3208
3545
7130
5578
5728
555
3240
6017
806
5715
2988
3569
1295
2659
7039
6310
6965
2065
293
7333
3719
4685
4287
5661
3379
7256
7483
4584
7799
6932
1934
6377
4409
7657
3876
4224
6470
2106
1230
31
207
147
5567
3228
5017
7131
7416
2490
4364
1253
5942
1351
6641
6045
7041
8123
1361
2417
8179
484
6131
4268
5999
3838
4368
3644
1798
7547
1301
7393
4557
5972
4808
1131
2457
4033
1013
3665
3202
574
811
6025
4920
4316
4998
2819
1765
3335
2916
2306
2632
5917
7603
857
1437
5601
5049
566
3713
2227
3015
1382
4291
7601
2542
2297
6657
516
1197
6906
1011
7007
7417
6244
8007
7566
4396
4936
6648
501
3855
4631
7394
3305
777
4841
5825
6835
7619
6951
3186
6008
1467
4558
5308
6095
4175
3618
6344
4798
4954
241
3753
6592
6858
2717
4553
881
3602
4568
2450
5579
7962
5522
7324
2053
4386
6610
2048
3601
7371
4328
68
7172
3853
4919
5562
3630
4137
2326
302
4990
5591
922
650
1596
6336
3207
4555
133
3175
6705
1442
2166
1505
4883
2093
3817
6512
6306
5226
1968
7438
167
3810
3834
3871
2250
2051
1542
4173
581
3508
6494
5929
4681
6724
3514
7581
410
2366
1942
3387
8085
2424
747
4362
2842
5727
6488
6808
6208
7545
4867
2255
1947
4673
2569
6197
3879
298
7036
5093
602
2955
5492
5880
971
3122
7182
2376
4471
3793
3466
7420
6709
871
6290
2745
4485
4606
8175
5080
1012
5177
1258
2045
6322
5745
2605
7756
3832
7320
4171
5595
117
3190
2850
4535
3393
184
2132
637
4025
54
1426
3238
5341
247
7875
5897
4276
4478
232
3913
7262
6116
6278
2676
8056
4259
6210
6225
7705
7009
966
4897
6840
7579
180
3521
929
1564
4879
2096
204
6217
7584
1391
7930
2163
6636
6302
2948
5782
2018
7722
7232
1409
4196
4353
3312
7111
2463
3649
2915
8069
2290
6253
7946
5887
3319
3242
5500
2969
3485
1031
4168
4085
4728
1565
1711
4395
4322
2087
2475
7743
190
7195
1534
2635
5950
613
5023
5612
3958
7916
3658
2812
1902
5149
108
2855
6417
2614
3121
7643
1872
1142
5748
780
3483
5222
1110
397
1862
7809
1746
5030
5762
7413
841
4753
7080
5400
7628
5488
3172
3021
3833
996
8135
8041
7674
3146
6562
2320
8113
3130
5315
3988
3493
1546
679
722
895
4684
2583
1571
3294
3022
730
2543
7353
2318
5766
1838
5145
1832
4348
930
3400
2013
771
3907
6967
4961
3275
191
1640
4836
4595
7598
2055
3465
3874
5655
5976
3785
1473
1864
470
7768
4405
3417
4441
7947
3609
1468
6367
6411
7754
508
6761
4282
5831
4913
3617
433
585
6545
5404
3825
4176
4831
5132
4090
2825
7832
4818
2485
7951
6234
6065
4802
1554
514
6898
251
3572
4754
193
1812
903
6450
5160
2088
4121
4421
1913
2397
1857
4988
5178
4975
737
1005
7794
469
524
2270
2148
6327
2147
951
7660
700
1346
7255
1507
3818
773
2880
7248
4918
5467
3195
6243
32
1297
10
1666
1792
1750
7150
5287
4201
2887
2639
1603
7032
5459
5986
4653
4123
1538
3329
4977
8083
4274
4347
7429
6479
1077
3733
4021
2308
1944
2959
7716
911
4089
7771
1395
2922
3156
7659
1354
2330
3929
5472
7479
7992
160
1655
1451
3328
2344
3492
2968
1806
3405
8112
1703
5457
5664
5423
7810
5739
7777
2432
6064
3107
7813
6383
4782
6331
3608
8013
5184
7937
4516
5537
2701
4392
2078
3040
6723
131
1469
6767
3452
709
6809
6060
2283
7435
2881
6611
1389
5426
2268
6544
6300
7795
2107
2531
2912
6212
7895
6434
6673
2666
118
6295
2461
642
2126
1103
8184
7621
3994
7926
6258
4154
6589
3550
2754
4135
6176
4741
1159
5753
6881
2540
1140
2756
3662
7826
38
6215
1186
1783
739
7461
8073
2981
7152
7351
6973
7963
7764
5037
3904
7684
1260
5673
3480
1790
5183
8052
2172
5384
5068
3654
561
5559
425
3046
6536
2847
3637
3259
2177
3589
6708
3571
2260
2455
6672
2332
1177
6115
3522
348
1202
8024
6628
4318
6438
6347
604
5968
2697
1292
1454
5604
6342
253
3035
3566
5640
3968
6773
1609
4960
4700
5015
2907
5824
2827
3065
2875
2909
6028
5723
3380
1020
7224
2303
4953
2896
195
5624
8115
4503
4250
1664
5146
2601
5373
2061
2943
390
1047
1533
6109
5670
7159
463
5687
5058
3109
8186
3842
2706
3077
1797
5214
4682
4987
5738
3162
4959
7761
2798
7067
364
1008
3699
7543
4963
1529
329
621
4894
97
297
6087
4162
1702
5548
7016
982
4662
5721
65
842
928
1017
8079
3443
5682
5491
5236
1552
7098
4442
373
1165
2047
1814
5170
7005
6414
5285
7305
1731
1587
3920
3721
7560
1484
1440
593
2672
1054
7802
7231
8016
8106
5227
6058
4837
2589
4198
5934
3333
1879
7631
5830
4438
5822
7790
3848
1516
4873
7103
3233
6555
2774
4642
3767
4955
3447
3419
1124
1590
5751
1882
4713
5379
2703
5527
309
6236
6076
1022
3727
2999
8148
2856
3084
831
3801
3274
1939
7292
7257
5464
942
1955
5892
5431
6229
1023
5150
3111
1601
768
4239
3926
3041
1591
3779
4197
1752
3623
4705
318
4305
4724
1152
3019
1196
3097
3789
5275
5977
7060
6462
1633
4433
4436
4181
829
3255
4546
5311
925
2895
6663
5192
7513
6579
7727
1883
7076
3575
458
6585
2282
2657
834
6751
5684
376
3164
6882
1791
459
3711
7242
7373
246
886
369
2946
4917
3580
3940
4060
486
4183
5668
5473
3528
6242
653
1517
5734
7386
5714
7986
1652
1192
5221
1943
4605
173
808
7694
2786
6856
6854
7307
4213
1092
4689
2629
6684
934
7591
5343
6026
851
5263
4233
5504
2251
7823
6665
2938
6261
1087
4483
599
3899
2898
6892
1273
6737
7990
864
2287
5433
5210
1270
7045
6160
7518
5571
935
3388
4549
6408
6952
5420
4435
7175
6388
7889
428
5524
4165
5086
7329
3101
3345
7801
2710
5220
2062
6240
4830
2679
3160
5979
4800
2030
4889
2125
1218
1229
3302
2642
4678
1548
844
3517
3490
2436
123
4381
7108
1989
1414
6995
5042
6399
7126
7267
6361
7073
1111
7412
7740
7831
3307
2794
7078
4327
6056
5588
6948
5677
3395
1578
3778
551
1078
1471
1405
5289
6138
126
2616
786
5758
4747
1175
4115
4479
6407
1199
2449
1418
5910
4695
2694
6527
7365
1699
4066
4887
7769
5129
5509
5174
2059
87
6962
821
5253
3924
6994
2576
6823
6237
2231
6206
4702
159
489
548
1561
6564
2800
3741
7341
1504
5906
2832
294
626
5279
2493
4460
7337
1433
7533
1927
550
3755
2691
398
106
2448
5409
6801
4103
5621
7867
3664
7524
1195
8089
6600
7765
7614
2186
8122
1277
5140
7048
7425
6369
7844
5939
361
6094
6682
5281
1875
2034
2327
7352
1085
836
1112
861
342
684
818
7928
1781
2091
580
7418
4611
714
4177
4851
897
8176
5820
8048
2863
7701
888
210
4950
1154
2868
5645
6523
5763
5622
7941
5430
6903
5558
4721
4179
7014
802
4860
1053
5871
1692
4000
2420
5724
5305
2572
849
7975
3868
6517
2206
7001
2351
3756
1108
1728
2846
3445
1421
667
2684
1329
4211
6394
5403
8014
6814
2415
4216
3187
347
4389
4614
8116
1015
2248
2254
60
2628
3230
4648
1740
923
2711
5669
3812
3551
5895
2082
664
7403
578
2011
7687
5518
6380
2808
6464
6393
955
1303
5225
3106
2541
6262
351
4878
2949
6580
4439
5010
1366
7974
8180
6612
7636
6703
356
5945
8102
7521
3761
7890
3061
5912
4307
945
5242
5666
7702
437
624
956
5833
3183
3759
5123
2930
69
1931
6031
1425
7719
8157
2993
7967
2524
4664
2924
6966
7169
5832
5710
7456
168
1878
3142
728
1843
7116
5043
1577
2347
1756
7648
2581
1063
1040
2783
3243
4005
7633
7322
7450
3247
756
4303
3218
7599
2214
1109
2772
4807
2712
5998
64
8064
995
5202
7952
4779
444
50
5891
4484
1385
2516
2141
6313
2778
4468
2412
3728
1560
1402
4781
2258
5691
7101
3643
295
1754
3997
3648
1107
1956
5858
6083
2655
5574
6106
2307
4854
3782
6224
283
4671
3451
7532
6288
471
7662
214
3573
5720
6282
1668
7983
171
3149
4406
6073
867
5117
2626
4432
3726
7043
8167
1613
3959
570
5840
3877
3666
6400
6233
3561
3460
4511
4218
2
2355
7019
7886
533
1315
690
2099
4964
1948
7745
7190
2085
4424
6650
4006
5119
1681
6016
2931
6601
5759
4999
6918
107
2507
5161
3048
219
4053
7453
5659
12
287
6110
1100
3607
2522
2643
355
7840
4096
1279
1494
5120
1714
7227
1853
3349
2727
209
5009
3916
5368
7316
402
4024
3504
7931
5128
4604
1735
1357
5175
839
3650
2203
8100
2111
5434
7274
408
3758
1363
837
3591
7492
6736
6440
6174
1910
2763
4542
1799
2339
1
427
5322
3284
432
1406
7616
6516
2849
215
6013
5520
4180
7925
3358
7677
5890
3018
7564
6538
3132
4871
736
83
4401
5634
1304
300
781
4374
1188
7478
2033
2591
2482
5151
4506
3947
5413
1521
7673
7156
6453
2092
5719
6397
594
5131
3651
6049
1046
6014
1247
5749
5937
4243
6954
5349
7956
8023
7161
893
2995
7899
4474
3513
6069
5798
4627
3220
4166
381
7448
1485
646
6860
2155
3496
1432
6863
7065
7269
4696
3577
5646
5572
5100
6022
6448
745
1952
4454
3204
3210
4371
145
1990
1636
2936
5519
7546
1946
8045
7123
319
7537
6148
466
5649
17
2261
3889
5776
6645
2472
7023
2719
57
493
2193
4947
7163
4062
1563
5148
3739
1339
6232
4638
1236
6732
2781
1116
3597
3802
8131
3067
6372
7681
1320
239
6289
2391
6317
525
3862
3965
4891
596
4255
5827
8065
6781
7260
2454
6413
6140
330
1650
6880
1704
4206
8054
7117
1880
1325
532
3729
5806
1737
4944
7935
1377
2361
1244
5280
2476
1374
7290
4359
1488
3583
4404
6029
5685
4962
1981
7003
6715
2811
8133
2153
7207
7757
5663
2212
7476
7592
8036
2407
4526
7355
4452
738
5401
7293
4296
2224
4704
6818
1424
793
1985
4859
7955
4855
6772
8021
7870
6701
6490
6979
794
7099
5896
4686
3051
1722
3267
3110
6002
5662
8009
113
2637
4228
3578
6356
1550
4418
7608
3955
7088
8143
5765
1726
67
5971
609
4241
2170
6034
1755
1970
827
6839
6674
2384
2487
7820
5696
2806
1845
1877
7228
1060
4494
3935
7178
25
7784
2456
3941
3438
2074
2900
610
5943
2179
6430
4470
6833
2281
6309
4491
5097
2411
6980
5377
6449
5055
1826
7486
538
2546
1088
7268
7611
1117
358
1360
879
5186
7119
4153
6486
7969
7052
3025
2512
6187
2006
7104
7855
1863
8046
558
7283
6513
7834
4592
6991
3915
30
1624
7113
1266
3800
7056
7245
1021
6926
1687
1352
1024
258
1435
8185
2505
2044
5266
766
4082
959
6473
1464
6351
2066
2823
6970
1387
4593
7488
4280
3961
7568
2352
4113
2762
1492
2788
3837
5513
7473
5374
5544
1187
1829
7752
7900
1134
1025
2644
7340
5317
6987
354
8166
2433
1274
8144
917
3371
5729
1044
6230
6797
4419
1891
517
4983
1912
2631
3894
4492
3872
6955
4187
1959
2301
2873
