1017
5285
7757
85
906
7769
843
3273
7912
4916
4431
974
59
3410
1463
2970
2092
5857
7866
6223
3191
6225
551
5306
6270
6555
352
4012
3992
1299
6495
1960
3252
820
5506
7893
8050
6910
470
3853
3115
4383
3547
4640
2853
2476
880
7597
960
7205
7622
750
3468
3032
7426
4523
4562
1183
4339
5630
1661
1416
1644
4013
3983
3583
5383
2501
5153
79
533
2289
1632
5189
512
5162
4487
6133
4266
3815
4301
5359
1106
7906
3835
5133
7748
2055
546
3543
105
425
4874
2048
5919
3602
1623
1735
1594
5625
1291
761
5805
1948
8109
1312
7271
5574
7381
486
3322
3122
6603
5980
2058
6760
4204
1169
4574
4136
3953
404
6260
7385
3072
4816
5418
1246
6784
2602
4368
6506
2282
6264
6518
994
70
7953
2653
2741
5669
3462
3794
1618
3608
4127
6836
4269
4148
7279
3087
108
7549
5226
4492
7631
6736
7620
7719
5927
4548
8071
8099
2520
214
3098
4647
2287
2444
767
5232
2934
1722
3640
1315
1726
6981
5938
6699
3424
781
4463
6673
5111
6320
6039
5545
8162
3432
5062
3986
1098
4743
6794
1265
6949
3892
4624
7859
1838
808
457
7599
5753
2016
2150
7583
904
4926
309
1075
4714
2658
3459
6393
6919
2898
4657
281
4983
6043
5408
6610
507
1256
3411
770
7138
4179
5455
202
6770
5583
4571
3757
4906
4260
5213
2368
7588
7262
3613
3918
3647
8097
3267
5035
5870
3845
103
7345
4092
3747
2820
6978
6692
6143
1103
3666
771
7632
5606
5784
3317
1039
4588
3861
4335
2636
6012
7647
7738
7049
3607
2186
3507
6781
7001
2909
6903
2376
5165
1295
7320
6664
1914
5723
3449
1031
257
3436
597
5255
682
5056
1457
3185
4594
718
6271
4046
4190
6056
765
4352
6015
7789
2802
6786
699
5499
4446
5785
5144
4126
5985
6883
7004
3692
5955
600
133
3629
762
3189
4688
1453
6302
4502
7745
7040
1065
4326
7197
5686
6608
5377
8177
6772
7226
6464
5676
2270
4788
3622
4654
5903
1047
3550
1601
7291
1521
2334
7950
339
6390
92
3952
7781
5687
7196
5194
696
5603
3650
376
7495
8146
5853
5791
5429
273
6291
4177
2927
5729
566
4720
6244
6895
5298
2796
2985
2543
5118
2344
126
2892
6339
2165
2649
2714
7215
7798
7654
7208
521
7729
5228
1546
7360
5379
2483
763
1510
1926
20
3427
4749
2207
7878
3079
732
6122
6198
3010
1757
8032
5276
1459
6125
6292
2184
8154
1913
5720
4176
5688
2568
5014
3333
6222
7448
5882
8182
4514
4105
7646
3308
5058
7637
745
2996
2772
3092
382
4658
3900
7791
2469
345
2090
224
6921
5543
7871
628
4203
778
5236
3100
3571
6505
5200
3962
4285
6842
3199
2553
2168
923
2400
4217
896
4522
6861
5888
4959
3764
6227
695
6410
6450
6570
4803
5282
6432
3013
7921
3939
4710
3223
5275
1444
7458
4332
4564
5055
1835
4633
7224
3723
4774
547
5016
2318
4938
6885
2111
262
4391
34
4617
4497
6753
5091
2791
2609
1844
4589
4929
2983
1390
7388
2017
2651
6108
2128
4711
5611
4362
2110
4804
1789
2257
2721
238
5069
7137
6053
5554
1363
7664
4933
6602
849
2856
7216
5250
4845
930
4403
7275
517
759
4196
516
1143
2604
7609
8151
4852
88
4940
4586
5426
7457
1928
241
4771
1982
2681
3081
1583
804
3821
7816
3884
5475
6304
2209
4225
3349
7707
4475
7066
6322
678
4299
7963
3790
7604
560
1584
7434
7413
7642
6936
5384
3045
7359
5476
508
3173
7951
4479
3749
6471
4601
7498
6082
784
6878
2174
8089
2608
4400
1113
1784
4979
7214
3827
5612
5204
5435
2459
859
4021
6245
7463
7090
2105
3334
2248
1640
5166
4068
5432
5443
4449
7627
2189
1523
1750
2160
7667
7735
7022
6977
8168
4140
7698
4789
5307
3641
1467
5823
7267
7052
135
8113
3912
6979
6103
2809
8133
2581
993
2449
6995
4862
2216
3296
439
5026
6848
4470
1027
4102
4419
1419
6169
958
14
556
2740
52
6164
5966
5552
6389
5327
3879
3715
6275
7225
3922
975
5742
2323
5119
4678
4755
3878
5655
5033
6944
1538
2815
3504
6459
2451
5077
2728
6647
5169
76
4949
2173
5445
2435
3548
3022
5132
2219
2994
4211
6762
28
7145
2626
2544
1800
2290
178
6110
173
7491
5263
1859
6702
4233
1702
2966
951
7204
6932
6002
3964
7596
7743
4262
8176
1323
6062
4238
1275
3386
4341
4665
1133
5011
1536
8123
4725
1696
2641
2347
4694
7598
4945
5840
5521
4606
7362
8148
4992
8031
3685
2654
496
3951
4157
4027
2778
4533
5332
7532
3804
1032
4551
5949
6059
1815
7417
827
3277
3006
8100
4648
3086
5325
3214
2061
8009
1298
1411
6251
7740
1145
3161
2907
5015
4156
2056
2870
2231
1134
2507
4310
7831
7009
4309
3695
7624
1311
931
4032
5137
2354
7971
6349
5322
4180
3841
5117
2920
1697
5806
5925
7760
1890
4542
672
5382
4853
7424
5220
3350
7711
7044
6145
3937
6524
6327
55
6669
1818
6830
7287
3374
2259
33
2971
322
7485
2915
2570
1602
2452
4976
3632
7552
6190
2551
916
1434
6171
4891
3893
589
2729
2253
5755
8024
3805
2314
1895
4801
1856
5734
890
3871
5511
3857
2621
3269
2169
1488
4087
1571
4877
6004
462
4634
8187
193
4824
4483
936
5826
4399
775
2260
4185
2660
1361
1512
3
2223
4015
2405
2112
7547
500
1801
2747
3398
8103
7350
6533
1994
8190
4268
523
1127
6924
7783
5962
534
6120
3157
48
8104
3169
2644
6568
3779
707
5071
1239
5078
1057
2750
2031
5530
6623
4002
2989
5197
1753
3801
6730
3858
6962
487
2610
7875
2739
7770
7094
5295
1054
187
7315
8028
4596
162
2746
7752
1024
7082
2433
2958
3027
3651
7341
7960
7880
3026
704
2437
4955
1923
7081
4461
3954
4081
7194
6564
2954
7776
3806
1950
6817
4956
4628
2720
2593
5537
7986
5831
1460
7834
2434
8063
6134
3870
6319
6353
1201
5469
1840
4437
6128
5356
3058
4474
5789
337
1430
6086
5076
5108
4034
5569
2628
3917
7879
4297
1875
2648
7092
6314
6279
532
1124
4375
7590
1499
7144
4783
3744
2731
5176
6491
7504
3522
2499
2774
1356
7765
1195
4600
2471
5880
5666
7659
3299
1492
2979
3210
7437
8093
5471
4455
8013
7799
2516
2464
1566
7891
7230
1068
5781
4747
6413
1874
8175
6497
2519
5567
7335
3447
2933
6872
4999
2337
1284
754
7272
7342
5431
3996
5238
4216
6408
2359
7702
2113
7870
38
6106
2414
2011
3990
2630
3047
574
8181
1084
6864
1828
4220
1978
6639
3800
1388
2262
3740
4576
978
4578
5158
2137
2762
1770
5487
6208
8163
3655
6764
5394
7537
812
3621
6825
2491
6757
5399
2696
4493
6330
4547
5221
673
625
395
6567
7833
1365
316
1719
4328
4986
2346
7122
7217
490
1272
3121
7097
4491
8077
394
3863
7175
1548
5102
1389
400
2382
7905
655
5693
7582
836
7753
73
3103
2588
2926
4796
1343
1761
5397
8132
4818
5917
7570
6173
7400
7937
7739
2261
4740
4767
3117
4085
4764
3487
2423
5061
5710
1214
3995
2554
5879
5582
83
6032
2534
1238
6296
2059
2335
3880
4962
361
5488
3201
3649
1350
1637
6672
4482
4577
7639
7619
6297
380
4825
965
1849
4255
7534
2620
7958
4188
2781
3987
2325
7124
1509
6729
7039
2244
1229
5240
3371
1364
2052
1172
6453
2675
6029
3816
2622
5472
7076
1575
2484
7177
1511
6720
4379
7352
1622
1562
3945
5997
2742
1537
7672
4018
5759
674
1988
4245
1387
2676
8136
3875
6018
7398
4222
4144
2242
8171
2493
6866
4367
4913
3914
1435
5889
6802
5188
6821
4636
2896
1478
1045
1771
3174
7546
5592
276
4556
895
2775
2793
1062
461
6625
5129
4402
3012
4006
3309
2502
1648
5719
5344
6045
6446
3814
518
7310
7628
6163
684
7125
2960
7974
1426
7447
6855
7317
4519
3343
1355
3904
3276
1638
3063
7305
2770
2944
7147
7373
1738
2012
6810
3255
6199
386
6597
5609
1269
2977
2869
6094
7266
1029
1641
8115
7825
7243
4841
6232
611
5138
1349
3229
3767
1203
3085
4451
1122
1907
1647
7955
7779
1597
6920
7461
6138
4380
902
5256
5550
1586
1756
3442
469
5535
342
408
4450
7163
3372
5837
6831
3009
977
7887
721
2939
1429
7543
3759
2013
1348
7057
7325
6536
6858
7099
3624
2587
1857
2976
7580
3380
7367
7116
31
1959
596
6728
5894
4742
2009
91
8069
671
2557
5360
7376
7982
1535
5551
818
234
7429
6231
2118
4272
4846
1023
3645
6455
6211
4366
1985
2180
7938
662
3617
495
3689
4833
2924
6748
5593
1055
4417
863
2690
8174
7978
3397
4620
1778
6708
1561
2131
4151
3538
1579
3940
2847
419
5548
2914
7150
6326
1028
3067
4184
588
1422
5357
6214
2617
6801
6846
4467
3454
1155
2357
1938
3263
5512
1664
3581
7190
7007
2035
1480
4757
2846
3233
1588
832
7329
2816
6703
7249
3094
7985
2973
5352
1779
5031
5748
6632
1101
5067
6038
995
4182
2099
6771
557
4797
3604
4276
1643
136
5952
3415
6863
4621
6649
94
3428
7942
5864
7813
1880
5783
5466
1791
1691
5663
4274
3690
1882
571
6368
7763
3938
389
4736
7790
4396
4103
7917
2386
7617
3494
8189
2947
5795
4129
5633
8107
1264
3291
5819
2424
25
7087
1468
2271
7612
4998
7993
5517
6963
514
6008
6852
7773
4944
4401
4963
7323
7517
1821
8016
3941
1319
7946
3402
4895
631
2923
7861
7431
2091
7800
7513
4623
4469
5504
1502
475
3075
4370
7173
3610
7014
1866
894
8165
1759
35
7483
785
4741
7774
1991
169
4364
3719
7032
1528
7947
7650
7696
756
3146
5660
1079
6635
6621
7927
2302
3518
6685
2032
5493
1578
232
4160
3044
5542
5319
6087
5677
7907
5861
485
7858
3694
7943
3869
2430
1862
7649
1544
3351
5260
3625
3237
4406
1406
8046
5868
5533
5884
3935
7409
230
4083
6917
7941
1567
5827
726
170
4044
3765
1351
6737
1790
2603
5089
6041
5037
1813
5334
831
5595
744
6343
5281
2765
3062
635
444
4036
2807
3393
6561
7304
4964
976
8075
3257
3911
3340
2906
2182
5421
6409
5329
6686
2067
7695
426
2415
7195
7842
236
2537
4468
776
665
4153
920
7633
7606
5280
7673
7038
1432
2320
7579
1473
5836
1806
720
3159
5013
1924
4887
1005
3720
999
5440
7274
8056
5838
7554
4751
5856
2455
7703
598
4724
3212
5246
911
1814
5452
7500
4384
3059
5459
2878
1278
3151
6170
7061
4183
4904
7845
1541
3093
5848
7865
417
2366
681
7191
1805
8098
8011
2275
4060
925
449
1540
5244
6377
71
4954
3456
5468
2329
116
2852
8179
710
2495
7900
223
4473
703
7841
2632
2777
3251
4626
7364
1108
3245
6281
7540
111
5050
6096
3008
5908
5205
7885
1603
2725
6873
2585
3860
7158
6654
1503
5564
147
3209
7419
5411
2722
900
1610
1902
6722
6257
6196
2733
3667
2901
4917
926
6991
5409
4856
6582
7529
8126
6508
1732
4728
1081
6743
4842
5317
98
5808
991
4670
6440
476
6078
3429
3862
3588
2671
4096
1686
7239
6843
7919
7586
3394
1976
7539
4510
5915
3967
3825
1250
4691
3661
3244
3829
7060
715
6634
4506
1599
370
1078
5447
3664
313
2952
1052
8066
3409
4668
7330
2865
5378
6916
4265
6633
6800
5223
5283
4613
6706
4162
6183
8096
7873
6454
2518
72
6939
7481
3051
211
2176
4459
7892
4296
5167
6973
6263
1932
1504
6141
3787
497
2485
2438
615
6862
7072
7727
8155
4759
7068
5449
2638
5700
6228
1011
7423
5467
2109
877
6111
3810
3172
3748
3360
1692
4616
2454
7685
1810
459
1458
6899
7676
1197
7935
1451
1120
4532
1327
4947
451
4685
6598
1515
3775
3053
5480
609
7911
8184
7710
949
5932
5757
4583
5842
7303
4814
2026
2256
1837
4909
3587
3874
3003
2297
6158
3568
586
4753
6929
2689
3662
2245
7869
6340
6001
4942
3211
856
4561
773
3120
6040
159
6447
2875
1336
8147
480
2523
2004
6267
1724
6068
2307
5979
3181
7803
2199
2528
630
2243
5084
817
4834
1384
7446
4254
729
6282
1412
2448
6539
7826
1087
32
3485
595
1799
3188
6476
3828
2525
5893
1979
6176
731
7351
3971
2999
5103
6414
5021
6616
2829
2450
3652
6034
4442
2992
5744
7932
1522
2065
6970
3855
6193
3419
3975
3021
2480
5850
3004
7569
739
569
513
3678
1631
365
7712
1321
7641
7551
4866
4693
4329
3359
634
719
2166
2804
2895
2801
1911
1665
5212
278
3960
1846
3977
3463
6220
7882
3623
328
2813
3798
5516
6958
3225
5969
51
6031
2855
3055
2549
4873
3577
8082
7589
1883
1477
1345
4110
7203
7006
6896
7737
4488
1357
2577
5788
5902
6783
5381
1842
2036
54
7901
413
2291
4302
2258
3250
15
5950
6023
6811
204
4398
6287
7497
7185
7346
7085
245
4563
3520
7746
1170
5199
6769
7357
5009
7183
3366
6528
6660
2341
639
5566
1744
2700
4294
4428
3506
5171
772
1329
1616
3345
1811
1628
348
2084
7478
4861
5887
3714
755
3483
7428
6445
7725
4932
519
7218
1996
3933
1244
643
6055
2783
3232
356
5514
4592
8074
4055
6754
538
584
7316
593
1209
1292
6439
7687
6881
303
2637
3297
222
3888
7690
8180
537
7671
6254
5434
3491
4017
3979
6064
2545
6680
3289
3401
3389
3972
2849
2175
7391
742
3202
6671
618
4900
6261
10
3080
5043
2788
7096
5967
1676
4078
5343
6914
5912
5258
2509
7333
3722
5010
6380
7065
7847
5415
2381
489
8108
4390
493
5749
1471
1353
5005
280
6959
6137
7143
2935
1734
7202
3508
283
2951
2858
110
5185
950
4063
390
7344
1614
7595
7968
4345
5762
7469
6417
3307
989
5684
1456
2364
7843
5646
5866
7211
7113
6306
7542
3259
4028
6369
7884
5034
8131
7420
3363
5416
5439
7630
6945
7120
3576
795
7382
3413
4602
6022
7894
717
3362
1443
3400
1486
6752
4579
483
5841
7806
3636
1613
2600
5556
1324
3104
6788
3876
151
7180
6596
4695
7282
8087
256
2135
7111
7432
6265
2529
7482
1516
4476
2764
2665
1900
5328
806
207
6259
2547
527
5413
5615
2081
5075
3141
5905
4337
3341
5284
7397
4763
6403
3795
7199
1963
7817
4935
5885
2682
60
711
2897
3266
3728
6487
1654
2085
95
7822
7449
2810
945
853
2210
7084
7232
145
7089
2402
5052
4215
5501
6716
4684
1558
8055
3061
940
260
4934
1615
612
3184
6735
2211
7836
528
7394
6437
264
7455
4679
5064
747
1404
4876
3064
903
7715
7098
7157
1199
1330
7908
1904
2633
6980
5442
5883
8145
6986
7086
8022
6851
4076
4905
6356
492
5115
2460
4499
1758
2384
6611
2950
6554
5596
1549
2942
364
6701
2883
1878
8124
152
2694
3078
3566
6329
4202
3699
6465
3594
6952
6156
6526
6763
4248
2266
4504
1551
5636
1901
6065
7530
7026
6084
1041
2880
4732
1322
7425
4170
4697
4145
1845
1918
7890
3066
2667
4701
2019
6648
5456
253
2693
6159
1400
2349
868
7012
1116
3802
3217
7480
5668
4827
8173
197
4766
689
4892
3565
8119
6681
5713
3969
7857
941
661
3406
1485
6318
6534
4466
7625
1037
504
7002
4120
4359
5607
2046
4857
2832
2409
2224
7777
4159
7260
2697
3646
2342
4590
6206
6599
26
542
7152
6957
3675
1825
2975
2704
5777
2657
158
5913
1529
6683
1135
2138
2877
5081
5309
1520
1059
4637
800
5181
7027
6480
4879
6516
17
6749
4843
8081
2572
4114
2396
366
7401
2964
5798
1310
6964
5316
7302
1253
1152
7467
7024
4836
1958
4037
565
1479
4599
7149
5457
121
2192
2941
6477
1020
2986
3114
2564
4973
3999
2756
1001
89
1651
6154
4058
7614
5601
1202
3725
2538
3546
1484
2573
6993
3445
1593
1542
881
6066
1589
1410
5844
1096
5330
1715
5097
123
3658
4239
1067
2254
3597
5766
5029
5928
6507
4277
637
5358
6362
3818
3037
362
6383
2115
826
7575
1058
4985
872
7541
2496
5150
1720
4123
5241
5461
3426
3797
4847
8166
156
4132
5001
5489
3329
2886
6905
2874
1559
4631
1612
7492
4899
5725
3677
2404
7731
7487
8128
7966
7759
299
2401
2237
308
5792
3929
5538
5243
5041
2225
4919
3165
4927
7592
5640
687
946
7508
535
3751
5924
3563
4223
6742
1178
3531
1688
8019
3993
41
4715
5747
7665
5730
213
7383
4405
4526
6499
2710
6591
353
2930
4404
3635
4619
2723
520
7734
4867
5183
1431
3866
5863
254
1354
6069
3382
3978
1749
6517
5907
3760
4313
6577
7561
937
5224
7797
3549
7472
7411
7684
2913
3517
5068
4422
5448
7563
1294
2590
6146
6052
1796
242
4748
861
7443
2148
3304
2362
2503
1366
1754
5776
3139
5347
6492
4821
7668
6076
6219
7071
5619
4838
8038
1118
3718
5277
6618
4029
5954
1969
2716
6967
4426
6488
2894
7251
8143
6063
5474
2033
5336
246
749
4961
1019
6460
3379
6860
6077
4639
4410
7133
1507
3540
4218
5422
1933
6341
7635
3905
4989
6075
7011
7515
5192
354
4171
2410
3412
4604
7028
307
3235
2559
727
3732
4072
4261
3320
3970
2045
8188
2586
5874
5446
4392
6423
4061
1346
667
7778
6378
1297
4360
5000
1176
4057
2868
6593
4888
2303
7256
4820
6458
3516
4484
350
4901
2566
4095
1449
548
3207
2936
2800
1532
875
3527
5300
2229
5546
1033
7403
2884
607
3001
3812
7883
6033
3231
6553
7088
2387
5063
4338
229
134
6803
5151
5701
1836
5112
2840
8035
6925
2317
2527
3529
1006
4111
7252
6483
2151
8064
3132
50
7395
5405
1466
4704
3433
1245
7036
4993
7181
192
4661
243
3502
5793
4782
2607
4324
511
385
2891
7109
2324
5940
360
6768
3503
8125
130
2946
6221
6153
7339
2273
5450
2143
4689
4462
6009
943
4356
2684
810
6827
3561
6798
7198
2326
2371
6891
8030
429
3486
4683
5385
2760
7146
7755
5974
3698
5105
1427
1194
2659
7553
1977
829
961
7328
3164
6569
2899
7326
5978
6955
7872
6030
3206
1997
7441
403
7058
1025
3631
997
7573
2751
1086
774
7818
1115
3465
4698
4609
5571
4615
3095
6328
1794
5096
8172
6392
6493
1987
2900
6560
7640
2202
4921
7288
7767
1659
6258
7846
1751
7708
1772
5305
5643
7234
2842
5645
6552
6976
737
2247
6246
530
5320
6118
6667
7365
6677
1572
63
1919
4808
4645
5948
5926
7331
4897
196
5478
1568
3592
1912
766
176
7233
5752
5020
2122
8142
5712
4079
7980
3376
4494
2514
4234
358
2510
1519
5130
3288
4708
7705
6717
436
1921
118
3991
1340
4119
8079
153
6951
2391
7298
6579
640
8094
2825
7786
8059
4534
180
2953
7421
7987
4507
1543
1399
2096
2826
5634
1553
6687
4953
7222
5022
3480
4924
1980
3194
3054
6795
87
3847
2299
5507
1271
1215
1524
1940
4208
310
418
6901
654
3570
4939
1368
6090
388
5143
4733
6799
323
298
605
4960
5509
1679
1745
2661
3786
1362
6294
1698
3332
6226
3461
2281
6307
2327
2670
1138
4040
4273
3746
7253
333
2794
7167
6049
4305
5092
5628
2468
237
164
7658
887
2754
4655
6913
4152
2686
6787
6996
2489
6813
2285
4240
2808
6444
3499
2969
2814
137
1304
6525
1009
3589
6904
3681
4073
4346
8023
5769
579
5482
330
503
233
4167
3743
7349
6255
3585
510
1906
7801
670
4432
205
2397
1141
1452
8062
3770
4869
3358
7148
5109
359
4653
5976
3208
3018
4525
4910
341
7229
3679
1916
2193
6346
7128
4221
6121
2688
2578
2162
6448
6844
6578
5131
7348
7112
5604
3325
1303
6982
2042
4700
7165
2338
5483
2526
4016
6953
5044
2656
3073
2678
3392
6109
7895
1563
4109
5529
3761
1381
4568
2075
4319
2905
3466
6927
6870
1495
6058
2443
629
4515
4546
2664
2043
2177
6276
764
7318
6315
7464
1965
7945
1717
3924
4289
6637
567
7136
5127
384
2997
5855
4545
420
1000
1934
3901
7830
4978
7521
1587
6529
5562
2984
1146
6704
5656
3921
5594
3578
484
1222
7581
5659
6186
5331
1600
1721
3909
3249
1564
6375
1125
3476
1525
5768
199
3926
160
2806
148
5433
7709
642
5370
3056
7928
1634
3552
2669
506
1639
3298
4381
3163
580
3254
7820
7471
3137
1099
6285
3478
1952
1674
3240
2511
2734
5817
5234
4557
7337
168
5391
2340
7479
1142
2372
4164
4894
5588
4731
5981
4059
5733
7771
7933
7042
3111
3927
4056
6336
7003
5464
4258
4739
2506
5929
5965
6105
6161
3294
1917
7594
1217
5654
7528
5576
3584
8020
5495
3453
452
3106
6549
7852
5797
6243
1053
271
3391
982
58
482
5637
2475
2613
4373
6587
590
1723
6418
5544
6946
2063
3706
515
6284
2276
3638
4893
206
5207
424
4237
1110
4779
7114
899
8048
3234
6168
4880
4744
6682
2726
1824
7186
5921
4091
2844
594
5579
4361
2797
736
679
5333
2269
809
1887
4644
6668
1224
7033
109
1218
7174
7722
869
6509
963
1391
6093
7683
3572
2798
7587
3016
1040
7307
2014
6732
1496
576
5249
357
5299
6819
2505
3783
7489
5340
735
3457
4149
6344
2619
1782
713
3023
5972
5553
3974
2300
3395
1970
2051
3368
102
675
1153
2440
2582
3735
2790
6971
4070
1341
5462
4952
6745
4817
5121
5581
792
1161
2561
4630
709
2425
2767
2548
536
49
5374
5494
2592
7601
6371
1833
2916
561
4696
4936
5859
7838
7718
3511
845
4550
3789
4529
5002
7721
3407
3639
5453
3198
6514
2871
4385
305
2533
2925
3265
6897
1598
2140
5685
4781
3472
5732
6712
5822
5245
7815
866
5941
2286
1678
1267
6915
7509
1711
1221
3154
6188
5796
7811
7660
6379
1036
5208
3422
5846
3036
2594
4425
6367
7964
7030
4434
212
3777
3370
5616
855
5367
5323
4394
2445
2064
2795
7794
3657
6412
5799
4412
6425
6421
7939
6003
4003
440
2190
7977
415
2212
5665
2888
5101
2358
1863
874
1236
879
6609
3196
873
5961
1776
6312
5254
5878
2388
1148
4662
3383
2351
6037
2030
6323
3125
3270
4007
7954
1699
7178
186
5736
8000
7415
1022
5631
3024
2023
2021
7957
3088
2132
4456
209
2134
46
652
6060
2864
5008
2911
2699
5786
240
3474
2838
7126
1285
4649
5389
5667
4334
3113
2959
4965
751
1816
3373
4676
4395
5804
5047
5674
7347
3897
5179
7277
4445
5124
198
924
2431
3885
1263
7037
7691
3384
7296
1090
2687
24
5404
1626
2345
2007
5054
5095
6698
2848
2962
7073
6541
8120
2421
4454
1150
6532
3663
7131
225
6360
2331
888
7389
57
6839
269
7693
128
1021
3138
6805
3176
6500
2834
3314
7107
1464
955
7981
1830
5060
5849
5800
5709
1605
258
1619
2204
4413
1951
7151
7375
5956
8116
852
7652
4139
6127
175
405
4987
3785
2373
1832
2646
3318
722
7474
5959
8118
4005
1441
7334
5627
402
6017
7451
2002
468
2974
7634
1082
2343
377
5196
7704
3082
6797
4830
1136
1884
524
6028
4957
1425
3980
4071
1109
1240
4872
2955
4826
1163
690
7259
217
1705
7468
7070
5527
104
3326
7285
8084
6116
6902
6457
1673
499
793
3500
5933
2332
7706
2015
1129
1186
1251
2408
1383
3944
1474
4201
272
3925
7433
6130
2735
1105
5264
2497
1367
1666
525
3521
5164
4772
2365
2713
5745
5007
3836
2200
3070
4069
3118
5692
2208
4306
6278
7387
1893
6640
4035
3275
5289
3596
1447
4946
6280
2532
663
3883
4815
6998
1063
138
8095
343
6370
1421
3271
4010
8037
691
5003
4064
6490
1534
6974
3175
938
8101
2333
3467
4713
6626
8121
5351
5714
1625
4440
3628
268
5922
4303
7338
2076
5987
1154
4415
4520
4746
6207
1937
6834
301
6144
6374
1325
5590
2374
5526
2104
5113
2102
314
6468
5028
1682
2945
4357
8073
5252
1925
3112
1498
7456
6415
1590
4908
4376
1372
602
2536
37
4754
4458
7142
6806
3784
4605
2080
6719
7762
1867
6773
2827
5023
1962
6731
1004
4052
4067
6107
6548
6882
632
5632
6661
1482
3831
2120
472
842
8129
5661
2784
2474
5728
7560
6898
6617
3579
6428
1386
4397
4181
5620
985
7988
259
7520
4369
142
4508
3920
3091
5610
2227
2967
1581
1646
6129
6233
620
7913
1266
2579
5187
3600
6867
5773
1268
4365
4286
1555
7618
7615
174
3283
854
5696
8045
4795
291
5873
6766
3676
3153
2420
4570
3216
1392
1518
3218
1038
5739
7805
8057
3928
471
1819
1636
6299
1669
4327
585
1843
2264
3611
1580
2436
8153
6401
848
7035
4448
434
1211
986
4663
7855
3680
1111
5683
1190
4048
8054
694
2321
788
2822
7263
5114
2305
6395
2390
3727
3603
664
6620
6890
5958
215
4099
5871
1582
4632
4859
4686
5042
1733
2701
6466
2330
4486
5315
7324
502
5454
7219
7611
6424
101
84
7864
2458
1128
5572
3523
6985
3052
1281
4737
3102
4918
3197
5184
7241
7613
1873
1881
6519
6126
5741
6338
6025
8102
6814
1826
1547
7661
1117
6822
6099
7046
6473
7368
5217
344
1276
741
5107
312
6943
7102
5272
686
391
6101
5211
4075
6047
6966
2890
7956
604
7990
4230
8018
2473
3906
481
1042
658
4572
5584
5230
1657
7562
850
2419
5128
3574
1313
2718
2706
7010
311
3726
3200
2606
7989
1706
5072
5371
6550
6826
4117
939
3512
6194
4077
80
5373
2038
6694
2171
7459
5845
6373
4094
7896
8137
2370
2418
6838
7674
5715
3637
1338
122
1394
5402
1999
3754
5812
7105
414
2805
7300
6205
7075
1526
6422
6907
1658
1254
3796
7804
2823
3634
815
6835
1645
7840
969
2663
2360
5198
7414
3902
752
5896
7034
6195
3354
327
865
4543
5695
6070
4163
7292
5532
6937
2980
4850
7169
5689
7909
2837
1377
1915
1436
1374
6503
4199
441
47
3988
6316
1
119
5716
8021
660
7465
6044
6511
1026
3703
5387
1415
5875
2672
6095
5290
1237
227
5605
2310
8058
748
3388
6333
578
5699
4729
294
216
1870
2730
7390
5350
86
3243
5051
5038
6544
6689
5216
1491
4043
7564
7898
2228
3405
1088
3034
3524
3230
5690
3982
3580
2087
1293
2879
338
5100
8044
3683
5945
7273
4671
1986
838
1798
6778
5148
2195
5886
2083
7361
2569
1402
6402
1872
3183
77
1946
6947
3567
113
2917
61
1910
5266
7814
967
1941
2057
6779
2280
7697
1092
4051
1320
3195
5202
4750
656
2922
7886
5738
6900
7127
882
6449
7574
4769
36
7662
980
7008
6923
3387
208
1378
7670
363
7255
2727
740
1046
743
1868
8004
1287
3441
3665
5652
5735
4243
320
3656
7503
4259
319
7093
7832
1014
5
3160
4581
7019
7269
6119
3450
6187
3598
7526
2931
1095
2642
3083
99
2494
3035
4316
7278
6385
2379
369
446
1742
6139
592
786
4585
4555
8092
801
5702
1714
6751
1379
0
3558
5215
4611
6366
3601
7545
1200
4141
6345
6474
498
2145
252
3551
7867
6192
3700
1700
2535
7975
5388
1514
5964
7557
3606
5296
4608
1445
5490
1232
3894
5624
3316
2873
552
2712
5971
746
5311
3408
7512
3881
5860
2214
7438
2584
6656
8067
7063
6387
2811
8157
3842
7371
6588
1611
4787
2650
3203
1773
6710
6123
1094
7250
1741
5771
942
1439
4536
1831
4100
1261
6452
2542
3872
2356
1879
1604
3660
7700
438
4531
1475
3352
7780
4478
2498
5937
2089
4597
4807
2363
6131
554
8068
5658
582
2524
2591
7713
447
2119
3049
4699
8111
6696
62
651
7284
1892
2643
7123
3674
4673
3071
7172
4642
1417
7444
2298
7244
1437
4023
6394
4650
4130
5834
3890
1454
182
2103
7533
6166
782
407
2163
2957
3155
4884
4792
6521
6470
7736
1369
2929
7766
6407
2862
7343
4173
841
3342
6849
5303
7501
165
5313
6157
1983
3335
7436
2752
6204
3133
4408
4785
6876
5522
144
885
6573
3089
3898
1316
706
132
897
5770
1974
2812
2698
5004
6102
3323
5803
5425
5485
1943
6399
5497
5201
5372
6804
7321
2732
5027
171
6785
7602
3331
1667
6026
2465
5694
5706
805
2903
3737
3642
5087
6365
270
683
5430
4618
5778
573
2441
306
1044
6426
4147
5986
7984
3126
2124
2049
3364
4541
6181
3688
5293
5939
7764
2039
5910
6684
3702
6576
3852
6054
2843
3526
7961
3346
7828
1198
5219
392
2987
3899
6816
1317
4527
6048
375
5523
4675
7276
8040
5528
7029
235
790
2073
3630
7106
5671
218
6631
929
5079
1695
2108
1747
4968
6311
7313
601
4509
5049
44
544
6197
5818
5513
5835
6871
952
5573
4920
325
7053
3127
2749
4000
2106
3344
1607
5278
5209
4707
7475
3261
857
6140
378
4765
6888
7311
4878
7714
6972
1947
7270
6252
1472
3915
318
4241
2232
7442
4672
1931
3238
4231
2860
7015
1433
3084
834
3057
6351
6301
6723
247
4881
3369
992
5563
1533
2758
5843
6147
6630
1629
4423
1852
183
5869
7059
7460
7629
6983
5591
3555
2488
1093
5963
2717
6940
4008
539
649
555
4928
4896
4768
5024
7396
4388
5587
7585
4374
7308
4635
7132
3496
823
1731
1137
723
387
81
7
410
1899
3109
1808
6622
4558
5036
8170
7221
7651
1212
7726
3713
3846
3236
7095
3166
4883
1342
1385
4937
69
6431
200
7248
7807
4540
2422
7412
2881
7812
3753
6600
1140
7809
1935
7240
6592
8
140
1167
7724
4780
1013
6
2220
6724
4598
3295
2230
7048
1774
677
7265
5975
7523
5155
2217
7701
4187
5251
1277
3260
780
4994
396
172
1403
603
3820
4270
4244
3618
6295
794
1008
201
5923
4282
1858
3724
4283
3620
6705
3614
6355
644
4773
6912
5214
5366
6975
453
6182
112
3148
4387
7621
6230
6481
4907
3528
3460
1326
7848
1401
8042
1834
3659
577
1609
7450
4284
1066
3612
6324
4300
6767
4353
2627
3479
8134
2769
1465
5376
6317
6404
1306
6073
2780
7080
8078
757
1056
3809
2757
2206
4049
1783
5807
2127
4210
3931
7850
3248
3042
2395
4020
5314
6646
7408
802
1803
430
4607
4097
5534
5161
4727
3822
7997
5080
6563
2803
3287
7863
6547
302
6566
7991
6215
3654
1228
3817
6693
1174
2517
563
948
3438
2348
6739
2786
7404
2639
4116
570
1283
777
5083
2385
5991
6880
6663
2079
716
6994
8135
2821
5172
3886
7064
4951
3437
8015
1971
4348
4971
6273
2708
5265
5354
5602
1446
7681
2724
8051
5557
5110
6150
5326
285
1998
6586
3416
5400
3420
2504
4022
1653
8052
1655
4903
1627
1061
5944
4150
2736
5145
5648
3455
3213
7016
4854
1802
5697
7340
4890
4490
2294
6856
1257
5854
545
3541
5638
3399
5691
3221
5951
6142
4195
1748
4666
3017
5262
8083
6918
3280
2463
6007
4429
3290
509
6080
6674
4855
2394
1151
4722
4560
7931
4026
5146
4738
1069
1335
3178
4885
2352
231
1107
292
4082
3716
1373
2380
4477
6931
488
5342
3147
3030
6347
3741
4416
5957
2066
2125
1205
7121
3781
21
3477
3215
1166
66
6808
7936
4108
6342
3514
27
1461
1662
9
3670
1769
6461
7644
7531
11
7669
7427
3711
7466
1975
6984
6989
1981
4024
1851
13
289
5481
3324
5970
910
7692
2861
3452
2755
4544
2792
996
7354
6615
4717
1076
927
5775
5496
1929
1954
905
6721
5750
725
7648
7445
5541
3643
5191
1704
409
4186
898
7877
5994
2867
179
5565
1003
2201
3793
4819
1596
2761
2680
4235
7821
6755
5304
3553
6334
8112
6894
3534
5897
65
1630
822
5152
5621
5809
6833
5248
4200
2407
3826
4777
1159
6987
4762
7139
1736
4128
1703
7176
5568
6396
1891
5608
1716
5510
56
4433
6744
1339
5045
3673
7247
7994
5503
4197
6325
4559
2512
6132
423
3976
6472
7254
583
680
7699
6837
7926
840
5829
8156
3310
4135
1130
3367
6774
4407
6841
149
7518
255
3936
830
4330
979
6695
2531
2691
8106
166
3396
7952
7041
2623
5104
4802
5106
2702
3179
4249
5623
3907
1168
6850
445
5436
4106
3989
1855
397
2768
473
6006
3171
3205
8141
220
5156
4214
3377
1788
7782
7067
2624
8150
7837
7522
2612
616
6184
7505
789
6636
7910
3627
3033
3107
7134
4864
3417
6035
891
4503
2268
871
1089
2674
1470
8002
3222
6840
5116
3950
4351
998
962
3182
6269
6000
5916
531
3672
4587
5679
1196
2427
4677
5519
7925
1077
6658
6224
5392
6283
1793
4923
1157
6036
2027
2597
100
2677
3994
5157
1070
3762
8060
4489
7377
2142
6869
6676
5085
4447
2719
6014
7603
7584
4389
6050
7301
4991
7494
4001
6697
3848
3484
2833
4377
23
1360
4575
5943
3278
5626
1687
4004
1922
6079
2703
4122
5406
4518
5518
7849
6892
7525
4206
2866
3519
3039
2170
6172
7406
8152
562
398
2828
1876
5233
7728
2383
4580
6321
1577
5617
7808
331
6546
6071
7135
572
7118
8127
4086
6097
617
2284
2854
6956
2251
7749
349
4137
4641
5239
1083
3327
4761
7077
2339
2308
6303
4169
2634
3697
867
758
5288
6114
7452
7948
4718
1071
2552
4318
7959
4664
2188
1490
7374
2319
5451
6174
4813
3532
2961
6551
2789
4315
5182
1990
5787
3074
7245
3458
2550
3347
6020
5936
4228
2563
2238
421
7605
4321
4025
7206
324
2241
5577
4142
4516
1307
5479
1797
4712
7506
1765
7784
6657
2705
2824
1160
844
279
1992
7914
2144
5270
2556
1119
2252
3932
1660
491
3830
3239
6191
4317
2222
1608
1786
3891
1957
7261
5998
5993
5173
346
2885
5763
5048
2583
2487
332
3811
1930
6741
117
6868
2787
3560
6746
2411
3865
2817
6527
2293
2267
4093
1158
6594
4565
6216
4172
4382
1752
4982
6242
7484
901
5988
1481
3355
7372
2157
6364
2272
1595
4500
3108
7643
3431
685
954
2492
2709
5444
6247
5401
2683
7787
2685
4791
5767
1247
3204
3687
1684
5428
5515
5032
7969
3281
6042
5074
3423
3515
4517
1827
6384
4778
3348
1213
2990
2539
7369
4271
3381
4851
4567
8076
401
5120
2082
7238
971
5947
4349
847
1100
3544
4889
3707
1780
4347
4593
5525
7188
4263
3258
1560
8025
7819
5025
1775
4721
1650
3105
2097
803
3985
315
2024
6948
4627
1576
6652
1853
4232
837
1380
4988
8034
7979
3701
336
3769
7488
5093
6513
4331
1191
3788
5287
4996
7160
1989
799
7476
4158
3190
1557
1352
3896
2589
7881
1804
7930
2172
3473
7792
1220
599
5851
6335
5901
1707
3414
6557
2928
3959
5555
4524
4421
4124
968
2981
2753
3736
4250
5225
2236
2378
5890
7556
7168
7031
7785
5500
7682
4868
1226
1624
3069
3957
4112
3867
5726
6581
3599
6942
5540
6438
277
1860
2020
4775
7868
2025
7559
3734
8185
5348
4480
7018
1675
5090
2782
7732
2988
8149
3002
2446
5190
5231
3731
6177
5321
1762
6886
5438
3272
2521
5531
5082
3758
4538
6234
4288
474
1850
5810
1635
7069
4427
5403
1809
4452
7823
3020
2902
3557
2086
3819
7934
6818
2932
3177
4311
5491
8007
1795
1508
2998
3365
5790
1847
7108
1517
7568
248
5235
6776
2136
3653
3312
7166
3582
7754
5585
161
2249
3150
4997
4651
907
4107
7571
693
7795
3315
6604
6239
4308
6666
6889
708
267
3464
5737
5664
7281
2836
5160
5758
4045
7283
3838
6556
2546
3859
935
928
3311
2213
2377
1175
1620
6782
5881
6789
261
4566
4104
5524
6857
6115
5302
321
3227
3481
6911
5647
4192
4287
7410
3792
3965
1767
7511
1270
335
4552
1953
1683
4019
6203
2773
8144
7897
1395
5308
1280
1483
2574
293
3330
4307
4155
5644
7655
7666
2745
6419
3562
1574
5717
2403
2416
4247
6100
7976
3180
908
7435
7889
239
7193
2117
6305
7000
5914
3041
7717
8005
990
813
8008
2158
648
1671
2355
5813
368
7227
18
606
372
4966
3729
2306
7078
5613
1420
3000
295
6584
3099
4207
4793
3752
5982
4325
6376
3131
4723
1973
4062
6960
1010
6595
3717
2486
8139
2196
6718
74
3135
3766
3539
2968
8006
2389
4603
8053
1252
1894
93
6968
6612
5140
2835
4835
4409
4863
40
6823
1489
7161
1710
1382
7995
432
7663
1573
3186
4219
647
4256
4681
6707
1746
3780
4495
3839
8086
3144
5811
4355
1258
3226
5996
7983
7967
7050
6733
7544
2226
5094
7290
6935
6887
7772
846
1177
467
6793
4293
2053
5427
4680
2666
6433
2748
6209
3961
1114
3997
3336
3443
1869
5424
692
4984
669
3028
3648
6875
4692
3778
6659
8043
700
6726
4930
1728
2239
6185
4501
912
6308
2183
6486
7723
6496
4915
2295
4832
4080
1956
129
4925
3955
5437
876
3029
3124
373
2139
139
6135
2943
7600
2304
3375
443
2413
5756
4236
2470
2070
1188
393
3943
5337
2605
6288
5125
4638
351
1936
5338
4066
705
7922
7209
5599
4378
6189
5017
6765
1861
3710
3361
4812
1242
7319
4943
435
4443
1301
987
5825
1760
558
1621
300
8130
2197
7363
6542
297
4323
3556
5247
4113
7079
1506
1235
7242
2047
4931
22
221
4435
8088
6310
4674
4340
1865
6558
75
6021
3319
2948
2146
3421
5999
6535
6148
6926
2417
7257
3934
5973
4513
5935
6160
7103
5662
7156
1371
1777
1289
4882
5486
7407
1497
2555
2069
97
3668
3851
6642
4784
3709
5139
1408
1649
4595
6162
5721
5203
5018
5520
4860
4194
7200
3671
8017
4344
1539
5141
4886
540
4656
4844
1405
3497
2187
6250
8160
7020
7616
1286
1181
6572
3948
1207
2100
4336
5751
4941
5891
3776
5892
1944
5876
2077
1839
8161
7827
5386
2375
3712
884
4088
2094
1898
6691
399
3903
5279
6057
7213
228
7657
4281
3733
1438
4719
1219
5206
5946
7212
163
1192
3803
4898
6690
3123
7788
7853
1080
5393
7565
6990
2296
7608
4038
5414
3691
7314
7264
6266
3509
8178
5099
5163
4848
2707
1905
6485
5175
851
646
3136
3005
2995
6411
1713
4752
422
5390
7322
1708
2044
4322
6520
7477
796
7486
1064
914
7558
1375
3228
5380
2181
6700
6679
5830
4485
1180
1781
1968
5301
6268
2406
1476
146
5012
191
956
3984
1680
7159
3704
4209
3616
860
6213
6386
1231
6212
5441
3439
5291
433
154
1414
7189
4716
4831
824
7306
1397
1048
3916
1949
6641
2315
3619
7680
6337
5867
7733
3167
918
2598
1685
1841
4161
7056
5410
8070
7170
7899
8061
4948
190
494
249
7694
787
2311
4760
5743
1233
6624
2819
3973
4573
3564
798
3313
2191
621
8012
3430
1469
1121
3444
5365
3545
2283
7025
7675
7636
7677
522
4213
7860
6456
5780
367
5635
5142
6469
2203
1766
127
1290
5704
1227
1274
8003
4950
2982
7835
919
1701
714
4667
4528
4453
7496
1823
379
6512
1712
4191
6812
1248
6061
1967
3011
6651
3187
4669
988
6645
7686
4165
3446
529
4758
6391
2763
1126
4465
2919
1966
3958
6523
1885
3947
3489
4014
791
2392
5053
5147
5019
1552
581
1807
5149
6999
7405
4205
2595
4438
5559
6151
5977
1358
5909
7720
733
3390
6807
1889
1035
5680
768
944
3895
6359
3889
2614
2107
1223
4050
7996
3525
1652
6462
3492
2350
6081
6559
5508
981
7179
244
6537
5498
1886
7742
7962
2567
4498
6747
2309
921
3844
1262
1398
7453
917
5968
1565
1570
7378
115
7045
1513
6479
2599
42
7258
3451
6238
2
188
6629
4809
807
7768
825
2785
5066
5895
6435
2093
3542
613
1864
3537
3686
7623
8138
1288
886
383
460
6761
1740
141
909
7286
7535
5134
6405
3241
6756
5369
6750
5318
2041
2288
3501
6969
6202
478
5900
6091
957
6954
6727
5355
3488
7355
5989
6678
3799
1527
6832
2949
6416
7115
5872
797
5995
5310
1413
864
5136
3090
1359
3919
3077
5341
3470
7796
5931
1787
5030
5570
883
4837
549
3292
4350
4363
6218
3505
3253
5629
8091
3162
2429
8080
819
7155
2908
7510
816
8114
2616
6442
106
2101
2571
4726
185
5761
1500
6277
1896
7141
5346
6443
1812
1493
3440
6934
5852
5193
5670
2205
688
5420
2442
947
828
195
3328
701
5765
1193
4734
2910
1501
6879
4969
2562
7903
6575
8183
4314
4033
4320
431
7915
4354
4794
7091
5657
4828
3739
541
4257
5412
2692
4822
5802
915
1204
893
4
5463
5779
984
6820
7519
3285
7154
5294
1334
1681
6877
2018
7332
7294
6865
7536
124
1182
1156
5698
5639
3014
6928
1112
1139
2652
1149
7758
2540
2850
2601
1015
7656
6178
6406
416
4278
3593
6670
4253
7970
2233
7062
7104
2022
7379
3219
6240
6601
4430
3868
6309
3495
5177
7237
972
5195
2060
4342
2831
6478
4912
2263
878
5820
1050
6792
1871
1030
2560
7888
8014
5649
3469
6155
2029
411
7223
1739
4849
5088
5059
6961
3908
3247
4730
4047
3475
2246
7844
184
6217
5271
3705
2830
6298
4614
6847
317
5536
6653
6484
7591
7949
4582
7295
6352
6400
3224
966
4902
43
5754
157
2522
1225
6893
2006
4411
5703
4974
2000
3813
5470
4659
1984
1002
1131
5349
3615
1184
4178
738
2565
7454
5168
4154
8072
6543
6606
2938
334
833
4460
2477
6713
4756
1049
6997
6605
1450
7493
5672
5984
4134
4690
3669
3554
4279
7130
1995
7567
3696
3279
5682
7638
3303
4133
5180
4977
1993
4549
6775
6510
455
4166
6165
3403
1300
265
2313
3119
5186
412
3730
712
1487
406
1259
7555
5073
5718
1642
3065
657
5877
4441
6398
7572
7299
4858
2615
3573
4065
8191
2123
870
82
6734
7386
4865
4682
1606
5297
1617
3435
2250
4800
3158
5622
167
6085
7384
3782
1376
3856
3535
5274
4610
6420
7490
1822
4870
2218
6027
5419
4646
4101
6859
2050
6019
7312
454
2121
7235
6293
2963
7929
5586
5953
5560
1328
6467
1331
1309
7578
2322
181
6382
5794
4981
2912
2872
6531
6725
3471
6665
275
427
6489
6824
4131
2472
5824
2037
2194
6759
4810
619
2618
6780
2668
6988
3043
4975
1440
2095
7626
5086
8039
8164
428
3264
381
7289
7548
6363
7839
5960
3337
7538
2447
2159
6358
7236
4175
5375
3256
1725
4393
3963
3586
862
5911
636
1792
1727
4995
5930
1909
1393
1337
3763
666
5222
5740
2715
1034
6149
5983
5578
2198
5159
4424
6236
3096
7440
653
7117
676
5580
5473
6290
6613
3887
7021
1693
2611
6286
4304
3286
2673
7201
1462
4990
2918
2367
3101
2001
2695
5847
2008
2508
5170
3284
1591
7268
608
7162
3772
1424
7507
7119
7074
1670
4174
2399
7192
6638
5218
1249
6662
2467
3262
3192
3050
7293
477
7851
1210
769
4591
7607
1690
2937
1530
6441
6074
6241
5675
4121
7054
7874
1097
5597
4143
194
282
3834
1012
226
4227
5934
7514
6644
6688
4295
6229
5040
2818
3025
623
6758
526
4229
3076
463
4246
5135
3824
6253
2882
2904
5642
177
5549
1102
3134
7916
5858
3738
6011
7747
2462
4521
5724
7083
4709
1318
913
7645
3575
5832
3490
286
6540
2126
1206
6777
4275
3823
7220
1060
456
4823
2456
1545
6829
3755
5273
8158
6300
7730
6005
5816
5006
591
2576
287
53
189
3833
1162
5727
4922
5484
2255
30
7810
120
7854
6113
2003
2336
304
4799
5641
4970
3038
7358
2759
4098
4090
7207
1296
7689
5242
2153
4358
1455
4418
8090
2235
203
4871
1241
7924
2028
933
5039
7356
2645
1085
