3894
4276
3414
4165
7385
39
3830
982
3391
473
1750
1332
3998
1454
1857
4036
6046
368
1050
2252
7880
8161
6742
6681
5401
4528
7669
4290
4614
1990
5206
7685
5433
2800
5873
513
1041
2362
6424
946
1103
6844
6274
605
5087
7902
7441
5596
6403
4016
4327
1519
925
5054
3881
4097
8149
2563
5514
3121
7430
5721
994
1745
6146
6914
4371
2514
5155
6480
2858
6789
6712
6845
6060
4390
2755
3298
4413
5312
6676
6745
558
4804
2406
2704
5995
7885
1225
1322
1681
5344
4045
4032
2774
2270
3390
3125
8050
4359
7707
4382
2785
3258
7731
4442
4532
103
5965
2874
4580
3417
3570
1273
8074
6138
5699
74
2854
7134
6194
2012
1753
6134
4265
161
444
4875
5009
4093
4136
3521
7215
1178
5992
8118
4825
7755
1064
6479
218
3812
5181
2421
4421
7827
7659
1144
4993
5061
1564
2338
3886
420
1227
4502
5500
307
6777
7284
2954
6564
6606
4426
2106
2670
5469
2167
5679
7981
5737
433
553
3909
130
4647
6618
3251
4072
4613
8132
2919
5176
4809
5191
3954
3527
5343
5562
3304
4245
7521
6431
4651
2398
509
8138
7704
1939
2938
7171
1604
2404
2864
958
3964
5193
5289
3035
6935
4492
1993
259
4768
6170
1392
6508
4261
311
4292
5544
1790
4332
3191
6700
4462
1216
5080
2927
3461
3611
537
6477
6380
7020
7202
4497
5502
2624
6307
6175
6143
4741
2116
2179
729
4193
2418
3768
2188
2487
5765
3583
7819
2377
1714
695
634
2445
2718
7699
4779
6397
3176
6758
5817
3946
1102
7589
1463
4494
7178
6863
6396
3347
288
324
1308
7931
7464
2831
5219
8173
3861
7164
6616
3639
3091
7157
6426
4437
1736
6240
5429
4584
5445
7973
2263
4117
2987
3498
2918
5435
802
3715
45
325
8054
3376
783
7227
90
2641
6024
3667
6794
951
186
3291
2456
1793
3660
7371
2916
3308
7714
3201
6004
4468
6557
3897
5449
7238
7402
6768
4726
4252
4640
8076
6053
2358
6520
108
5107
3883
7425
4246
1882
3005
4935
6873
3227
1768
3984
3565
2575
2903
5355
1711
7478
4999
4760
5108
6835
7769
1653
2617
2430
3405
1537
5322
4023
7834
7442
8115
3708
5604
569
6772
4629
8178
6481
1924
2344
3706
4092
859
3264
234
5552
6655
239
1075
276
351
941
1513
2120
3289
4642
1139
7012
3644
2932
4090
2989
2253
6224
2320
561
536
5063
5891
4002
6729
7320
2520
6150
3576
5734
7701
5309
7188
219
4302
3587
1921
6797
4088
3738
1829
813
1555
5894
6169
496
3353
2934
3057
6373
7905
7414
3268
4998
1735
5226
4038
6944
4751
5272
6106
644
6155
99
6374
718
4073
5335
1422
3865
6840
1071
5356
394
1664
6140
5607
7697
7440
4728
2967
7941
3484
4124
6965
7800
4733
6284
1447
3792
7212
2164
3595
2401
6336
5838
8098
2512
2319
834
6457
2385
2209
1508
299
5791
7666
1328
2403
3100
4253
2328
5194
1690
1989
1242
2867
7920
5773
5966
6720
3568
627
5387
1822
2593
1947
642
159
1550
2567
1534
5953
2815
1540
2174
6981
592
7894
587
2435
1684
867
7000
3300
2726
1624
6625
6277
784
4525
4331
3834
1172
6869
442
4934
2912
6874
5002
2461
1536
4425
5130
1224
5142
119
4051
4065
3807
1599
1961
3296
5090
6435
3901
5911
3969
6923
2680
6674
1162
8057
4298
4719
3397
4447
6897
608
2573
691
3828
7779
1379
7007
555
5659
4305
7651
4013
3477
5599
2883
1264
3388
787
7608
3963
1740
3451
4705
7373
3762
2951
6696
2243
7228
4071
6631
254
4406
2031
2908
5845
6036
2993
6969
906
5884
6892
4167
573
3988
1936
7870
7695
4154
1515
3496
3933
5526
8087
2735
2478
3205
1049
3798
6669
6703
3078
858
6806
5039
1503
1233
4749
1165
6902
6554
4229
5391
5832
3603
7683
2351
4299
7896
6153
7408
5616
6317
7380
574
5084
3687
5467
1073
4219
4973
6529
6747
3341
8039
1038
1731
4510
7338
3157
3153
6241
4232
4627
7342
2661
2550
1206
7121
5461
5146
588
2040
4053
2653
5643
231
3140
1213
2201
6131
7866
6640
8158
3470
7566
3769
6824
1406
2746
4968
5852
6628
7407
2333
5388
863
7142
5189
5592
7173
200
5311
169
82
7262
1885
4571
3745
2257
3922
3392
1506
3165
2618
7313
3177
4396
3801
1785
664
5655
7023
1718
751
5293
6488
5053
5783
7631
2150
6377
3393
2582
7765
7860
4895
763
7807
5375
354
2897
5240
4691
5649
3027
6582
7032
389
5005
6367
7715
7036
1159
1122
3147
503
4431
7269
3327
5238
4911
4446
4903
5590
4141
5332
115
1686
4798
6320
3724
4727
4949
7638
5233
248
7616
3092
4652
7974
2434
4322
5313
1145
4657
2666
5123
6464
1117
2345
407
3986
1169
6395
3532
6521
4215
3399
3691
305
600
5979
4696
943
1156
1853
2064
308
7490
1532
4026
6586
2984
3957
7507
7570
3771
1691
3689
4740
4109
7041
1005
613
5241
2488
6957
3039
963
3144
6626
1380
2202
447
6778
4181
4257
7654
7406
462
6040
5905
3733
4464
3189
3840
1271
229
2812
6761
8089
4194
7099
1060
4211
7843
1685
4543
7339
4521
6157
4204
1185
4082
5640
5265
5487
5372
5641
4269
714
5359
1933
2414
4511
2159
900
1825
4954
4905
6308
1676
4474
6235
4432
4460
6573
1652
1070
1988
1104
6072
5830
2842
177
2450
3645
7633
4698
1828
2097
4115
3588
4495
6547
6368
1971
413
5577
4356
1758
5248
5635
3809
7185
2293
6301
3108
602
6642
4317
321
8182
5910
2349
6728
7627
793
2497
7016
4539
2489
3162
1063
559
5027
2098
1282
3207
517
5843
343
5367
4434
6539
4479
4471
2966
2411
8157
1287
2544
7901
7719
4569
6648
6934
3720
5031
2645
3338
7107
2019
7626
273
6263
1409
7964
3218
1160
313
3339
6265
8004
6178
2589
895
5402
4166
4106
6370
1892
5113
7076
1090
847
5603
1381
4575
5430
5700
2017
6540
7954
4630
7882
2796
2776
3882
7073
3740
7806
7039
4133
5559
6608
7098
6304
4987
3831
4063
5743
1554
2807
2688
4178
599
4429
7735
955
7878
1098
5398
5922
7037
6450
4576
8177
6583
1576
5703
2217
3659
6029
157
4799
6154
5757
220
192
1544
2363
3359
481
6075
767
3941
7384
8139
5921
1520
3132
3743
5267
5621
4545
8166
7267
6297
650
1299
755
984
6440
3924
101
5684
2836
1729
4887
4370
3427
1458
2692
4186
5069
5688
6232
5290
7861
5872
2407
2856
3784
3017
705
4445
3203
2037
975
7068
147
1289
543
4029
2560
871
6252
7899
3612
1954
6378
5134
1221
2657
6746
6219
552
5796
2389
3369
5436
5861
8012
7784
1570
4814
6707
6101
3502
2886
2672
823
4028
7049
4762
2045
724
5790
2083
5368
6326
6147
2847
2615
702
203
7563
5048
6690
3123
4300
3277
589
5083
5319
1132
372
1198
7595
927
7063
7686
1600
7839
217
5365
5882
3111
3522
4960
1657
995
3668
1773
2820
874
1586
3483
6058
2198
1475
6597
1190
6141
1851
7936
3938
5999
7132
7851
4143
2115
2879
4557
5082
3112
3712
2298
5717
1837
758
1217
2355
7289
470
901
5710
331
5334
250
3126
1321
2065
2907
7846
4553
116
6754
2943
2181
376
1909
6323
4945
5534
1297
3905
7265
2103
4192
2712
6831
2354
4870
2637
134
5802
1945
2076
7254
2861
5823
2998
4190
2529
7477
3529
4558
6949
386
3774
4685
2717
7940
6181
2463
1683
6443
3904
4140
4625
3071
1875
438
6079
1628
2538
4179
654
6895
3822
4304
4515
6666
4868
6877
545
7776
4364
4108
538
7377
2586
1949
3343
4203
3707
4924
3878
5020
4549
961
7612
3287
6682
1167
1938
3835
7096
4669
2192
3665
2119
2423
5285
2584
2711
4205
4836
6014
8038
1288
1177
5977
285
314
4324
968
7201
4369
7004
6034
7186
675
5395
6454
7523
58
2038
1051
6738
2702
5806
2597
7310
1494
5055
2639
5609
761
4402
1326
4277
3408
6551
4150
7365
3599
7535
6816
6567
6473
5475
607
716
4906
4080
5735
6752
3692
7728
5035
6675
4283
1953
5869
1748
4481
7214
7625
2089
3858
1089
6782
3488
1155
3473
3868
2458
3601
1692
7
4137
4389
3604
4353
2781
7855
7460
7195
544
1342
2667
5270
6740
7079
4637
2490
3032
5028
3458
1307
3249
1262
4067
1256
687
6485
5558
4645
2140
5323
3590
4339
6229
7553
448
4789
5537
6217
7024
5916
3866
7785
5180
4636
7871
1873
5369
1958
730
6246
342
6662
5948
4354
5065
507
7994
4224
1305
1347
345
2311
4994
6680
5569
717
2762
2090
1183
4351
4397
4367
7770
5675
5298
1338
4267
4467
6878
7458
1525
7585
5143
2652
5543
7891
4463
4148
6963
623
2093
4912
3791
1153
2438
7109
5377
2698
3407
6139
5909
4654
6255
251
1917
7138
7544
1416
2941
1197
7637
5486
1123
822
7969
34
5822
1614
5497
1266
8117
2965
7560
1457
2517
6649
3677
6130
6996
1253
4822
712
4326
2356
4021
6578
6688
6113
1331
6699
4046
5824
6743
6896
6388
2353
6838
2316
7372
5474
1330
1620
1373
3370
2819
7454
3810
7466
28
2773
4381
6714
2491
3794
4757
3671
2689
5881
554
3908
4152
2985
6184
4522
8002
6120
7253
3099
201
5330
5390
4600
5720
301
7147
3004
5877
2441
745
5013
1548
1356
2945
4674
6839
2000
4286
3628
6947
1855
1410
141
4839
4683
6636
4732
5177
5529
98
347
1732
1420
4017
2917
54
1717
1749
4206
4329
781
2196
669
4583
5528
575
8130
2866
3371
1377
79
3085
4881
662
5023
7576
1794
3581
4919
4820
6724
596
4800
1929
4531
3920
2271
44
5041
6081
6218
6775
7298
6946
6803
4706
7692
5129
3329
2394
3903
487
1651
2282
3746
5912
94
3465
1610
2983
5496
2739
5727
1578
2161
2990
2134
6286
911
6905
166
5844
5096
7564
188
3334
291
3016
2745
4524
4157
33
2054
6413
3929
1986
7181
3066
3081
1028
1998
4774
2347
7301
666
5768
2868
1002
2730
4567
3375
3026
645
6731
2753
5780
7675
1814
3431
6049
1682
1435
4535
5092
1817
5341
2136
7540
6828
5393
1235
2605
8009
7892
3761
5150
1720
8075
5779
1703
7340
4455
3248
3420
899
5339
1125
1232
2901
5397
7412
1309
825
5495
1230
1131
382
3756
2025
6693
4777
3649
3789
674
2437
7688
255
6638
6260
4886
6087
5637
1743
4673
6561
1913
3357
2079
7696
1502
840
2975
4352
1317
5789
6193
7362
5804
1403
2361
3001
7382
383
4670
2736
6507
4904
7890
4679
4241
1546
7682
7421
6239
5202
4972
5459
3501
639
1135
4278
5169
125
456
7417
7206
25
7706
792
1394
3373
4161
1854
5414
5252
685
6854
4487
1079
7151
7795
3657
7168
1956
3979
5833
5570
2909
67
5263
8064
1414
4563
5166
7550
5269
7942
1827
3983
8049
3239
2008
6671
7156
179
7824
5021
2981
7038
5818
5259
5167
5747
5117
7641
3508
2043
929
2570
5042
7849
2723
1710
5033
3015
2165
7838
2640
6259
6695
7513
6646
2452
5361
2305
6857
1723
4236
1675
7773
137
4288
2779
7451
3770
8011
1592
5488
1615
1499
6355
21
6321
1404
6672
6124
2973
2213
2506
3223
4992
3234
913
4376
214
5701
4738
8043
3253
3080
1669
7352
2706
4295
4285
6254
5303
5693
5242
2227
2176
5801
1562
5871
6164
6398
7324
6339
4380
4312
6704
6886
2722
7394
7505
7056
197
5862
1573
6596
5407
3676
7965
7392
910
4482
5683
2296
68
7928
4207
5493
6425
2619
8191
1316
3735
799
1344
6925
3014
4617
3669
8029
222
1014
4852
6603
5492
3315
492
3696
4761
3593
3974
1759
7825
3059
5424
2379
136
2947
8080
4599
1163
4737
7434
7209
7448
4736
3935
6337
6907
6096
2078
7450
3755
181
5769
7793
6220
6962
4704
6071
6123
7639
2004
2402
3079
2408
6041
2262
6271
260
4697
7979
3486
6841
2532
1746
7304
3871
385
7059
3662
1660
6089
2539
4865
7590
7934
2285
1459
3516
4034
4781
3472
7294
3563
4363
4936
2751
5345
7865
4552
6491
3891
5745
1930
5622
5340
2255
1907
1528
3916
5494
800
2899
3679
2828
3875
57
5164
7499
6390
4507
667
6562
4309
1518
5620
1899
3500
5351
1687
5089
6392
1056
4337
1504
4714
2968
2939
1078
2684
5284
457
1992
4489
318
6213
6463
7783
6559
1077
4661
7086
3247
7786
210
2325
3293
5446
2772
580
936
7991
6807
7671
4
366
4146
3382
2768
268
3095
2588
5258
126
5114
5451
820
4678
2505
4981
5003
5820
1358
486
3448
440
1304
3344
506
5594
5228
794
2364
5399
8027
876
3104
6162
3817
3823
4995
1009
1915
278
6011
3511
3766
808
3067
4168
1991
5161
5615
6796
1246
6971
2168
3730
957
233
1277
3119
5997
2229
7428
7745
287
4848
349
3701
3426
2621
403
1034
1114
2959
5903
1584
6783
1766
3493
870
7836
5954
6673
1355
5109
3747
940
2742
7672
7060
416
6261
5770
2157
7998
2896
3023
5887
5
1819
8148
4287
6346
4794
1228
6404
5906
4050
5606
2341
1497
2378
1862
996
4883
7916
6984
524
7297
5306
4268
3851
1412
7080
4451
4821
1501
4307
5386
8035
3361
3492
4819
5597
6558
304
1935
3187
611
3880
2495
1072
5826
7976
997
4189
4701
4320
985
7748
6158
5990
1637
6056
6829
7167
2921
4486
727
1374
7381
2603
5366
2015
6114
3949
686
5625
3721
6315
7709
3135
4784
1470
1791
973
2851
1558
4099
4346
1147
2940
7501
2695
6411
2169
5651
636
7127
81
5382
5342
5764
72
2481
2878
6924
7736
1247
4581
5064
5001
5969
2194
5471
1384
1561
4597
5287
756
2663
2606
7926
4703
1023
395
2701
7840
8068
3618
7106
4754
237
684
4272
4612
3332
7802
566
4862
6394
7072
1483
2677
22
5458
5379
6019
5714
2331
2857
7193
5163
6570
1626
5771
1173
3435
3069
1881
1771
3906
6889
7551
689
3553
3480
7101
445
5831
1399
5389
3619
2011
242
6580
5864
4892
2620
2443
2721
4621
359
5767
1950
6209
5829
5685
5733
3196
2982
4104
3402
2600
7124
501
2228
1176
2656
4695
7741
7418
3571
2130
5840
7437
196
4951
3127
2334
4876
4962
2340
5766
4591
4084
7630
5738
1812
428
4158
370
4586
4360
7137
5443
582
3295
632
4699
5431
221
620
7368
3265
4656
1298
2537
2608
5563
6104
4107
3554
4517
3577
6005
4615
3242
6624
6338
7461
5632
5753
2304
367
4744
6918
1556
1577
453
694
5535
4244
2472
7052
2534
8171
7723
3697
5878
2246
2095
7518
6919
3072
2036
1918
4926
3727
881
988
6309
548
4527
6365
3077
795
4405
6345
4977
527
4748
4306
5275
5476
2885
1807
1662
4983
1017
1897
1884
337
6948
4835
4805
6876
5078
206
1987
1424
2326
3423
2694
1941
4427
4015
6505
1877
880
725
102
3991
1357
4675
2275
4816
7781
289
6790
6001
6026
6611
2444
2756
2837
7144
4096
6215
3505
7955
6379
1777
5327
1091
4884
6410
4826
4490
7791
3600
2075
1310
1946
6986
1719
238
3802
2028
4119
3272
5007
2754
6593
1826
7217
7135
3283
7864
3999
8184
5658
3690
7230
392
3231
3841
1999
3876
2233
6347
280
1026
557
3384
1255
3210
6890
1016
3703
4687
6305
5329
6995
5976
3504
262
4534
846
779
7883
3285
5247
1396
931
5515
4966
1238
1011
6306
1642
1386
3813
4258
6650
3044
3186
6526
3335
3725
7479
854
1453
5182
1697
2675
4113
4817
3544
5786
2429
4702
2479
6205
7113
6821
7811
2415
804
5227
2215
5880
4631
6496
7169
2158
2555
7787
3925
2146
5505
5141
246
2300
6926
1549
2929
7703
5260
5499
7999
5962
4086
7952
6468
2887
6191
7602
5212
6331
556
6613
993
4530
6289
7794
6656
791
5523
3836
790
4504
934
5797
3993
1783
3463
1734
700
5784
7236
344
5732
2991
8031
7921
1081
5756
850
4853
4227
323
7403
4461
6723
1893
2268
7093
4980
2053
3661
719
4942
7192
616
2623
2803
976
8044
2687
7314
3945
3467
3729
1179
2336
8143
8162
1385
987
432
4222
2636
6017
2473
7958
6670
2080
62
6811
297
2569
2156
2565
4469
2696
7203
5896
7071
1621
757
3530
6725
520
1039
5376
3854
6195
3192
3485
1437
7062
348
1566
4477
2827
1833
1942
1413
6055
3695
4365
2241
701
2426
4498
5364
8187
2273
2470
4169
6691
1398
4239
643
3731
7759
4758
2545
5704
1839
1019
4228
1891
2610
5650
960
1042
7281
1831
4281
4069
7606
2890
2142
8119
7818
4659
1351
2048
7222
7911
3631
2963
8003
5104
1579
1040
1074
5913
2126
2292
2459
8030
2193
5412
3224
1215
6313
5450
5781
1456
6921
5519
2397
7115
3849
6499
4607
244
959
3455
6769
434
6419
8167
6939
4684
3869
1751
3786
3053
477
2162
711
4544
4274
1797
2223
2685
495
5952
6201
5126
4606
4933
1272
6630
2787
2708
7459
91
5297
4694
7615
6025
563
6458
7321
3704
4496
3076
3290
1784
2060
1709
123
5000
2978
839
2010
7375
2392
2992
4500
4220
778
2197
6571
1937
362
6894
857
7277
4907
7959
5709
1236
2699
2900
726
6660
4398
3658
3862
2023
275
2578
1932
4079
40
2632
5124
5245
329
6445
7155
3506
2889
5943
7908
8066
7469
5075
796
7814
2051
3228
6909
5991
5612
1865
7415
6565
5333
6617
6959
6510
7801
2190
7429
5179
2591
2707
6568
6436
610
7240
2070
8186
560
8006
435
1721
1596
6210
7261
4897
4793
5116
7933
5350
5546
6002
4874
6359
7914
1776
6735
4111
100
6609
4653
5994
6524
5328
2821
8090
6881
981
3872
6180
4965
5282
2343
7300
6911
3396
3900
6495
1240
3716
736
5509
788
3211
2068
6023
4400
2420
2256
7357
6710
2039
8136
7516
4089
5025
6122
6405
3447
279
5455
6737
1977
4422
6129
6
2764
205
1375
1006
7057
1847
5879
4958
7191
3610
2216
5147
2999
7307
3198
1635
4424
6233
7292
7482
4668
2651
5102
1630
4145
6733
1916
2105
1352
735
3281
7069
894
3680
3074
7317
646
2186
2860
6300
5118
1231
7881
5955
3354
2366
5160
1650
680
4195
3555
6280
1296
5348
7645
5901
518
195
7652
7656
4554
1448
6961
3816
5795
8120
3052
6091
6421
7693
1107
2375
3722
1796
3585
2247
4746
3630
6572
5253
4880
3977
16
7949
3358
4638
2237
8116
2809
5213
1061
2067
7845
3178
1859
190
7431
6391
484
5231
3305
3474
7473
1370
8156
3808
954
6311
3216
4688
110
6788
1055
6018
4646
6543
3167
1601
232
1248
138
1840
7323
660
2928
1914
7251
4712
2577
6371
8045
4248
933
1045
6513
4604
3260
4984
2501
37
1560
12
5243
6855
1387
597
5139
7103
3913
5224
3037
2457
1021
836
3350
8124
5722
8092
3847
7420
6692
7869
3134
3821
7018
1963
5793
2911
104
1764
5244
1134
1268
5815
4516
516
7388
926
5257
3678
6335
2646
6406
5135
4078
4649
5315
5198
5776
5803
3197
7279
1966
6386
8008
7646
7621
5925
8007
3682
678
4156
6200
6446
1951
165
842
4284
7166
2442
2032
4441
3419
4709
1606
4100
230
4282
4536
5136
3509
1845
1495
6409
526
571
4594
3385
1648
7379
1926
5748
3404
8077
1850
8142
1300
885
6003
6581
2308
4411
4739
4049
7536
5664
322
11
5362
17
5937
4523
6575
4778
4177
2498
6037
2155
4197
2056
6785
6518
3276
579
19
7187
1395
3928
7427
1013
4941
770
5128
1765
7932
7484
4844
4807
3152
5989
494
5477
3867
7390
6062
1094
3767
6767
7369
6579
5718
6885
7545
5665
7756
7993
4030
3273
2372
2318
86
1024
1655
1724
6705
2264
8172
7689
7611
480
6418
7481
3625
2204
6098
1821
6015
3741
2139
1044
4859
7904
7216
3896
8141
6739
7841
2226
2289
2961
7204
769
3
7738
1488
1419
7876
4009
2284
1004
6144
4722
965
2128
1113
7789
3514
7074
7720
2185
6530
638
4506
921
1552
6657
26
1967
2740
5236
6281
6258
4485
5207
6438
4577
5585
5273
4444
4484
393
1634
270
5947
551
6250
1625
4854
6107
7777
3531
422
5988
5623
4767
7648
6830
7226
6439
703
6755
4216
5794
3491
3737
5185
3422
2166
6444
2949
1666
7939
1335
2738
194
4837
5183
6607
659
6887
5548
3042
361
7218
2427
5190
7263
3663
1126
2274
1020
2266
2513
6623
771
13
4908
6750
7980
7220
6553
3819
4144
133
5266
2084
827
3168
4428
4008
7599
777
661
4537
4939
4677
6519
5408
6560
7495
4950
3142
7744
3262
622
5220
1680
2654
227
2852
1030
2635
3172
6082
4964
6182
3777
3438
593
7126
7643
3709
3832
6906
7092
2804
3489
1922
2805
7210
7364
3432
443
3282
358
7161
1293
998
7405
2332
396
6903
3856
7594
7600
2006
8015
3953
191
893
4879
4796
2451
8185
4128
8134
2245
7607
7867
3137
6073
256
3169
7153
6635
6751
7334
4296
6066
2294
1832
6467
3675
7690
1037
471
4893
7067
759
5032
3090
5156
5237
851
3961
7030
1364
4590
7410
891
5037
4060
1715
7978
3985
6248
2720
3990
2147
4937
7985
3942
335
3206
1121
4423
2088
6968
2313
7090
1789
146
7653
2784
919
7044
2579
4040
5642
5648
3829
306
7174
1249
2850
5680
6955
3943
4417
6159
7315
8170
3022
7712
3301
6270
5097
2236
710
5460
5174
5614
5985
6052
2733
3230
6483
789
5674
2950
1012
7179
3636
7273
2112
6364
7526
7094
7597
3948
1587
3163
1441
1613
1603
8168
3818
3705
3450
316
5504
2997
6534
3846
2249
3225
3732
2855
5218
4589
330
4260
1673
4806
3578
7409
1498
32
5593
5316
1138
6447
5857
5173
4899
4824
1438
7354
5809
5633
1476
6741
663
6482
1010
1333
5036
4932
2583
1141
3972
3336
5070
2049
6027
3804
8163
4900
2925
3160
3259
932
3244
3128
4877
1608
6784
3803
7873
6849
3683
6442
1140
7318
4250
6105
5239
7962
8079
6076
2107
3842
5522
772
6804
5816
2948
1533
1427
7668
2902
3317
5636
8105
8135
4344
2922
6908
6800
2942
2625
7614
4894
749
3655
3194
4184
83
6867
6189
128
2523
7913
5317
1431
2182
1852
5498
3219
4076
6736
6470
6717
522
4395
1545
6112
3271
2295
3811
1301
3643
111
478
7716
4991
5581
657
4579
5958
8078
4249
6773
1739
8146
856
3321
4058
2183
5706
3773
7242
5531
4095
5741
6109
8145
6432
5759
1432
748
2030
7874
5755
7888
4974
2352
8036
7462
2594
3401
5246
7316
1919
5638
6566
7291
353
5301
107
3551
5645
4867
120
2914
3469
5798
364
6770
5919
3204
1644
6231
7760
7082
872
898
3073
2673
6786
2752
5518
5821
4888
7331
6137
6500
4976
5865
5689
4503
2839
5062
3642
8041
2748
7180
3012
1903
5131
4171
7877
1524
7435
5510
1960
2027
6979
7691
4200
6020
6126
4098
5613
4850
6247
7445
6891
55
7887
1261
2327
340
4388
6295
3826
7782
1727
3534
1325
4075
6498
3632
36
2018
482
6357
739
7889
8152
1810
3650
7663
7363
2969
3475
671
6973
4315
1421
4953
187
6882
5584
8126
1477
6563
3597
5441
1128
2471
7312
1802
4970
7005
7762
1512
6679
6813
4643
6007
4708
2206
6523
5221
236
282
8127
5426
2359
7423
4052
7328
3523
4572
5012
5946
122
5347
6296
3656
5222
1444
1928
2894
3406
4410
8088
468
6033
1649
3759
4582
2133
4520
6744
4514
5418
2611
3780
418
3257
1702
7804
7622
89
950
1129
4556
7088
4044
437
6244
2265
7893
3068
7910
3041
3833
7734
4314
4230
1436
2893
8175
4598
7122
6818
7895
2823
7241
4956
397
534
821
1848
1571
3107
6974
6817
883
3525
2382
7557
2374
1417
1563
7271
175
5668
1065
1995
6837
2801
7601
3019
4930
7708
5555
4841
3987
6012
7837
2634
7411
1542
6992
1433
5068
7274
5291
1646
3443
630
3003
2242
3622
6204
909
6780
7234
1925
7395
7465
5692
3693
7050
6448
6269
2416
5573
6898
7506
64
6622
2066
6083
619
3411
2123
6497
6654
216
4221
3607
7026
7290
2527
7306
8056
4198
3331
7048
7143
6325
2132
4843
3464
6084
3772
460
6706
5016
2007
7347
7233
3183
267
5892
5942
2873
2971
1521
679
817
4801
4399
35
5448
1291
1
2399
1752
7066
2761
5996
2719
5208
6798
5993
5888
2014
3263
4560
1787
1008
6585
4928
7767
7620
1426
1120
2369
1195
6556
3349
6069
5229
7555
3274
2659
5232
4175
7995
5081
2541
3267
8190
7272
3594
5923
1535
6222
6080
1959
290
990
2360
8188
5961
3507
2665
2287
3400
8164
1559
3379
2970
4341
1772
4857
2290
1678
3398
1313
5980
852
6757
92
3381
4815
7992
5583
5539
5017
2440
1490
2390
7530
1774
5792
5834
2743
5850
6966
7542
3698
4247
1036
5261
5863
3513
430
5442
3243
2543
4546
7938
1015
3939
7771
3316
6527
2102
320
6614
2117
3765
5415
7325
577
3318
1080
5211
8046
7713
1401
7311
983
785
6376
5524
1973
3181
7772
4555
500
3652
5517
363
2905
1361
292
7520
8063
93
3456
4147
5924
7426
6009
5296
5014
2705
3351
5302
3934
3202
861
3499
3372
938
2135
5106
4102
5132
2530
224
1523
2388
3275
436
4513
3309
1043
6952
3105
6251
7678
4797
768
2596
6852
1336
5411
2104
3043
8069
1931
4301
7657
464
568
7205
1818
1526
7547
1964
2279
2101
1143
1035
5749
6369
1823
302
8095
7355
1815
7863
1962
773
5800
7780
5337
4297
1466
6063
5725
6249
2346
139
1886
338
5799
6516
7917
5073
5602
2525
4913
4007
3158
709
1565
4901
4856
3589
733
953
2474
272
7229
8062
3512
2881
586
6792
6899
6135
6242
2849
5326
3853
4226
6449
1365
490
4185
7249
2234
3075
1218
6641
6888
4989
399
875
1189
1100
5100
5854
2024
3060
7717
7276
4803
3113
421
6793
6879
1101
7247
2515
7029
2535
2303
829
3973
5571
7387
3754
6851
2073
3646
7154
1451
2863
1105
7989
1770
398
7419
797
6639
7826
3220
4172
3409
1334
65
4273
1747
4214
4834
1158
6779
3051
525
5292
5011
6116
1674
6860
3229
5981
1742
332
5234
6791
598
1641
3579
7803
6142
7504
1415
228
498
4103
902
6118
2365
1237
892
3286
1219
949
78
2576
2682
4234
7022
6644
6022
6697
4593
2016
7358
5018
7095
6763
912
5216
1281
3626
2307
2118
3584
3641
1241
2977
158
1708
2425
7054
1250
1108
7754
3155
283
7820
3245
1978
1792
6287
6453
7299
3779
4512
5707
2005
7972
2475
7664
5960
3982
5137
5856
3888
2644
6047
7511
4925
1725
5971
5071
5808
7391
5687
6533
6588
2046
4499
7577
50
4828
6192
7452
1208
1151
9
5874
1707
6145
5932
8058
1896
7370
3444
4869
3806
4414
1672
6916
7930
3635
427
7085
2536
546
6302
4358
4350
2533
3960
171
5930
1482
1906
5483
5661
1900
693
7136
5029
7698
2096
7097
5670
5255
4846
541
4068
6776
7658
2678
6048
7963
2728
882
7017
6412
6486
8096
7170
1171
1446
5425
2838
1329
3757
7953
7912
75
826
6245
7243
5199
2750
3783
5987
2387
5506
7588
5201
5744
7730
945
7996
5066
7302
7176
2872
6174
5304
225
6429
1856
5676
845
572
6111
3179
3232
3672
154
476
3710
4087
3087
3951
6658
8125
1087
4478
1099
5899
3237
5576
4909
918
207
7580
7141
5819
3936
3739
4393
4623
4538
5481
5122
5360
5086
6257
7990
3416
1836
2453
6133
167
7496
47
5473
4493
1507
7971
2612
7070
7366
986
7774
1434
6967
2286
2114
1782
7035
7624
7835
6847
3084
3921
5630
1737
6384
5099
3887
5754
4130
6088
1468
564
7257
6756
3778
6805
855
309
1780
4378
3306
547
7349
2581
3976
720
4387
2931
540
465
2232
5629
1047
4785
2315
60
3536
5752
3564
3215
615
535
4624
6136
7268
5631
581
4291
1263
172
6279
2822
4476
3457
2870
924
7344
3495
5440
6228
7922
1430
1760
5438
7401
6875
604
1239
415
6253
3021
7177
1164
1779
7436
4747
4682
595
1811
812
3118
5598
6262
4316
6203
4769
2013
5564
774
3383
4401
3552
439
713
4550
223
3549
5883
1082
2727
734
5746
3256
7114
3844
3190
6273
3378
8019
5140
2113
3255
1643
357
4475
530
4731
7879
5928
1093
3560
3185
6197
6322
7766
6349
6389
2337
4081
6555
6042
7083
3503
5149
5321
4233
7275
6064
6514
5170
4711
7674
5956
1858
6982
4681
7977
2424
3620
6416
4845
7956
1366
414
5934
3586
2330
3582
7011
2697
4914
6077
3958
7628
6663
4827
7110
508
5723
6787
2448
1781
3616
7571
5178
6061
4639
6344
4319
3685
6319
1402
2818
1872
5508
180
4012
4898
2173
2778
6922
3884
87
5669
7237
539
3446
4385
7474
4062
5485
3279
4872
5691
41
6988
6929
7987
6665
2846
2930
8005
5503
2383
1391
7559
4149
387
7031
1863
1327
6030
5049
6960
6173
4436
1801
4240
1955
7293
5601
2595
747
764
6856
4155
5478
6808
5434
765
7792
1270
7724
3699
4847
2703
6385
6039
151
1032
2508
1442
5647
346
3468
8014
2630
1670
6149
5051
3307
706
6590
7534
3434
6702
3670
1400
3159
4686
2240
6234
4183
521
7413
5112
5740
5205
4595
7397
1201
8174
6492
584
7578
1509
3624
3466
8000
5918
1142
6202
10
3510
3518
1658
6268
2964
3006
6330
2671
3269
2099
3793
4665
5652
6880
3573
3213
3857
3366
4070
2276
1408
7721
7034
5890
7569
3387
2910
1647
4672
6620
688
3355
7503
7655
5196
5644
1677
1149
4005
4018
7014
1493
5671
1323
5549
5950
5551
6152
2946
6859
3193
2087
917
4608
4655
3541
3539
5283
3889
707
5310
583
4518
2633
4004
7278
8106
7353
5482
6476
5847
7510
4323
6915
2254
5308
2321
1636
6950
4091
3686
1607
1569
6437
3093
5662
1808
4921
2480
499
3684
4213
7231
6102
816
5682
3445
4605
4242
6858
7642
629
7853
1196
5154
4566
6115
7598
204
3120
3814
6958
7584
2650
2747
8154
3116
1754
5600
7270
4570
5281
979
3528
549
7823
6408
5859
1425
6352
3319
576
1452
6685
4541
5646
6872
4723
4443
341
4873
6086
6651
6427
7679
5944
303
5022
4771
4680
3240
5855
6719
4392
5812
2869
241
7790
1479
8052
786
1597
170
3266
7497
896
1127
7623
2775
1376
4126
4573
1617
7702
1895
6954
2129
6667
635
4716
5392
5998
5468
6718
6267
670
3978
6332
3214
2794
681
2312
4031
4259
6187
3415
3992
7197
6021
6399
4831
4632
5432
2769
1585
7531
6823
1349
866
6678
7986
7439
7946
7541
1767
4294
8180
7389
5465
5920
3787
6951
2557
6827
7104
6198
1193
2937
3180
1220
3753
5210
1194
2627
5200
6910
6715
1698
6160
2476
5938
6372
4466
485
6643
3330
4616
4667
2647
5851
2281
1943
2816
3782
947
1489
1860
5420
1096
2124
7907
2655
6842
6166
6314
2824
510
4035
1861
446
1359
7737
533
3252
6366
2668
6043
7673
3313
7844
2731
4710
6977
1730
3602
5098
5491
7548
6434
8016
8026
7533
1688
5553
6327
160
3940
4766
5828
6237
2679
1551
8022
4902
6275
3097
2225
6941
5318
4459
2601
2081
4210
614
4187
3837
4127
3970
6871
6610
2001
2553
8032
4690
1661
7336
142
8059
258
1496
1602
2741
649
2323
7593
3751
970
6484
3007
6360
2500
1363
3056
7488
6238
4366
8101
8137
1696
7175
2449
1911
5657
406
1805
1813
2933
6506
7091
4408
3479
463
1223
4223
6591
5187
7512
3997
4199
4377
1631
4788
683
2833
5761
1118
6701
3459
2580
5088
6452
3926
3340
199
5557
2121
6363
2350
4135
4164
2410
5673
4775
5010
4142
2528
6598
365
4829
5162
2071
7128
5050
4383
3226
3031
3064
2549
1388
1581
2062
7573
2609
38
2952
3917
2556
3278
7259
2686
7514
1057
4889
5904
6970
1097
3752
6577
1471
6225
3879
452
6092
828
7647
2936
6196
722
7988
6469
2888
1595
4860
6721
3971
3096
3748
7064
4750
5447
4379
4077
5712
6125
2259
2026
8018
3352
6013
7568
1445
5077
5249
5513
4770
4564
6290
5660
429
3950
5225
1210
916
4262
7527
2613
2494
1000
5274
56
3020
5825
208
2111
7492
5403
1440
425
697
1265
1623
4833
1593
2301
4588
5057
5876
7303
6430
978
7532
5898
819
7552
7809
1467
6920
621
6070
6760
4006
3048
1778
4066
336
2642
1083
2607
3569
4024
5959
390
737
113
1068
3923
937
2299
7538
5111
257
2238
1339
1152
7239
992
1846
2558
5105
1972
4610
4622
3664
6605
132
2462
4131
441
4160
2029
1668
5378
2175
4734
5381
5320
5929
7587
5314
1598
2725
6278
4863
2572
1294
135
5900
5204
1659
1744
1278
6576
7764
3546
6943
4057
129
2700
27
5305
6592
4548
1234
7378
7968
7810
4043
6161
5736
459
3558
2391
4776
2009
7446
2466
5144
4457
1804
8147
202
5030
7258
4201
3651
964
124
3025
7752
1965
2972
2960
4542
7924
2996
647
6569
3323
4308
1757
1588
935
1450
523
1353
3138
1188
4313
5511
7480
3440
7158
877
3294
2022
5868
66
3694
4357
1481
7327
3892
4832
7618
5586
3429
6207
7019
1944
4756
5542
6099
3931
4384
3542
6054
5453
782
2163
4120
226
760
6861
514
6522
1605
4279
2891
3930
6148
908
4896
4864
193
6211
742
5550
612
6000
1870
6340
3638
401
3540
5038
849
5902
1728
374
6402
2935
4633
5774
1007
7832
6489
409
578
692
1611
2734
4927
655
4540
7043
3839
6799
5324
6168
3133
590
2906
1575
4574
3129
7084
2396
3124
5040
2660
1871
7842
743
7219
182
6117
4338
2716
5490
1053
5729
653
148
708
369
23
3312
1285
1957
2260
5628
5532
5015
1199
4508
469
7884
1192
106
1484
7350
350
4019
5605
1260
48
7120
4808
1443
7591
4251
6475
6822
2511
4996
6090
3608
7665
7001
7854
3033
2771
7857
7582
7640
2125
30
2306
1226
5705
2329
3413
6753
173
2676
7517
3241
4955
6190
6904
6375
8001
807
1469
3902
6716
6766
5915
3195
493
5719
1001
2317
6956
6057
972
5404
6511
7705
7190
2811
384
6815
4773
4110
1663
3345
1701
4112
5978
1058
640
3010
2813
7013
7680
1186
2662
6820
5444
1716
2469
1920
3143
7319
6536
585
6802
7711
7831
76
5093
6512
2368
625
5300
3403
3713
1407
1905
4735
375
80
2170
4125
7945
2786
2793
6983
5480
189
5611
7859
7565
8055
6128
2059
4449
6587
2248
1383
5724
8071
6726
7830
3476
7146
3106
5566
2110
240
1517
6912
676
3702
8176
5885
7515
1382
1205
2454
6127
1027
7960
1816
6870
7133
3430
4795
2830
7256
7296
3055
5579
628
2373
6868
3070
2367
6615
1292
6933
4948
2814
3150
5933
5713
2826
3852
2614
4048
4982
7475
3617
7918
1654
5456
140
1589
2496
4037
8086
4916
6975
6998
1069
1136
4325
999
2715
6256
3200
7508
24
5214
2149
4724
5567
261
3910
5484
3040
3297
6937
2422
3490
3609
1695
8
5702
1066
1902
4985
1713
3061
400
7010
7351
1994
1539
7524
5277
5627
4134
5974
864
7872
7308
7761
2433
7575
7149
4303
3328
3101
3362
2568
5165
6095
890
4765
4947
6549
5750
698
4139
293
4519
4055
4990
2724
5421
2297
5079
3788
4041
1112
631
212
4054
7562
1609
5970
5383
8017
7129
2376
198
7398
5370
3781
8061
5538
7252
4619
8189
7027
3944
1934
3535
570
4786
3141
5058
3728
5895
2631
295
3171
2876
6668
6517
6595
4348
4917
3310
1204
6525
567
2446
3000
5760
2439
6226
6627
2085
2509
3623
6341
6848
1645
4587
3815
7246
750
1161
4001
5983
2074
277
4254
1146
294
977
4355
1761
3018
1168
3517
2314
3324
3545
7929
6303
1369
7444
904
4609
4163
2585
6865
6647
1314
4085
3915
1726
2357
7662
7287
5886
7130
6441
6544
6846
4430
7400
6552
1397
1244
833
149
3647
5268
2348
6765
7684
184
887
920
5914
1487
2926
5610
5968
3634
6810
7943
7572
672
1908
2108
5742
2035
5777
2231
264
3299
5419
2504
4692
7343
1411
7632
3030
6612
5787
209
7667
2250
2395
6455
1500
2291
1084
1267
1109
3547
2749
3454
4730
6214
2882
3437
5044
3322
3966
809
3170
3028
2875
3254
3975
3029
7983
7556
5262
51
7750
5133
5678
4465
3154
1969
2713
5578
1362
1514
2152
7163
112
6945
168
2322
6531
5695
4671
6264
7139
8070
2602
7604
4256
1245
1354
3758
5385
4235
1157
3537
6991
3326
6291
8121
1115
2483
853
6266
4435
7739
2258
3899
53
4061
7619
7848
2177
7404
7472
4715
3700
5091
2552
6980
5697
2841
1212
4920
4263
3145
6097
4448
6465
7537
3848
3994
7747
4585
3591
7718
2765
6764
515
7467
2709
356
6928
7455
2710
5501
529
3320
59
948
5439
6334
281
5279
3348
1629
2782
4180
7021
6299
6972
6987
451
3575
5422
2732
6393
1276
1283
4047
7650
1530
4033
805
8020
1529
2554
3749
6474
49
5666
2691
5654
3054
6864
801
7182
1367
5406
6227
424
7858
0
7053
4568
6044
5072
2034
1269
176
7329
512
1286
1462
2409
5908
5235
6414
5951
2384
766
1348
3785
2482
5416
1054
5413
7486
7105
2455
5358
532
7223
7288
7374
380
1866
7396
3346
2681
6938
930
2626
2526
8111
8183
419
4721
3714
6183
1480
1059
1970
4176
73
5972
3173
2604
2880
1252
4394
1894
2598
1864
1461
4603
1181
7416
488
1124
1257
1541
388
3065
3919
6471
2211
1290
2510
2995
4957
7798
455
815
1086
2920
2638
6826
5672
6208
3130
7984
7546
1279
4700
1429
2777
2222
352
4419
7742
5280
3719
7681
3389
5751
3873
6294
2082
1203
1405
7075
1699
1705
2913
6163
4718
7494
8067
7189
5927
1274
2207
163
5849
2047
6604
6342
3280
3360
3688
7549
7065
408
4238
4118
6348
5866
6978
5101
641
6456
1343
4480
888
1557
1085
3927
6316
531
3008
5949
6031
2447
7817
8065
6028
2767
1671
2109
7815
1148
4882
5681
3166
266
3763
7967
3736
360
1460
3421
952
2160
7829
8042
1574
6051
7282
3337
7636
7359
5125
5427
1842
2208
2979
3436
7629
754
5307
1378
980
2100
286
3533
3088
7248
1154
5175
1511
7002
4231
3261
6550
2191
211
7159
3164
274
88
2798
2324
298
4663
3674
7453
3776
6834
315
7322
2151
3288
3117
7596
2020
7100
2974
1275
2413
528
6188
4404
1505
3598
5470
5230
5299
3681
1318
6428
3380
4929
6206
5778
3034
6383
2380
4811
6100
8123
4311
2616
1166
4725
3471
6901
7333
7775
7123
6236
2871
5957
1222
5975
6985
6683
4255
1982
6989
7915
4020
371
3482
2131
3418
3424
1538
7927
6433
2744
1553
4335
5525
6074
2817
6545
6913
6298
618
2381
5186
4391
4526
4375
3524
2629
7925
4123
7335
2766
6634
3895
1656
4818
969
1843
3024
3151
7898
3386
7309
6093
5046
1211
7042
1428
7554
426
4094
5574
4271
1923
6223
4689
3395
7726
404
491
7489
3494
7285
824
2542
3673
4943
2790
6795
3515
7162
7944
5807
4969
1788
6387
5466
2187
2145
4505
6156
8159
6466
6548
3246
1841
5047
5400
1209
6487
974
474
3311
215
656
4596
3235
2519
1583
6381
5730
6132
4634
7225
1130
3038
2063
8040
4592
4407
131
4347
7148
5410
3566
1341
2184
7028
4743
594
7558
7438
810
247
6819
4374
6503
29
1119
3363
5827
6494
4842
6382
2792
6171
5973
4243
4755
7025
1974
7951
4666
633
46
7341
4745
5982
7046
868
6599
4986
1320
6832
7232
4923
1543
7172
5758
6119
4129
5939
3559
5512
4217
2503
5153
3567
4693
3058
860
4105
2138
1984
4885
2310
2759
2531
6292
848
1243
4713
4174
4270
5325
6502
3045
6179
1180
3460
4330
6836
2371
2
7970
8133
1755
4011
5572
1048
5336
1418
5034
4491
7733
862
3863
7150
7856
2551
7433
8097
2431
3797
310
1618
1092
1940
6664
6930
3825
5875
6008
1229
4855
5907
7729
5463
6333
1733
8160
4759
3750
3063
5618
2622
1393
6459
4838
4562
4349
7471
2834
5608
2405
3009
4122
762
5110
3890
6400
7198
966
5696
6068
3314
3441
682
5945
4959
2546
6185
991
914
6809
5568
6243
6862
185
5860
922
7250
4170
3556
7816
1619
1830
2484
3148
740
7224
971
5839
2564
4915
3962
5560
1116
5805
156
2467
3860
831
5454
835
2825
502
7634
6460
6694
989
3937
923
6493
2044
1980
249
3911
5152
2683
1346
7476
6462
7003
6687
3653
355
744
6637
844
723
6324
1976
2955
4340
2214
5394
7797
3648
3870
4488
5842
3292
6893
1258
2988
85
746
5276
1867
1315
6186
5197
3898
5008
962
4650
265
2428
4116
3086
6653
3139
2069
4202
6103
4533
1800
2235
3543
3062
2212
6537
7966
4266
7700
1985
1371
2122
5772
3907
7852
5254
5223
2057
7847
5663
3947
2058
6451
3711
2904
4922
3838
7345
8110
284
95
7805
2664
3955
3442
6964
8047
2649
7605
2280
5536
2521
5964
3613
6283
5931
1284
4022
2003
5346
6050
2153
3764
2239
3932
7009
5352
4151
4578
43
3956
6940
5917
5639
4416
5437
6230
2802
3089
5127
6574
8179
7468
5533
7348
7487
6351
4333
5893
1809
1003
3859
5148
2393
6853
1076
7152
3855
3412
6990
6601
5295
300
2898
2507
942
7112
2370
1259
7116
2522
3156
4559
4101
841
1868
326
2436
7140
3208
7583
1464
4988
3131
2061
4790
4483
2571
3103
3333
603
4938
4418
6843
5963
865
1890
4042
7509
6709
7422
5561
6659
3367
6698
1280
830
3149
3799
1904
4551
4403
6216
6401
6358
2050
1302
328
4849
1704
2493
8107
4025
5814
6708
479
3629
1175
7778
2957
4010
117
6067
5653
2862
879
1029
466
7799
5464
7087
6589
7609
3083
6065
5294
5452
1901
1975
776
6748
4664
1786
7332
7131
8108
5188
5353
6094
84
1665
3487
5184
6781
2789
4851
2143
2199
511
8051
6532
3209
731
2220
7199
4626
7244
4861
5575
2783
2002
5457
7947
3666
6686
7457
4470
1633
7900
2757
7081
2859
1184
5810
3122
3184
2055
6814
6176
5889
4334
4083
127
4450
164
7749
1510
6415
3199
8010
1319
5587
2540
472
7903
1997
18
3952
2956
2042
5158
2137
1025
97
7346
5935
3114
5119
6110
2835
3161
5940
449
550
7757
4372
6362
3744
178
4529
3654
1340
7950
3548
5775
3520
6711
1591
5739
7722
1516
741
4963
1769
7567
483
8013
2810
2021
6994
8103
1910
2485
7670
780
4644
6997
6059
77
4878
7543
6689
7047
1889
5103
8072
7539
673
2203
4782
4971
458
2865
6085
6006
5363
752
121
3637
699
2924
7260
6942
7184
7040
1492
8084
6722
5540
1948
6999
6328
2086
3365
31
7207
2154
5846
6167
2758
69
7957
1449
5215
7923
3175
3627
3877
5286
3959
7763
3221
3146
1531
4501
5338
2432
4361
6276
3574
7160
5554
3182
1912
7208
504
6420
6953
339
4910
3580
7089
7649
6329
798
5026
7525
4840
5074
7661
7975
7868
61
1775
5698
2845
8082
2460
8129
4237
7886
6535
1567
4289
4742
6177
4456
2848
1689
4153
2986
2419
4454
7213
7727
1568
3965
6212
2339
2094
5019
2041
4373
2200
8113
2272
7008
381
6288
3864
2412
5547
3912
1390
8091
5120
6917
7386
3914
1952
4162
5151
2915
5835
6172
2342
4209
245
1439
1022
3233
5076
411
2261
1062
4212
8034
7758
4343
3561
665
8081
7603
4188
8094
114
3989
5472
2302
2477
6732
3250
7746
118
1981
2180
162
263
5690
5409
4342
775
4871
4648
5209
7360
7432
4676
4940
5556
4473
651
3723
