4818
99
4528
2982
5425
3651
2451
2078
8167
1290
3438
1684
3774
1923
465
1242
1064
873
1289
4001
8030
5204
2442
7464
2975
7150
8031
3257
1603
6753
6390
2554
5643
3719
6724
7453
1769
4404
6557
2710
6100
4873
8019
111
635
7734
971
1050
425
1322
3171
3300
2842
7928
855
5864
5909
3072
446
2683
3643
7280
6554
7284
6958
974
5282
7586
3436
722
4408
2536
4789
6243
128
5322
1067
5597
1517
4014
6515
677
632
4052
2082
3451
3921
2537
5419
3146
2374
4815
4193
4990
7487
6420
5330
6047
4370
6546
5511
6914
4940
7877
3331
503
4506
5650
7099
2222
1479
1177
1843
4151
112
5184
4165
4484
7414
3518
3675
7629
1262
1373
6603
5957
3705
6783
3242
7692
502
5336
1306
7512
2855
4639
7926
6740
846
2954
3938
7823
6954
7100
3558
6622
6647
7248
2148
1505
6154
4754
4705
5474
5196
7701
3893
137
5187
6269
6404
5771
472
8026
6699
1705
3462
903
4915
2198
6959
7507
3209
6691
3672
5835
5265
6185
1328
7350
6613
6968
3592
5067
7653
6757
2296
6389
4866
1808
4725
4253
7073
3979
4194
2229
49
4215
847
2762
5777
4671
2827
1812
212
6510
8047
1370
5730
7788
695
3803
912
3067
7777
7527
3112
2321
2417
4079
6951
6330
2780
765
4731
6218
1056
1859
7678
7822
7029
4553
1470
6796
6008
6279
7959
1485
1010
320
3408
7092
4117
714
3122
5746
6985
6105
5513
2864
5413
360
7886
2152
3683
1087
2663
2622
1934
2717
7104
1944
2964
6771
4927
4102
311
5982
2889
1519
2761
4896
3206
5114
3338
858
4925
3392
1780
7563
5175
874
5197
3
6356
2692
3933
2891
630
6737
8184
6616
1521
6422
3478
984
754
4287
4059
4434
5744
2999
5600
8061
6977
2275
1493
915
6147
4763
777
1660
2500
2208
5034
1760
2359
1937
5558
2381
6278
717
2657
6299
3161
2104
3294
6711
168
4457
7664
1349
6136
7396
2404
5066
6369
4378
5048
2170
5811
4502
3718
1255
3790
3316
6837
2120
1065
443
3910
4104
7595
4382
5748
1789
7588
4865
398
2985
2151
7021
4301
1170
6196
1850
1801
7547
6054
2452
7738
6925
1090
5249
27
6276
7383
6820
4584
5497
7145
86
6947
4681
5442
7910
5193
5898
2099
4647
3834
3010
4557
3048
1389
7917
6188
2439
8023
3058
3670
5752
541
8109
4900
1224
6499
2342
3828
3548
7285
7927
2251
4491
6944
1869
5037
4440
4821
6345
1239
3326
7696
30
6359
4481
2518
6504
1746
451
3208
6541
3502
6655
6333
652
3872
6131
439
4636
444
4209
316
4456
2782
670
5689
705
3044
4381
577
2568
2347
7110
1434
5793
215
362
5573
2951
5753
6535
1482
7222
5366
5924
8063
1819
6729
7287
521
5792
2720
7085
7772
3098
2712
2828
2095
8054
2146
956
2564
3138
1088
1540
1222
3899
2919
223
387
2480
6025
6792
3688
5478
3015
5177
2633
2426
6728
7164
4180
300
7727
583
932
5260
478
4715
713
5397
6787
5883
2847
4211
4637
1882
7413
5639
3245
5246
5200
4692
63
129
3190
328
4659
292
3270
6003
5615
5611
233
637
3211
896
7983
639
3939
8013
822
3453
3930
4533
6949
7239
2544
1526
5907
7977
4379
7741
7298
6714
5955
6249
1178
3631
7146
5232
7322
7293
5454
920
1836
2853
3821
6258
4278
5154
5934
3977
2559
4898
6995
1402
376
8034
7726
2981
3256
6824
4924
167
696
3132
7853
5959
1676
2631
1432
607
4351
7159
6437
4268
5214
3199
7437
556
2688
8025
5894
2322
609
3049
4248
3729
7469
3557
6411
6367
3169
31
6677
3276
3114
7796
1159
2195
5949
1451
2232
69
6427
7337
7506
8014
3250
2052
703
6932
6155
6179
2111
5407
3794
1709
4935
3388
4593
4833
3958
7404
4139
1345
3932
3723
7659
8050
5058
5109
1068
5074
5848
1229
7887
4159
5432
6173
5226
6050
2326
1214
6353
5383
6585
814
7219
7549
5661
2282
8185
2138
964
2624
7831
4831
5347
1702
578
4468
4081
8141
2886
5717
710
190
2460
6894
1139
5167
4448
3185
860
4402
2339
1033
5237
1995
6543
2635
2647
299
6690
117
1739
798
396
2920
125
367
3677
1919
1728
146
2685
6280
7621
201
2405
6130
841
7448
2466
864
1363
5685
1303
4765
5316
1115
4241
4222
6087
3077
4455
3923
6705
7459
3556
7266
2662
271
8113
1502
4425
5987
4132
4897
2641
2196
6225
1700
3006
4383
1466
7864
4218
933
6135
7880
5299
4914
6255
3213
4529
4503
1136
4347
648
7328
5288
7002
834
1515
5011
1147
6870
7022
5335
45
4518
2254
7944
8188
8187
949
5222
2012
7370
721
6633
3717
2611
988
3692
5619
4756
2491
2173
2816
4283
1380
3046
982
1420
7739
3259
7809
1083
6725
5342
1729
3253
200
6214
7713
1975
6020
3826
3216
7965
810
4488
724
393
5436
1693
5844
1452
4416
1202
4697
653
6804
7845
7779
5231
2163
6172
5279
4034
2276
4814
5762
3614
259
6864
4520
5876
531
2243
211
5339
7308
7436
843
84
3814
3634
3158
1794
1238
3349
7046
7117
2463
5494
2584
3633
7518
7960
2410
1074
2959
1071
5601
5191
5325
7620
2302
2888
7525
5326
5422
7402
4090
5724
7053
1315
4449
5585
4013
5256
1018
1169
7722
7852
7398
2791
4277
5162
4993
3649
6539
4954
3758
6381
5280
2040
7233
4554
3595
7078
6270
2620
4035
5015
4430
3531
3784
4203
6109
1219
3465
547
4634
6597
4358
3221
4004
4361
1942
2907
5520
6800
7569
2413
6614
5179
4982
1910
5398
93
5688
5112
7186
5484
2628
5603
7614
6297
5973
1172
774
2352
6038
5837
6057
6393
2702
3361
6746
3469
7282
7207
7286
333
7543
2098
7973
1868
4563
2155
7589
4470
6874
5757
629
5078
1295
2384
6256
837
1144
6406
4809
5842
3485
7245
4442
422
7086
7632
1987
4074
7575
6234
7271
7875
4696
3310
6502
2587
6491
5016
3325
7660
7511
5269
4184
1672
7314
4401
5768
2443
5385
7217
1648
3771
4415
240
1821
2652
2871
2892
4527
7278
6343
7958
2636
4524
7564
2241
7846
4780
6898
1536
3173
307
6532
7754
5343
32
626
1072
907
85
2277
1365
4706
686
7067
4302
6660
3413
5155
4761
4649
7552
253
7288
3960
1243
6241
6797
3181
793
4436
3292
3841
511
6906
5966
3652
2601
2556
1012
1383
3878
1679
403
88
2487
3268
3398
2845
6158
6285
6082
5571
258
4121
2072
6748
551
2105
2878
4615
4100
1446
5054
6311
5349
463
3635
3344
370
599
4779
966
1440
4743
6169
1385
6642
5372
5080
6993
3526
2881
1330
7674
2523
3071
3681
7795
2166
2502
1915
685
5775
234
3678
4041
4788
3023
1273
2940
7867
4183
4187
5262
6637
456
3610
3186
6355
3126
6600
3762
209
999
516
83
7582
4854
1529
4805
5323
2421
5873
3178
4971
1234
4735
3154
3742
6935
4263
6244
1885
4338
4339
909
2546
4556
3289
53
5826
938
6440
3532
4116
2445
5027
2675
140
5353
1333
3917
3604
1703
219
7598
78
4723
2651
2789
2304
3079
157
3027
723
996
6846
4056
917
206
2823
1670
3428
2472
6668
6474
6268
3500
6459
2515
7775
5106
6867
2740
6887
4579
5463
2773
214
2971
4587
5209
748
8162
2355
5247
1237
7784
6030
4030
7900
2859
6509
564
6305
768
185
8179
621
6194
181
2924
6768
6767
6627
1475
7080
6113
51
5094
453
2902
6707
7709
3707
954
4974
1076
4398
7611
4598
2306
8009
6081
6620
1759
4961
3137
3359
3437
5838
2084
1326
533
5931
3417
5759
5173
5980
2869
3358
5344
3455
6337
3937
6242
1461
5189
2877
3244
4932
4559
4422
675
6545
2784
6721
5899
7898
6912
2386
7088
584
8096
6471
1233
5933
683
6424
1407
2455
7058
68
4749
3594
1393
1552
5472
2531
3690
6520
4858
4086
1212
2947
8041
6621
7137
4810
2328
4312
5399
3884
2294
590
7344
6126
5003
1288
3577
5584
5940
5618
3482
2937
6059
5272
2488
596
194
458
3152
3142
951
3001
3339
6825
7798
6521
1892
6776
5039
5350
41
7369
2340
2076
3809
2102
7842
1901
3887
4547
4098
7981
1129
7790
1548
7420
3375
820
6436
7843
2883
6009
6595
1611
3018
527
1909
6641
3195
6014
1904
4714
3287
5559
4543
1804
7213
3106
5679
517
6558
6024
5867
801
6575
5605
3874
217
6574
2718
3978
4794
2640
3745
1877
1735
1258
7639
3528
1852
4928
2005
7827
5091
4984
5740
1158
3002
2058
6192
3847
2775
2731
1897
1649
5995
471
6917
5384
6378
751
4712
2655
7769
5285
3498
8186
309
6031
6429
1741
4589
5859
7808
649
1587
7334
7421
6104
3258
7375
7136
5915
2609
4835
3632
2728
4825
7360
1710
6380
357
2363
4717
7585
4713
4297
5409
230
619
7197
3448
3311
2800
8068
7670
3227
43
8168
7047
5510
8024
7989
5663
2029
1878
640
800
4143
161
1867
7039
7895
7124
1286
2573
5163
4726
2642
3779
6395
3855
7724
8001
2407
3749
4363
5923
3954
1952
4322
5974
3090
2411
2716
4879
3028
113
2777
3842
1803
7106
2752
5728
5813
441
170
3336
5405
5548
7890
2980
1943
6785
5092
6065
3000
7297
6930
3587
7049
4451
7185
7148
3189
3620
2646
1750
5138
931
5026
5508
4207
7422
182
1263
5205
746
2301
4288
4909
2479
2812
97
3782
914
5071
2829
6067
2713
4357
1124
413
5137
1271
7984
2193
3479
7426
6373
647
4863
4645
5614
785
7978
8093
1733
1439
7955
7532
345
2265
1967
3867
575
1331
510
2333
7093
4664
4792
3503
2673
7658
4530
139
1081
7924
930
6591
5443
7433
6713
7139
735
273
5575
3527
82
6398
7045
1874
3225
2694
6438
2308
7395
4129
5032
4800
1640
227
4510
6339
397
7868
7228
4969
5238
1658
6682
2190
2112
2202
968
1355
6920
5289
4608
6799
7985
1104
945
6228
1847
5582
1406
6383
3947
6883
8048
5708
173
2998
7484
894
7522
663
7991
4758
5364
7870
572
3315
5869
7201
3243
1005
4353
4299
5911
2930
4957
4375
5363
6089
6972
1712
7967
4273
2313
4405
3029
5306
6826
7218
5008
4123
5553
6588
762
384
1151
1058
5007
1207
3876
2745
377
2179
4119
1550
107
6342
1770
2715
3572
2043
6464
4088
1549
3544
6327
8164
6780
3396
1579
6856
1424
7329
2319
3583
5733
3123
3087
5466
2373
2570
2592
3962
749
6927
5158
7753
2038
893
71
738
6839
815
1778
656
5932
1085
1903
1359
4870
3060
7315
7854
5594
910
3684
6118
3229
7411
2070
7307
250
5736
5153
8108
2213
4308
3328
144
5695
434
7403
6472
5773
7479
2918
3776
7650
5406
4691
2160
1862
20
7988
2344
576
3769
2565
1913
366
5337
4977
4454
7166
5266
662
6519
3713
4395
1782
5953
4350
5294
2585
3964
3763
4838
7587
7940
6286
1783
7477
3728
5212
5817
2118
8176
5211
3760
4075
7038
919
7666
1551
3805
3773
204
1598
5978
231
2852
7693
5545
6553
57
1606
2210
2590
5477
2941
4707
7606
955
6623
1743
4478
1829
1467
2125
7763
5075
7116
3007
4614
3118
7310
4988
4561
3611
1430
7160
5271
4259
6923
3838
3283
4366
4623
7504
6860
5616
8160
4181
4281
6908
7896
2613
530
1665
1318
7802
100
381
6651
6000
3449
729
5547
261
5633
8133
2576
4920
7316
2562
4105
742
7180
7497
1204
2540
6794
1939
1311
7465
6822
7961
3963
2061
6449
2905
2709
5709
6986
2639
6263
3906
2258
7259
5697
3621
2700
1391
6287
6835
7541
4962
1189
7127
1476
6122
2320
1276
1051
5651
697
5850
1704
5185
2582
580
220
6329
6569
1004
2273
4827
555
3362
3288
4516
2175
4983
186
642
7361
432
7716
3918
3972
3819
8106
7059
4631
6044
2807
6096
5802
1629
1127
4438
4467
6312
679
8040
6975
1106
329
4737
924
7256
4205
1930
7600
838
306
923
4803
4795
5845
2736
4930
7736
928
7950
7064
2900
7167
1462
76
1947
708
2948
3736
5726
7482
5455
5488
727
1396
1911
588
7056
2470
3393
1993
1683
4686
3508
3738
6508
5489
8149
1582
7840
4435
5430
5550
4186
2218
7651
542
2668
2220
5305
203
1248
2868
4392
1314
3499
2200
4708
4429
4938
2992
5392
4504
4384
7128
392
1348
4702
2257
2509
2567
1908
7076
4
430
3851
3806
5917
2010
5152
5295
5830
3267
7817
2324
3750
8053
5378
3251
4757
2545
341
7528
895
7930
1605
3501
4852
7757
2207
7074
6984
3722
3968
6982
1441
6274
1215
5229
5607
2143
90
5822
4217
2914
6141
4176
4092
7452
6686
6175
7048
1449
5110
1291
3920
3799
1048
2211
2696
5198
3444
6022
3653
2848
1208
2495
5713
2583
7745
1095
6866
3337
2054
497
4667
3070
7374
4138
1607
586
3990
1319
2176
3517
674
7509
4616
763
8097
4197
1196
2757
3278
6319
795
5076
3539
6618
3628
2388
908
4316
4583
2028
3704
1145
4641
3284
3865
1516
3040
3100
3097
3260
6933
6607
3297
5393
4479
7261
4899
353
6473
5449
4673
2503
5861
6223
5797
3999
3662
487
4742
4599
5555
6181
2279
5065
7612
232
2259
3512
4853
4270
4778
3109
863
1102
6167
2387
8102
886
6066
36
4603
2896
6490
1979
7386
7560
3323
192
5441
1744
1186
4564
6865
6943
5763
5181
7258
1800
5144
317
3663
5230
1591
1175
5242
1198
7542
3936
7255
1663
1809
2263
6738
3766
7385
2588
4999
4958
3385
3562
2316
3116
350
5843
1299
3107
1533
4943
610
7311
5206
4008
6450
5652
2790
7381
2539
1193
5395
2538
848
7579
267
3843
3909
4902
4746
6940
1113
3119
4910
3613
4192
6953
368
6778
4264
134
6781
3919
1926
528
8147
1991
7933
6582
6001
6036
123
7156
7694
6890
4025
1661
7902
4796
5935
1559
1162
4804
614
124
1266
6507
7481
3943
346
2767
4698
1382
6006
29
1623
7028
7818
3319
1570
6275
4252
3441
7550
7068
5446
916
4168
5882
8146
4945
6492
5760
548
6678
2393
3808
118
4867
4377
1740
3332
2341
3792
5243
7830
7424
7052
2182
4373
4592
5591
3514
594
4772
2299
2382
8045
6832
2707
827
153
4160
1356
2231
371
1512
313
7561
4487
3555
3069
1227
5412
1146
7832
4462
5438
6900
115
46
3545
3064
3495
4967
6565
7011
3176
5194
5626
6162
3494
4368
7238
4413
6201
7019
4567
549
3135
2378
4819
1668
5947
4926
1465
7861
6177
4916
1921
1699
4963
4091
7249
7364
6992
867
2894
5698
5221
5645
6710
7568
6405
3812
4266
1681
6494
2950
1690
6433
2862
5590
3472
2217
1883
983
1875
3935
1343
2519
5515
7281
1411
6789
2714
3924
6114
5636
1854
5332
391
878
6281
716
1747
402
4118
2598
8062
2737
4012
6053
4549
379
7681
2281
3618
593
5373
7642
1199
828
4020
4068
539
6064
3777
5224
361
6961
4095
6078
305
6403
1265
6527
3862
5346
7252
6042
7849
6881
2794
4570
6254
2490
5394
3490
5538
5808
6830
5810
5464
327
5296
2973
2851
5524
657
4267
6971
6304
7131
1275
4906
4080
5596
411
7492
803
2016
242
1473
5952
70
7254
7872
2390
2214
3083
2209
3575
2880
7633
6212
4740
960
1456
3013
5121
3115
110
4396
1128
5769
1638
1985
5467
1588
8037
2142
260
566
5892
7605
2879
7677
7792
3832
7748
731
3320
249
7654
8115
6107
645
5038
7209
6116
322
3474
4359
116
5327
7624
7235
1546
1421
3970
3307
5273
6015
5579
7246
603
4469
7992
5324
5182
3955
410
2092
4387
4240
6612
7333
1827
1776
1562
121
1323
1872
7120
7171
343
6454
7251
5770
805
1027
7689
4362
6806
6414
2157
3573
3220
2660
7970
5829
406
287
5706
3480
6632
6548
2755
5030
2000
775
3571
7980
7962
7519
5085
4704
8057
6103
6060
3607
6090
4734
799
2621
5885
6536
2253
4776
3009
1044
3187
2644
8072
2813
3279
23
3431
7267
135
3780
3081
554
6296
3308
7625
5408
2676
6159
1419
759
7237
3041
2462
4107
81
332
7562
3055
6893
202
2804
1400
2943
5310
5741
6384
1352
2875
1898
2939
276
522
5535
7793
2760
6709
4893
5403
5367
5043
2695
1182
3523
6544
3204
862
752
7105
5348
2122
869
4419
3701
4497
633
2677
5774
388
6055
5157
791
1026
1669
2065
3925
4837
2665
2991
1296
1825
7556
902
2427
2492
1567
6048
6467
1928
7690
836
7142
1528
5853
6772
7821
5428
7231
6486
1292
3709
4595
5812
4718
1673
1180
5079
891
6868
21
5754
4675
4335
6950
1507
796
6407
7710
6987
5437
7813
2520
6873
5665
959
3907
7841
1223
2742
5151
1040
1259
4869
7292
1444
1216
618
2932
4296
1555
3998
484
4294
7359
2434
6264
1592
2370
789
3086
4505
4748
8103
5715
7082
3050
5359
940
7161
2030
1210
6884
7676
2830
6542
1609
7626
2447
979
5666
2178
4337
2051
5612
936
3510
5116
2661
4849
1428
7338
1269
787
3464
7645
2075
1799
4298
6775
2968
7515
1438
5368
6344
3164
4017
5002
944
3345
3576
7240
4931
1950
6850
2574
2778
628
4482
1687
5699
4485
6482
5207
1120
420
1584
2169
2572
8144
2090
13
1981
890
1925
2893
941
7663
3982
3890
4769
7797
7794
5581
436
4605
6045
3348
1748
2960
4047
4234
5766
4552
8155
6308
1856
1978
1305
3986
7182
1015
2815
4152
3625
1443
7691
3630
3355
1038
143
3418
3793
6128
3817
166
218
336
7894
3352
2966
1973
4911
4048
6052
2543
2997
5370
324
8028
6350
6877
5670
4174
7673
1989
1117
3715
34
4269
7212
6752
4175
3901
3144
7390
6209
2424
4908
5215
3957
866
4959
6726
2935
3759
1678
3950
969
5199
479
5778
6478
2870
4580
921
4755
246
189
1839
7423
6922
2861
6035
238
5528
4190
3885
7807
1057
5374
2846
1532
5621
1190
1488
1857
2181
4751
5961
7565
4565
816
1575
449
1404
2260
4600
2732
4566
687
3298
7656
8060
2145
7380
5563
4031
4200
4303
7440
6153
3928
5087
7470
5720
4476
2819
1577
4246
4629
4937
1244
4066
6872
2931
2904
7994
7516
5090
7397
120
6929
1386
6889
5941
2233
7684
3914
50
3367
2656
871
1922
5890
6315
5317
7855
7491
689
559
563
2194
1077
604
6121
1639
6840
7215
7027
3553
3365
79
1906
6365
101
1810
6448
407
4146
3597
2360
8094
5781
4274
302
3861
2353
3818
493
5521
4464
7570
1636
4040
7982
4730
4348
2252
2776
40
4546
3609
6795
3062
2549
1632
2108
3236
4237
4067
7427
3895
460
7270
3299
5761
7072
1518
1958
7915
1742
149
5345
5920
819
1580
7463
4332
4342
5096
8074
6187
4441
1334
1564
5208
5147
779
2113
2958
1627
4513
3869
5281
7705
3066
2946
2616
861
5939
7742
281
7836
1701
2121
8000
6885
6434
6206
7242
1140
431
2348
4447
5782
2511
6166
270
1706
6718
7704
7394
4453
1788
1637
6903
5851
2833
2809
4903
6960
2805
8046
6231
4539
1344
6503
6761
4391
1814
3228
4787
5922
263
5787
8104
7224
7367
6844
8099
1880
2988
6996
4560
2228
1806
7486
8075
5297
5820
2630
2766
7174
3605
2305
5527
2227
2824
7871
8078
7008
7460
7275
5568
6880
1949
1231
395
3535
2890
6205
2309
6094
7428
3552
7187
6733
5529
1032
1167
1844
4642
4536
1651
6852
1200
7953
5216
6186
5819
4135
5143
6965
4199
1766
2191
4210
6093
3136
2204
4162
4279
7388
7816
4178
5627
3931
1236
1423
1142
5992
3371
7051
6458
5052
7856
8151
605
5028
1664
7447
7410
1390
6662
3113
892
641
3335
2600
7787
6966
1107
5390
1749
1824
1938
5806
7368
6902
3447
1173
1730
2967
4439
772
102
5994
7489
5556
6091
3353
3005
1036
1091
5738
2579
4219
4027
2201
5417
2215
7115
3192
1313
3848
264
885
3471
4682
6080
3376
1630
1191
5000
4411
5893
1618
5834
2247
2650
2524
6314
5210
4791
1324
7711
6937
2403
3085
3654
5954
565
6979
1586
2156
7202
1726
876
2314
8166
3111
4654
95
3559
6125
3129
5803
4133
3689
1610
6376
2235
7147
2798
7192
4099
1226
4572
7767
2167
4781
5638
3673
5480
8173
8138
2295
624
2497
3679
2066
5492
3484
1099
7737
5780
3380
5424
2739
5178
4062
5687
1682
5055
4887
4327
4828
6531
5203
7371
5293
3411
207
6564
442
2290
4612
4096
1513
2986
3341
5887
304
2482
8118
4662
2385
3952
56
7365
6484
8150
5731
671
2414
5617
2748
4289
4169
4688
6174
7514
2814
2115
6095
2188
7921
7764
4851
3184
7986
6526
1013
2083
8005
5171
103
5855
6700
1000
6210
5956
4952
515
7733
106
4161
5013
3074
2377
835
3658
3897
3581
4230
5537
4652
6331
35
2238
363
7071
7719
8190
7583
3468
766
8183
831
6754
5586
5902
7952
7892
6735
2669
136
3068
6417
3403
4840
4979
5881
7243
3140
1916
2726
2266
8049
1963
7554
6372
4700
1798
4466
3813
6446
1045
3406
1022
1317
8086
5764
1166
241
5814
3584
2364
6092
7760
6550
6687
3194
8122
7665
7718
216
4420
5816
2461
1160
6266
6689
7260
3234
7599
4832
4494
3414
3409
4728
6012
8121
6581
4049
3145
2438
5674
7801
6786
7594
6841
5379
888
47
5360
2667
7789
6609
7814
5213
2678
5097
5751
7244
356
6099
4189
5986
4951
5823
7534
3363
2987
901
2422
6476
691
2280
4201
3640
1957
1195
8171
1968
1905
4256
6501
3772
1714
2530
2750
5693
7363
3381
1626
3124
3984
6568
3859
5719
55
792
6617
3608
7913
1054
4261
6683
2392
3666
4077
6999
5
6483
3128
1075
4808
3922
6138
2474
6496
6547
6326
6303
824
3642
7041
4545
7490
4921
962
5098
331
7391
1253
6636
2969
1192
1619
4115
3130
7905
8059
3103
3623
5354
5729
1628
4202
3873
6070
6552
1138
4665
5304
5675
1061
5225
494
1002
5223
741
1395
6463
1301
354
5509
2473
1338
9
308
3680
7859
4460
7083
7699
6610
7597
5108
4577
364
3151
2481
6023
8083
5292
3212
7014
2351
3989
6676
6239
5252
386
6170
2772
5274
1335
5174
6990
7070
1614
252
3088
3757
513
3626
8010
5486
7306
4272
1101
5371
3197
682
7613
753
3226
5465
6827
2187
2362
6290
990
2419
8002
574
7458
5944
6431
3905
6669
7825
5235
1756
6921
2706
62
567
7761
3694
4250
942
3858
452
6611
612
5073
4385
5357
1961
3120
6946
2023
5847
1325
4386
782
4956
6706
7686
2648
7891
2528
2216
5361
429
1458
8058
6203
6488
6701
6432
3096
1287
4036
2420
7032
7957
347
4710
6226
5854
6793
3026
2418
3404
6063
643
1990
1418
638
2037
6456
1752
4699
2135
235
613
4744
5988
4016
290
562
2857
6415
5668
1830
6755
4300
221
373
4226
2577
5124
7918
6040
7183
340
3492
2876
1293
2607
6505
6756
180
7768
5602
6102
7529
7441
5796
6106
7839
7024
3239
4367
7295
6071
5377
1008
6272
467
6656
6220
4057
2048
5682
525
174
1948
6629
5195
1381
6227
2250
6834
205
2788
1046
6760
2586
5396
769
840
2368
4966
7963
4473
3657
2286
7291
2993
3695
6480
6911
3735
3754
1764
557
2505
4861
2831
667
7232
4733
193
8145
7932
3019
5872
2721
2141
2440
7317
7806
7510
3800
4239
26
6596
2615
4024
5170
3698
5705
7419
491
3127
2508
1853
5401
4083
5574
8070
251
644
1280
52
6777
3898
2965
4824
6152
1153
3660
6853
6371
4845
776
897
3357
3902
2212
5963
3193
7113
6529
8004
7084
8135
1547
1375
1123
8123
7290
7335
3857
3443
7703
7499
414
7646
5025
2401
6695
3172
7602
6876
7974
7638
6594
4628
4976
369
5756
138
4871
4991
4232
2171
5459
4773
2285
4214
6723
8159
7914
4624
1388
2130
6862
5250
2469
5804
7016
5791
5099
6924
4621
1795
7619
4575
2255
7415
3996
7066
4388
4610
4223
3655
7320
248
844
119
1268
5860
375
6664
948
7480
1041
4465
3682
7030
1495
7782
400
4071
1771
4341
6468
5951
2956
3224
5526
1946
7545
1369
2542
4372
2369
3540
1168
6907
2774
5286
8018
7079
2806
6387
4033
4591
7313
169
7451
6232
2240
58
177
295
3731
4154
419
5134
7475
7075
7357
783
6599
8016
4942
2162
6240
7513
6899
7208
3506
6967
7018
6443
1021
8033
2970
4015
6661
4500
7881
4122
4376
7593
1489
6037
3073
3334
2021
5188
3725
3751
486
3390
2551
1815
5531
3291
8021
5127
5514
6252
3521
6538
7134
3877
8129
4437
5827
1211
1353
2769
4607
2934
4569
7714
498
4458
4783
3942
3648
5220
3997
4736
6715
3179
4844
2394
7135
1994
7697
1059
4039
1141
6441
3091
3840
7273
1453
4923
5967
91
1235
6451
6988
1849
4471
7876
664
3374
7408
5723
3008
3801
3748
6349
5570
2817
7195
6549
6302
5081
2589
2205
3744
89
3306
4994
4185
4247
8080
5539
1119
6485
7262
1924
3603
5461
7893
998
6773
6115
8128
508
3095
7031
2272
5180
5035
2618
6069
3961
3230
4872
5694
1357
1767
3275
3530
1137
6236
7157
5576
4044
5704
7765
4752
7908
3563
5117
730
5049
8105
5831
1616
2327
2561
6224
7935
3802
7263
1448
7627
883
523
1179
296
462
1414
3059
4311
7089
2429
7467
4314
4633
2367
5435
3293
2908
482
3383
2575
6354
5634
5029
4069
7520
8178
7968
585
1599
4883
913
312
3775
718
4658
5320
3889
2599
3232
5879
6583
1940
5960
3948
654
3389
732
1624
8101
2725
1463
7122
3125
7780
1953
6408
1650
5701
501
7943
61
4955
6784
4859
690
2197
3445
5439
2446
5420
826
1866
2645
1917
2955
1364
4445
4114
911
6989
992
7349
6149
3175
1525
8131
6716
2042
2249
2325
7221
5696
171
4986
490
1781
5115
6813
7996
573
310
3076
4511
5358
1554
5505
1427
4689
8163
6811
255
7844
8036
6892
6165
6363
1842
6578
7535
7351
4409
1522
7885
3233
7630
6193
6073
7101
2063
3829
1935
4514
2606
3108
18
7729
7324
6442
5878
3836
3290
2534
7909
6646
3412
5068
953
7188
5183
4522
5031
7936
7114
5541
1708
2147
5707
6819
1613
5630
5948
5795
6556
2129
1327
4793
6589
5884
5588
6551
4888
5219
389
5913
788
7377
4320
973
7069
7015
3981
6097
1545
6213
870
7034
592
5533
806
1154
1786
2134
1860
330
8143
4729
2843
5786
1368
6198
4719
6426
3302
2759
3691
4428
4526
5990
4855
3024
344
975
265
5338
5664
2039
4137
2189
1397
1887
3196
6401
3459
2506
747
7299
7312
7834
6295
6396
1073
6506
1596
3043
5945
4661
6477
1016
2866
3991
3823
3324
1755
1863
5300
4830
631
3570
4588
2911
3624
3045
1184
540
4474
3273
3525
770
1394
6364
3486
3542
2459
6816
2158
5130
4613
1964
4904
2149
5298
3032
2834
6679
475
5161
7987
5051
6262
6259
8124
3025
2457
1677
5631
1066
244
4581
5833
784
3011
7744
7618
7005
6685
2068
881
7938
6878
4110
6896
1966
5072
6108
1694
7236
5972
6235
5176
4265
2271
3003
8153
3541
6533
1617
3249
3405
3394
5006
2117
1560
7409
1481
2114
3170
1791
7571
2837
3030
518
3504
283
3726
3941
2454
6338
7706
2226
812
382
5654
1197
7975
66
6133
3235
8132
7759
3435
187
5381
243
5691
6855
4646
7907
4535
7869
6399
3904
3656
1025
5022
4191
7062
5129
282
4179
6068
859
1511
2425
7628
4875
5045
1109
1500
3664
6808
3616
4716
3669
3407
4220
3368
7450
1805
5739
1633
1366
3591
427
2521
3460
7455
5908
2168
3035
7439
3180
80
4374
3896
7669
1543
1802
5012
8017
3134
1308
6190
5930
7302
7429
3442
6219
272
5060
7829
1899
5140
5491
1003
477
3849
2478
6202
6247
8098
2006
1535
337
315
6119
172
2873
2119
8084
6351
7141
2749
7712
7610
468
6101
7130
5977
3121
757
2017
1316
3969
3646
4221
1504
634
5551
3796
3491
4072
970
4650
7457
1133
8087
5036
552
3965
2597
2380
6410
7392
5496
3511
4656
7947
4722
5268
5315
5646
6765
2307
7121
6788
1855
2268
950
3093
1566
1329
7641
786
1896
3102
2236
3746
5862
4306
437
6512
6759
2858
6310
5507
1965
5889
2044
1416
823
3021
3419
1283
7865
6222
1858
5375
3833
3215
7091
4862
986
114
7191
5624
2431
6570
1274
1410
6731
3740
1565
4018
4093
6324
5743
7616
1692
6736
5976
6941
6
2698
2926
5105
59
693
6397
5470
5609
6628
4839
6732
5202
293
1006
5926
4905
457
6730
2795
8008
6980
5921
2409
4738
3470
6145
6425
1218
5815
6831
6465
7812
4364
7125
2372
3214
3282
1719
7
5536
1997
3422
1498
3370
4817
6901
7471
4680
7462
5471
6043
5264
5460
3333
4532
2507
2062
1983
1793
254
4019
558
5543
7725
7526
7241
1544
7995
4996
1069
3364
1157
6802
1225
694
222
5061
1307
3262
38
5877
4630
3452
617
2432
6845
1508
5476
4695
6697
5040
1723
7366
3318
6079
6199
473
1285
1433
1341
646
3016
3004
1695
4480
6524
6670
6445
5557
3254
545
595
277
2244
7155
4212
3980
5133
2008
2835
8125
3516
3946
73
1762
3983
4767
561
466
278
4331
3020
2489
3721
2165
5628
1116
5156
8081
553
3606
3807
1539
2690
4490
5132
2594
4170
1240
6182
5647
2361
7774
5599
2792
3139
3863
3269
7214
3585
225
1738
5318
4995
3706
448
7353
7752
2619
2649
7087
7355
3519
7622
1267
719
6956
2895
7007
6758
481
2724
5690
4046
6273
342
4534
5473
2225
6742
4841
3879
7247
5789
6288
6245
2820
7348
303
7655
3852
1247
5083
7888
5069
5506
474
7592
6061
24
3036
6674
4834
6644
5750
8157
5925
1722
4065
2689
4417
151
7683
6027
7466
7904
1988
4972
3505
1537
3883
1161
3547
4775
967
3860
591
6377
4258
6681
5234
4085
6184
7942
2679
6142
4811
3589
3574
5044
1568
5518
2444
3820
6332
5912
2248
4790
6452
2626
4275
519
4604
4541
459
383
6694
991
3756
6652
3602
5063
1412
5328
7279
7040
8181
4555
5500
1864
6764
3402
4668
2270
7210
5667
2150
3686
5120
394
5979
2358
408
6298
4050
2526
184
5236
2972
67
7165
6654
5131
2330
7198
4590
4291
4936
7883
4750
2060
3665
297
1765
7055
6605
1030
1347
7138
2186
5742
2738
7318
7533
939
435
3590
1635
4508
3378
2357
6684
2300
7354
4980
2334
2004
5255
2553
680
5415
877
7866
6513
1112
5093
489
2184
2267
4393
1956
4493
1257
2094
7746
997
6540
4857
7043
256
4785
3321
7609
3271
6013
1796
6086
601
7815
5517
3017
3277
3699
5047
3804
5578
4973
4907
972
2976
1001
1484
6672
7749
2844
6604
7911
6156
7634
701
5416
7702
1818
7863
5278
7126
1652
2928
2371
7976
318
1464
6309
3461
5341
6385
929
6969
1278
6140
2009
291
4345
2949
1205
7430
3329
8007
4042
7648
1553
3824
390
188
6798
2164
8148
6221
4622
4318
6606
4949
6555
2284
6745
4475
579
8116
2765
1976
5483
6657
8140
7170
781
5998
700
1062
1256
6926
6974
587
7483
163
2938
7596
7969
4282
2557
666
2785
1674
1340
2199
3261
2627
2516
3222
3727
2022
5566
7013
1986
1758
678
3881
7456
6323
6815
5150
3524
245
589
6317
6469
2050
7425
3797
7566
6002
5839
323
4496
6525
660
3870
7001
4078
3201
6516
1817
2283
1589
7276
7783
3639
6916
3724
5735
7517
2957
6386
5783
1691
6712
853
8142
3247
5119
6638
6879
1143
470
1731
4847
7339
965
6032
4134
6791
4653
7500
3825
821
208
7675
4929
7657
428
4037
5136
2558
5888
5352
7372
2468
4762
4538
2659
7617
5798
4238
1254
7444
1294
4006
7416
7352
6667
132
5263
6530
7929
3207
7819
6204
3286
2915
7555
1647
5253
380
6704
4131
4231
4324
6423
7672
1350
5928
509
3703
6931
3094
19
6117
6455
445
1122
830
4124
7791
4236
2396
2245
6658
7735
3489
1581
943
5270
3953
4125
1933
7548
1148
3588
2593
7268
976
4002
2366
4617
7773
1052
3174
5737
7472
4305
6882
5897
6347
5809
4850
7435
5702
5387
7848
1813
7096
980
1206
7925
3456
2312
1
1378
199
5849
1460
147
3458
5765
7615
7143
1931
226
2465
3730
1951
5010
4242
5703
5610
5201
2771
6851
865
10
464
4155
8055
6774
2093
7755
1779
937
8027
3667
4394
4101
8073
2850
4213
4334
7687
524
7168
1086
2781
4280
8110
3312
3427
3147
2729
1230
818
7637
1282
1826
7169
2697
5504
3554
7771
6590
6593
2437
3789
5686
2532
6005
3463
150
684
6421
2101
7747
2638
325
2346
6952
7884
5135
3529
6626
2055
4578
2109
3440
6955
6567
3057
6511
2077
1337
6260
2246
650
7730
623
2262
3882
3894
2711
2219
2605
7103
802
7330
5836
4285
2336
7434
3753
3089
1823
4064
4711
6663
597
7036
2756
1252
1387
5257
5059
6517
4939
6957
3995
2379
4597
3223
582
3598
3322
1954
5841
3198
5414
6828
750
8065
5522
3155
6379
4452
1165
2116
5825
7661
6579
3929
2854
1837
7220
6801
5870
4891
7123
6129
934
1110
2867
476
339
2456
412
3659
6602
426
6481
2032
1697
536
3248
3285
15
1103
2687
8091
1096
6734
3786
6034
2608
3200
2398
2634
6127
3330
4674
4703
3645
736
7133
6010
3741
2899
6904
5023
4325
176
7495
3687
5716
4657
7874
807
8107
7336
4901
5261
5418
4356
2614
5307
1384
3473
5103
3034
7149
520
1865
3830
2994
3477
3295
349
1891
6056
7901
4113
3309
608
4023
5552
2477
2074
3487
2591
720
5160
2527
4195
4660
7505
2185
6161
3903
6973
8119
7580
7972
2067
1654
1174
1478
6997
7204
2136
6762
2399
3568
319
5290
1621
5722
8082
2704
1510
5311
2945
7393
7997
2088
1984
3432
2071
7026
4055
6462
4262
4196
4144
3844
4884
2033
755
4596
1499
1680
6453
5445
3373
1203
6217
2953
922
668
1685
739
3280
5712
5291
4323
7810
6909
213
7838
7804
6461
2860
3340
2331
3439
7326
4167
2310
4089
1245
6624
7321
3238
2395
4515
1761
4550
5589
160
5331
4760
1503
7954
1561
7640
7341
239
499
8069
7623
5927
4336
7998
5871
5499
745
8042
6749
5287
7063
6608
1644
740
1131
2783
495
5562
7860
5333
1188
1657
1472
6110
5672
4251
6938
6084
4876
5711
6334
5276
3205
4860
7723
1039
4694
14
2974
1304
4141
5267
1790
3156
514
5122
1155
758
3052
5580
5587
6948
7094
5637
1023
5942
1820
6416
6863
1409
7417
829
2533
7508
2292
5021
500
358
4576
6208
6028
7205
7835
3810
7399
1696
224
3787
195
7274
5659
3537
6374
6163
3217
7253
6500
5086
2563
2100
2768
74
5919
2658
5824
3401
4427
6981
178
4084
7636
2552
6029
4431
6346
7576
6320
2901
1185
1977
5056
882
5356
2672
2595
7264
5655
7225
3839
2923
2838
5259
4638
6189
3237
0
3845
1959
6842
2349
5057
7412
726
1569
2818
8165
4801
4206
2978
6271
1861
2140
4255
625
2161
5227
2402
2763
4032
4106
7454
424
5868
2053
568
2887
8170
1736
197
4472
2787
7577
1996
7740
7226
3191
5546
2416
4007
165
5095
1727
4568
154
5258
6358
715
1249
5077
1468
7604
6818
1713
2
2206
1450
2464
5901
7501
7193
6412
3314
4981
4619
3926
1037
6077
3426
4149
4229
899
5799
6325
1093
7833
4848
4233
3522
126
711
6362
5169
6698
6743
4173
2020
2293
7473
6176
229
2123
3560
6418
2041
4741
7999
8139
6360
2826
1634
5989
7176
6132
5239
7190
5840
4489
7387
771
6905
3467
7799
1918
7878
6653
6915
7521
2448
1721
868
927
4745
3913
4390
4407
5938
537
5968
298
4950
4136
2541
196
2822
5622
2796
156
963
6649
374
5649
6392
5411
7163
743
1873
3596
2183
5858
6216
2522
417
2057
5604
6233
152
7178
7265
5964
958
2007
5042
1890
734
1246
3391
546
2681
4635
3054
6428
1590
5308
5365
7098
5329
1298
5014
3533
7858
4053
4663
2623
5805
3949
737
8089
5725
2548
4054
3966
6875
236
3301
6168
1594
6207
3424
1213
4060
2747
8156
4968
7108
285
6918
1846
5821
2133
7111
6007
5248
1732
6098
4369
4029
1509
1888
1360
6352
5950
7559
6021
1822
2107
2832
1156
854
6991
1084
2512
651
5532
326
1019
2256
109
1336
7199
7257
4249
2287
1895
3586
4271
4934
1372
1017
5001
1751
7033
1992
7805
4343
1111
1260
4843
4290
3274
1403
851
3755
3231
416
1725
2441
3685
7851
1715
5984
3638
3549
2913
3053
6817
550
6498
5623
5275
4403
334
636
4450
4330
1454
5089
6766
2691
1675
6717
3080
3599
3272
6722
1007
7906
4109
104
359
4153
5569
1251
764
698
348
1496
4400
3710
5159
7132
159
4333
4525
2274
8006
1459
3627
423
1851
1538
6479
6561
1392
3668
3567
3400
6619
3875
5970
6592
6562
4244
6829
5788
4881
6388
5111
4216
1302
6341
3569
5856
275
4414
7591
4797
2397
2059
5145
842
3379
5727
4874
7857
105
7340
3493
7607
2356
5985
7153
2856
2096
4319
4227
7922
1094
496
760
1912
3351
5971
6313
1572
3671
5641
5800
1437
1194
469
378
7003
7025
1024
4254
6039
7356
5020
440
7948
3781
314
1646
1941
6328
7551
4895
4625
7786
3037
6693
1342
1209
4499
5965
4009
7647
6004
884
4877
4498
4284
4777
3042
7109
6747
3162
3117
7776
5975
2754
2177
4163
6858
2408
1754
3975
1362
8038
72
4443
6888
1241
4463
338
5874
1134
4998
7652
7158
3822
3496
6444
6041
6180
6261
5166
7811
4685
5423
1608
6848
1556
6251
3266
5172
3908
1457
7269
4574
7603
2086
4521
6292
4890
3399
4922
1520
3160
5502
1105
6739
7144
2376
4687
6026
3149
2897
4204
1671
706
4406
122
2603
6306
1501
1431
1098
6702
1881
1879
3317
3240
3566
872
4276
3047
1969
5567
1960
3063
5429
4126
4602
6171
3153
2825
2865
5635
571
1399
2730
7824
6648
8056
4912
12
2933
3637
7289
7223
5142
2311
1031
4103
532
4433
1029
2237
6316
4820
4517
5644
2535
7119
1228
3888
2793
544
5896
7488
1339
5376
3647
131
274
1576
3578
6139
2494
4380
2705
1047
3168
849
879
7941
7537
8126
981
602
4340
6195
3210
6289
3783
7319
946
5936
1471
1413
6183
5632
4127
3497
7345
5794
4371
5958
7229
5388
6083
2406
2203
3303
1907
2224
1281
1455
3360
5993
5334
5218
2079
4128
6650
2555
1398
447
6635
4678
1936
7438
2035
833
7023
130
4011
7581
127
4310
6148
4026
5625
3382
4158
7449
6559
3994
3166
450
7331
1597
4172
2961
8111
7443
2884
3551
3835
3075
4292
3305
108
480
761
6782
1534
3387
5309
4523
2686
4051
3425
6248
6843
2297
5024
6854
301
2315
3550
2001
6238
1524
141
2797
2430
4782
1351
7362
7442
6847
5999
7966
4978
1063
1082
6493
2684
3446
5540
2699
5475
1310
5779
5149
6075
7057
5190
2126
856
8137
5468
6466
1773
6033
3582
6229
5918
198
4022
6318
2269
1625
5228
4894
6301
1787
1121
3856
5017
5561
3831
4459
3434
5692
6123
1972
1490
75
4028
7946
454
622
7912
5658
2723
2003
492
6137
7000
7181
3241
5283
1870
4670
3515
7828
1902
7081
39
7743
5125
4842
16
1530
4208
4644
1720
1163
6563
2501
2467
6666
1181
6322
2733
6497
4313
7173
4082
7682
5186
904
1737
4177
3159
2449
4720
2840
3911
6250
4747
5758
7631
2643
7993
2612
17
4970
5402
3395
935
4309
7751
4799
2064
2909
3765
813
6634
191
5431
288
5745
2019
1876
5433
6085
7919
7304
5050
3347
1264
659
8189
4822
7578
4257
8134
269
4243
5400
2984
7899
507
6017
7102
5444
4677
355
4544
7539
1785
3534
7077
6150
3061
3377
8022
1114
7971
7756
6046
284
5314
1514
2080
2085
598
1422
6534
2744
5886
4225
6645
3944
7347
2433
401
6134
8012
6703
3536
2779
7979
5104
6375
7945
1893
4676
3788
7184
7540
4166
2172
3739
98
5313
4021
1284
6151
3466
3768
1641
7557
4913
3384
4344
5852
6200
6571
1405
4317
825
4965
1784
2983
7296
676
6859
6897
4573
257
7750
8169
1833
6744
5629
4461
1277
2389
438
2743
1655
1643
6457
2719
3892
3429
1377
4304
5593
4150
133
5321
5452
6770
7418
1531
6011
399
6577
7524
1656
7358
7095
817
6191
4806
672
1332
7717
2952
3481
2799
2680
4148
2131
4228
6357
4759
2839
162
4424
1097
4882
2081
8043
4964
8052
4586
7538
7250
993
2128
6891
4286
1772
1447
3099
3082
2560
5493
6514
6409
1999
1845
3912
1563
5380
4626
2921
7728
4354
809
3342
4764
1445
6630
2137
7503
7781
3798
7468
8011
2154
3420
6750
5564
1220
7662
845
3868
7060
1408
5426
1557
725
1686
6348
6419
7826
5560
918
7879
4426
1415
6246
569
6643
3454
7800
6283
2423
433
4885
3697
8079
673
7211
3900
1346
4130
1425
5503
1688
978
4989
4519
6970
1043
1775
3051
5905
5801
3743
3488
1601
7097
4198
1149
3737
1689
733
5673
8182
6370
7544
7498
8003
3183
7382
2089
7573
148
1135
2234
2159
1060
8172
3934
7531
6321
6447
3619
1494
2002
6812
7332
1734
6675
22
7643
2264
7406
77
1442
4432
4295
405
1321
3579
6671
1886
4486
6018
5512
2031
3956
4933
2329
3734
1807
2486
1527
2230
5005
5516
1542
3101
5146
790
669
7721
2513
4005
5141
2350
2578
1600
2525
7934
2046
7679
808
3987
3886
4061
6983
262
3600
4768
352
7530
2625
2391
7230
3827
4606
5245
1642
926
2885
2483
1474
5828
65
6293
1080
512
7931
2174
3676
461
2278
7373
6088
2415
3916
2069
351
5678
4147
7536
5866
6566
1108
1920
6402
4892
4774
606
7567
2977
1176
3346
2632
4864
2400
2682
2498
4643
3661
6051
6696
3304
7384
1079
6720
7227
1118
7698
1477
2045
2701
4156
7154
2239
7700
6580
5434
1130
372
4585
7378
7379
1777
3483
5640
681
5525
4182
6124
4507
7042
1667
4985
5082
6615
6869
5233
4826
5983
4648
7325
8152
1221
6335
6978
4829
294
4582
4753
4365
887
5019
8067
5875
5784
995
5410
4501
3255
5404
5534
6790
8130
4693
2942
1232
2124
5084
5657
3561
5101
2910
6366
3110
7847
5362
4868
900
5244
2753
87
3177
6838
2317
1604
8032
6157
8120
7054
6573
4418
1585
266
2821
5895
2963
7688
4620
1718
5148
1717
3421
5863
5453
6294
1831
4111
811
728
6692
1354
7546
6560
1297
3850
6719
5351
7376
33
4941
4537
7758
2428
3708
8051
7680
4397
2011
7951
1279
365
839
1835
175
5391
6849
3716
7803
7644
5577
6164
707
6253
1486
4087
6282
3714
1602
44
1126
6639
1698
7494
8088
3564
142
3513
2666
5523
1573
421
5714
1832
6576
5772
7903
4548
7939
6049
1929
756
2027
7478
925
3014
7283
404
2073
5642
11
4836
6741
1622
3622
5595
2916
4709
1974
1631
5767
6522
7006
4063
5107
6836
7012
6146
7189
2849
2221
6291
6763
1506
7194
3416
4423
5241
5457
4531
7177
3992
2898
3915
2504
2034
2475
3105
7820
7342
7708
1487
7294
3157
7300
7785
6976
6810
898
2995
1662
6688
4346
2354
2751
6076
4171
8154
2764
4446
7889
7323
1620
6537
4329
5456
3778
8077
2929
3039
773
850
3092
3752
961
8020
2693
5583
5041
415
7707
7017
1436
2637
704
6584
92
1035
289
6727
7203
5340
1645
1132
2458
6336
1028
1270
8076
4112
5710
1980
5613
6962
2569
1595
3702
1049
5100
145
6640
2436
6400
4690
2811
7401
2912
5165
688
1320
7065
7309
