7594
4223
5911
344
3328
6403
862
6548
2801
4179
5319
6085
7224
2665
4521
5736
3033
5406
6814
4447
1790
1956
1480
4378
4128
4064
644
4073
2346
7158
6571
7427
4164
1589
1057
6206
2330
7579
666
3062
722
5403
4563
3080
5718
2429
7889
2667
7494
915
5757
3390
4812
6854
2453
1673
7578
1712
5416
2252
5846
2394
1627
922
3813
6064
570
791
5611
8108
240
563
2345
4429
7660
8000
4905
7026
207
7023
1361
1745
7076
5162
686
6893
1028
4287
7919
3164
2536
3512
3624
3075
1263
1667
7456
3417
56
1273
2356
5800
5473
4139
3260
4096
3996
424
1402
4831
536
4958
769
1153
1103
4400
1216
2894
2466
6019
4679
369
3641
6978
6104
1840
2049
5008
1403
6687
2994
2681
1280
3360
1650
3078
2639
2094
3314
3379
5388
4636
7178
3297
6035
3022
4143
5982
3437
592
5861
4779
8036
2678
150
4511
1580
7839
632
6627
5113
5088
3239
403
6250
79
3090
5454
1911
4216
937
5531
5101
7883
1570
2591
981
6393
4886
6725
1019
1752
484
5890
1202
4715
2783
4607
5724
6732
3198
2057
7677
1113
1717
2785
6921
6451
3034
2923
1006
6027
2179
4599
2799
2003
974
2283
4162
7438
5626
2596
2106
6369
6914
6442
3106
7192
262
920
5340
1265
6415
1638
7350
2502
4176
270
2534
1781
80
3200
3206
7939
8053
2824
7049
6331
1154
3877
4629
6904
6867
2124
5880
5573
5930
5869
2200
8122
4631
5600
2471
1979
7847
6296
2508
633
353
3836
1877
2622
5000
4460
5775
38
4462
448
1660
114
6248
4002
3529
2320
7673
2034
4001
7826
5494
6034
1760
4628
5601
3988
1122
1987
7496
5429
5233
488
1502
2245
4068
7359
5990
1483
6643
5389
7215
1891
3980
8049
4885
2305
3594
1711
1207
7955
1972
2876
1739
2366
2260
3497
7296
1184
3288
19
400
2996
6976
2586
6481
3602
1762
3561
3187
5851
5059
4493
3003
2604
4336
5970
3521
6233
6765
7008
2929
4488
1199
7631
1725
4942
6583
4316
7793
5269
6545
5519
7342
6051
3788
3480
6352
4345
2725
6125
1575
7080
2122
1920
7953
1730
3781
5251
7283
6029
1100
5
1391
6653
3254
4428
7684
501
2571
6715
2359
1338
407
7941
2452
1901
5327
7374
1145
3192
462
5094
3452
7819
2246
6374
3440
724
7480
7671
6057
1018
6834
2568
3795
2254
3269
7784
8157
6274
3261
5209
6384
3915
2750
2213
1218
2322
8064
7255
3782
274
7630
3095
1374
2840
2290
4008
5283
1999
1735
6073
683
7769
7206
6878
5150
461
91
2979
7601
4294
1261
2817
4342
6717
4897
3284
2025
2398
7949
6720
5141
5295
7472
6494
2535
5386
6974
86
5492
3070
162
6373
2190
3718
2002
5302
5557
141
4132
1237
4990
6598
883
965
5179
6147
7030
5743
6967
3113
2631
1428
7907
3291
3515
3350
4579
6336
5009
5548
776
6241
2263
7325
7803
1271
2406
1217
1293
1166
1156
6482
1716
7302
3506
1540
7674
1049
319
7900
7911
4363
3411
3800
4553
6589
5552
4163
7827
7656
7401
2354
1737
7810
6092
186
6316
5290
5317
2935
7502
5244
2109
5835
7591
1084
7661
2500
1276
6463
1302
3132
5236
8016
408
1491
1311
1277
6564
6970
2630
4512
7072
6965
7800
1639
1142
1257
8187
4119
4769
636
5542
1477
5630
3285
5730
5540
2055
6232
3665
500
7219
3258
2228
1157
7017
1976
1953
5452
689
8090
3821
2425
5867
5735
1715
2150
427
7768
1385
6193
7902
3616
4305
3382
2967
4403
3335
7345
4140
3545
3228
7507
4122
7319
7869
227
7003
2820
475
2272
5820
2642
254
2577
4477
2133
2844
774
4056
7620
221
880
564
3648
6949
2426
8044
3842
8041
1933
5815
3565
6089
1466
605
1123
5347
5450
2
6948
691
5697
2026
6069
334
1520
7077
309
2012
6011
2612
1788
7209
4843
3375
6431
399
5371
5668
132
7041
7363
1937
6552
2701
8169
173
5425
2650
622
4455
7286
2525
5250
4956
2863
2711
7691
7411
7278
3656
4107
5108
3617
5738
3096
529
2081
2843
2136
1037
1204
4605
2295
5346
7344
5826
1343
4903
108
3658
6153
932
3530
7424
4902
2395
1240
2513
4657
2720
2189
4252
1810
4786
6308
7062
5804
1098
4268
3650
1392
2806
388
5053
5741
6015
4548
2400
6006
3664
6584
7528
5069
6270
7735
6870
1162
5299
2301
7243
4818
3827
1996
2490
1970
4108
4927
5535
5595
2118
7440
7282
5329
8178
4760
913
6122
7428
3398
3999
1118
6413
861
5280
7560
2960
3241
3010
3677
1763
2605
547
1554
5594
1279
2712
6875
3524
6979
421
2117
209
5178
7545
4869
2415
4062
2595
1424
1836
378
1664
4507
2038
2533
7167
2554
6163
7796
7453
3532
4226
2234
1923
466
3738
2856
183
2074
4978
7358
2770
1630
2341
1535
1516
4337
71
5858
6243
44
5124
5426
5659
6517
7792
3496
3576
2262
8186
1587
7160
6402
2499
5137
3112
120
4844
5806
3225
101
3528
2804
7102
960
6078
684
3544
35
1887
5838
5255
977
4690
6217
5169
4392
3843
1532
5521
6013
3215
6793
287
4614
7652
3926
3548
1619
3150
5878
2188
1820
827
2229
3393
5664
4678
6776
2151
2045
4112
835
4543
5934
3144
2286
356
1980
4102
6404
3899
3025
5487
6784
1939
7580
2647
1964
6009
452
2537
2593
4682
7723
7816
5479
7441
2818
5965
5143
39
6737
2968
6291
7985
1404
393
6267
5200
1455
7701
2475
3499
2834
7569
7689
1543
6831
3848
205
5336
7477
1351
7700
7585
1998
2264
5164
5488
1577
6669
3982
5700
5913
3775
1574
8058
1488
1163
5802
2207
4049
5766
7754
3441
3275
85
4172
486
1571
5567
7433
4753
5510
614
5634
4328
5446
42
7273
668
290
1063
1080
5649
1779
8048
6756
3761
5304
1499
7629
621
4273
7915
2355
252
198
906
7779
6188
919
5408
3185
3771
3824
5148
7695
7005
2438
7244
6983
4144
5628
1011
2573
1329
5455
1719
1115
6569
3039
3463
1734
1506
5495
232
514
7798
7143
7372
6054
1220
1087
1607
2558
2664
3145
1294
2386
4784
1417
4608
3810
251
4197
4376
8072
6608
228
1386
5729
2383
7633
6824
3968
6850
2288
27
33
2435
5030
3407
1259
355
4634
7610
4
6848
7330
5051
4923
1323
5533
3628
5384
3436
5029
2023
3693
3792
1449
1741
7316
2115
1176
310
5223
7450
412
522
322
6440
4036
3727
284
5682
1947
6397
457
2679
6012
1471
5449
5866
2037
97
4086
681
1692
8077
6305
1010
772
1459
4343
4286
4250
7694
3719
3639
7190
5777
1969
5661
7020
1462
3816
7521
6493
135
5675
2284
3364
1952
2230
1111
5289
3381
5983
709
4370
7526
7973
4622
2078
515
2787
4201
2351
6880
4684
6039
5286
2657
7311
212
52
3525
3359
7715
3432
3304
6323
4698
4487
1125
3259
5528
2773
3105
4327
608
2656
6936
3320
856
5769
7683
282
6614
4518
700
7831
532
4344
360
159
6183
2917
2439
4819
4785
7081
6969
7742
155
1922
2282
6846
2899
5799
3467
7806
1552
7861
5391
389
1537
3622
508
2669
2849
5798
1564
7891
5748
6061
615
3586
2703
2214
4438
540
1662
5214
3429
792
6572
4531
2231
7952
5491
2529
3708
662
4588
4847
8179
6416
1405
2512
7619
283
5702
7443
4918
1401
6561
5865
5453
2875
192
5343
4798
5353
4561
6218
4046
927
3012
5025
6722
242
1238
1047
7398
7892
2708
7795
2987
6822
332
4519
5505
2050
7362
2524
904
1478
8180
5894
2064
3399
5660
3934
7369
5203
2559
5182
203
3263
7623
4165
7699
1966
678
909
1000
301
5622
4633
5063
3895
5836
1274
2211
4960
1753
2388
7148
3703
6479
7625
6133
5155
637
4482
3502
2310
2742
5830
6141
1503
3579
5358
3527
2732
1414
7137
5048
61
5419
5383
1194
4870
5158
4726
2953
975
7525
8004
5333
5068
2507
3278
7220
3046
3569
3138
4661
5558
976
7822
7746
3741
4830
5619
6912
926
6328
5991
5072
1020
7075
6155
560
5805
4015
394
2523
4335
6767
3149
2292
6840
112
7035
1088
4975
5796
8080
2212
941
8052
7734
646
1550
202
1393
4641
4811
59
68
7551
2532
6256
289
3640
3287
6997
1376
7865
4587
4280
988
3793
1463
5686
4209
7837
1586
163
2145
2382
7303
6518
1255
6733
2103
4295
8155
3455
1518
1995
593
6988
1945
1013
4906
2672
3937
643
7506
1551
7200
335
1476
6637
6709
877
3175
3585
2521
6079
1736
2349
1913
422
1777
110
6705
2082
8160
1070
1792
1935
6764
2325
918
6623
6081
7114
5860
5052
738
6950
7353
3871
7626
2786
6466
2219
4964
7804
4865
2373
3486
4520
3927
820
339
2882
3547
5253
25
5262
7818
41
6247
2516
8083
3666
7721
1460
4180
7599
7130
458
432
8011
7306
517
4220
2326
7181
859
5666
1834
363
81
1155
485
6335
1819
169
3256
2044
5621
6166
7191
6610
3487
293
443
4744
4436
4700
3101
1563
6613
3803
6044
5448
5228
5298
1082
4285
238
5413
184
3886
824
8188
4667
6857
4292
5833
2410
476
2579
2008
5523
4326
4258
6230
5430
6652
2754
2692
1059
3026
5341
6387
1270
6399
6615
6053
6519
1883
4243
1796
4504
7099
7467
1978
6694
4706
5105
6666
193
5165
5952
1930
5161
4094
2961
5128
4696
6041
3073
2930
1288
1986
1942
6946
5312
1906
1435
5638
2517
3158
2939
3960
7568
2905
5028
3483
4480
4564
3109
7173
7194
6272
2547
5893
3713
7084
6046
6099
5261
1283
7789
3773
957
8167
0
3611
316
7327
4211
3992
718
7437
3652
3111
7267
6835
5415
1694
5114
785
4124
6714
4583
4444
3354
7678
4935
4839
4644
337
695
3768
6137
5759
8002
2719
4776
4571
8161
4895
5770
4732
1410
6400
714
7261
6067
8098
826
3765
3029
5486
1023
7945
2666
6629
2788
350
3295
6439
1732
5879
6355
8081
2171
2447
3892
7994
1683
4687
6091
7125
385
3319
7473
4213
3746
6378
6918
7483
7603
6246
2481
4169
5955
3888
4594
1014
5722
4496
7233
3931
1812
2556
5118
2609
7250
3367
4864
3136
5288
3638
3925
4805
6290
6172
3141
2380
2336
5351
3245
5843
5463
4274
1512
5248
5715
4278
860
4996
7785
1165
2606
4005
2225
1808
2441
3313
4007
5936
6790
1890
5731
449
7349
1170
955
3327
3860
693
5074
346
4981
1859
4138
6204
7346
3076
998
3443
3905
429
519
4662
307
55
5764
1591
1714
3786
1894
6162
6540
737
7140
2137
5527
5460
5507
1064
1038
1671
3857
2977
3298
7334
130
4626
2421
8154
3884
2859
594
953
7835
5349
4931
1614
3449
1674
6428
2883
5117
5613
6619
4415
2007
6757
7704
6805
7898
2741
4999
445
3626
3851
2919
3392
543
5524
2934
6145
1815
6457
5604
4788
7552
434
7561
3812
8038
2784
4155
3125
7293
3723
5705
1278
3315
889
4202
60
5387
5065
4681
2374
1205
6173
8159
6509
4506
1583
7524
5149
2690
7833
5822
6388
7783
5683
544
1568
5355
2600
7138
6532
3444
3352
1759
1767
5424
5199
7612
5933
3179
4612
8190
5308
6283
7909
7943
7965
3963
1776
4871
7118
638
1633
3882
88
895
1681
7180
7123
845
291
3232
4448
1046
1746
3006
4277
2879
6515
7124
1654
100
3128
5174
6101
1285
3219
6030
2275
1590
7881
2648
7815
5639
885
5696
7748
552
7814
1598
320
438
7547
876
2854
3387
525
7196
2735
8141
2337
3032
2752
5608
1784
4513
5318
4441
7838
1211
4742
4233
5940
4159
7151
1029
2652
942
4581
6126
5139
7757
423
2728
7918
7108
5138
6410
7890
3363
6427
3378
7249
4023
5366
7056
4290
6544
2142
5554
5054
3733
6847
2846
5234
4814
6422
2884
5481
3140
4799
410
5517
7519
523
7300
3316
1344
3133
6437
5564
6514
1769
1248
4825
5496
8120
2514
6224
8067
6819
1345
3902
7083
2058
7268
1290
579
2601
4483
4827
786
4473
1807
3131
2921
7588
1797
6375
5585
5828
5373
4232
2724
3817
4922
1281
7903
1222
2088
6677
7485
7565
2470
7866
3454
6749
3170
521
2216
4555
6638
3431
1498
6703
1601
3809
3592
5932
5674
5631
2126
7409
526
5313
4982
1152
3016
5801
850
7176
1831
2390
5242
24
1665
1912
4749
3331
5609
2794
5691
7275
3720
6348
2504
631
5040
5032
7997
5468
4750
7446
5784
1366
1814
3601
3410
7505
2393
1749
7722
5410
5363
6920
3903
2467
601
7320
535
2683
4772
6072
4764
3523
3901
6165
2625
708
1961
6396
1181
2489
6864
6293
7503
4379
5515
7648
512
6987
6210
2357
4948
1602
3312
4181
609
7129
3629
6505
5985
4431
143
3952
1924
6063
7053
7535
2592
6628
502
4219
3981
58
2963
7935
6962
3965
3643
2329
3180
3157
6823
6468
3743
5041
2102
4957
3087
5013
6238
3695
3255
6516
8045
7069
8174
292
7664
2560
6497
2819
7170
4673
8109
48
69
3333
2353
2084
1245
1573
4315
1697
3721
7598
2774
2221
5212
5635
2946
3863
947
6884
4199
296
1101
881
1292
6203
5354
3054
1845
8121
4017
2056
1054
7001
3587
3425
104
1825
6810
1008
4874
6202
656
3779
2945
5184
482
7006
4395
6929
3235
6935
3489
2257
5276
6343
435
6455
6175
5293
7532
3050
7976
2828
3852
7101
6752
1773
6040
6576
7540
1372
5571
1789
2210
7895
7669
1158
763
4105
5135
7375
1032
7878
6554
5153
6470
3451
1337
2409
1175
6941
128
2969
3737
6998
6445
7536
5995
6298
3574
4845
650
6200
4699
2296
1190
5157
5844
2474
1758
6932
3675
1905
5297
6017
1363
6849
2542
1523
7445
2698
2802
2684
6579
970
7607
4177
3401
1640
2658
7028
6446
6565
8126
6690
1453
1754
8142
3662
8099
3086
7381
1247
4359
3498
5221
2456
4416
5502
3045
2309
758
6558
2384
3620
5285
2624
5693
6716
7082
1234
6773
3005
6349
867
3099
2101
208
7971
6829
5988
50
5119
743
2734
5301
1910
3097
7504
7112
7634
3753
973
7492
2140
4087
1862
6434
7408
642
67
2323
156
4584
2369
3828
3301
1339
5972
4757
5656
1584
7616
1030
1086
5645
5277
816
707
1458
6581
1035
5850
3954
557
1838
2847
3324
5136
7246
5563
5399
7523
2729
264
4041
6806
4572
3867
5857
2763
2247
5224
3668
2527
4264
7287
6271
4994
5561
5760
2777
6062
4104
2584
3237
3766
6539
1173
4205
311
4027
4300
7597
2431
7888
1016
908
3177
1555
1094
7232
6599
4030
4637
1860
821
1649
6114
4257
4402
783
3108
6390
5218
3679
3651
694
4842
3669
6395
1295
7390
6074
496
1982
3567
2614
930
4421
6827
8040
4806
4597
7553
7471
5733
5147
2317
2695
2170
7632
7832
3294
6573
1239
4947
6113
4797
1364
6258
6055
3875
253
5034
7737
777
5264
2075
2093
2361
504
6117
4299
3233
6746
8032
4809
2881
5160
1661
174
1609
6036
6986
6651
6284
1944
2633
3762
7366
3188
409
6774
5185
382
4573
4065
7562
3428
444
1866
7846
6817
2174
4025
2446
2530
1921
119
294
7845
3674
1616
2147
4103
7387
6605
4619
3610
7096
1670
7531
5672
3224
6585
7058
5066
250
2381
7131
73
6353
6198
710
375
5183
1943
298
326
5584
1321
7584
4456
179
7417
4071
5704
2830
464
5509
6995
3418
2487
4405
1669
7054
5039
342
6556
7577
7301
6877
6959
1024
5171
6989
4676
5919
6417
401
94
2087
5249
623
390
1522
5716
7207
7914
6813
7092
7663
841
4058
6685
4609
5382
2149
1215
7983
5079
2832
4296
761
4028
7031
440
1250
5112
6304
189
5901
1137
2268
5577
4866
4848
2123
1
802
2674
1026
1813
1360
1132
2249
6042
987
2789
7730
5385
3584
6421
2021
4413
5999
7776
7422
712
625
1495
1885
2764
5046
4660
6894
2042
7193
3605
4151
4072
8104
7312
5536
7098
1055
2396
5734
2001
7421
3201
7391
1096
7395
6430
269
5027
7933
3606
5378
6794
1985
5227
4873
4932
3114
7755
4702
3759
5967
1536
7668
2907
1867
8131
1829
3119
7998
3479
1710
6182
2457
3273
1566
2982
6952
7231
368
8046
782
4437
7548
6406
4398
6524
583
6766
4761
7937
122
6360
2217
5012
2904
966
3405
7126
715
4368
7216
1144
5514
2608
66
6118
6005
5886
7887
3329
1940
7767
7059
7908
5914
3951
6853
5602
4010
1258
7414
1617
3750
7347
7493
4569
7608
5928
6094
1077
5749
2585
481
2505
5420
5376
47
136
7751
4497
8008
6452
6140
7029
3124
4713
8143
879
4736
5064
7254
6520
6060
6963
2715
4309
815
2011
4988
6285
1556
5258
7813
2910
338
7688
4541
6851
3447
5562
2184
7575
5750
318
4261
617
2931
6337
5337
7724
2014
2710
7426
6753
359
3823
6082
7931
4110
7434
1336
3055
5959
3166
3685
6159
2339
7397
6180
2938
396
5432
178
1682
7292
5323
6718
4613
6277
6838
6771
2090
2902
2227
3948
4595
1442
2906
5944
1425
4663
831
4800
4420
1151
2437
2300
2943
2016
6300
863
4937
2089
675
7288
1114
5971
4372
5057
2061
3603
929
4369
6675
2755
7974
6178
222
735
5643
4120
5788
649
494
6586
7731
6656
767
7211
797
1387
1301
3195
5767
4314
1699
3189
6124
3221
872
247
4075
5392
2416
4042
6622
2098
7606
7134
5906
4502
868
3143
676
3850
807
6322
1208
3698
6682
371
629
5237
1724
4171
4126
6261
7958
8105
6002
3573
7089
2574
7225
166
7556
8059
8070
749
328
8130
6454
4070
4427
5266
2538
6096
3357
4183
123
6501
5390
7761
3356
1666
5713
1203
5056
2492
2280
5669
3621
4731
4465
1928
6594
8147
6418
2640
6692
3751
7458
5314
5095
1264
3578
5275
2635
5401
5211
4677
1226
2545
1818
6966
7147
4385
5763
7452
2549
3876
4426
441
5144
6984
3302
5208
572
6297
4406
7904
6902
3084
4766
7893
436
4377
1895
1389
7263
2144
5555
153
3702
3152
6281
7781
4954
3939
1379
5579
5146
7554
161
7899
3839
3593
3247
1326
7343
4730
2541
1342
5522
5271
6633
5205
2177
1079
6830
4190
4792
387
2976
589
6097
4330
4018
2399
739
1855
3305
2793
4066
3941
2385
106
275
3279
2397
3522
1771
1702
204
1289
3373
3684
6018
2582
2548
3872
3655
5629
8091
1874
4210
3249
6738
5673
6164
7602
7019
6855
5222
3724
5474
4972
4281
752
7235
4200
3181
5077
7203
6698
3209
5687
8085
6957
6242
4422
6667
3818
6747
5607
5217
7982
5544
6891
2602
4841
6947
1780
1993
6469
1369
7061
7758
3280
6775
6634
4771
7198
5335
6120
2915
5489
3243
5348
1349
1036
4711
2253
702
49
773
8165
3985
3282
4320
4390
7305
1579
1909
7169
1368
6789
573
6033
5976
1691
6758
439
4693
2898
6922
4997
3619
4067
3488
745
663
2826
3083
404
2730
2918
4758
1241
6181
3575
7875
8135
6476
4408
2862
3120
5918
5939
5771
4539
7486
4680
7135
31
8191
3949
6253
4170
295
4985
5493
218
1827
5617
4586
6007
1917
1419
5451
5903
1967
5292
3701
801
4929
4505
397
5123
3122
1341
4592
2375
4012
6964
2157
6215
7714
555
736
2616
3657
5790
4306
6389
2100
1636
5997
3474
7611
6414
51
498
4536
6841
3534
2020
268
8063
6504
4224
7416
4600
3118
2768
7823
7533
4973
5926
2130
3671
4778
1844
5745
7351
2287
7743
7546
1799
3030
4373
760
1990
1709
327
5431
1243
2702
7484
2778
8001
1253
3509
5476
3321
7204
4389
3760
1097
4113
1984
197
1083
8111
288
7463
6730
1043
5657
4852
1701
5023
1179
4665
1304
6543
4121
7338
6169
5636
4625
3646
4883
5762
1021
3213
5752
1582
83
6311
1141
1504
8029
1183
2360
7986
1744
5551
2432
4532
1017
789
4979
4565
2739
1875
260
3682
2603
5969
4397
3071
5637
6435
4590
1060
5173
4898
6225
7934
7111
5986
4469
1221
3248
7566
6151
5778
4160
3730
7740
2565
1648
490
6303
721
2589
4606
6502
426
5469
4092
561
4454
6648
2340
787
935
7161
902
1632
7348
7825
5188
6491
3942
3745
5616
5624
6279
5482
4949
6621
1002
5019
7419
5845
1031
983
165
4697
6681
5873
972
2033
8150
1256
1068
2511
2128
4709
28
2496
3807
1107
1322
3067
5126
5871
6549
569
5633
4237
5501
1623
2419
1324
7240
2178
5706
4357
6475
5078
1313
2986
3123
70
5856
6869
3197
1544
4182
7686
3840
32
6723
751
8075
3614
6052
1679
2334
1765
4767
6299
6365
5987
2114
379
5975
771
376
5235
7636
4141
731
1213
2119
6265
2688
5369
4748
6660
6533
5814
1787
2925
5623
1308
1490
7340
510
4900
1325
8042
3734
7184
182
2201
6885
993
4498
6144
1300
2319
3165
1058
2675
4893
2865
4525
3208
7294
1481
8189
3549
6797
6639
3894
6562
5908
4643
4707
1106
2448
2302
5320
7377
4085
2673
6433
5834
6495
352
4924
1994
5907
7468
6263
5779
6612
3389
7002
1631
6711
4654
5220
6324
8158
5612
6647
5885
5140
7716
726
2619
3027
4231
3193
6483
4050
2901
3153
1065
5462
7741
3526
7399
6901
5813
3134
4386
8082
8176
6601
6354
4821
4966
3758
456
7177
3588
5559
3577
8093
6527
2304
7872
5993
5191
354
1869
5794
1850
1421
2510
8114
420
7188
3420
2903
7222
1525
6546
8153
6486
5568
2465
6371
256
7762
7543
4834
3556
6346
5245
4755
506
5402
4212
7938
1805
6650
6280
4303
7132
6755
2815
3391
78
20
1335
2797
5049
7213
2160
4475
3508
2477
6568
1690
2063
2992
6090
5321
4489
6121
3763
7406
775
6131
580
794
3376
4325
3456
6128
213
2745
1396
102
4269
5957
7479
3276
8047
6778
3347
1816
7065
3580
3482
5219
1071
5076
1941
1848
6536
6534
2240
7466
3814
5803
6574
6377
4659
7221
2420
5256
2837
3346
7574
8079
4782
685
1676
7864
297
8145
6944
1004
2733
7214
7227
914
4442
7858
870
680
659
6219
7927
7257
2387
4052
43
5590
7315
1355
2814
1742
1703
6474
613
3864
1269
1542
4773
6408
4857
2372
6251
3426
2306
5525
6780
3169
1371
3909
5273
5361
1974
4987
2654
2540
2833
2299
1663
1214
2627
4167
8027
673
7120
1786
5272
493
3309
2472
3017
6344
4546
5060
6447
7801
4419
2761
4152
556
7499
4145
5732
1312
549
5206
833
3729
1127
4551
5106
2277
7367
1438
1164
505
4879
2956
1902
1475
3983
1539
138
3007
3849
4517
2578
7454
7753
4051
5379
5031
2153
3211
7498
1657
5642
5870
124
3699
2771
7841
3362
3001
6260
951
5186
6245
6359
201
351
4084
6689
5204
3412
1340
303
8163
1177
6672
2716
3252
7032
6761
978
340
3893
5461
3742
3453
2096
4998
1546
2713
4901
4245
1415
3715
4685
2289
3129
1644
4439
3690
4329
1485
5605
6292
2912
4846
6001
6208
1733
531
2959
7850
1723
3162
2294
5862
7764
928
2226
7284
3072
2812
698
4265
6380
3991
1298
5404
7071
2580
7241
4228
7924
1319
4725
7439
5849
8031
4353
7703
7709
1167
3920
3973
188
1408
2781
3501
2991
3856
4262
2473
924
2723
6500
2335
5694
4118
3568
5747
4741
3563
4719
1738
5080
194
6587
5201
4526
4313
5854
4701
7573
7790
5920
5648
6591
2888
2331
6229
7242
8107
6604
4737
5176
1433
2993
7712
7245
7482
730
1576
788
7183
5103
5274
2164
1487
923
7844
2803
7365
7066
1822
1474
7333
3747
2270
5994
1511
8118
3869
5703
7572
4576
4747
63
5018
2634
4552
1547
3820
1193
7522
1962
7947
2006
366
7276
149
3870
271
3406
2491
6460
6868
6731
4414
799
7415
2077
2343
2973
5207
944
6553
8030
6820
2313
2218
4591
875
8078
2880
6661
259
6719
6908
7046
3238
5714
3477
4174
2318
688
3163
2791
7042
2067
8010
5085
1880
7984
4494
1140
1076
4423
6154
4620
7262
1562
6398
2933
3976
3735
6510
5761
2964
4790
4188
7772
828
6028
7074
4411
6177
6816
4321
7179
2944
768
2244
7015
6828
6282
2957
3783
8035
5339
1427
808
392
5532
5503
1117
4616
4910
2138
6023
372
4298
2379
6763
2086
4686
7036
6189
4474
7644
2760
3865
7091
2861
6498
1236
2638
4026
4860
2365
2999
7336
5193
3555
341
6858
4823
1416
3683
4194
1955
5395
5044
1134
5953
1188
3257
6630
4430
5905
6641
1761
8112
6472
276
2495
7043
105
7063
6934
8103
6148
780
4283
7329
934
6611
3469
949
4666
84
585
1390
7520
3442
2097
7871
1515
2198
5839
7621
5896
6640
7799
7238
7309
6631
3416
3904
2588
7541
146
6991
158
1482
3424
5539
7508
3978
3854
8181
671
4669
5441
6815
2255
4450
4940
7886
4235
3689
3987
3434
7987
6157
7995
7860
2376
7291
6678
7474
7404
6513
7459
4610
7667
7025
619
1003
5973
4868
836
140
6448
4394
5405
3337
3975
7774
3505
1531
1044
2392
261
6843
1642
3897
5145
954
7966
164
1130
6240
3397
7948
5043
4648
7323
471
3116
6792
6438
4535
8137
2427
8017
3438
2311
2857
7295
4911
2176
4962
6925
1718
3922
1832
4206
4817
1356
5129
6080
1608
4083
6309
7615
1740
747
4568
489
853
3493
3484
6191
588
961
5437
4642
3754
1549
6530
4820
2893
846
3546
3831
1853
6919
5717
5900
3234
2121
1129
2927
7389
6699
3161
7849
7142
1886
1750
5444
185
2024
590
7747
4840
795
3994
3858
3932
703
7013
3691
5001
5792
5883
7510
3178
4311
6563
4712
4244
2623
1748
2046
2239
1434
5294
1505
3053
2758
4150
3956
3767
7787
430
5625
640
6644
2347
3631
4752
5300
7141
6801
5239
4908
865
5915
5909
4291
7394
7318
2316
5375
5414
4853
5372
302
7836
2455
5287
3887
210
6890
1041
6818
6266
4912
5847
3859
1493
1841
4358
3604
4704
2019
4365
4106
5943
4495
3014
278
958
682
3271
1232
4242
7052
5483
6708
5719
704
5889
4272
6881
5409
7230
4142
4740
4728
5516
690
6372
7150
2051
7777
5254
4537
6606
5984
13
3789
2562
5610
1318
628
4542
1849
3972
7702
2165
805
596
6578
4341
2248
3696
6597
3196
6026
4759
3537
2522
2762
3618
5831
4217
4907
2312
764
1225
4909
277
7876
5895
4544
4889
2900
6107
2172
3540
5793
7488
7166
4575
1066
5902
3173
6329
7637
2825
3919
4301
6411
7048
740
2564
6787
7085
5921
509
7901
5853
7373
1357
6911
2083
7239
3
3825
639
7324
5543
1743
2705
2080
3570
2159
7921
7356
6136
3550
7088
5547
4467
4540
6863
5102
1186
2637
3289
7745
370
9
1915
8156
5229
6928
948
313
7321
402
6391
5720
215
2486
3242
3465
6800
3266
7635
3135
7212
6542
1330
4380
4029
4953
7107
4630
1558
7681
4824
3303
15
272
2618
2576
6503
5888
6226
6196
4184
7586
1925
7951
3240
1798
3459
7581
1852
2937
7289
2821
674
1898
7538
308
6045
5663
2867
2808
2590
6275
3908
1757
1513
7016
6320
1612
3281
3422
5751
5478
6673
6693
744
4367
2192
3739
4024
7719
2483
3409
7852
7698
4691
1889
2539
347
7539
8024
732
7713
706
1688
2076
1497
3130
45
4739
3002
7957
6883
2468
4795
2265
7929
1578
4768
3069
2941
6071
7511
1553
6616
912
2972
4322
6139
4770
7877
1626
1112
1989
2506
1892
2889
2827
2291
1517
6602
7706
4100
4384
2926
2073
7834
6526
7045
6741
2696
7202
6649
6924
4876
5961
3837
8106
2368
6871
7012
1334
2790
2891
7115
7710
5695
4440
2651
2072
7940
1116
3554
1133
223
257
1828
645
8116
3541
551
2693
2162
6358
3159
5484
3430
2405
2660
6014
5765
2463
234
5459
7600
996
5786
2035
3366
7260
6882
7299
4011
3883
7384
5498
3732
6334
3343
5942
2039
5529
7582
2531
5021
2736
7104
7765
224
586
2985
5708
362
7923
1260
7604
1307
7840
6975
3680
4037
1436
4867
4156
258
7766
5582
4887
3272
4632
4266
520
1209
3220
4556
5322
8007
6310
3935
4069
5232
4449
6511
7157
459
6307
2362
5537
5658
1067
3139
5520
5374
312
5475
5667
4310
4952
3709
4598
357
3154
142
6420
7079
3615
8013
6740
4916
7040
6444
984
5679
7448
8066
2116
4350
7500
6058
5966
6379
3660
1868
4033
6362
3374
1548
3711
4538
5368
21
6022
5447
1147
576
6459
854
2653
447
7322
6980
3943
4717
626
2662
871
2222
3551
4926
1353
5692
8025
2766
5296
1843
3598
2805
882
1287
5922
8168
5511
7558
4332
858
1932
6424
157
4993
6401
5641
3841
5007
7537
3421
6593
1007
1747
3990
606
8012
3645
969
3636
8127
5240
6541
852
7068
4529
3879
6788
1469
6016
7298
3268
6313
2509
3819
220
4763
3881
7707
4248
2749
7259
5711
5677
3707
830
5946
3341
6376
6981
6671
7172
1655
3470
7370
3475
5362
541
5572
3835
2423
3681
1347
7425
7464
1119
4099
8144
5497
5816
6076
8014
7725
4246
905
3191
416
6150
8069
1963
3290
1567
200
2250
1039
5284
6207
6464
3098
1613
2031
7156
405
3102
1437
8134
1678
3900
6907
713
2091
7121
1223
4137
5810
3264
6507
6458
603
1756
8182
5075
1519
4451
6842
8164
2060
299
5589
5530
6809
4783
6795
7004
300
177
6798
4793
3091
2555
7253
6837
6865
5011
7640
6580
280
5837
2053
6405
343
6077
3085
7086
6332
1708
7605
1244
723
2273
4577
2186
6994
3227
6024
3566
5356
2995
545
3004
5859
4446
1346
2424
2962
6184
358
3873
2965
754
4890
5120
6467
3898
1560
4034
7105
3845
428
6595
3024
7144
7070
2747
3778
7797
6252
4593
5225
6859
5565
3503
4986
4570
1267
3833
729
4774
7517
1680
3433
4547
3686
7223
7388
1704
2853
4225
6093
5981
1332
6782
5773
2195
4338
7470
7786
756
2378
4125
4136
884
5824
2597
5575
6951
6295
5465
2278
1599
4088
219
4574
4762
7590
5125
8139
4360
3804
4585
2267
1441
5190
2182
7103
7550
4371
1929
1864
5070
3021
4508
3953
3802
6321
2822
3060
7665
6812
3253
6314
7432
4417
1470
8171
4627
770
2707
4293
5787
7771
3688
4884
126
577
4514
5393
4055
7368
553
7824
2485
3089
5842
624
3445
7009
7308
4057
6450
3020
7218
985
4082
2454
2285
3306
3625
211
7726
487
6899
4946
4787
3832
7979
8019
2984
5033
3190
3088
4658
214
4173
8087
3847
5267
8170
3510
1918
1581
1854
2010
1772
6695
170
5904
4115
5443
8101
6676
4339
1726
5925
5116
1461
6844
5545
1637
7749
6032
2194
5472
3334
4178
7332
5360
4803
4097
604
4672
2183
5817
3222
4989
2266
5082
3036
7481
6037
7848
7738
2494
3038
1229
4992
1695
171
6839
7442
133
5956
4149
3107
89
4090
6471
324
5500
3353
5062
1146
4602
2676
5937
5945
3439
4780
4133
5581
559
3296
567
2430
1888
2135
3466
7402
2659
450
6008
2951
2641
152
3989
2950
1161
2238
3676
453
7145
6811
6770
1303
467
4035
1451
6993
1102
5776
5774
4589
4229
1398
172
5781
634
6807
5566
4093
2497
2566
3945
1501
6156
3914
2543
279
1382
3947
5434
778
3961
1034
7094
3446
7189
5338
2202
4559
5345
3491
3998
7357
5091
7752
2166
7095
2013
2839
1444
6176
4282
7024
325
3283
2298
4198
5331
1406
1858
660
6557
4484
6127
6888
4804
2682
513
3414
7489
7563
6031
6364
6729
7175
7956
5334
4275
2908
4596
2567
2205
5084
5014
6276
6119
3176
1206
5421
5574
2279
7843
1530
1496
2864
7331
1282
2810
3423
894
1182
5898
4723
5309
11
6759
317
7093
4391
2975
3627
7297
1628
4048
6521
1447
677
4468
7930
562
3174
1105
3862
7780
4239
5809
7614
3457
2414
2070
3104
1062
3044
4936
2269
7087
3074
2154
4983
62
1056
5518
3481
5423
664
2237
2389
3661
2920
6340
6537
6110
1934
7355
7021
2557
3370
7959
803
2860
3068
6489
2981
4424
4308
4615
5122
4970
2125
6866
8149
4158
2727
6000
5433
3790
480
3277
7515
4862
7981
1228
3028
7770
7917
1168
5004
4976
4550
1224
1605
2065
2966
5394
6525
398
7744
7811
2717
6070
1126
6116
8034
6990
1870
4603
8173
6915
4796
5058
991
3504
6209
4650
3889
7773
3339
1299
2870
463
7897
2187
4971
2332
5238
8097
3300
3485
1317
4255
411
5587
1479
4826
3317
7653
1251
285
1603
4014
5370
4157
1489
2954
5504
3591
4148
4861
8100
1284
6262
5881
4168
2621
1445
933
3853
4434
4463
2308
8086
1651
6216
823
6134
1367
5213
1191
2670
4218
6443
5823
7396
5852
7
5962
1645
2163
3571
5367
7926
4123
3966
2444
1025
6886
1824
5090
6366
425
4683
4471
7271
3613
4476
7788
4582
5194
5167
6754
4374
2594
8021
7153
4081
733
886
4208
7274
137
6663
1863
4117
7326
697
2646
3100
4653
2108
469
8148
7651
1700
6473
373
7961
5680
6635
3808
4478
7487
8074
7380
34
5268
5278
2156
6691
7382
7444
6342
716
7251
348
3231
4130
6977
3595
2433
2173
2796
216
2726
4356
2459
6426
1686
111
5618
784
4334
2997
3127
2738
7050
4833
2338
956
2450
4472
4558
2054
5650
3838
6889
5127
5690
4921
187
1138
903
4203
3722
6618
851
2751
2775
5380
6392
1252
3844
6025
3964
3717
5015
7272
2069
2528
2874
7567
705
3048
1246
5827
329
470
6683
4080
2823
5177
7808
7977
8096
3815
839
5811
7967
2668
4053
3156
1775
5791
5357
5022
6898
1606
4562
5352
7378
2241
103
3461
5342
2866
7279
8138
5783
5678
1426
3946
323
6560
3427
806
1881
5583
54
3516
7174
2155
6953
7361
5166
1615
4452
4388
6190
8043
5710
2779
7649
7197
1297
4396
5723
992
2978
7352
734
176
6724
3403
2112
1705
587
1187
4822
3940
5427
5899
8184
5868
2855
5698
4031
7199
2158
5640
5071
7643
7820
2460
5181
6160
5897
711
878
1472
3344
4877
4501
1931
2498
3600
7557
1418
3891
4849
7658
5270
5864
2743
6368
3148
6996
168
6453
2030
699
5152
2759
2047
1959
7853
3971
1687
6588
997
5591
6294
6287
1005
1420
7932
6213
3880
848
144
7127
4116
5597
616
6958
6484
4146
971
1081
7920
4695
825
5241
4351
687
946
4204
333
7991
4089
92
1148
5172
1893
6419
962
7972
7360
1851
3725
8094
2256
3562
5662
5151
4227
6938
3791
7879
6942
4491
7217
5407
7364
2970
654
3969
1450
7133
2000
5180
5303
6523
1198
635
3460
1381
3246
1467
478
4617
2798
4324
980
4919
7337
7430
6109
3402
3797
5807
2276
6933
2769
3984
630
3203
7060
4920
907
3476
2242
1286
3094
4655
1658
7990
1559
4509
5087
3513
4500
1958
1388
4724
4745
6004
5197
1439
95
147
1731
4193
5592
2772
4656
5782
1227
4980
7720
160
4720
1592
5728
4000
1120
7812
241
7469
5457
554
2206
900
5596
5755
2480
3103
6228
6713
4675
22
6802
7570
109
1507
6879
3744
3171
1331
3115
4951
306
7527
6658
6478
6197
4567
2043
4754
1452
5435
3635
5954
6596
5196
7285
6739
4645
5758
7859
5490
8050
6559
5377
4928
5829
5168
6425
1095
857
1635
6632
6916
1397
1090
6038
990
798
607
652
4381
6239
7403
1802
1352
6201
5772
7760
3538
2581
1842
5665
7136
5606
1588
1178
2215
7435
2146
1231
5310
6066
468
4288
6075
36
1131
7113
901
1358
6745
273
5471
5050
4578
4485
2028
3057
581
7116
4059
3311
1878
5400
4856
3805
53
460
1826
7639
8129
6547
6872
5305
7587
419
181
5109
2868
866
7310
4727
5726
4187
6670
1305
7514
2610
3776
3726
3274
7269
4470
7592
2022
4858
6068
30
2816
2896
5485
1192
2519
653
2699
6701
3714
2644
5599
4166
4127
3182
6897
1384
417
7270
921
4815
3642
6149
4649
1235
6617
647
1383
4347
6826
6786
7680
3906
2404
2348
1873
7090
1721
6234
4944
5438
3938
148
842
1904
1328
7555
5912
1350
4284
6325
1454
7867
2632
7885
3706
1948
3539
349
844
6227
4635
4349
6590
5980
2661
6575
2134
2180
1728
7882
822
2704
1770
3609
6906
4249
6744
3597
2746
2095
1171
4527
7407
2040
2342
442
3511
5412
892
1072
7405
7534
7862
6319
2887
1446
7529
1327
3784
5259
14
2062
4721
8140
4618
5884
7916
2873
6833
4267
1545
1957
8113
5332
7960
367
5958
2697
6930
610
82
3599
6927
4939
1936
2913
4516
4340
6796
5538
6480
950
4743
474
4457
2209
3383
3167
6103
4399
4129
4850
849
4995
7807
755
4801
804
898
6326
2436
2572
6982
6111
1052
7497
4114
3974
8117
1706
818
4276
2807
243
5330
1272
6477
3121
7410
719
7925
7627
8166
4689
727
87
3015
5646
7988
1951
3212
1050
4639
3415
3596
7436
3830
4533
3874
5350
93
6499
2546
7186
2599
5281
3673
4304
1647
5998
6735
7922
1508
4004
3806
6999
1362
3065
6146
5644
7624
4109
2501
330
4984
5325
57
2004
446
3921
4425
6582
3388
6370
4554
4963
3236
6799
6102
3142
2518
2048
4549
46
3514
7609
2980
3507
37
8073
1677
701
3910
6808
1611
5588
8172
5359
6913
2971
1048
7863
658
2570
7732
7659
6194
4810
6490
6785
4894
7696
6214
2757
233
1561
6972
4364
3531
1169
99
6049
3780
4111
6662
5821
2169
3552
6135
5099
7962
7530
989
6264
3250
2152
8162
667
5246
7676
1456
4566
1394
5506
7778
5047
5603
7379
3923
1782
910
121
4899
3647
6954
4095
7067
5067
2800
5578
620
3251
4499
131
2350
7729
5055
2139
4236
5707
6351
4175
3728
248
3126
5439
746
7264
5685
2027
5754
7413
1689
2445
231
6161
2224
5780
7509
762
1432
1139
5576
7980
6762
1012
314
3885
7376
2274
8065
1803
6106
725
2367
6751
3270
3918
6010
952
3322
5132
6626
6100
5832
3748
5216
4006
5569
2105
1197
3199
6645
4263
7210
7884
6423
5006
3794
4302
6327
968
406
834
90
3785
381
7195
6674
812
672
8092
3023
4222
5740
6654
5202
720
7475
5133
533
5620
3543
2358
4461
2932
887
6167
4765
7462
3826
1110
1791
383
6937
6668
3047
7034
6432
6338
4651
145
6876
3697
813
3058
1465
4668
3361
4153
7154
2493
1919
873
5727
6570
5440
6783
3694
8022
2131
1876
1856
4624
4393
1926
611
4781
3160
3633
5142
809
618
542
7159
6734
4515
7794
7201
4945
2197
5026
2071
6385
65
963
3687
5417
7139
1916
6244
2066
4716
3542
491
7964
7478
6130
6945
964
7896
507
538
5874
7490
7910
7708
7733
1914
599
2462
6088
4047
3678
748
2251
305
3336
4959
1242
4003
7576
2848
5938
1572
7073
3490
3051
413
571
8005
2036
959
1320
2851
3950
4914
2167
940
584
6361
5876
7670
3764
6931
1306
4640
6394
2628
6192
3223
5464
5614
8039
263
793
4256
472
925
1533
6506
8123
1180
2092
2478
2922
2199
1423
2607
7717
2753
7868
6108
3473
4346
4816
6301
7518
6688
7354
7944
6600
8088
2461
7022
1872
5344
1092
8037
6657
1009
7457
7014
5935
8054
2314
1641
3500
6382
5307
6923
994
4967
4917
3186
7119
7106
5418
5210
1468
4756
2204
4611
1857
6845
4318
6710
6620
4032
5795
3450
7237
2811
7110
1051
4040
2469
7304
3464
3042
7638
5243
6083
5156
2626
1835
6821
6143
5701
548
7226
7905
5841
648
7392
3386
3492
3494
2714
2947
2271
1751
7542
3533
6624
4361
8110
819
1534
1135
3787
7544
4289
18
2721
7078
612
1991
8089
1809
2015
6659
1075
7449
1514
74
4692
5923
6696
1529
2370
2598
7451
6152
1380
40
4694
117
6750
4192
2196
1992
3866
2328
5121
7495
4851
2344
5252
6170
1440
7266
3557
3583
4091
3612
3217
2689
2841
8146
5037
2700
2553
847
3944
1200
3670
692
4835
1696
4524
1594
4647
4708
4195
3267
3377
483
2691
2795
670
5154
2458
6461
5198
5739
3560
5260
595
6056
2377
3582
3907
3419
2792
7047
7234
2845
1565
107
6449
7657
3077
2611
7400
3230
3700
2709
999
3338
5586
7622
7873
6086
4991
8128
1804
1720
4859
6259
8026
6680
1143
3912
7109
1422
931
1785
1015
7672
7412
7171
5950
3890
3081
3979
7431
1973
7429
1646
6992
267
1783
5676
384
8185
757
4247
7842
418
2694
3590
477
1774
8095
6105
5670
8133
4234
3644
1882
4331
6968
6697
2232
4333
361
304
3769
5882
7828
7122
1443
4855
7817
5549
3796
6168
1811
7393
6485
916
665
3394
7782
2813
728
8020
1399
235
6736
5104
4882
26
3896
229
4623
5231
4186
7685
4016
5513
3064
7037
4404
5111
982
6383
4319
3959
1315
4459
3623
6961
7000
6512
2852
4838
4254
3834
2440
6317
3752
7549
3049
4943
5086
4664
1755
10
3396
7641
1847
5812
891
154
2223
4733
3041
6748
3408
2079
7693
4950
2185
3043
753
7465
995
2526
6220
139
4214
3736
249
6205
8061
4888
4481
6412
5470
1968
473
5466
2059
6508
1846
6333
3672
7996
4930
7064
2181
75
5681
4968
1411
3137
4445
7018
7989
17
7583
7687
6940
5941
967
3928
5789
7011
3056
2706
1634
6273
2476
98
1938
2418
125
5689
1823
3967
3607
4453
2948
1124
4238
1348
4009
1069
6488
4387
6487
661
3151
1595
2765
1624
7968
7007
7727
3471
4941
6550
8183
1149
72
1524
191
4362
1040
1022
837
1375
5651
3995
1262
7851
244
2307
7805
7978
7857
266
5891
6235
4418
7386
3008
1099
4813
239
5247
1395
1600
4503
627
4829
2371
4808
2099
3308
5396
5093
3667
6123
2412
1195
1659
6441
8028
7236
4791
5699
5819
7328
4312
6566
1296
3348
2748
2928
5187
3226
7149
5061
5989
1159
5442
2411
492
1557
2408
6381
315
2018
6185
1521
5035
3962
7247
6887
6407
395
3385
1233
5020
3340
5092
5398
1997
1596
3756
6257
5010
2983
1672
591
4410
2924
8023
558
3093
6896
1871
6684
6856
6087
3517
6496
7165
5163
5655
364
7936
5467
7711
1971
539
7229
2085
4703
7152
4974
4671
1484
5195
1693
7642
4729
2587
2613
4892
1160
246
6386
2203
4038
4557
1830
2120
2680
3653
5005
5131
6726
3495
3000
5671
5096
7027
6249
7756
479
4652
832
4738
766
4354
2677
3663
4432
550
6825
3654
2643
5257
1768
2872
600
5436
6286
4074
5263
5818
377
4382
1429
4880
1981
3037
1950
5875
3755
1359
6212
3244
3019
759
1412
4601
1291
1104
2952
2974
4185
7654
2655
4510
4734
2068
4881
7265
6642
5291
2550
6955
1212
6769
5458
6860
7954
3351
2110
5170
651
7763
1965
2127
6910
3518
4913
4705
893
4977
6112
6098
3384
4479
1949
6356
6956
1494
2208
6043
5924
5977
534
4875
7039
1373
6186
8057
4934
7705
5189
7912
1370
3400
1150
4807
7682
1409
2782
127
3194
7874
6577
4401
2990
5947
6779
524
4560
6021
4076
7258
3564
7750
1833
7128
1960
4271
7385
7802
6567
7182
5746
7290
3572
5721
1954
2878
433
255
6174
7317
2583
3822
4891
7942
5324
2321
6664
3009
6743
118
1675
7970
5017
3404
5948
2220
943
1668
1927
6861
3911
7281
5097
8009
4230
7675
151
2916
3659
2503
4407
4101
1128
345
4828
265
4580
3059
8015
391
6836
5968
3799
1091
5042
1727
1464
3265
7418
6269
7097
3478
5445
2858
7617
6768
1698
7513
2552
8051
3117
4412
3168
6330
5709
2776
4710
8136
2261
3380
7775
3692
6742
4131
7975
5365
7571
657
4098
4915
5411
455
3210
1629
2911
840
5311
5872
7205
7512
451
2563
6456
5499
2482
8125
3970
7476
3770
4044
3229
897
3958
1684
568
5115
76
3731
1821
2718
199
1074
4078
4794
2731
888
3955
2413
1365
3924
5480
2756
7341
