6357
4482
5138
1413
3266
2473
981
5055
6891
6676
5097
5283
2449
7546
2701
1517
4340
4139
5352
3655
3213
6627
71
2507
5242
4277
1972
5567
80
7867
4982
2040
3729
1480
7634
2656
5978
7567
129
4507
68
822
4611
3784
5680
498
2874
1624
4544
7488
6775
6691
464
6757
4082
5459
1885
2594
4418
533
638
6128
5827
3231
1718
7219
3983
4703
8112
6330
5862
6086
3097
3440
4557
5731
6839
6046
1832
2398
6474
6169
3272
6498
2236
3252
4755
5489
7315
6107
7636
1381
5168
7714
2240
4979
1056
4879
132
2522
708
7701
4119
396
3444
5462
5850
7943
3240
1748
6178
364
4300
7218
4100
1250
5898
608
4798
6559
5346
917
285
1565
4523
5385
4614
2099
5917
4246
2067
3539
3123
4175
1233
3057
5270
3647
7344
2582
2366
4133
3102
2539
707
6111
3538
7877
2569
6406
2044
1878
4882
2073
5208
4709
1519
1722
1467
6124
4362
8177
7073
2526
313
1897
2616
7693
2470
3920
2441
4429
4740
6065
7827
6685
983
2495
7495
1414
1442
2739
5955
976
3675
4430
1575
7721
5515
5437
2900
7385
1936
3145
6804
4104
6076
6625
6967
804
4997
4871
7685
5089
2903
7407
904
4553
6209
7843
5034
2476
2021
4508
921
1962
4137
4122
1366
7501
2332
4698
6333
4869
3605
1241
5525
6755
5703
2131
1564
3899
4862
7367
4048
2341
7937
2233
6626
3389
2407
2843
2748
5233
3341
3167
6393
7329
1563
7964
2691
7069
4057
7411
4260
7661
4336
990
4031
1536
7413
7607
2453
6910
3947
2741
6241
319
7612
3146
5535
4518
726
348
789
5684
6435
4128
7468
7585
2046
5659
4423
1849
8071
6665
6402
949
6186
7762
460
5804
7692
2516
2865
1336
7500
6401
577
2414
5892
4738
107
2464
4552
7311
2312
6752
4366
4359
134
1124
6803
3954
3470
1029
3255
6475
5549
1227
6510
3801
5231
6639
2498
5181
5933
2968
4304
1611
385
6772
6315
1760
5877
5302
5345
2494
3611
6571
744
7349
6445
6968
4020
357
3464
2685
6245
1873
2461
3763
3576
4584
2111
1022
1893
8159
797
1522
7885
8145
6525
1614
1943
4592
7081
1063
4780
1981
2047
697
2626
5513
2845
6589
3930
6965
4093
4505
2181
7604
4843
722
6268
4835
7613
3277
7209
5032
6841
4992
2408
8181
1639
4205
2887
3345
8095
4095
3290
3235
5443
3876
5526
3187
4363
1819
4420
4236
4071
4474
6872
6842
3003
1957
5184
2390
7557
2867
3854
1406
7894
1421
1245
8054
4689
6797
6656
1750
617
3755
6493
5794
1655
1375
1880
1109
4069
6170
1446
2043
626
4503
1256
5601
7545
5434
5304
6611
7307
6540
3804
2014
1282
4009
4220
4608
1479
6710
6834
6867
518
8044
2702
4542
730
2033
7815
5522
7004
4808
7193
1866
6853
887
2287
5284
1678
3895
5719
5243
3193
2948
1179
7982
4625
4639
4682
1492
4653
7476
7669
1357
6266
5141
4551
7458
1073
4640
7314
4757
4531
865
5718
7565
3600
2687
2755
2214
621
4919
4098
6261
916
3875
1391
5360
4323
4327
2849
8187
541
5350
6587
7665
2055
7029
5160
2924
3601
209
6860
317
5813
3552
5835
87
299
5275
3656
4883
6179
2007
1286
3521
2198
2298
7673
1358
7820
6818
7168
6229
3452
312
4978
4768
676
4772
238
4638
925
1735
7722
624
5287
954
3404
4899
3744
7743
2986
2482
7763
4115
8122
6291
7024
3043
7859
6630
5209
623
6628
6850
3881
2905
6360
6221
2881
5044
6199
206
475
4395
5896
7005
2671
3861
8073
234
1364
1431
7309
4193
3133
7253
2598
7839
6733
2937
3014
6329
1630
2813
7785
4471
5914
454
5351
1409
6294
6304
7918
3186
7944
4707
1925
2013
3048
3453
520
4072
7529
4641
3441
278
5485
7383
4710
7573
2261
1208
2369
4910
4238
1293
1219
5988
4624
1768
4889
2531
4195
1115
5876
4453
4211
6215
7837
249
7986
369
3462
7343
3204
6927
3844
800
3926
5026
3002
937
6512
2499
4266
5756
8029
1884
984
7337
7653
2361
3160
5074
1284
449
2315
5069
6193
7968
8131
7813
6322
3500
3351
6250
4783
1793
6201
105
4264
759
4815
5730
7211
4663
5001
5829
3243
5685
7855
3023
4984
298
4702
1821
4368
2273
3275
1314
4536
3242
3987
165
1488
7908
5970
3845
79
3659
7756
5950
4390
6154
231
7023
6035
5186
2487
4973
3035
3779
7997
3932
5869
5979
5314
5831
750
7242
2862
5762
2094
4367
3903
7142
307
4645
1331
5542
958
7342
6263
539
6391
4846
3683
7900
1471
7215
3191
6523
6183
7687
246
329
8048
5687
4153
5553
4121
341
2334
6374
1359
5572
7742
3356
4275
2750
3682
2651
4598
7775
4401
830
6069
739
8101
1937
77
2108
6260
1316
7805
1541
137
1099
3823
609
3352
3612
8162
8168
1463
7591
1031
6292
3489
5426
1835
2393
7959
3924
2954
5104
5189
3558
3259
7303
5336
3377
1180
6812
2049
2609
5511
422
1392
6416
2194
398
8013
7935
6175
3904
8021
6966
975
6446
6279
548
3921
7929
98
4554
2600
1441
6336
168
2641
6649
3487
7203
4546
852
3456
3271
180
3316
6937
3713
5217
5939
2535
5339
5482
1929
1046
5714
8018
6856
1333
4788
7355
6592
5470
6817
3172
6010
1919
220
7279
4674
7087
5067
3838
2025
7863
4184
7
252
7244
4849
7300
2934
4116
6715
5439
1204
1870
5182
384
3970
5894
421
2118
1024
1426
834
2180
1609
4816
4047
4111
400
7561
5715
3383
2006
2870
7866
3381
1416
4852
4644
6637
5114
5263
7364
8056
5136
2658
230
3276
3707
3512
5293
3515
7521
3969
5663
7915
6000
3889
3908
1979
1494
2174
3662
5403
7392
6674
3134
7079
4352
7357
6275
3009
3995
2803
6567
7513
5799
3633
3412
3207
160
814
5429
7895
3570
7071
1848
2638
6776
4013
4297
5725
785
3511
5588
5497
5694
2409
6646
5931
2788
1803
4036
5416
2202
7945
4417
648
728
1948
729
1030
550
1608
4200
7256
1890
6820
4017
4460
46
3216
4722
7503
2183
5753
7512
67
3759
3429
439
1182
3078
1225
3712
4906
3785
3004
7233
5101
6075
5582
6887
4066
4228
4951
1958
6494
4620
6372
3638
1045
4509
5982
1665
5575
3357
26
2570
359
6670
480
5031
5366
3164
7176
2577
2241
3892
8107
5163
7927
2576
792
37
815
279
7962
6978
5431
5739
3857
6313
6608
1584
841
1161
5123
7765
813
2389
8176
5108
5907
7198
7225
2974
4308
6898
1623
3542
4926
1139
7954
6365
1537
7310
5332
6632
4850
6118
6727
6956
6399
135
1007
955
4397
3894
7405
7869
6068
7705
6306
5118
353
1340
1192
3773
1322
553
4067
2790
5297
600
1270
957
4548
25
1619
383
3091
7028
5115
5600
4196
5278
2914
1701
2435
3781
1330
1576
153
1733
3067
2377
1833
1401
8007
5563
4410
3803
6145
5916
5120
6554
3613
2760
3897
1111
5144
3579
3651
5177
946
605
2851
1769
428
2546
7235
7156
4248
2112
6072
5886
2699
3887
417
542
4737
4830
211
7313
5503
272
1279
4494
7326
3630
2400
5147
20
2245
2901
3599
7611
219
4058
3985
1851
1176
362
5801
5688
4931
4489
3237
7901
3136
6593
1067
5175
6240
3250
7746
4309
5723
7347
1881
2480
1783
6338
6824
7221
289
861
7395
1952
1127
6604
4754
5763
3178
7703
6022
2804
380
5621
2018
901
16
7816
1901
1228
408
1315
3401
2203
4433
1217
4055
1858
3648
4427
7278
6470
6531
6591
5251
5603
2296
7044
7881
92
5241
7376
3011
458
1616
3968
3793
6782
774
1986
4376
2971
4677
5946
5935
1791
6648
1142
7034
7538
7117
1795
2689
6873
6272
5828
2815
2601
659
3182
3972
7074
7447
4284
5340
1977
7711
6764
832
5046
4204
1418
1754
4650
3246
2945
5402
606
1705
3905
5798
4123
696
3626
4278
3363
1122
3448
8081
1951
6411
3590
2392
1815
3787
5734
4085
7055
3264
909
8006
3593
2069
6437
368
5341
297
11
2772
4164
3130
5959
1113
768
269
1603
1151
8185
1460
3033
1138
6837
944
392
3365
7045
3311
5236
7550
1078
4856
7796
2706
5465
837
5135
3058
4534
6109
5606
2565
140
3866
6763
7489
8106
7530
1535
1715
2540
5110
4374
4563
5395
2089
5174
1617
4513
2363
2650
2681
5972
4612
3183
7128
4132
5014
2173
2676
4506
260
3993
5816
3502
2564
5204
3031
149
7702
1627
376
1726
4008
3577
4218
5817
1280
1100
4484
3725
905
6799
2574
1206
2589
3374
5281
7137
6387
6771
1926
6196
2048
2295
753
4921
3829
7788
4863
4342
2545
5080
7292
3129
2205
1685
3111
4952
7980
485
7793
7690
2490
1954
8069
6504
7143
55
5131
2281
5712
3848
1876
5883
7934
4968
660
2528
1470
2092
2325
6129
8000
4880
1582
5226
4262
1525
5093
7872
3778
3783
6570
1039
7783
1254
699
2736
6101
4797
7250
4360
3192
1178
5335
1144
6931
4904
7132
3354
1789
3056
6392
7057
1983
5749
6870
4426
3996
7777
6880
2065
7917
1042
7487
4252
7821
7356
90
2623
7111
3400
3551
4006
1313
2969
5559
882
1283
3411
8017
495
680
2268
6122
7271
7266
436
6034
8042
4424
6116
63
6259
1714
700
7637
3884
7830
963
7598
3375
3522
7473
284
6938
767
6017
7061
4224
7824
7559
3070
6121
4858
3567
4985
4411
1339
4627
1826
4440
5319
5148
7289
7606
2799
6168
6667
5262
2238
6358
7352
2382
7183
5298
8012
519
4187
2725
2328
6085
1170
973
1011
6031
3425
4446
164
7910
237
5577
6918
7766
1853
4753
1107
44
7227
1285
5713
3225
5691
5918
5002
3162
5583
7732
6415
1916
6482
7236
5539
7449
6920
1047
4086
450
2134
7856
7091
6449
1606
0
7625
7098
7846
3161
3088
3939
3929
3879
6123
746
5787
6064
7527
5643
4167
2491
3131
3384
7698
410
7373
2125
5891
656
6203
1077
4621
3034
6350
6546
766
7103
3907
7995
2095
3294
5130
8043
6821
2939
616
820
2432
4443
3469
4003
497
2162
397
4034
2660
49
5875
4964
7224
4254
1939
2427
3098
2868
6163
2720
6577
1694
5538
2991
7586
1263
1679
2572
3961
1758
4403
4540
4990
2072
4609
5194
7232
4526
5331
2912
2619
3697
2817
7862
3334
5842
6726
2224
2208
323
1211
1210
2150
4068
8172
7133
5040
124
5006
1273
5611
7022
6721
6412
7983
3991
2929
3344
2578
3121
1347
2591
4499
4857
2899
501
7509
6112
5602
4280
3132
5388
4399
7093
7260
1633
3080
720
557
4194
7370
4729
4928
7068
6208
7086
1393
6450
3008
48
4235
7987
938
1999
2722
314
2106
3839
488
2861
2921
3790
7736
7298
2718
1183
2019
3238
5735
5116
1008
6087
2776
3792
1415
1112
4695
866
201
5897
1226
2884
5826
1861
163
6451
1531
3587
7208
4227
3308
1540
3688
6490
1132
7587
5683
2684
3841
4636
3379
7153
4286
3898
5536
486
115
5087
1842
3686
6227
2197
5609
7345
2232
930
2810
7440
4567
7880
755
572
1810
7761
4283
5488
5506
7104
2137
3992
198
4062
3068
4558
4382
1595
43
969
6110
6197
50
3719
5180
7955
7171
1757
2415
4001
7066
2419
6929
2524
1057
6744
7782
1215
3505
6023
7389
1335
2947
7324
3812
2796
1746
886
2678
7214
7973
4063
3346
7436
1868
853
3625
7882
6321
6210
7124
5246
4758
859
3300
5372
716
1569
6983
158
1591
3843
2698
1794
1855
2299
5391
6152
8084
5075
831
2271
6921
5710
7638
3152
5322
5084
1749
5436
7852
5178
412
4511
6838
6478
1021
6238
4027
6749
4222
1365
5524
6751
5746
1745
5819
1523
465
4253
3032
4457
718
3089
6533
3711
5555
3813
511
1839
3989
1294
5295
2828
2149
5605
5028
4825
1457
2816
5063
4765
6616
5523
5574
870
2264
5058
2597
5670
6765
1532
1230
5029
2231
6433
347
3794
1086
3257
6790
4801
1830
3631
1229
8074
5185
3147
6819
2822
5333
3998
5077
5531
2064
7605
2485
316
6204
194
494
386
7195
7230
5
2022
6759
8125
1422
6660
3978
6280
7562
7861
2703
7797
2512
1020
4005
2244
6944
1399
6633
1369
906
1385
4547
6125
7213
7563
5846
2372
1475
2721
2156
5967
731
3201
156
6892
4541
3594
3666
4414
5887
2034
6257
5676
3764
5072
2403
7216
6287
4667
2251
5695
4150
7602
6074
212
6826
477
1699
4940
7362
3106
3408
8115
3708
5170
4141
2621
4378
1547
2581
900
3661
6146
6185
3762
1681
266
5701
2942
2075
3288
3728
6144
4331
1593
5537
4539
440
4570
6434
75
4419
5880
7186
4488
7432
6448
1558
8087
286
6844
1119
7890
2259
2910
7165
6040
5681
2431
964
1197
3607
308
1640
6497
1725
4972
7015
6
1212
4820
4724
4348
5042
5707
2726
7238
7134
502
1953
4775
5784
7145
4559
2455
6815
6495
6698
3722
2732
86
3199
22
3822
6054
5963
7822
2350
4203
1817
5921
6507
3027
2923
1060
5387
698
4723
3010
7064
2045
2990
3715
3646
1272
3835
4604
650
4994
2668
5041
3063
1075
4595
3108
3503
4679
4873
7467
8174
6601
4975
5527
1776
7696
7629
4892
5968
5337
3150
6485
34
5952
1713
3856
4543
2346
6305
2484
4664
491
7504
6538
7647
7873
6602
36
3332
3928
6318
7580
5365
5782
8154
4088
2190
1231
6509
413
2965
5427
379
7050
1973
1927
7243
6277
8050
1224
1650
3602
790
5832
1682
6395
2305
7595
6276
5008
3185
99
5122
3437
6701
5049
5380
6655
7287
1066
5848
1287
2479
3508
1879
7924
7115
3284
7452
3006
1906
5272
8089
2888
5908
6270
5425
733
6147
1265
6827
6439
5697
5423
3210
7217
669
2367
687
2011
3376
7141
5306
7070
4927
3292
6181
721
2635
5037
3760
1202
908
7003
3616
5809
4291
3428
2708
5910
4029
1
1252
361
5929
3619
3819
4050
1389
7966
3202
6851
1040
2646
5025
3396
1328
2250
354
6059
6516
2548
7572
3951
1864
2964
5786
3797
5005
1260
3438
2902
2892
1053
1636
2277
7635
7845
3445
4914
590
6189
1756
4290
5841
8132
1947
6243
6050
3518
2933
6992
7681
6999
5673
2624
1818
200
1690
8098
7446
2885
4719
463
8128
8169
5007
3492
4130
7180
1570
2988
4179
1054
6742
675
2527
4391
1408
2824
2926
4527
3807
2253
4177
181
748
3413
3391
534
8165
6489
208
4810
2357
259
7735
2680
4572
504
5823
6564
377
4408
2835
4734
3826
6236
5778
6825
1349
6458
1739
1500
3639
968
1207
8143
5510
3890
4131
3874
3387
3312
784
367
378
5689
8142
84
723
2779
4152
4255
202
1289
2761
2381
5125
6173
7817
1995
3273
1604
3454
4603
6980
4389
7270
6155
126
3249
3758
2402
2199
5501
6576
5990
7879
167
3941
3148
3566
3361
7865
2686
1090
3184
7551
244
2669
991
5343
446
6679
1862
3973
7043
15
7989
6620
2652
3287
3038
7041
5906
3981
4350
5162
1978
4480
1662
4632
4684
6623
2026
4971
1526
7441
6354
565
4631
3039
5727
6332
7584
965
5495
4704
6278
1802
2242
5406
4804
3228
6228
1051
5036
5420
5951
3066
5702
5872
335
614
4274
3309
760
1518
2711
2345
1489
2894
6575
3248
4665
7252
6508
5467
5674
1198
7154
3990
6479
883
2212
2058
7033
7199
4498
6284
4930
5793
7491
4845
7533
6928
1320
21
3085
2172
6080
4958
3814
7375
6418
738
2649
5866
5440
7662
527
7408
943
642
7052
1516
3506
4168
5090
3118
1097
2832
7372
8161
6829
4326
4294
7627
1307
2966
1326
685
4713
5811
827
4977
433
6700
1257
4642
5628
5992
2749
769
5312
4824
5744
2866
6683
6388
684
306
4381
2090
1621
6835
8008
5064
5834
2192
3526
4700
1731
7200
3994
4826
6422
2659
3430
2356
3486
1037
6413
4156
4726
977
7689
2919
7628
4778
2003
4987
438
6879
1666
1712
7942
6281
666
7960
5558
3498
1410
7399
5540
6876
1443
7768
6417
5766
7146
717
2655
615
1882
2596
7994
5781
4051
5222
2608
2908
3753
5039
1175
833
1543
1566
933
907
5279
7017
1820
5911
5050
6739
2005
3925
3561
4134
5514
391
3649
3553
995
484
6729
7532
4565
2082
1199
6301
3771
5985
179
2674
4622
6911
6375
3958
7363
6922
5512
2922
2756
3916
6756
6883
257
6902
2592
5197
3974
7085
2716
4191
5054
3775
2288
5468
1856
6006
3977
1667
5616
840
381
7088
567
4396
2928
706
942
671
7175
7123
5195
1938
5738
3037
322
6605
2278
1003
7438
7077
1672
2177
420
959
7263
6774
2610
3828
6220
5111
2347
3283
4885
6565
2519
8114
2727
7110
6923
6730
6256
8166
7889
5667
4949
1601
4822
529
2335
4687
4393
1994
628
1402
7755
4428
4953
1278
6447
4105
1959
3692
874
5822
1103
6002
6382
7776
1321
8032
382
2056
6114
1561
2229
1304
3789
5953
3417
6781
4766
1159
1013
4823
6066
1798
7808
7201
4519
5772
3927
6503
5851
7394
3165
3509
576
2429
6736
4386
1867
4169
1889
5132
7716
5871
1894
5873
6060
7922
1317
5807
5475
5863
998
2266
7963
848
6738
1911
4458
6309
7161
7819
4035
1828
4530
3076
5936
4585
1567
288
3466
1360
2770
5949
4234
953
6896
6429
2462
5145
6264
6045
517
6988
7106
1451
5532
4581
2800
4466
443
6187
7479
125
4730
4514
3196
8079
6865
1338
764
1932
7767
5657
6704
6423
873
3488
6558
2549
1899
2087
967
7578
6547
2664
4269
1174
1081
5641
2781
6369
1944
3524
1502
2571
7510
5795
1875
5748
5750
8027
4827
6784
7401
330
3798
326
3680
5048
6962
3447
7566
1160
2744
4594
425
2825
3155
843
1931
7404
5248
1850
456
2113
4903
2740
3117
522
4493
1363
945
3298
5890
8083
2167
419
4109
1589
5359
207
1386
482
4944
5612
1209
612
6897
4409
4579
8063
2735
4582
6695
4693
7192
7738
2860
6378
5986
7284
7049
7179
4081
5961
2459
1069
7181
2895
4957
6678
2015
1987
1766
41
4065
5593
1036
4272
4014
2603
6404
6906
1969
1019
3465
1683
5615
176
4956
7274
997
6014
972
1088
2477
4444
1247
4916
2590
5598
1637
5364
5173
3965
3485
4140
1325
7290
4853
6618
1234
4330
3013
1634
6859
3419
695
7528
2890
8091
3756
2443
1651
6912
85
4606
6894
1303
6431
7583
6914
7269
4661
1438
2098
7938
490
7999
2104
3870
3584
6467
331
7670
6809
3079
2158
5354
734
3788
6773
352
4896
6946
5219
7421
8099
261
1808
3770
1291
868
6456
2444
4851
4868
2917
1268
5266
3540
1350
8171
1262
5018
4998
3083
7463
3556
7713
3608
740
3622
5176
462
2614
3532
2853
779
5634
1945
108
6785
2897
1123
6954
2979
4189
2938
2963
6200
127
6487
2819
2272
6843
6690
5486
7471
2787
4495
7014
7988
4617
6895
4795
2216
7280
3706
7849
2962
1632
1755
4387
2206
4097
5912
5768
3746
2395
7065
334
5428
3563
6943
32
6768
5956
4999
3624
7234
7158
3320
401
2747
1398
487
7498
634
374
5889
2525
3304
4144
1276
6518
7760
7456
7020
4296
7212
594
1306
7435
5374
2873
564
7652
6025
5256
3513
7750
7351
2290
8011
6430
1449
350
5051
4616
394
2204
1255
1292
5888
5533
5758
2896
5249
2002
5767
5086
2972
6468
7424
3208
7691
6975
3449
4673
3369
2774
4773
4243
3331
7336
3902
7058
588
5566
4712
1388
5692
552
3635
199
95
6908
6585
4192
4807
1998
6466
1378
6597
849
4806
2020
4090
3433
5203
7135
5743
388
5706
6453
7814
117
112
5808
978
7505
3392
6830
3310
175
4771
7678
6334
5277
1498
3702
1975
4019
472
5151
3054
7740
2985
6460
5106
7288
5394
7911
224
2534
1824
896
5803
5974
4688
2079
6314
7946
3901
3849
7112
4571
1427
4361
5849
2515
1311
7332
2754
4918
631
7374
4317
3919
4165
6783
3305
1435
3774
2536
3768
3074
3945
2105
7312
4473
4491
100
466
4515
7558
683
2606
4911
6376
6606
4038
4647
7403
7668
677
81
6079
2742
2886
4655
4597
295
7728
2138
6195
3120
3714
7522
1448
6067
4711
5021
5473
5153
7847
7316
2306
1343
159
4522
2425
6985
5879
2622
5081
5033
1237
1205
6028
2481
6505
2932
7810
5383
4732
6177
1346
6174
6027
5239
6126
444
2920
1080
2379
1332
7381
5815
5973
749
7466
1145
3952
7129
3681
4064
4942
5752
6349
5773
6904
1348
1955
4692
2420
3005
2448
5856
2219
7931
3701
2612
4138
6298
2856
1324
4454
3685
3040
2472
3948
2182
536
1732
7178
6615
5052
6379
6419
4569
7949
2944
5265
4767
2227
5196
6852
1792
1988
4485
210
2724
6073
8155
1723
7282
4867
1587
1657
3414
6180
5860
5660
4575
6846
5924
5847
7267
3044
6792
6758
7359
5079
736
4370
8047
3253
7249
4
3380
5062
4213
6725
6718
7157
2841
1812
3840
4183
6659
6951
993
2318
3825
4706
7515
1946
1524
3734
6455
1822
3049
5840
3915
1966
4913
7574
7809
1041
6234
704
7860
7261
786
4635
3690
4859
427
5928
4202
2071
1043
2745
5193
3541
72
1310
6008
5729
1920
6806
4394
4162
1472
97
7062
2662
1970
4341
2422
1790
6734
1456
3670
4388
4136
7868
5521
2782
3918
691
3886
4583
4400
3030
5934
6612
8163
1661
4576
5597
4948
3736
7547
846
5642
7100
6747
1674
5414
999
872
1423
2466
2447
641
7648
6400
4379
5923
5728
6205
5098
777
3156
235
6566
6561
3738
4672
2883
4004
3245
7166
432
1156
5370
3644
7568
5292
251
3114
3046
2714
7807
239
3000
2088
4487
5913
7576
8001
4271
1545
1506
4959
7371
895
1871
6043
8179
3490
4000
6652
7205
1652
3650
3218
508
3422
1654
4407
2179
3808
4787
7569
6735
3858
1930
3028
4468
2980
7893
6063
7923
4671
5546
3917
6529
2121
1717
7724
1382
7007
6224
182
4465
7581
806
5291
8039
5675
7174
836
7396
4293
2729
823
2120
3336
6454
6651
6672
4875
4198
2294
3944
7680
5780
6823
4028
2080
1562
6024
5356
6408
6682
5507
6442
6703
4265
6368
1736
3234
2806
4860
7321
1886
3478
2456
4696
7832
8094
1026
5461
3463
4012
1223
3281
3514
4681
7046
3497
6869
7884
7953
1436
3393
4476
2428
5994
2460
2452
6787
3267
3637
1478
4744
6642
4375
8004
6961
1141
7646
2185
3195
8014
4800
1337
1108
3909
2568
4750
3015
1912
6397
668
1487
1101
4180
4652
3739
274
3721
7391
619
318
7537
8031
1010
3297
7042
1837
7121
5920
3824
2827
3911
6971
8188
3820
5167
6588
4322
296
5220
7826
7019
5368
7778
1327
2503
2053
2514
2282
2762
3846
4666
3217
4736
7011
604
6699
7281
6106
3654
1586
187
2035
2509
5296
5326
7772
2786
2993
6857
1594
5647
2100
2983
2343
4588
2709
6791
8127
8104
2387
6335
3571
1000
4154
2012
1189
123
7076
1823
3340
2119
3520
7555
5948
4877
2474
661
3222
3060
8148
7534
2935
2081
1085
6296
3679
922
6686
4305
4568
649
4172
4537
2882
2970
4769
7676
2838
4007
5328
4452
6977
62
6861
5493
5995
7360
7006
6828
6948
6723
6207
6875
950
6953
4763
5552
7582
7194
4690
7764
3641
6973
8053
758
7140
1935
6798
5381
5214
986
185
6356
709
7207
5617
6262
6849
8015
3777
3112
3636
4555
7378
4033
2906
4315
7188
1232
6021
7089
7834
7556
996
1387
893
5962
8100
2936
2715
8058
1896
1838
8103
4933
3442
7875
2532
6643
1061
3696
6541
315
793
5444
5686
333
5206
3227
6015
4898
2852
4053
5225
597
327
7659
6549
3398
5640
5393
4209
1477
3373
545
5325
2889
4837
8070
3322
248
7536
5268
6029
3592
6545
6403
6161
265
2365
2404
5785
857
581
481
7639
4273
7932
3101
5998
5107
1918
3229
1023
4155
2246
2955
7620
4199
618
7170
7683
1116
4438
2324
7525
2184
300
1509
871
7429
3859
7631
3741
3360
5999
7786
1297
232
1407
4158
2144
7159
7295
7622
4250
4587
8178
2239
2957
5013
2279
2497
2248
2642
3724
7206
6732
5528
8120
1534
418
3220
1670
3059
6557
555
3986
2394
3329
120
3051
342
2949
6789
3748
5989
3695
6119
6877
7731
2854
6100
5078
7632
584
4463
2352
2506
4091
3761
2746
3368
7948
6018
1158
4900
8028
3574
8175
2211
4720
5152
7871
6629
4770
7727
1305
6935
8
7751
1538
2493
2848
1895
6343
4970
4950
5893
4083
6049
2442
1592
1425
2122
1203
2542
5666
5754
7950
2376
844
8023
7063
7752
7930
13
4024
3700
110
1585
3174
7531
6158
1455
8173
5158
3170
6097
4477
4533
702
7380
6425
3560
2645
2195
7490
5548
1753
5386
850
7651
1869
4449
1344
4061
1150
6514
818
6671
6192
2486
5900
1050
4302
5315
3677
5399
538
4310
7771
6225
1397
2820
7549
3432
6925
851
1017
7451
7618
2057
752
5191
4042
7382
1968
578
7836
6320
2054
6942
6720
3536
5441
5560
7540
2839
6323
1629
5818
6231
6432
2252
3313
7657
7835
826
1844
7169
4803
4201
6271
4405
5981
4223
2234
3642
2821
845
6610
4925
1238
8151
4258
5915
3233
1727
3766
5747
611
6473
7990
3483
657
629
7102
2086
6471
5745
6675
6135
6090
3550
4599
2308
188
7107
4096
3364
1913
2030
7113
7851
5679
2300
1296
880
1921
6535
4538
5109
4727
281
5300
1602
2909
6371
73
6134
1845
7926
141
5200
7320
4422
6420
4112
4338
1645
2326
7848
2859
7305
5258
204
5853
2386
5137
2795
7330
2028
7040
1253
4922
345
1353
3358
5639
3302
2354
799
3197
6805
688
2805
3163
1121
2712
7544
1094
8002
4969
2688
7419
3221
855
6394
4809
503
1464
1214
102
2188
38
2863
5384
5579
6689
2731
6182
1922
2463
3285
877
566
229
3395
389
6162
6890
5103
1743
5456
1649
4143
1965
5310
7904
2766
1555
2950
3476
7060
1445
5757
57
1458
1707
2559
6658
1368
651
4267
2446
6941
2960
5405
1394
3390
5299
3016
4841
6987
6477
7428
1501
5171
2587
3269
8156
6909
625
2309
2148
568
4521
3169
3138
4171
4789
6345
197
2096
6760
7887
603
4129
8072
737
7092
7445
1025
2617
1009
8137
2430
5316
7787
4580
5790
811
2593
6631
3617
7829
6078
3585
344
155
51
7548
6383
6039
1102
4626
5070
7299
1239
6687
4364
7972
6858
4108
1554
2891
633
1923
3211
3177
6900
4151
662
7139
1016
5224
3586
17
2114
5885
6484
2265
492
7896
1658
1533
6212
4790
2359
2297
7384
471
7535
546
3265
4741
6740
3403
4170
4182
3158
652
3940
8139
1653
4607
3189
4241
7644
8141
1374
1188
5969
5487
2152
3084
4351
3933
3718
4649
2207
3135
1989
4897
6269
2814
3399
6717
2316
6635
7747
7754
3912
4746
4836
4941
2913
6596
2218
7327
913
1370
6153
5499
1356
593
5947
4881
5433
5083
5060
4445
4439
6249
5867
7459
1380
5149
5190
6325
5881
3863
8157
1759
3026
2602
186
6520
6709
5665
3050
121
1288
474
926
5274
7275
3421
6327
4041
7560
6947
6864
5378
291
5571
923
6681
8149
3765
7596
4306
1622
3652
4861
7177
783
6274
2579
7496
4089
7664
4549
547
7386
1496
5023
5591
6590
7841
1430
2999
5740
3105
5678
7328
6714
1797
554
7709
1664
7643
570
3406
3382
7450
5228
4854
6731
365
5764
5812
7308
3726
6303
5820
2338
1677
4676
2586
544
1131
543
6919
6594
7094
1656
3190
1887
6436
2437
6048
3069
478
7461
5779
1706
5543
3997
654
771
1846
3559
2140
3474
1571
7981
5348
324
7387
1395
6745
387
2039
6517
5235
5619
6061
1710
4590
5940
2523
3750
1266
3716
7933
1510
2992
2588
2544
8025
4040
8113
6848
5668
1559
794
4060
3339
1302
6488
678
4015
3214
7623
1770
5210
19
3289
7708
4225
7998
116
6377
6188
7614
195
5636
1644
178
1980
892
773
7996
4613
1486
2952
2713
7402
8040
3653
3519
7993
902
1117
3527
3530
2257
3800
152
4437
6808
4683
6991
173
6903
4406
7067
7080
5927
6779
5156
7475
7291
5580
3964
2374
6722
1493
1329
3546
5800
6396
7366
7119
1548
2765
1740
6341
2904
1258
4760
7526
1342
3891
7469
1167
2115
3621
1169
3335
3394
931
8085
190
2605
1444
513
7781
915
7114
3780
2630
4532
5755
6237
1990
5796
531
1801
1997
2994
2176
280
6361
5253
6486
7876
3256
114
1716
910
2451
2833
1578
5453
1807
7674
3205
5724
2595
2024
2375
6041
445
7970
6653
1469
216
7470
5722
5085
2123
632
5595
1351
1163
2304
7745
5451
801
4895
3325
4833
5984
2001
8060
5626
5843
7649
3350
2110
6680
2129
4045
6252
679
6893
803
1405
5261
5585
4529
7874
3042
150
2907
694
1118
429
4442
6795
1093
5700
3772
6011
2759
6502
2061
1462
5630
3754
5492
3045
6302
275
2696
2159
2654
217
31
5252
8062
1242
4219
5554
2107
636
1044
4974
7517
3572
5017
6528
2823
7770
5011
7229
516
3942
2547
5382
5937
2973
715
2583
4022
7779
6184
1572
2385
5472
2124
4705
6003
1626
1520
7575
7977
2406
4124
4074
674
2262
2562
3181
7621
4629
271
4084
411
863
338
6663
1891
4412
8170
7511
5146
6019
320
2283
3467
5154
802
3314
563
2733
3139
6230
4939
4747
6386
5375
8061
3906
6579
4659
5976
5445
5775
7903
4276
4441
4245
4079
3323
3623
6032
2223
7940
104
7259
3537
5759
8129
88
7339
569
2915
47
5309
1841
6142
4030
5285
5027
4623
5308
4669
2378
4662
2502
2753
1693
6071
161
1542
5905
6708
2416
6957
4160
6316
332
4839
7842
3018
5267
2752
6568
3671
3510
5065
810
3580
157
6190
6286
5699
4282
3107
3021
5257
7991
7773
7455
6693
3676
1126
1605
5573
5091
2995
1579
3166
7850
951
4759
5590
1172
2355
2961
82
7430
1751
2146
6444
1961
343
1269
4866
960
6712
693
431
4125
7818
4479
7984
2918
1742
7794
2041
5845
4049
6370
5128
854
5589
476
2620
5682
5404
6206
3668
644
2941
4212
524
7864
4708
6167
3446
3629
4217
903
751
162
5164
5230
1780
3025
3061
2155
4963
6519
7160
3935
1162
5997
6405
7642
7831
2710
7699
4983
7026
7095
5076
2380
8191
3081
1503
4802
6331
860
191
1355
727
4339
7001
3200
5282
7507
2337
7056
6886
7277
1396
5313
1084
5452
4989
7122
6539
7812
7803
3867
6511
7916
6191
7163
5133
1201
2351
2373
7597
8158
1048
7433
2342
8066
1692
551
5290
4464
974
2383
5068
5658
5954
5179
1164
3279
4118
1883
1424
4566
3810
3179
2809
3988
1114
782
5810
4461
1087
7679
7127
2031
7833
1194
3436
1805
2618
3596
402
3815
7096
7978
5159
8164
3533
5455
6326
8119
2330
5134
1065
3385
2530
1417
1134
791
1271
7514
3126
6657
1900
4779
145
4492
2872
5671
3053
5271
7148
53
1004
7913
7038
1437
6198
42
5483
7340
3645
7737
6963
4781
1860
5930
4893
2421
4988
8046
812
5983
7539
5481
6934
240
1511
936
28
2956
5024
1259
4032
3480
4935
7273
7682
3001
2794
448
2289
1553
5172
934
6801
7323
1177
4656
3544
3270
390
7191
5280
5035
3328
6979
7264
233
985
40
4510
7353
35
29
4633
1724
2984
3458
2879
5938
885
6476
5047
2038
226
6737
3877
1153
7130
2317
2189
2186
375
5019
2829
6677
4319
6786
3317
601
2319
2557
663
2215
6310
6688
6661
3913
3582
8123
2263
528
7806
4383
7650
5009
3698
927
2117
7338
7152
5783
5015
5551
1383
493
1251
2066
4288
7992
1173
33
4743
515
1557
7335
4748
537
2050
6026
7656
7348
5987
4447
1298
3090
7136
360
2163
6409
6297
1091
856
3704
2552
3731
1720
7497
2644
1907
6506
5711
9
3020
321
1635
6151
6930
2555
7658
4762
3809
5865
6945
2511
6899
8144
3660
7543
579
724
6832
3871
2454
7802
4385
7251
1193
227
3472
3627
2329
7593
7660
1235
8045
521
6007
4610
805
6840
1607
301
3168
2322
4126
3349
2575
4520
6871
8180
4887
5073
613
3119
221
7078
1476
8019
2978
6136
2627
3254
1515
1668
7626
5806
862
1673
2541
5415
1429
2225
2653
4699
4811
7369
4821
5633
1762
596
2930
5944
4923
2333
1147
5557
532
3306
5357
6500
3720
6939
4226
5902
2436
3955
6131
263
1552
3873
1806
6889
4456
1993
5218
3367
5211
505
5390
1106
7109
130
5377
5627
807
1015
5458
620
4884
6130
3816
1052
7700
5450
1465
2633
4842
2989
2584
8105
6647
4467
5412
6603
6328
3362
2783
4044
1781
4678
5975
5494
5622
6438
5454
776
8138
4231
3562
264
3980
7333
1982
1840
6159
2091
3618
5646
215
5868
148
5477
70
5401
5991
395
5464
4462
5874
4142
4799
1580
7594
6654
1556
6746
4357
562
277
2834
1687
1404
3239
3055
61
7589
4416
1450
4550
7241
6246
18
4434
1275
6807
1574
610
5669
2353
2052
2871
6105
8037
1098
5092
339
1738
3747
763
884
4178
442
5305
2143
4332
6766
6762
2085
7870
756
1852
2818
3693
5792
3092
3545
3415
947
2758
1625
6724
7039
6165
6469
5150
5410
131
6868
76
523
7185
3999
8080
2413
434
8041
2142
1001
8086
3241
5652
640
6990
1874
4828
6222
4206
6543
7182
5587
8109
7640
1529
535
4878
4176
2280
6496
1312
3321
7608
5854
4279
1782
7101
1508
247
4528
3318
7318
6042
2767
1096
3960
2492
1764
7083
7120
3461
7116
3694
169
8010
2269
1400
293
3531
5447
4577
5112
869
3224
7240
6855
1612
1588
7739
5095
6362
5656
8064
8059
5570
4501
101
1598
879
4373
5581
3878
8110
5508
1976
2604
1006
2728
6108
5769
1669
765
1763
5207
7437
780
2850
2391
6307
5165
6624
890
6223
6055
2844
7417
939
5435
4324
1412
138
7331
236
4574
8068
2070
932
6289
5505
6038
3851
7454
171
52
4281
2778
1038
3516
7442
6634
8024
6970
5269
1104
5392
4870
2141
7147
3860
4701
1788
1581
3024
3723
6748
2717
1491
5119
7009
1773
7247
7021
2975
5529
6037
2083
7426
3883
3743
192
1468
2802
7912
4814
6211
5761
2683
3232
6089
4054
3791
7118
6293
4545
6004
987
4117
3643
705
5355
4756
2196
4333
4865
4728
3327
4654
3180
2388
2566
7633
5238
6888
6117
7138
1831
4486
7967
7272
8020
7059
3862
7257
2093
5741
228
838
5205
7361
4993
3943
3115
2310
373
2607
6595
647
3966
5824
2496
3481
4244
3795
1992
4901
6555
1964
245
6339
6974
6352
6427
6572
1484
7838
7025
5053
6091
1898
1960
1074
1187
7012
6367
5534
530
7013
3260
7975
8167
6960
5094
3529
3691
6574
6684
4917
423
6308
4502
4301
2543
5966
6996
6216
1892
1642
4354
6854
3477
5726
111
4697
1859
3086
775
6258
4059
994
6582
4106
2157
3029
6443
3431
7037
6166
6862
3620
2439
1590
3041
3745
1985
1384
3278
2631
1777
525
4325
3176
1481
1767
6548
1190
6148
1778
2959
2423
4094
1005
5882
770
4605
6346
1079
1301
6813
5564
4174
4043
1433
4345
93
8082
4148
2132
558
816
3749
2060
7757
363
3949
7202
6001
6527
897
7425
1473
4694
3557
4751
6952
7753
4356
1196
6095
2424
3416
1323
2370
4318
2074
459
2349
5344
6398
5396
223
2178
6989
2550
213
4239
7795
3319
2771
5517
457
7285
2785
5457
23
6389
262
1689
7541
4774
5586
1854
6816
1814
7105
1775
2777
6753
5301
1787
2643
2291
2877
6384
1264
1942
118
7231
7523
1059
3420
7956
4173
8160
2292
7354
6282
4242
7914
1583
4120
1963
757
4848
2344
4686
5334
1811
4834
3230
4016
8034
2362
7031
3796
3402
6351
7008
407
6381
1362
7474
3687
2249
4844
5169
393
4102
6157
2836
2059
7462
2670
1600
328
2103
6426
6312
876
919
3482
4535
4186
2719
4831
4110
7798
5943
4945
5520
4500
1703
7254
1786
4092
5821
4313
1915
5733
7663
3689
7434
8003
798
5909
7072
4026
5599
166
2613
3938
1377
5568
1560
3836
5504
3493
4991
1646
7190
5216
5884
1240
243
6441
2807
1974
1573
3786
2084
2154
1686
8038
4938
561
8130
3113
3143
5417
4817
681
5941
6845
7294
5140
4469
7502
819
5012
7172
7084
7791
6885
2704
3198
2256
1439
5142
4365
5288
1152
8065
3950
8051
4347
3673
5398
1379
3427
358
8033
2323
5502
7262
30
6777
6578
3226
3776
294
4078
142
2797
6599
2792
7907
7780
5166
3064
3667
7150
2170
6800
4517
2675
2397
3865
5607
7603
929
7204
6822
6994
2116
1300
1274
3703
2247
2126
2840
2313
6033
2237
4075
2673
287
1083
4292
1774
935
3475
4776
56
4832
7418
2467
7645
4010
103
7749
3962
7723
1483
5311
4648
7616
59
7769
2161
1827
4876
4564
3864
4432
1514
665
7684
5965
1012
7196
7036
5765
2027
3065
6794
7542
3614
2893
8090
273
7677
6702
703
3473
3632
6810
7400
6319
4905
6959
795
1843
1888
6247
3640
1014
4355
3547
1917
4436
8076
637
5705
366
7237
2599
7666
821
5596
3047
3012
595
3868
5234
5578
1544
2450
5143
3103
1804
4838
1220
3424
2500
3853
6993
3976
7125
1133
1940
7853
6501
1459
4190
5895
7334
3286
5188
1877
7187
8117
2275
7641
7390
241
4334
5901
2611
3604
5788
7477
467
4216
1185
2629
2573
2187
3595
2700
1243
8184
3093
5690
7151
6141
3821
796
6719
5056
177
1568
4960
7002
1129
3307
5878
3457
5833
6012
2433
2857
6553
899
3806
54
5716
4380
7265
3109
5661
5273
2417
7197
5022
1195
5161
4936
5556
762
5061
2311
512
6481
3333
5276
5038
3669
3137
6741
4087
3471
3705
6132
3837
1244
6462
8183
4450
4561
6866
5407
3244
4114
2764
5618
4470
4764
2801
1166
7919
7726
1700
1546
4247
4221
1071
692
4512
4185
7720
6113
426
1089
1747
2737
3343
7858
2826
4230
242
2556
7624
3598
653
5286
7162
7719
414
2286
3799
3665
203
7571
5071
2401
3203
8118
8116
961
4163
7377
3568
2875
7898
7297
962
2876
6093
3171
8022
7173
4976
2946
1367
1318
5124
4002
2560
6457
1949
1403
6300
2812
3956
2998
1055
7184
639
3326
2457
5463
5192
1641
2285
5422
7897
253
7431
2032
6380
5413
4556
6440
6958
7672
7892
3528
1865
6082
7974
2145
1168
5260
430
586
1411
3852
560
1914
4715
5317
1505
587
7920
1184
7245
4413
1361
4257
12
6550
672
1497
2982
1599
1135
8005
2682
5466
8052
3324
7486
6251
7758
966
5478
4792
5389
3802
6641
2358
3268
6483
7899
2307
4023
69
424
6998
1432
7286
1719
1765
3591
6340
4840
4965
3459
6218
3610
4578
7302
6640
825
6981
3496
7675
3910
305
8126
2270
325
6364
719
5088
6094
6232
2958
745
2489
713
2243
1660
8078
5321
646
988
5960
8102
1267
3128
7969
6619
4421
6907
5777
3699
7420
6650
979
183
5844
3963
4651
3175
5855
5320
5919
6088
7951
2469
8190
6542
7570
8133
1072
5814
6480
559
1577
5655
258
7961
1711
5421
5751
5732
5500
6569
4981
3657
1610
6666
6769
948
2301
6053
218
6373
5945
2396
2768
2520
2585
7268
3872
5516
7397
3982
1110
1504
189
6874
5837
6492
4717
7464
3767
6176
5704
2426
7427
3957
1033
1549
2339
468
4718
7520
4263
4946
2399
689
5903
864
5604
7010
8055
1295
1784
372
5569
710
2504
732
8140
2135
6780
5121
3299
1148
58
5922
5117
4980
122
2260
2258
5449
7472
4742
3751
109
1539
5250
6645
64
7891
7609
2880
7958
174
403
6407
835
1903
4251
3223
4404
7615
6160
3888
6521
4070
7210
6290
6915
2418
3922
2133
1213
5797
4328
6030
2321
1352
2097
6083
585
5544
2831
2558
7410
3407
5471
7712
2078
1120
6363
7519
4268
255
65
5608
2648
754
6359
1249
4011
575
3022
7886
3072
7630
7789
3495
4181
714
3127
3261
4794
556
2139
3507
6102
5010
3578
5113
3077
7823
1528
6244
5329
7398
7697
6070
5240
4256
3494
6255
1149
1032
4996
5771
5530
658
7051
7412
6016
918
1872
2147
7985
8009
690
2445
1474
1447
6770
1709
4908
7306
4829
7189
6036
4915
1376
4955
1218
6385
7905
5379
3348
881
7248
7524
6556
89
4127
4602
839
7902
6353
5361
920
6219
2697
310
3735
5367
8108
5625
847
3588
4188
283
7082
5742
4398
4299
3173
7725
3717
5825
2340
645
4786
3658
3338
6778
1908
404
4240
2009
6499
2694
4455
4628
1530
735
143
483
7730
3499
4634
7255
4929
1596
6273
139
5899
6598
2510
1420
8049
4793
6932
1771
4307
2368
5187
2136
6324
4312
1628
6609
6115
128
5199
2793
3830
2738
4619
4812
4847
1171
842
6694
4384
399
4932
5264
1527
4670
5100
2331
4691
2551
5491
7921
3833
7686
1454
6814
5318
7155
4483
4962
6673
7804
10
7097
4721
867
3727
7032
6267
2940
1434
7126
3291
8124
2276
3517
3896
1034
3575
3215
7936
7484
5139
1730
3159
346
7844
1062
4371
6530
7744
630
91
4018
2384
406
6410
3295
7976
3953
1246
7108
6104
2625
3880
3603
5651
4791
6005
2235
60
1772
6713
2488
2109
469
7483
5338
5565
2475
6052
83
78
3104
980
5324
2537
4321
878
2672
5003
1216
6452
3337
4080
5708
1924
6062
4586
4525
8075
3565
3359
6692
4344
5126
2440
5693
7443
6133
2320
7465
7774
2102
5662
8067
1613
4343
3247
8152
6366
2302
6955
5720
4731
6347
992
4902
7293
5791
3096
2364
3378
2505
6882
5632
4907
1345
7493
7564
5000
6969
6311
1752
6964
4135
2842
5030
7018
5323
5474
667
5371
6233
781
2943
5980
7457
3730
5654
5624
4600
8035
4337
351
3850
1996
2791
1691
4349
5614
627
673
3959
2567
470
5043
3615
2293
7478
6982
4680
1512
3832
2411
496
3504
2751
6009
1638
5045
3007
3740
8134
3262
2780
3606
5016
761
1550
1688
6697
2230
1191
355
5971
4229
5349
8097
2171
6463
1734
6728
591
5519
7030
5096
1643
2128
1829
6099
5562
2927
3583
1507
7317
1186
7811
6285
2858
5932
5418
6348
7715
6972
5289
2734
6299
7341
5629
2160
5677
7319
4591
6254
7741
4377
1485
5201
2690
2647
3219
6662
5438
2468
3405
3409
1028
3423
7296
2666
3258
3923
5244
2191
1222
1499
3036
3263
7610
2811
2101
3971
2757
2412
2798
5129
3194
3371
4415
2348
2665
506
4402
4573
6283
205
5649
5957
6636
2846
2634
2336
7828
643
2217
6337
7840
7346
3914
1696
3366
7393
5547
3062
7167
8096
6013
2517
7439
7499
499
655
1513
7655
6044
4496
3834
7379
6916
2830
2855
3410
3397
6137
741
3931
7508
2284
5363
712
2951
2327
6614
5836
2051
1390
6194
5545
4157
1308
3733
5353
7654
956
6586
3501
4872
144
6051
2314
7979
4459
574
2037
7600
1125
409
2023
1130
3479
6743
5057
3094
3869
1728
1910
2898
940
4714
3842
7258
6524
8150
3782
4046
1236
1428
340
4197
607
6459
1095
7304
3674
582
5942
4864
3460
8077
3549
1140
2274
6214
7480
2808
5696
3678
5653
6913
7518
7365
4601
1157
6526
1857
3663
74
1248
7414
4777
2255
1373
6491
7220
5858
3554
3934
509
5650
6217
6077
875
1482
8186
701
970
2254
5066
452
4749
5509
7577
1956
5358
4615
3157
1809
133
4954
2775
6796
1684
5561
6562
4392
6621
4733
3347
1796
3555
6515
1620
1834
3315
4716
7667
6831
2925
292
1785
8189
309
6421
3386
2193
5857
7144
4924
7695
4995
711
4596
1737
3206
7246
5254
225
2130
1155
941
4025
5213
4490
4261
196
3979
2987
6949
254
1290
7485
6847
2371
5102
4675
7601
