6651
5946
242
7022
3189
3660
106
321
3132
7915
815
334
4544
1286
7899
6025
3580
288
6361
5091
6511
7648
6697
1468
4504
820
8052
7693
8039
6506
7258
4682
7752
4815
6525
8088
4207
4406
307
35
3889
4166
6111
7611
7458
5124
5490
1949
790
5044
1595
4805
5874
7231
5622
6862
7590
8065
8019
5326
7941
551
6796
2311
3016
6534
3082
2543
32
5510
7933
3930
2285
3050
460
1277
601
8115
3411
5683
1436
2914
3412
2067
6915
324
1150
1644
1315
3400
3144
2137
4229
5403
6586
1226
1800
4474
2238
4495
6690
4715
470
3943
1648
6295
3902
4977
6
7918
4459
5667
754
6813
4737
1360
3201
1770
3471
5509
3253
1894
363
4478
3341
2383
1892
1596
5173
4062
4441
948
3551
6571
5331
8070
4269
4699
1056
3299
3270
1915
2636
5668
4435
6562
6606
1456
3663
6611
1731
88
1536
5009
3405
6528
7853
7530
1067
7425
1890
2534
2362
3814
5846
7438
3313
6592
7011
4193
1502
6266
3713
1649
3102
5358
4522
5880
1124
4106
3836
6212
5065
4499
5912
6803
886
183
2949
2747
6941
7165
2257
4925
2011
585
110
5964
3605
1785
14
6225
5653
1853
6234
2732
2609
8154
3544
6895
5024
1051
3639
6655
7479
5635
317
5891
934
3249
6956
2275
1898
2236
788
6075
6835
7791
3782
3019
2666
7017
1953
270
4357
808
7009
7445
6060
7873
71
3038
6170
6278
1019
2180
648
2712
5728
7591
4232
2934
1154
1377
6394
2106
5161
4905
227
6134
5260
1214
2085
6867
3575
6438
1484
1563
828
4614
4355
7885
7159
5551
4316
6664
5351
4016
1963
306
877
6507
6988
4377
5572
8022
776
5007
4115
7637
5944
6892
453
1787
3744
2888
6842
4642
7040
4196
380
2790
3060
2792
3596
1159
4400
7847
5497
7419
3462
6732
3120
4633
1766
4184
2143
5553
599
6616
5246
6801
3223
4111
375
1955
7295
231
7851
4100
506
7085
908
2403
6280
999
205
6857
4077
2863
7209
5765
6449
4391
804
3149
3646
3842
3160
1597
2123
3422
5078
4
7816
2952
5154
5442
7256
1361
5578
3305
465
6004
2606
6530
4277
2276
4689
7094
1209
1070
6968
2290
2434
69
5048
4403
786
1880
286
6150
6094
1628
3753
6886
3804
168
5373
7408
1779
204
7683
2080
2190
7380
7385
3365
2891
2392
3248
7728
6931
4364
736
4447
6312
5187
7243
505
5744
1247
3937
7671
2740
5954
4898
3215
2305
1948
1837
654
5041
2595
4706
3267
8143
6293
5617
7462
7440
4732
141
7091
6015
5604
882
2974
2981
7581
7103
647
2448
6515
5565
4733
3257
745
1306
1118
330
1530
7120
7887
1027
7464
3156
5098
5517
1547
6082
1756
6982
1623
2826
7280
1747
1355
6501
63
7754
6282
7640
5723
6593
6338
7775
7527
7770
2124
109
3301
2035
4596
864
5350
3963
216
6691
5383
7643
7391
156
1604
2574
5827
5306
8031
6964
4043
5060
511
2293
7903
2460
4218
8010
7731
7170
6653
467
7894
9
583
4087
3364
3672
825
5315
6042
6336
3220
5634
2196
7402
7424
7661
2298
1289
2780
4373
4741
4830
3834
4103
7156
3483
3676
1380
7355
2279
5641
7253
2943
3508
4270
1676
1022
76
6028
5028
7585
4003
4675
3671
6092
2528
4693
5051
2061
7154
5432
6437
2112
4076
687
3534
710
5177
5444
573
4169
7395
4807
1486
7316
2687
6912
1893
5093
4324
82
2269
7545
5230
1976
2436
2713
4535
5128
7389
2484
533
2372
1462
8063
5470
6494
7382
6779
4559
2769
3939
4407
2841
7949
2000
1433
1618
3307
625
3712
693
2640
6474
2022
7603
6252
5994
1503
540
624
6236
2395
4480
1908
2634
7854
6407
3225
7513
4570
941
115
3536
3946
767
2125
1225
4680
7397
4831
878
1253
7870
5027
2843
541
5430
5369
6353
2991
6436
840
2371
1301
2422
93
994
4227
3374
6993
1005
6930
4963
6696
2158
2309
6246
3568
4224
2913
2809
7588
2762
8051
969
4625
1524
2628
2744
7013
26
6869
5130
2367
3413
5582
6951
2889
6358
3399
345
3465
5224
4637
8150
4345
1298
3268
28
1359
5220
4497
3831
5543
748
2169
4724
993
7656
6362
3042
1415
4097
4719
1758
6287
5800
1806
890
2077
2409
6119
7367
5986
7001
3697
2281
8165
2272
4010
4122
6406
7232
5158
6162
1580
1845
6896
2650
2050
3550
6570
7516
7541
6807
1417
1183
6924
3505
6612
1251
5868
6194
6066
425
4549
1556
407
7033
7550
7999
903
209
6285
7342
1117
6810
2369
4754
1582
124
7512
7202
959
5168
6735
155
2711
4521
4883
6626
73
3163
984
2306
1180
7624
7520
5657
5737
2156
1297
3083
1040
7878
636
3498
2871
1541
1094
6516
5064
3524
898
6048
858
3928
4750
6730
698
817
6297
6757
5670
3991
5410
6959
6938
439
8164
5889
4568
1567
3666
5837
6719
2795
7691
5311
4582
6021
72
48
5427
3333
2247
7571
5374
1714
1763
965
3387
1578
5664
3570
8077
3312
3264
7789
4177
2648
1049
7002
7834
1936
153
2886
4793
6714
4890
7735
2564
5940
1178
8166
2561
1023
5843
5711
8147
5721
2990
49
3680
5713
319
7811
3051
4119
7038
361
3764
7844
6734
107
1151
772
4857
1631
3380
7373
4622
4044
3337
917
1970
2537
7423
6215
7697
595
3931
6383
5324
3391
2894
3361
1941
4107
6887
7217
4395
5242
135
4088
502
3578
523
1537
2908
7056
4774
1830
887
2021
5938
2387
1160
8113
2141
6695
2765
5463
1034
5231
7561
1337
7290
127
4031
2703
1983
2002
491
3044
7481
5145
108
4856
220
2083
1663
2580
560
4718
7432
897
7190
1538
3345
1848
2605
724
1818
6081
4745
2364
6598
2803
310
4267
3807
1959
7262
7198
8004
1698
977
2101
3704
783
6560
3311
2623
8177
1754
6294
4425
6597
2964
813
5973
4366
918
1866
701
7686
8014
2832
6627
4918
4210
6431
3699
3355
3148
7776
7149
6674
2410
1327
1069
6884
7003
2524
613
4492
6419
2342
5
6850
7135
7000
1513
5962
471
2679
4921
3052
7305
372
5576
1724
6729
4791
2931
1403
5536
4711
6572
764
574
4490
7115
482
4985
1475
6578
2939
1896
5257
1300
7952
6828
4814
4516
1245
5144
1836
3632
2742
1429
6582
3556
320
4547
3430
4770
406
2355
6903
805
4895
7443
29
1710
5096
7865
3947
6364
1320
944
2946
1409
723
1638
735
4907
5729
6974
313
1831
1243
2315
8123
3339
316
4845
6556
5857
1137
5419
1927
2895
7957
3283
1242
2228
973
780
5623
4930
1389
6432
4752
7928
7614
4125
7052
7509
2219
5283
705
3499
6147
4692
450
2322
5592
575
4800
2724
2980
1954
7812
4826
3306
185
6844
6031
6351
5339
5648
4885
4585
4346
2178
6323
1610
3243
2152
4314
618
885
7078
3511
1886
2906
7138
7365
3004
5983
2751
4326
3777
3136
4035
6972
932
4231
1236
7498
4920
5577
3240
1685
6227
203
6712
3729
5901
5288
2439
5483
5223
663
6372
4893
3075
703
5330
6393
6164
1176
2442
7721
795
1633
797
1479
5165
2982
3705
3774
5408
6539
3199
2377
761
6804
315
5959
7400
1041
6670
212
1913
3397
6573
1127
6091
1798
1956
1368
211
3316
3936
5472
6846
5225
2633
3634
6193
7241
5046
7703
3900
2573
6213
6151
2745
4720
3489
5385
4511
1201
5281
1463
4369
6104
2565
7761
4753
3315
2268
3481
7551
6330
8025
1655
1091
6565
2979
739
7596
3190
3951
6030
1874
4302
7621
6086
5694
4042
479
6909
2104
3133
1184
5781
6994
6191
240
3227
5826
4525
4702
1969
2329
3983
2444
6789
2378
2551
3736
5762
7087
8078
4950
1500
2552
762
3847
642
7287
5738
1607
5113
7113
15
6444
5941
391
793
6142
7709
5149
3145
7309
139
10
3526
5770
5496
2478
6514
7746
3873
2266
2424
5542
7146
1210
85
394
6187
7623
2508
3815
5894
3532
2578
2068
4604
5169
4603
2186
3641
3696
2416
6009
5915
3535
5545
6963
1498
6672
3702
2428
5571
2336
867
3468
1217
3152
2958
1400
847
5087
653
7433
5696
2320
352
7695
539
5873
1282
3552
2993
3425
5212
4772
3124
7722
7488
6013
7891
4421
4398
3384
7024
4510
3032
6660
8027
4827
3881
415
6050
5879
7130
5422
6637
5235
5863
1933
4380
7160
3567
7976
7707
7514
2003
5556
4203
7525
2291
5211
1414
2664
5416
1740
2465
6893
1617
6952
2960
38
4859
128
2160
92
5751
637
5475
7261
7267
4993
4690
3423
3685
5570
279
1862
7626
7248
1344
1074
1424
5907
2518
3048
7054
501
529
1966
200
5076
296
195
8162
1432
329
387
2412
1411
6117
151
7435
2522
3994
4171
7116
1017
7557
4393
6817
3869
2604
4048
2349
6761
5884
5806
6010
3809
610
713
3037
3403
428
796
368
1937
3166
3360
1425
446
405
4922
3095
7006
4181
1287
3892
5916
2385
454
6365
2265
7745
6243
6775
6948
991
5538
7216
6411
6381
2659
5249
3393
7139
2735
2220
268
3059
5530
2515
3015
177
4304
6057
2063
3146
1869
8120
792
638
5613
8128
5049
662
6496
6331
6430
5637
7757
7136
1239
4147
819
4594
6615
5931
3911
2766
6577
6309
6989
3914
257
1535
2500
3158
5660
7830
4434
5631
3476
4523
4233
2059
620
358
2998
396
431
2209
8097
1156
3491
5033
1650
2020
1357
2674
8138
2988
6786
3137
4849
6291
7597
1093
801
2581
6398
6083
7030
5001
5131
3557
6640
7437
5176
1095
4261
5418
6498
7031
1385
7653
3811
2155
7235
2768
588
4989
1810
4657
8102
5844
7166
4162
3449
3891
7528
7071
6698
2005
2521
129
2673
4945
7411
2704
2721
6183
5736
5927
308
3801
3929
8095
7920
5019
3231
2529
4179
7260
2526
3741
4139
1565
512
1732
4341
6716
7959
3845
3096
4208
1555
3193
4412
6238
7773
6865
132
4645
2722
2594
4974
483
5367
2183
4524
8163
7255
3427
1362
5726
7084
7455
5327
213
1338
3088
8156
236
4451
5982
4779
3717
4298
3558
5103
2856
699
178
4803
6402
6773
2338
5109
7909
2727
1272
2739
6451
7291
4889
2262
5714
1505
5489
972
74
6722
7676
8013
1743
7555
5618
7358
5290
3608
5569
3474
91
2956
1826
4928
568
5564
6055
1961
8018
4349
6978
2299
469
7195
784
5810
4137
853
1988
1387
689
7068
8016
6341
5183
4339
8110
8028
7788
134
2032
6755
516
1229
5208
7505
7283
5269
3933
224
6499
4201
2464
5215
627
1059
1709
777
8135
2845
4501
6587
272
4909
3565
4161
22
253
8127
2593
7790
3604
7984
1133
6787
1296
3241
872
3472
1212
7622
5201
4025
3661
6765
2784
7311
6621
3214
5479
7403
970
5286
1314
248
7942
7331
4318
7993
6898
3797
440
1684
7508
6355
6853
2274
7055
8011
8082
2113
4649
6908
3737
3652
2811
2748
6105
0
2446
5913
459
6505
702
3261
6838
7485
7297
6557
2391
538
5469
6659
7273
5297
2327
447
7252
7726
6384
6561
7086
5558
2476
3180
7043
4527
8037
282
1326
7771
1518
7381
393
740
7229
3407
4287
3203
1873
3773
7307
7319
4059
5069
2146
3023
2882
7798
561
2608
985
5639
6851
7938
4182
3335
6707
7076
4563
13
336
7599
7705
4938
998
5413
335
1175
4824
3003
3854
6088
2034
2471
6373
355
2621
7461
3545
3014
4647
731
7007
943
3234
964
445
2451
2462
2874
1705
4848
7856
6469
3331
4354
6590
3621
5202
5255
4880
7019
2697
3011
1128
190
3619
8149
3390
2386
4914
2985
2267
7147
2932
6744
2072
1858
369
2401
6166
4255
4996
728
1852
5134
4628
7792
1334
2909
4685
4245
7430
1136
1312
2771
2878
3061
3830
5204
7659
6581
7404
4903
6077
1885
851
7427
708
3070
5032
1499
2189
3140
1138
6388
967
2129
99
4595
5275
911
4026
7768
7650
2793
218
7877
5040
1599
388
2787
2917
5067
7580
7576
4834
3520
1280
2678
6504
3064
4112
5421
2223
4295
7916
2164
915
3194
1928
342
3993
1884
1677
6400
1438
4460
2461
5456
7863
4789
7249
5114
3349
3783
2973
6281
1054
1939
359
7442
1569
2741
6207
6063
5867
6960
5179
6666
7532
7449
255
8050
95
1575
1398
1662
6864
3953
2865
857
452
5506
1790
6965
1060
5163
5799
7655
494
2203
6990
338
4862
1739
1197
7092
7743
4638
2540
7849
7491
4688
5597
6161
3106
520
5718
4806
2872
3221
294
6673
5614
692
1765
4211
1474
5301
42
3706
2887
7836
2430
7989
8058
7429
7486
354
552
1440
1742
5815
2600
5449
385
3723
7673
223
3376
3709
4149
2953
5436
3525
5850
3751
7265
5206
1601
5528
6149
7787
7674
1865
3569
1310
6541
6124
5335
381
2027
4952
2381
3617
6462
1186
1726
5835
591
1292
3839
3017
7409
6264
6199
1113
4937
6356
3765
5636
1336
2996
8116
4313
6377
3592
6704
3020
3841
6856
4686
3828
5354
2368
2182
2273
2613
8049
5348
7796
7772
5722
6536
6759
547
5933
5015
3097
7266
4542
3669
2007
4383
6746
7598
3689
2837
6552
3726
6717
346
6461
4344
6679
2596
3025
2559
4072
5159
6488
1401
7293
4213
7613
838
7923
30
7370
1364
275
721
4894
3603
2799
6422
5993
2987
4670
3371
5778
835
6781
7802
644
7503
5153
3421
2420
6741
5606
3351
510
4424
4427
1820
5102
1083
7200
6823
7339
3950
3497
1887
424
172
2862
7459
5395
3875
6283
79
4734
3093
7237
1803
775
4823
2202
5568
594
1834
3591
8066
2577
2957
5814
493
4553
3610
5595
1980
6433
6007
2226
1707
3247
5548
6071
5620
5254
8158
6942
827
1782
7660
484
4443
5014
148
5299
222
7968
5626
1107
4601
543
1520
7456
3325
3760
534
4159
239
8086
7805
7356
7779
8181
1971
596
5947
982
5026
2454
1147
2070
1307
2626
4176
5677
4300
5304
5484
1979
472
6508
1548
2114
3806
7257
7121
3877
2523
639
6389
3752
6873
680
2629
6095
7141
6481
3694
5237
7998
1626
6665
3293
1365
2794
1957
7822
4096
1241
5415
2310
6783
1910
6447
5710
5642
232
5603
1472
4714
4868
4860
3966
3099
1622
7310
2200
884
3009
5066
6056
295
4581
1788
5278
996
1252
5393
7131
755
3989
3763
3230
3105
3057
436
1104
4172
6799
8036
5518
7556
4629
3494
1615
3455
104
909
7759
4870
6349
6144
4687
33
1749
3703
1402
6629
6706
4837
486
6470
3263
2301
1926
2857
1163
4498
410
4382
2153
2677
1506
6268
4672
7649
343
3006
2644
1923
641
6668
4402
54
4606
4871
2782
112
1469
7133
3767
7422
3072
8044
7720
4797
2031
1369
8190
579
881
5262
5140
3031
2212
1700
7152
7958
4518
2995
7477
4979
6310
4579
2730
7739
8098
4725
4959
4941
6529
1682
6995
7490
1090
7254
6093
2975
2684
3844
6684
5559
685
5325
6156
2800
1328
3988
2481
5493
2641
5818
2702
707
3406
7264
845
5054
8106
6141
2065
1043
1120
271
2948
4130
2079
921
3202
4948
4457
1284
763
6777
3718
6369
1370
5755
6334
4030
6935
1268
3675
2052
6168
5090
7729
3024
7634
2819
6386
2340
4717
2622
5784
7732
2419
7842
5651
1817
7807
5409
1856
1000
8180
3960
3976
4919
7344
7841
5707
3373
4413
3110
1129
7950
142
1482
3971
5584
2110
23
816
2869
5445
7843
4712
4743
981
4833
3917
7716
5132
709
3906
5303
130
6985
7285
2896
1227
1967
5734
3170
6011
1276
2558
5709
666
2090
1405
4101
4458
2729
3692
949
2475
7230
1165
6409
6190
7117
4651
2397
1285
3594
4801
6169
2330
4722
2947
5166
674
6099
6977
2398
1192
5804
7711
3780
4426
5034
7061
2347
4564
5307
3077
5181
6826
3539
3246
6771
5182
562
19
5992
3561
1291
3687
1224
935
1256
2193
5498
5120
146
344
894
4108
2033
1453
7337
4034
1602
5455
2738
1103
7763
7824
3204
301
1274
7321
3582
7727
2530
1661
1522
4429
3416
4024
4565
873
2725
5574
7534
5451
4323
1557
1142
5399
7083
4785
2373
3861
4484
7762
6308
5875
1715
7832
3796
3867
6045
2271
7864
1868
1888
5682
5282
5928
7548
3323
6953
880
6708
7467
7347
4904
4755
6034
6279
3457
859
1545
7368
397
563
3894
863
5702
4646
7181
7632
7079
3566
4418
7970
3611
7838
1167
6133
297
3197
814
4338
6703
5581
4069
5922
6774
4908
7476
3602
2380
1171
2321
7050
478
1947
4813
4617
2951
4998
4575
7579
4014
7935
1430
41
2689
480
7518
4152
1288
7827
1789
3563
3086
5229
7710
4674
3216
1181
4818
2116
5273
6833
4167
6251
7434
2538
1131
2940
6020
182
5730
6158
4396
4607
3488
5853
1922
3420
384
1375
6154
4131
175
6265
6302
2450
2252
4253
6872
1119
243
1097
5272
6607
5985
7126
4901
4764
5077
4175
6905
8056
1643
3495
7244
2207
5411
4470
7414
1371
8161
3030
3908
3615
7904
4483
7852
5240
7884
4305
4726
4170
6224
2411
1489
2241
5167
3755
4491
6614
7544
5805
6412
3101
2246
4759
6772
7785
4286
2074
988
7203
734
7737
1825
1553
3179
1261
3785
3372
6647
1528
6683
3356
6766
6322
2656
6509
604
5320
3850
6140
5747
5219
3579
7725
3625
2601
7627
7569
6321
6747
4163
7667
605
8121
4431
6713
6064
3858
4566
78
5685
8137
6363
4639
6785
1978
927
6172
6101
1943
8059
4187
5621
2897
756
629
1791
6550
7986
1675
4188
261
2868
2016
7751
1058
7167
7066
6196
6084
6762
3964
2047
6564
7990
553
4126
2635
2100
1543
2181
1814
2643
113
2813
2861
8061
3898
586
1990
7341
1193
2010
6059
5317
4634
1191
7793
5816
6642
3235
5426
2145
6221
273
1847
2399
300
732
429
997
2480
822
2018
4469
5504
6700
5111
3150
1999
1010
7410
274
4580
7602
6211
2128
924
5786
3519
44
4916
4352
219
305
4771
6728
4509
7600
5071
5190
6523
5428
922
489
5848
600
2655
6733
2240
5991
6944
8062
6138
5860
2835
6685
4788
6661
3572
8089
4876
3191
714
1078
5175
52
812
2840
7956
2056
2167
3577
1346
7142
262
4235
2001
6368
6192
619
5681
8187
2331
6688
1087
5669
5372
5192
1323
408
7845
2667
2892
4216
4055
2620
5906
7778
7320
6495
6917
3071
6052
2086
6018
3695
3366
4877
1275
6710
6819
5171
7064
4209
2316
8151
1529
8
18
660
6328
4289
527
3826
419
4331
6157
3731
4550
8136
5861
5488
4664
3013
2452
1761
7269
2260
1752
6724
5162
6116
5796
3206
5686
2264
7804
1521
5133
2154
3186
1140
1907
1940
3208
4041
2361
1996
2831
225
6471
2216
8035
5841
7966
7542
3352
1697
1391
4710
7644
5473
5244
6574
6793
7717
2665
2690
2351
906
5238
2592
3607
4781
2937
4283
7897
4468
899
7699
2519
5045
423
114
1332
852
5761
6650
1030
6537
3832
4260
3772
6062
448
4947
7067
1258
5380
7538
2898
3612
140
854
7361
3084
5394
3899
2825
7359
27
664
1384
4222
2297
3176
6485
3439
2798
1459
5589
8125
6085
4036
2210
4828
6441
5452
4258
6743
3564
6399
730
6197
4762
2910
3813
5766
6454
7418
7501
5050
1259
2254
1077
4574
8040
7835
4627
7809
3890
2206
3734
348
4116
4144
4697
7529
5105
5287
8182
7330
3318
3074
6639
7439
2802
4777
3510
2447
5544
7327
4677
5970
779
4943
896
490
4508
5457
1321
4360
6255
1177
5388
4217
246
5025
7014
3461
1011
6473
144
3528
5566
3217
3334
4864
3887
163
3477
6904
6760
6984
2812
3314
2390
4875
862
5609
7015
6788
1205
5955
7633
5344
6203
2350
5715
254
656
1828
3239
3791
7664
6900
2463
4029
3691
2736
3010
1744
7336
1455
3576
4600
1574
628
201
2429
6466
4878
2437
6477
3309
2365
6342
3242
1466
3342
1206
1554
2245
4118
1544
2625
1720
75
659
1295
1533
5013
4822
1952
2647
2356
3516
3945
1681
2357
7173
2575
5774
6122
3036
2603
3377
5118
7658
920
871
806
635
6424
6135
4698
3062
768
4200
249
4835
6258
3515
5647
5833
1204
1841
4442
1842
6467
3222
4910
3904
4259
6180
332
1084
1021
7625
2359
6274
5136
277
2967
5937
1911
4530
4375
6551
8046
6594
609
7444
1248
1153
6245
4358
7973
4252
1073
1838
6222
4242
7289
4976
1053
3353
373
4602
5503
2487
2611
4325
1778
6933
6608
3860
2013
5590
6016
4275
1208
2810
5384
2778
17
649
7062
3385
6453
2539
6818
8176
5836
7913
1481
2710
4740
1480
2030
4821
3039
3094
4855
2598
70
4744
7148
517
1203
7977
4694
3448
7748
3279
221
5375
7537
5640
4838
5749
4050
5508
5058
555
1161
5555
7651
4032
3300
729
8053
883
3454
3041
3444
5522
1407
4461
7584
1849
4405
8185
874
7271
3874
149
1305
2899
7169
4415
6797
4705
5302
5678
6403
5957
2069
7053
7867
3543
1454
7927
7502
4140
1839
8168
5227
5700
2057
1977
3169
5108
8172
1840
3111
2111
6711
3678
3212
4934
7119
3290
1062
7132
3631
3683
3616
8173
7286
357
6257
6841
691
4113
4215
2323
2541
2699
5459
456
7176
2972
5116
2453
986
5829
905
6058
3322
2087
2255
1130
7388
7926
3730
435
51
5823
2731
1096
5987
3531
5340
3674
4070
7107
6204
2470
2829
3177
6805
6997
6720
531
6845
6535
4917
3879
6693
8191
1777
3329
1025
1951
677
6376
6860
7890
5398
2227
3451
4701
4136
1586
5150
7618
7760
7223
557
442
4148
3285
3192
5975
7688
2820
6120
6155
771
7701
4476
2785
7072
7294
2548
3336
5909
2715
6476
6821
1851
4696
3127
6233
5322
6250
3402
3291
5739
2610
5680
2307
6482
5110
6981
5877
2408
3600
3719
528
2849
945
2834
1784
7932
1174
4858
3920
5481
1428
717
4282
6418
5295
7473
4440
7889
7194
278
4445
2919
7764
4371
1198
2555
537
3586
7945
2582
4038
4643
4319
1222
4678
5258
2472
789
5284
6202
7037
2360
4543
2142
6153
1250
5063
1325
2028
6576
157
4778
5989
2303
7593
3119
3979
4808
1608
6240
4953
1179
1621
7182
3121
3298
2388
7883
5890
1591
2627
57
20
623
5921
7595
6253
7848
1774
5876
621
5343
5821
4067
4080
923
5594
2455
3969
4605
4881
7109
6954
3266
749
5968
2485
3799
4576
5981
4234
2638
2014
4246
8094
5085
1260
5525
2432
5885
6667
5462
5897
2591
350
6890
3026
7213
5925
4165
3742
5731
6272
4679
2230
6299
3437
7251
2051
362
4154
3153
2081
876
7177
7969
6072
3644
3949
6739
3613
2025
2797
2630
8178
7421
1688
1038
4251
7044
6567
3745
5005
2166
2877
8024
56
7472
1457
550
7250
4865
4110
6992
3913
1372
6863
7346
2675
1531
3209
7850
4001
6518
5717
3358
2308
7228
5138
3664
2850
589
2102
3756
2029
2097
3272
1293
8117
1546
3370
5466
3686
7184
2161
2777
3776
1590
1080
379
2491
4195
370
3853
746
2286
3629
5834
4051
5155
6790
6725
4262
3509
7020
7859
189
4586
4017
6566
3623
4244
7777
4926
5819
3506
6139
842
8005
7386
5633
7547
4572
2319
3781
6417
7314
6877
80
6855
5139
2779
6866
3903
2026
171
1157
1729
6267
3822
6177
6078
6396
3921
2637
5363
4141
870
617
4040
4005
1899
7333
2417
2204
392
3175
7955
7090
2144
5687
5773
4185
7905
4350
7619
3459
6165
1269
3952
4071
7129
2501
3053
5533
807
4073
4780
6023
5500
3593
7978
6820
6357
7185
7860
4237
1406
6692
3606
6008
126
5972
464
1860
1033
164
6538
2670
2222
7888
5210
658
5360
5999
8017
7712
7399
7153
81
1404
3507
4973
2506
1442
2148
199
4013
2645
364
3720
3367
5000
535
829
5263
351
6763
7226
2718
6303
8085
8141
98
7912
5895
5433
6726
3450
7379
7100
5435
1721
5524
1719
781
2048
4526
1583
7246
6946
6189
4333
7988
554
3856
6631
2752
5396
4280
4467
3018
3386
6669
2012
1047
4173
1550
5341
6332
5658
580
5337
1146
1526
2132
2589
5104
3750
2904
1809
3912
1441
2277
6950
5349
3560
4290
4310
1158
4178
3587
3948
916
6392
2353
4739
1889
3340
2661
6271
893
7197
1072
6181
4104
3733
2248
3938
6816
1930
1562
6359
1816
2542
4836
4552
2599
5156
1902
2150
7765
839
6348
3401
1775
3999
1187
3183
4923
7143
266
161
6107
2662
683
8043
4545
7960
4841
7039
4365
1593
5191
1516
7140
1232
131
919
2876
3445
4839
430
5701
1110
5042
2456
3198
1932
3138
1216
2118
3000
5792
3432
4660
7106
2701
401
2873
6014
4913
8032
3409
4873
4485
4020
1984
3855
1345
1465
2938
2427
4528
8033
7454
1647
5743
3884
2249
6198
8087
105
4008
5356
3542
3029
5831
3181
5004
5389
5446
7270
1139
5038
2935
5378
7274
565
6555
4381
6778
2213
1511
6468
6123
7
2977
7350
856
7392
1811
2658
5377
5084
1029
7205
3870
7161
913
2588
3308
347
3357
4297
7296
6770
5759
655
7840
7026
5865
7366
5904
7164
8071
8069
891
455
7236
2425
7724
6249
1656
5461
2121
2043
7526
1367
2560
7879
5911
5100
5119
411
2963
4133
3698
7954
946
1071
3167
1002
2041
5824
7218
5587
2743
7348
8144
4641
3916
3065
6024
926
4966
3426
3383
1152
1331
3905
4829
7577
4847
1577
291
403
7239
58
6446
3410
912
3609
1570
5294
5039
4773
7652
3493
6179
5903
1997
3238
3865
3125
6047
3464
4021
6603
569
1123
1271
7179
2109
546
593
2525
7523
2875
3829
3116
5512
5529
8021
7057
2883
7493
5052
4348
643
2544
1613
5712
5822
5753
3147
3771
8109
1055
3512
173
8140
3292
5919
1335
3492
5474
3895
2334
7048
8130
4438
4378
6160
1630
7964
4390
4769
1691
197
7934
5748
1982
4554
4279
7070
722
1341
4340
4867
3027
5366
3766
1759
1313
1804
4089
1573
6387
2103
6620
6405
53
4240
7608
2954
3784
848
1699
2404
3289
2130
7279
7183
6337
6624
525
3446
6604
2019
7199
4597
3503
5638
2418
3303
3614
5798
4389
402
6738
1579
1986
7222
6750
2366
5236
1960
821
5256
7630
84
1413
3040
4419
2989
2737
7212
8093
7192
8124
4479
2243
6822
2536
6888
5599
7275
1665
1099
5550
2668
3320
4593
5079
47
6630
3549
4730
4228
233
5929
441
4311
5775
6226
6847
287
5785
4540
2313
1257
2302
5082
5261
1028
6588
4539
4517
1746
4180
2066
3485
3659
3711
3816
3114
3478
582
7654
1914
5012
7560
4374
377
3648
4278
7308
5892
7487
3618
5036
3348
4012
2140
4760
2474
2443
545
7134
7570
1374
476
1485
1254
3538
3673
2764
1755
695
4337
3970
6808
7672
1525
5381
4960
1042
7383
4749
4761
5482
6998
1863
2055
4015
4336
6881
3941
3642
6500
1905
5313
5448
6067
7663
5148
5886
4846
3934
1616
3135
1235
2492
7475
7150
5899
2400
7944
5862
4610
6934
2676
4992
2968
5346
6966
980
6079
290
7892
2296
2234
1263
3047
7468
566
5871
1218
4225
4079
8100
1921
2131
773
6415
7073
179
7730
6958
1188
1958
5151
6678
5547
6472
4939
3258
4900
2770
6076
3008
6483
3012
6054
6366
2502
2449
3958
4819
3962
4866
5425
6591
4505
3154
1632
1968
4157
6825
1780
237
855
6429
2173
6176
2458
5771
3738
536
5926
843
2569
4449
6512
1827
5878
7463
3574
2796
4204
6230
7278
4796
7519
4271
956
6434
5930
4902
4143
888
7690
1451
5902
2852
6121
4456
1736
3984
950
6901
2163
1598
6017
3819
1122
3089
12
2965
4033
2184
5608
4560
3262
7606
6343
6206
2864
4230
3501
4850
7390
2282
6849
837
5838
5404
7016
4158
6824
276
4758
6531
1173
5083
6916
8092
5883
3066
3343
4949
742
5126
6749
3081
4223
3296
1356
7979
2232
4376
2278
6721
2312
1881
572
4787
5917
5795
3637
2801
2486
576
4307
2763
5057
5412
6360
4783
7901
4315
5300
2848
6520
2681
7876
2133
7466
532
3996
715
4151
8105
5195
2733
2945
5037
7755
4721
2438
3131
5932
7914
5043
8008
4330
7496
2195
4536
7384
5952
7972
5546
5072
1416
3362
8009
4156
2024
3679
8026
968
5112
6456
229
900
3379
7814
1508
6737
6113
1126
1680
587
5893
1614
3677
4534
6426
481
5362
5745
4695
2961
371
2433
1687
1488
2759
5447
6936
3798
4555
1514
1170
7880
2746
5699
3527
2507
4557
1420
2709
6397
4810
4248
5630
766
7497
8146
7929
2846
7322
133
2317
5289
5777
7995
7234
849
930
5832
5741
6460
3219
3985
1987
1703
5318
7872
4099
6776
5471
2093
3716
2358
1792
5539
1478
6112
1111
4817
2095
7155
2423
2096
6584
6143
6423
1634
5690
2566
6478
6595
5122
937
4052
2808
7158
6340
4506
1064
1228
5790
1460
413
7080
4970
4164
5233
4473
5198
875
5336
1141
1901
3196
2607
418
7568
3803
6609
7394
6200
2853
7908
1290
234
7900
987
7702
5516
6145
5797
2880
581
4046
7620
2115
4654
4529
2663
207
7565
245
7997
6339
1491
4655
7277
3883
6891
3882
7065
3159
5507
6967
6148
6899
159
5953
6792
5716
7536
4063
3635
6920
1989
1350
1711
670
6638
7810
4650
556
2847
3795
1339
5487
2804
2924
6996
6913
487
7097
4450
7971
7012
7515
2384
1686
5674
1658
6491
1823
7582
3793
4487
7638
475
530
7211
860
2708
4671
5440
1527
3115
907
3260
6395
7794
4123
5008
4114
3701
681
6370
8101
4978
2984
5232
2557
5309
6131
6527
4399
7939
1443
6027
7719
7617
8133
6613
6053
180
2517
3926
2568
5757
1004
3392
5760
2071
4226
5073
3109
669
65
5197
2284
2490
5870
3108
4683
6599
4494
1696
522
5735
6448
6068
5627
6241
2646
3654
158
4611
1964
597
7687
2836
3595
5812
5881
3142
4239
6231
4892
2382
6326
2477
2076
6949
3992
5146
2760
4028
4061
1009
4299
4929
5243
8030
7240
5157
3880
7292
834
4294
4273
5688
2251
7268
5029
503
7338
1549
7910
4519
4663
2135
4735
7157
6089
6618
4532
2905
7631
5549
7374
1308
3428
1324
97
4964
4946
5888
3759
675
4884
4879
6652
2162
6178
6883
6677
4911
3649
830
7607
1757
2201
6463
1003
1891
3957
1730
7110
1912
7747
5022
7736
2922
5062
8183
87
4935
2916
4455
7886
2830
5513
5554
1330
2488
892
400
5234
1653
5486
1085
4987
5291
2510
4309
3866
6450
4206
7517
8112
2445
3852
7074
3273
2707
1394
7677
1421
3443
1587
4571
4362
2483
1092
2354
4288
36
738
8132
3332
5386
6532
1366
462
4556
5537
1897
2136
3218
5695
1859
3627
6686
5218
5345
6756
217
1564
2058
4954
910
5035
1878
7817
365
7323
769
5643
5321
1351
3601
4569
1753
3277
6439
5017
3982
1237
3389
6039
7715
7575
3967
6543
468
5769
7572
7669
299
3893
6254
6452
5141
226
3276
584
6493
3589
6367
6214
302
6764
4962
7511
7005
6579
5616
4840
5434
3288
3123
6991
7940
4844
4134
3021
3800
1876
1718
4729
6002
2421
4082
2563
263
7646
4197
6051
4792
6524
592
5106
889
744
4433
4105
7657
7750
7127
6038
5267
3715
5276
1311
2389
5910
1689
3825
6870
6185
6682
4776
3487
4558
3195
2092
2619
6260
4296
2038
2921
8170
437
6270
524
4056
7105
6675
1399
6374
280
6205
4746
2814
1594
2726
6132
8060
7808
3956
974
6329
6126
7907
6882
2514
1857
2138
6012
4811
3754
4955
1045
1903
6742
1512
2174
5659
3897
1088
1207
2942
4430
1016
2786
1470
174
651
6127
7363
5601
2060
7125
3265
1794
4095
3207
3792
3278
208
8003
3424
6065
2075
5676
8171
608
1833
5280
4220
504
4842
7609
4194
2962
2788
5625
170
6049
2717
6748
6885
4763
5967
4804
2657
4272
7965
3748
5579
3173
2218
6003
1576
4146
544
3447
3381
228
382
3823
4751
7063
5357
2044
7318
841
7974
1998
6186
1603
5560
4109
3398
3436
4621
1657
5562
2901
181
7524
3721
1895
4121
947
1534
7563
311
6976
3254
3769
5021
7549
6457
6619
6839
7225
672
3002
6096
542
4322
5984
2767
241
3997
5018
1994
8015
6026
11
5679
2900
7758
4384
4332
2120
7008
6926
4274
1240
7447
7592
2693
260
5628
6840
4361
652
198
5960
7471
7639
390
5245
3350
3168
831
6859
1445
8076
3502
765
1278
4356
4656
3259
1125
4561
8067
4767
5117
2617
4081
5971
518
3151
7441
5943
5825
8129
4444
5794
473
45
4065
3562
4971
2224
337
733
196
953
7713
6325
5896
3354
1802
1052
8107
6354
463
5697
1832
1737
4799
3749
4995
8034
1048
5583
2597
6973
5002
7284
8174
7484
1938
264
6375
2616
902
125
1762
3319
1801
7108
4872
6090
4472
7353
485
3859
6718
3622
1410
1776
5199
3915
1629
6656
4927
6910
6654
1918
4004
3304
6269
3812
5733
5420
252
8002
3092
2172
5963
1674
7345
5526
7881
2337
4422
1950
7340
5612
661
7351
2332
5990
3434
1646
7446
3496
3668
5250
5809
4463
1419
184
5527
328
5974
3645
5665
5534
3431
5221
5905
6623
3740
3382
6827
1086
3743
2959
2457
7936
1670
2176
2326
4372
3058
1347
7818
2806
1585
4795
5866
202
2556
68
3484
7982
5329
990
5918
7645
119
6201
2426
549
5740
3326
492
238
4221
5477
6098
7911
6109
1846
7343
1018
1329
7780
1660
427
1492
6806
5646
4816
8081
6037
2706
8111
6102
4183
7507
2147
4700
1024
4276
6852
963
6390
3076
5205
1519
4387
826
1194
4117
6216
3862
5859
6391
194
2903
1734
6769
3090
3968
5793
4609
399
7744
7465
6069
5222
8114
6210
1435
1105
4592
2587
5585
3640
2842
3986
5401
3068
4408
1991
6600
4673
1642
5950
5491
4254
8038
616
1076
4303
6032
676
2854
4620
3848
2756
1493
6907
3233
716
2363
7329
1234
1444
1319
2280
339
1449
1273
2971
2208
3643
1975
6490
2214
2088
5241
7492
5856
6440
8079
571
4648
6313
7332
6701
1589
7122
1515
7895
4502
2270
2469
2503
5200
7665
1669
3665
6676
578
7931
7801
449
4058
753
567
7058
6878
1822
6547
1270
210
6033
3876
7866
7601
120
1748
6617
2049
2185
4281
2258
6487
1185
5053
3924
3653
5332
1797
6596
2505
4214
690
5405
3129
727
4368
6344
7364
1572
383
2884
995
3200
5092
1501
414
2783
2936
2885
206
548
7360
2642
4493
4370
5936
8045
4825
818
256
1032
7963
4428
6035
3886
5872
1112
3369
868
3977
2791
6645
265
866
3504
7023
4120
3923
6610
5209
7994
4652
6568
5308
8184
4512
3055
7227
1144
6000
694
7272
794
3681
7483
3470
6074
289
4584
7604
2698
5663
1965
3901
2554
4329
1427
5580
2054
2571
4618
2549
1431
3820
6947
7774
366
6290
2858
2046
4786
2893
5923
2714
5724
7819
2078
5185
2821
2435
2696
5575
7689
6319
6137
2807
7531
2375
6791
632
3657
7398
2177
1082
7378
2134
832
5101
2879
895
103
6475
314
5492
43
7985
7875
5264
6830
386
1781
5652
2159
3940
4940
3098
6019
499
6327
1672
5942
2292
2994
6410
1870
6044
6694
6378
7282
5780
787
6184
2944
2851
1507
5980
6022
1668
7242
2094
2867
4301
7145
1066
942
443
409
7535
5193
1552
5217
5107
2694
7917
5334
1266
5644
2256
3788
7552
2547
8090
3693
1007
1620
688
6480
4007
3213
2516
333
4766
939
7826
7104
3211
5016
1393
7953
5552
4128
4083
1510
2040
5505
6275
3269
1992
5480
3458
4045
6648
250
6854
5851
6522
3456
2406
1619
458
4243
432
4832
631
612
8186
2468
7077
933
861
2215
1854
8055
167
7186
6589
1057
1659
6705
8042
7574
3378
7708
1704
6745
7967
4578
1678
4060
4138
5184
1168
8131
3250
8169
3164
521
1551
5887
3973
1448
1985
3530
4615
4632
4972
5265
1735
4132
6502
4265
1495
6929
3584
5842
5934
954
1571
7578
67
3656
6100
6731
7189
3620
5969
558
376
6921
5817
1352
7233
3281
8057
7405
7605
1693
4404
2194
5081
3284
2823
1343
3684
5619
7820
6486
4124
2235
4432
1102
7469
1063
7636
6001
1101
4085
5305
3438
3868
5382
7171
785
6784
2295
2672
614
7301
5129
630
6379
2683
3523
7641
284
1664
5365
5228
5180
7975
2082
6174
929
309
3636
4075
4888
5772
7010
2053
3724
1942
5650
2818
1727
6513
1035
3624
2920
3942
7480
3896
31
5607
3871
4616
6435
367
3707
6753
3297
4630
3735
6918
5429
7059
3327
3118
1390
6125
7714
34
6811
4454
712
1116
6130
4703
3479
1408
4782
4411
6874
6927
7188
5854
1461
3786
5820
4658
136
5402
3255
3139
2333
5499
3925
4420
6625
1532
2929
2489
4465
7196
2494
1702
7858
7991
3727
526
509
5661
5746
2907
7387
1452
4212
2199
3162
1764
2576
3126
5359
4942
16
4191
4951
570
1981
1824
3324
6146
7800
8012
2781
1446
3128
3419
6040
495
7051
7018
4388
2198
7937
1637
5086
7206
1244
6314
6563
1106
4320
1015
6345
5006
1717
1376
7313
603
2089
4190
55
4852
4394
2149
7522
3980
4503
215
6829
1264
7685
3838
497
7718
4899
1230
6999
7245
6292
7612
515
457
5977
4192
6880
3475
3975
7893
3878
1304
3770
2618
1539
1625
3927
1812
2682
4887
4102
5214
6868
3165
1213
6798
331
6114
5782
3321
1945
7046
5279
39
961
6242
2191
7450
2585
4037
2660
4968
5188
6510
5708
720
7027
235
4256
1728
7504
803
1606
1089
3134
6802
960
1373
1001
7288
5693
147
7362
4727
7372
3310
5203
2590
61
6628
214
259
6641
2122
5754
4155
5541
679
4624
3271
2376
1114
3658
4676
7586
6484
5387
5828
1815
5531
2860
7795
3328
40
7406
6503
4961
5869
778
6097
1673
5705
3537
6928
7098
836
2512
3919
3518
7647
4416
904
1349
7898
2440
3229
3500
6943
4386
5094
3965
2997
6043
6962
5099
4590
1487
2992
3107
2179
1517
4619
4306
2217
7510
3647
1100
7111
5996
3113
4991
7214
37
7733
1640
4437
6247
2986
6305
1883
1904
488
3363
1767
7035
5441
4086
7833
5431
914
4471
6715
4236
5624
1542
3035
1233
1909
6680
7025
1109
931
7559
7281
7846
8091
6414
1316
5314
1279
7102
6208
7902
3918
4533
8160
4980
7299
6421
86
4379
7987
1738
6223
975
2705
7753
5830
3588
451
8006
6940
6350
3245
5801
5629
3080
1190
513
2773
2866
2175
5266
4874
7594
1962
4588
404
5047
1490
6492
1906
6298
5605
474
5468
5586
2405
7220
3995
6408
6427
725
3463
2815
5858
3317
5347
3394
5948
5464
6320
1935
7144
2776
1723
667
5515
8167
1164
7238
1065
6304
5353
7369
3091
7151
6443
5649
6333
7587
938
3851
5097
2912
7668
1196
1813
1220
3974
3286
3553
1434
983
3987
6601
5908
1916
4551
1875
802
7499
7036
6553
6307
4160
2188
6782
4257
6152
1871
4002
6289
2700
3130
6736
4794
1473
4057
4266
3079
5656
6497
2827
6549
7828
2805
4284
5655
4577
8023
7589
1262
3187
1195
4515
2073
6005
976
1645
3103
6605
4723
5520
6687
2719
83
1917
4886
7396
6311
4984
3442
4507
3638
3486
2562
3224
1412
4531
2734
5407
508
3184
3251
3787
1523
4049
4084
1666
3282
6548
7420
1712
1799
5750
7482
2062
7797
5764
1639
5213
2171
2692
1844
966
2108
3161
1172
5958
6987
5803
5406
5285
7315
1944
3714
6459
1309
2750
3005
7349
1115
6519
4931
4488
2105
7224
420
5645
3122
6080
3007
2631
4986
4820
3287
4423
1934
4202
3885
1725
7413
8083
6583
2602
6919
747
1612
5174
1231
4775
3228
5355
1701
1422
293
6662
4691
5494
5758
60
8029
1388
711
979
5196
4452
5186
2036
743
2493
2983
2393
7500
2187
3473
2926
3466
267
3633
5956
118
5768
3157
7829
1588
3662
3728
2976
3480
3794
269
3954
5598
3998
7377
138
2915
2671
7948
6754
7137
7684
1829
5840
4520
5789
869
5070
4150
6925
3529
5454
3821
5379
2870
7783
7855
7101
2624
2531
323
4983
3789
2941
7162
89
782
8073
2287
7219
8075
668
2211
5268
5259
2229
5310
4481
2550
7172
7947
2325
6758
4598
5852
6428
3294
7191
1396
3802
4668
3415
1925
7925
244
327
7562
1348
951
760
2970
2250
1037
6834
5672
6843
4023
989
2978
416
6702
6036
1750
3001
2370
7376
5514
4728
7533
4347
5253
2151
5611
2004
1694
4066
8096
102
2231
1652
4965
4500
285
737
6752
671
5247
1294
6479
650
5030
1795
3910
6544
4667
5061
2955
3833
6723
4317
6103
6894
6235
1299
3188
5666
117
5003
3626
1200
145
3630
444
1821
8153
4475
7837
6767
2653
5476
7124
1132
3440
3972
3280
6006
3069
1713
6455
3961
2170
4247
4482
3690
2890
5438
7334
7088
2927
3469
4812
2283
5706
4709
4802
3244
5031
6876
7247
2259
3837
3085
3541
1046
5251
258
758
3087
3843
5855
4153
6301
162
8000
4263
2583
1635
4293
5392
4363
8157
5443
4981
741
24
6346
1683
7831
1238
2749
1807
1974
7474
2039
5704
2680
6812
3548
1050
7175
3275
5417
7662
2881
6975
6219
7004
1609
4000
5074
3827
7767
417
3514
421
2379
697
6889
7215
6046
1558
2006
66
1768
7204
7201
5172
5535
4312
6780
6209
5453
5328
1671
7393
8155
7210
5920
2348
1148
7489
6636
6517
1471
3046
4439
1624
962
1850
6740
5352
4053
7924
6489
682
2099
4653
8122
752
5080
3863
192
7628
8047
7089
1993
5935
398
4174
1267
7082
7749
4292
2139
7781
4093
7300
5691
5995
8145
2288
2579
3559
5089
2586
5692
8159
4713
4548
4022
6300
7207
2654
4409
7032
7060
2482
8020
1211
2545
1145
6526
4359
2649
7539
4127
230
2192
3452
5839
1695
2253
940
6837
1026
7495
6118
5075
4635
3338
4342
7882
2911
1946
7857
3628
4168
1378
850
3872
6175
2318
116
7803
2165
1900
1358
7412
5296
50
4477
6288
640
3688
1221
5370
3682
824
4064
2728
438
6442
7815
8054
4853
3597
1318
6831
4410
3210
4238
5055
665
7041
6296
7259
7540
1592
3174
3395
770
1006
7375
5671
519
6897
5742
5178
507
5593
5898
6220
4708
6542
7738
2459
6932
5147
1600
2414
2499
7428
3779
7401
3155
5847
1075
1504
7415
615
8152
3274
5338
3073
4334
4659
5437
5252
1199
7325
6727
5561
7943
5689
6689
6971
4039
7263
7034
5316
750
1447
1796
7470
303
4199
1283
811
6317
318
7861
1121
6273
1081
5673
4738
6159
3252
3650
2324
5900
6173
3237
4090
5270
5460
7682
7328
4018
187
3022
2669
5342
3739
3100
8175
1843
2533
3375
3583
2930
2407
2632
8118
1496
6029
3028
4562
7740
4285
5274
2107
6809
5882
121
1540
1397
8007
8072
2513
1477
633
8126
353
6371
5662
3710
6558
4291
1560
5390
7666
7862
6795
1973
6983
422
5698
4684
4514
2157
3347
466
7417
6643
2294
2918
3598
3922
6546
4863
559
2328
7460
1458
5951
6458
150
3768
7583
1333
6413
7178
7357
3817
4612
6188
7302
5502
6261
5152
684
5135
1182
901
719
4513
1627
3112
7045
2479
2037
7922
7980
6217
2346
5312
2504
4541
5010
389
3959
4098
8119
7799
7303
3540
1108
6382
7118
1654
1722
1924
3418
1437
5450
2335
2117
7506
8001
6814
5011
645
1611
4967
4027
1223
1931
2344
5194
4982
6559
4466
5248
1920
96
6218
2816
6464
3824
4335
4011
5949
6315
1559
7029
2716
2639
122
3978
7680
3590
3404
598
1379
6848
2546
3990
2431
1872
6945
2855
4205
4623
7335
7326
4054
2844
4401
1641
2467
7448
7208
1098
2723
4264
1303
2225
6671
7028
1
2652
3955
7906
7610
4990
2833
7946
7678
5752
3205
3909
6979
2511
