8005
6389
4808
4548
1599
4092
3057
922
8095
4369
6305
868
995
4946
5705
6459
3566
3903
7939
5850
6032
3953
4611
4475
7280
4621
7305
8038
5266
3908
3734
1969
8004
5790
4477
7820
3848
90
8043
3367
2434
2965
7017
3381
3336
2755
3156
5055
4800
1153
2049
6409
523
2079
2296
246
7584
4595
6933
3994
5577
7004
8086
2820
7056
1433
6777
7241
5949
3049
915
2595
1789
3844
4674
3313
3528
6209
7997
2169
2539
1096
4974
2005
0
8070
2869
7023
4099
8080
7871
6629
7399
1288
5556
498
3674
1179
2954
7957
7109
3510
3371
4752
3433
2354
4790
4294
3998
406
1667
6704
1901
879
1513
6513
6979
7108
6861
3612
6540
2054
3847
4749
3712
3889
2200
4885
7623
6917
6950
1973
7802
1616
2356
7960
6571
3940
6492
6086
50
7948
8107
3199
4782
5844
5343
2564
1399
5449
5697
1996
4051
5284
1991
1883
5142
2488
6297
5632
3389
3555
2781
4550
2656
1465
1772
5198
8123
7159
1851
4712
1131
116
2948
3351
381
1814
1499
6024
6067
929
908
6087
3334
3565
4856
3363
697
1672
5845
6337
3133
7353
7225
448
462
729
2325
4676
2763
2127
3529
4321
3952
2857
4147
1491
2525
3324
7731
3631
7346
4917
6696
2599
1393
947
901
6013
6681
2321
447
2192
6116
3926
5698
2505
5587
539
4239
4234
2145
1762
1608
5666
2833
6578
6779
6841
1396
3409
7879
396
5737
2677
230
4232
7274
594
2760
2028
3060
4086
2037
5256
7403
5756
1324
1577
6270
714
638
4924
3854
1419
400
3085
831
4584
1790
3461
3726
482
1621
4484
5442
7397
7467
688
398
1810
7663
3543
7499
1070
8047
2017
2544
6511
7943
4368
1300
7408
1044
3921
2083
6245
8183
3029
3542
3744
7566
4771
7937
7658
2343
2112
4838
740
3657
3872
5484
6931
2762
2064
7361
3310
2009
7628
1210
4851
6091
3858
794
2572
5754
4257
4587
7417
4819
6135
4679
7743
894
1961
6289
3012
3430
2212
3751
4040
7549
3637
7964
2293
4222
8143
2588
4306
3934
27
4122
3110
3245
6422
4008
1786
6415
4034
5472
5993
8160
4177
6998
4554
1488
4162
2842
3874
4604
6038
8036
2484
4958
3508
7998
1068
7626
157
1916
2253
5396
3781
7827
4710
5768
1149
1717
4703
7391
7889
5120
7368
6182
6698
320
6247
3883
2817
4578
893
242
3574
7606
2596
3315
7290
3779
5597
4098
3684
7413
7763
3677
352
5545
3121
5028
2091
4795
7002
3793
3231
2386
733
8092
254
7086
6008
6507
3956
4869
2933
6521
2733
232
4442
5162
225
4268
782
2466
1417
480
2450
4273
4738
3203
4848
516
382
1392
319
6489
703
5218
4764
3801
3373
1849
6449
1845
5876
4853
2696
8147
2752
5604
1026
3506
4833
1939
1361
5929
5390
2648
3432
3442
7869
6401
898
4763
5450
5825
1990
2193
97
4911
7925
2395
5716
1330
6428
8149
1695
7694
7380
859
203
7577
5578
5242
1195
4343
6850
3169
4454
810
6733
3523
365
1157
5815
7055
8158
7301
5395
3568
948
5012
2233
4425
3411
2413
4443
3396
1144
7298
6486
7107
6963
1075
6429
6276
5033
493
4966
5347
7189
8069
7881
5384
6031
7856
7974
7336
7946
1580
3888
7750
5397
4972
590
3335
871
6056
5779
1565
6886
6222
7392
7962
7341
1634
5826
6990
2863
4645
3796
8099
3195
1307
3530
1971
738
5409
2514
4393
5029
4552
7199
5543
7700
5267
4331
6676
2778
4392
1913
3524
861
3632
5727
2618
2601
6282
663
5182
5838
378
3843
7203
4650
1028
3476
1503
5525
2697
4912
5323
3035
5793
2258
4793
2897
6882
1890
1239
2156
2412
241
7619
610
4814
4896
279
7162
2556
5933
6274
8189
3652
7955
2417
3058
6050
2623
1571
4722
4673
3851
6447
595
5075
3702
4779
7717
4797
5551
318
3507
4977
208
3318
4399
2114
1379
2038
7387
266
1299
6590
4248
4565
6618
7975
5223
8102
5129
6346
806
6099
847
5232
1765
3642
7464
1045
597
5457
607
4697
436
1374
1167
3111
8039
2543
215
99
6729
5310
118
5209
6744
7470
4470
4142
2443
229
1364
2581
646
8156
3261
1217
94
4371
550
5290
3791
2915
1517
1573
1660
120
1877
876
6083
349
374
2270
4945
870
5833
3573
4198
4169
7212
5009
533
5481
7345
5750
6661
640
2206
4826
3322
6357
4140
1629
5341
7568
4246
6986
5585
1898
3920
801
1201
7795
4102
2642
777
7393
3540
4337
1563
4430
1122
3416
962
7839
6772
5497
7764
7766
6813
2447
6262
5311
3297
6340
7857
6470
6114
2107
2862
7645
2803
5781
6348
4381
633
1897
1546
3962
5441
301
2508
6876
5658
668
1957
7832
5137
3929
6537
5992
3517
8101
5386
1464
7651
7388
3541
1872
7933
2987
2040
7127
4619
7588
754
3339
655
7045
5812
1402
2726
6377
472
2148
475
4807
5411
4186
4753
944
3277
6907
7985
4743
2629
2052
6614
5854
5230
6548
3867
3707
4773
7222
1481
5465
816
1220
1754
3262
5590
2249
636
2880
282
8060
2415
5787
3752
5534
1062
5713
3165
7307
6605
584
1487
7114
7458
6728
3346
1319
7783
1791
4874
6493
5103
6441
4361
244
4501
5753
3495
6408
6858
5631
2236
4940
559
1426
1366
4979
1886
4318
4078
7923
3755
7266
3327
2213
6407
2807
4217
3995
8054
7080
6330
7431
7643
3692
3584
6130
808
5020
7164
6544
561
7063
5305
7330
114
1013
4557
7292
7198
5601
1476
445
6692
1783
1561
5329
1440
4745
2955
1918
4624
2579
3841
8022
863
5314
3356
5516
3170
4146
3501
297
1323
1728
305
4017
8167
765
2640
7673
5693
8082
2818
108
6545
6972
1351
4975
1541
5544
7576
4880
5847
1813
4149
7303
5440
3533
2877
330
860
8044
5599
2456
7102
4353
4145
1515
4081
7883
4032
1677
997
2627
75
2001
4905
5573
6712
4243
6688
3344
4062
1121
4919
3758
5967
4458
7971
2769
119
1812
7474
5062
3023
588
3284
3232
935
6384
4947
3088
2607
2661
1596
7381
7194
7247
3103
1857
2587
1759
1662
514
7656
7762
3610
3458
5317
2960
2714
1692
127
5229
2975
3650
313
4692
8177
5677
434
3221
5486
6684
6759
1802
7434
7350
1463
5979
186
8008
4859
1585
2150
6094
1389
8176
7264
7213
5428
7031
2620
370
4352
1516
1305
5565
4465
5338
1018
5772
4846
4362
4275
4524
4693
1917
522
4049
7735
3055
4999
2510
3633
6760
5072
3617
2810
8104
4523
1409
826
7085
7501
2586
2624
1165
7812
1225
5791
5739
7758
1484
6657
3151
7875
7756
5061
140
6915
1548
421
359
6919
3239
2524
2703
5540
7911
6690
7079
2375
1993
3799
5974
4492
2973
4898
6084
5423
3256
6019
6260
5904
3149
7640
5131
4400
3864
1773
7206
5298
2815
3145
1058
1850
3783
1461
1801
6502
6387
3966
3901
3497
2865
2871
5700
7110
4290
8171
6416
796
5431
3714
4227
1297
5051
3810
3990
4417
5374
5524
1353
5420
1425
6703
3807
4540
123
1977
7072
3298
3493
1858
2993
6439
4412
5385
7200
3598
3258
299
2896
5864
3987
1888
15
3660
1077
7449
7601
4001
1268
3270
2784
7547
7787
7486
4607
3016
6351
603
897
7814
4047
6968
1953
5945
4561
2805
2937
4104
665
333
4875
4296
7890
6070
5141
6159
7441
3825
5078
7596
1787
6854
2911
6637
5173
5568
5701
5894
5973
7487
6620
2312
6139
2486
6828
616
441
2547
2328
4213
6660
3916
7815
5644
6306
6461
4546
6736
5808
3326
6268
1173
5589
5418
4641
7785
3308
7276
5254
3285
8089
2335
1586
6388
833
5248
3361
4980
2526
4892
427
2856
1862
6520
5455
7214
2170
1085
2317
131
6149
3323
7158
2552
872
7378
6138
7411
3925
6391
4922
357
3630
4396
7892
6166
2050
4907
8013
8052
954
1387
3395
5309
2076
1624
6071
2220
7263
2900
6570
7385
5872
5398
2472
6029
4938
7536
6862
5095
7841
452
7012
2100
1082
3664
2813
767
692
875
5071
2138
5819
8090
3713
2577
6333
393
6058
4921
5499
87
7021
8045
6851
5798
6254
3991
5674
7448
6482
7024
1989
2622
464
5372
3834
1798
6037
6329
8049
3797
547
7105
2299
6504
2925
2425
7096
7525
33
7167
2501
6834
2347
2477
2553
5471
6630
7903
5400
723
4076
4511
4718
6955
4170
3519
1421
1128
5382
431
2682
5503
4129
3154
6944
2025
6662
5748
5115
5990
7382
7748
451
4480
1482
4323
3141
2966
4854
2751
1435
3219
1171
4903
3550
6855
3531
3147
5541
7921
1610
5387
4447
6725
1704
3205
2122
3871
1478
2990
7553
5138
2855
4535
7728
7148
568
369
5527
7901
1376
3784
6847
7813
6206
6363
6290
2533
1090
5005
2246
7862
5878
4978
4310
5234
450
2611
5393
2730
4415
6006
5178
1423
3348
4618
4530
5969
5691
7051
410
4513
2720
7018
5807
6183
5102
4915
402
3552
4187
6080
7014
40
3260
2298
1937
5239
1316
632
4647
7201
7507
1827
3030
7796
1978
7220
4289
3480
6226
6147
4214
1718
3739
6278
82
7591
2621
459
719
2164
7493
4518
7477
3329
4202
1842
6184
6273
4440
5496
7044
181
6204
2087
7560
7893
348
1713
3198
857
3876
928
2273
470
2571
7581
7131
7147
5742
3052
6994
6531
7935
7574
2086
6186
2839
3686
7130
6220
1276
6392
3008
3676
4724
6529
8190
5432
6597
2531
2655
7829
4746
2518
1682
4959
4231
5089
1582
6899
2055
7951
7439
3685
6322
3449
5097
1390
3731
2645
4050
3880
1490
5050
8014
7639
1308
2094
2809
7970
5206
2140
6316
1830
6844
5816
5318
128
3769
2905
6191
2007
5685
912
7737
6325
1403
7630
6611
3123
5246
6161
1208
56
7888
6508
3365
3380
5272
1617
5156
248
4725
1615
6452
7175
4029
7283
5757
5069
5070
7210
6954
7026
5802
6045
1418
3418
110
5090
3349
4928
7730
1250
5915
3704
306
7929
7546
2563
8100
658
7354
2548
6918
2121
5068
7715
6932
1183
5208
2796
6873
6124
2541
129
4721
3164
389
4811
8161
5270
2061
3144
7532
3766
179
296
6227
43
1097
2436
463
6675
854
5958
2860
2410
1275
7537
7956
6213
6082
7324
1775
7185
5609
3063
180
7042
3128
5997
5195
1161
3226
4297
3276
7259
4349
1321
2115
1473
2250
998
1434
1875
6953
7149
1538
1945
764
8179
6233
790
2934
1373
5358
4065
6767
5702
42
8055
5994
6173
6034
2394
5959
4064
3753
4108
7629
2578
3737
6294
7035
2377
2262
2968
6350
7509
4238
3973
6586
3027
6669
604
4038
6320
4141
7816
1560
4494
599
8040
6764
1115
6180
5320
6708
2460
7709
2097
391
3581
2709
1447
967
6014
3919
5900
4452
4107
3343
309
3386
979
8151
931
5895
3814
6259
2133
143
6547
4612
7483
6650
1512
3895
7976
2932
2945
4292
201
2004
7041
3355
1542
1370
635
7936
6041
2944
5563
2307
3341
3545
303
1724
2174
7053
7757
1170
6143
7684
5222
2927
3613
124
354
7267
2453
717
6719
77
1613
5970
4320
2355
5939
6018
5509
920
2936
4867
1828
7759
384
3672
1030
991
6786
1744
5978
3283
2142
1196
7251
294
5034
507
6746
7732
7969
3382
1125
3312
5155
6585
1436
5149
992
4719
7949
1496
4983
3511
5453
1104
7359
2348
7729
4936
6930
759
6577
3299
1105
666
3024
3865
3038
4996
4694
2331
4525
4389
6810
3687
4755
2300
4378
6403
2845
3544
4735
2247
2534
3112
613
3624
6427
7111
7489
6410
7089
4245
1742
4200
5159
2894
6765
7007
6194
2346
3152
206
6318
3838
606
3405
93
4668
2917
6110
6867
4713
125
2195
5045
5755
3634
1253
7165
1178
7389
5695
5238
2183
5998
2231
5616
4901
4350
210
532
5214
5646
262
4311
6025
185
5505
4319
783
7846
5555
576
2716
132
3705
6632
4082
6331
6501
5792
4689
1834
5552
2701
3606
1252
3243
3706
3845
6768
6647
6251
3187
5377
8186
6060
1821
672
7595
1164
2843
7551
7627
3099
6788
2059
2549
126
6564
136
5811
1003
6216
7564
6691
6420
184
6514
8083
4951
4125
7103
4830
6916
6303
4542
6438
4599
3910
3206
5260
6152
3224
5081
625
3075
2806
4136
6490
1933
6162
678
7484
2791
85
2371
5454
3160
3757
6142
1336
1129
1452
399
956
4269
6385
6958
6499
2313
1778
2610
1737
5607
2583
7590
6181
308
1141
6062
6115
2111
2691
5379
7233
6995
7052
6309
3913
5512
4644
5718
645
1645
569
1729
2551
3826
495
6937
3064
7010
5581
4256
1698
2136
6244
6987
5930
7067
7567
8011
6959
2382
2633
1876
1228
1033
1120
1920
1593
7015
716
865
3860
7940
4825
4284
3824
7506
401
5852
4681
851
2287
2717
4865
609
7179
4802
154
364
2451
73
5709
2976
2398
5571
4336
7271
170
3780
315
2219
5462
8169
3578
3455
5294
2153
7191
1243
6588
1270
506
5580
2738
3204
3393
7800
5912
6697
1295
545
544
5873
344
5557
417
4019
78
4188
2774
1162
5987
570
7032
1927
642
7714
7824
557
1287
4623
7204
7540
4197
904
7437
3278
1887
5821
3385
2782
6527
4516
2929
7697
7633
7938
6365
6299
1749
6397
5021
6612
4608
1697
300
849
1605
4219
4483
1855
3594
8030
5470
4327
1868
1761
6909
4182
2218
8016
7695
3484
775
5468
2785
2263
1046
2022
5488
4110
5924
257
4117
528
5076
4242
1205
2523
1889
945
5521
4427
6926
5676
2509
4157
1528
4551
1985
1732
5602
496
6518
6823
7143
1508
5297
6889
734
6734
2267
8187
2324
5934
7686
3292
591
3375
2367
5679
1644
8077
321
6608
7529
7371
1470
6017
3819
5832
799
2109
6100
7834
5101
2971
5773
4873
3388
2872
6830
3268
7416
2671
4799
7853
571
12
4839
260
4617
6027
1703
4861
7360
5126
7409
4435
6942
168
5048
814
3470
363
960
5558
7708
5849
978
6727
2424
6145
6089
2485
3554
5623
7054
874
513
3840
7918
5829
1892
2739
3177
2988
3983
7690
1472
6934
7418
4910
1614
5903
3877
3649
3993
5135
4085
2276
3034
6558
4036
1312
788
7878
7634
4894
8096
964
889
256
4994
202
7121
4929
237
4767
3463
3996
2178
5584
558
5293
512
4476
6613
7745
3264
5681
227
2400
3675
6559
720
3777
5322
3069
634
4914
4418
8124
7818
2065
3965
3314
7930
5733
5513
6468
1200
121
987
1311
2962
5059
1394
6782
1882
3829
6576
3560
1746
1047
8075
7907
647
270
1649
5608
7249
6584
7412
67
3896
3214
2512
2964
1885
8150
4954
6738
6471
3567
1296
7924
1678
1388
353
1865
7205
4683
951
2770
1570
5365
8093
3720
3745
6819
4013
3330
6055
2143
2724
54
4063
5598
2103
264
429
4832
1637
1505
6581
7954
7811
4424
1381
2557
1439
4881
2152
7772
3429
4312
7534
6136
1807
5940
7340
7530
1358
1553
3410
1203
6967
3412
969
4506
1906
1686
619
2392
2503
6952
1767
973
281
6225
1757
2163
4461
3525
4042
4857
7886
7137
742
3882
1462
275
8042
3894
2310
2646
6440
2521
2239
8174
938
649
1066
1055
1904
6808
1675
1835
5032
3697
4071
7006
2831
4824
176
5919
5301
3658
6302
7604
4934
8033
3120
3422
2147
4221
2953
6367
2569
6769
4370
7197
200
6561
2126
2619
6596
483
3986
4657
2580
4784
1899
2787
2442
4161
1176
4167
819
3776
1641
5490
7833
7675
6421
5271
411
3045
996
1193
5724
4002
4708
5842
7519
1429
3280
1551
2637
601
6005
5605
3337
937
3459
530
1809
3967
1931
5134
7008
8065
1856
2942
3977
1861
6638
2956
641
3582
1218
134
3964
4761
7996
2797
6466
7339
3937
6568
5049
3730
1103
6264
7777
6587
2257
660
3441
761
811
5678
1863
8025
7118
5139
5008
3890
3384
654
4422
4766
76
449
7676
7782
4159
4988
7073
1466
3681
4384
7653
2699
217
6699
6811
1016
1441
1544
932
291
4760
2071
6670
5831
3764
457
2051
2357
6248
1453
6925
1020
1156
2084
7046
23
3048
2491
3391
6694
3911
7083
8094
7497
4199
3053
7231
4610
7401
6431
6912
4247
2288
2088
4858
1785
4792
5914
2683
7492
5761
832
2155
4600
6379
2104
4179
5866
2961
55
1057
3869
1130
6981
49
1722
2090
4317
5670
5066
5986
6903
4895
1340
2667
7252
774
3735
6464
4925
4870
1480
5657
7334
6450
1965
7806
3690
6534
3009
5732
1411
4345
4794
626
2882
2454
7221
5909
1352
6454
7692
4685
986
1133
3648
6476
1926
1146
4467
5518
7124
7825
3227
2715
7176
4283
6884
3868
4723
7223
7622
1248
7308
4033
6146
2284
7047
4537
7405
502
1454
6948
481
2275
7268
3800
6234
3836
5353
6778
4816
3015
4189
4489
7076
1664
4428
2901
4888
2674
5240
4015
444
1383
5660
6978
1975
7171
1709
2305
5167
1770
5119
8087
3608
752
2910
4276
2151
4993
6973
3743
3362
66
521
7478
2427
3436
65
1215
1445
192
1339
4971
1430
2816
1923
6249
6649
1832
8018
3005
2360
5856
877
1784
5586
7273
3065
3376
4573
2373
639
5025
5567
2828
5287
2278
3202
7687
3225
7348
3139
4961
1483
4900
564
1260
3286
2458
6659
6839
3425
7349
6562
926
5680
4201
7313
5401
835
7284
6701
4155
3732
1274
5982
6741
7315
209
2332
3866
5404
7614
1109
5708
3805
5342
6336
6832
503
2358
3886
8057
5276
7992
3961
5346
2154
4022
4046
5955
5883
196
4096
843
7659
3577
5625
7112
5927
6457
7874
6317
1760
671
5549
6722
1999
5354
4862
5040
4205
2124
6977
7844
1329
5867
5910
5053
5458
2448
5736
4758
1824
5006
4860
6595
3778
3100
3580
105
4669
7843
5199
1492
490
7617
3291
3238
4684
4077
1636
5351
1588
3081
3210
1736
3748
4906
5901
339
1118
3786
6743
6892
5392
6221
3162
2744
7170
7169
7152
3985
4609
1431
8105
4698
2878
7685
7860
2403
2199
5041
7786
7579
3931
1693
1413
4655
1864
6033
500
373
4736
3340
5846
1995
5278
6941
3051
3616
3539
2445
3072
1235
388
5425
1817
4388
5651
2224
7544
1326
6888
3143
2924
326
3357
1160
6643
5243
1412
5275
5561
3290
5282
3104
1981
3627
2686
6285
582
4124
6376
3820
2702
8134
5424
1380
6207
2379
4677
2707
163
4482
7452
6104
4471
2149
7736
3263
4373
1397
6928
3452
3178
2801
7302
4575
6275
7040
1444
6600
211
2093
1285
844
486
4695
5869
1061
165
7211
171
7375
6078
1111
7563
4265
1567
394
6626
3907
2411
1251
1132
862
2426
57
2030
283
2644
6371
3790
1031
508
5643
4150
2958
1227
6368
5863
4240
6277
6453
2669
3974
3984
6656
1632
822
2341
7909
1211
7141
3305
16
4103
2824
488
4208
5859
5204
8173
2679
5067
6473
3424
1867
3251
705
4426
4151
2753
3172
8119
3037
8185
7657
924
414
1706
7234
1972
4953
5851
608
3171
6623
2242
5603
3579
4691
7867
6846
7398
731
2935
1579
2538
2464
919
6102
661
5228
5015
6893
4346
5269
100
7781
1438
1607
4405
3527
311
2211
6801
6922
2046
4027
902
712
3004
3741
5626
4194
1078
1763
8170
6885
7587
314
5840
6267
7922
5853
4984
6004
1034
334
4193
681
5947
8009
468
7328
1214
6826
4218
1424
5918
7797
1213
6505
4714
1184
8012
6361
3488
5566
6109
6706
2614
1606
1685
426
3269
5562
753
4481
177
5280
7396
3532
778
72
4893
1793
2690
5226
3354
691
5805
6171
5439
7849
5981
38
1362
4211
540
2315
2913
2635
7386
5506
4291
2304
7681
8142
2225
5175
5621
5464
2532
4883
8144
994
6396
5405
1405
7683
5538
4485
5612
45
614
2290
2922
8064
2496
5319
644
3802
3021
4462
2433
6411
2374
5185
1401
5642
5157
1407
8084
1442
3345
494
1234
390
2743
3668
4616
5170
2895
3358
3742
2241
7265
4596
993
7655
7513
7286
4678
751
4055
2641
3811
7291
4510
7027
6856
4298
7961
6404
2264
466
3723
419
4891
702
3233
439
5124
2834
7667
2490
1459
4629
5371
6718
3135
3083
6964
3728
7011
3377
824
5780
2066
5031
5146
473
4094
2767
1547
1628
7710
7608
3296
5494
5039
5715
615
2938
676
1395
6803
3155
4436
2085
7959
793
5624
5926
7932
6792
5221
3255
3640
8127
7897
6791
5158
375
2342
5729
4224
5865
6859
7661
1223
4700
7706
1197
2393
7323
7950
5002
2245
3774
489
6238
3249
4660
873
3939
3487
573
3622
7755
3074
7610
4069
5057
1591
5110
942
3032
4504
8066
3234
3626
4479
4514
2329
1265
3438
3599
7094
4803
6628
3772
4499
8164
1935
360
7236
5086
5433
1653
4254
5783
2438
5594
3364
1543
4054
1502
5889
5922
2719
3274
3025
7061
5285
8053
6652
1805
2446
4088
982
2157
748
2201
2658
4173
4553
5936
985
4995
3936
2836
2406
1894
5233
412
6314
6155
1620
2540
8073
5996
3486
1657
5413
7877
7461
7718
135
6591
7807
8129
5771
6965
7872
6984
3591
6170
8001
6203
4379
83
4844
5436
6789
1998
5745
5375
1612
1893
1113
5744
6774
7242
7498
4680
3447
130
3968
5668
7749
7768
7310
6833
6298
2118
3196
4653
7539
3182
1510
3892
7557
7793
8113
5085
827
4916
1246
3317
6219
1501
6532
3546
3947
6485
936
4519
2495
22
5352
5022
763
3564
8130
3047
3439
2590
7719
5776
3186
2119
7769
3444
5166
2949
1673
6836
4010
1874
6240
5279
302
829
1626
4770
6667
925
5283
4111
6536
5456
2070
7552
6126
4180
6347
2023
3942
5648
7533
1158
4628
4329
5295
8155
2651
1796
5965
2729
5407
4305
5093
6594
6131
1970
5188
403
8032
6132
2718
3070
115
3816
7580
7038
335
4087
5313
5801
423
4367
4176
7430
3390
7456
4348
3683
4347
2034
7450
3808
5983
501
3114
917
5104
5389
2006
1073
6860
6054
6101
4052
1710
5289
4236
906
7030
7424
3237
4115
3551
1507
2306
8059
6625
3768
2573
2339
2396
7455
1871
3342
940
3494
2560
5948
8154
5357
4904
6500
3621
1
7804
5795
2372
7132
4882
347
4756
2885
2731
6366
2794
4250
4413
377
3906
4473
5614
2734
5767
2593
4842
172
7917
7106
7527
1152
820
7636
7723
696
5862
4009
5003
1659
7510
983
840
7898
7701
341
2369
5495
7414
8007
4338
6028
4
2430
4591
845
387
4969
4775
6996
1378
6731
2970
6353
4073
6747
3719
5007
4798
4512
2631
5225
6399
7123
4357
5262
6607
1959
7246
4614
5415
4818
4191
6328
7196
4460
4044
1350
7670
4005
715
4783
6319
1509
1347
804
2680
5217
8131
7524
918
5220
6119
695
4835
5636
1095
4018
5728
1086
3115
7977
4960
5890
3392
2790
6296
990
3588
2493
1343
1540
144
807
686
1017
5459
7778
2353
2851
5804
3281
3644
8109
5118
3105
7329
430
2650
3097
3922
4003
6840
5334
7641
7542
3884
1592
1741
3930
6709
4626
3093
6185
4805
8152
2886
2011
1100
8165
4762
5121
1355
1314
5281
6236
2092
7352
1534
578
2852
3180
7178
3400
4041
4374
2647
6052
5491
5977
2499
2969
5827
346
7571
8125
1029
1495
6674
5759
6771
519
933
943
1525
1174
5174
7082
5583
1532
732
5201
166
6129
6842
1398
5645
3250
3213
5954
7779
2311
8116
2318
3089
4990
7790
4387
1209
6272
7868
5861
3289
2130
4330
583
1640
3619
2363
1180
2902
7155
428
5629
1456
2166
3462
6332
5079
6549
5664
8139
4270
7569
3750
6795
3950
6434
5649
2858
1163
1652
4376
2420
2603
1519
2981
3535
7239
7742
781
2802
2266
4671
2301
7370
5130
2664
680
7712
1820
1334
1272
1151
7133
1943
6425
7583
3431
5956
5133
1349
1919
4930
722
1782
6460
2139
6938
26
2303
5498
4774
5836
856
6281
6079
4772
3253
984
5419
7842
4781
3997
1449
2798
2918
6120
5215
4195
6335
7445
2240
6169
6253
8062
7928
6154
1946
3372
5042
1530
2255
3138
5315
5532
1008
6345
735
1700
6133
7036
2668
7463
6406
1758
1794
3119
6705
3222
2226
4230
11
2368
6606
5328
3082
5875
5688
789
3036
736
846
5482
2747
7751
3818
2376
6911
760
6817
5370
6790
5741
2215
5316
2765
527
1997
6125
888
923
2261
4532
5533
5168
8063
4935
4260
4845
5520
7257
2461
7485
6822
5884
7899
4654
6737
7995
7254
2528
2725
6472
250
958
3635
708
6945
2779
8117
8181
957
3440
1726
677
6526
158
7168
3080
6583
548
965
226
5258
627
8140
3003
3109
2793
6523
2125
6693
6497
3022
7376
6672
6961
3158
37
4864
5588
2909
6419
3999
258
1683
1816
4119
3194
3465
3846
7570
4754
7491
5414
317
4796
3131
7420
4178
1603
6323
8103
2481
3646
4014
4301
5123
4262
10
5430
2800
2146
3275
780
5824
7864
458
6730
6752
70
1124
7852
3408
3167
137
2222
3426
963
6007
7338
5885
2685
6714
2606
3815
7674
290
4272
8015
3197
5177
852
821
5466
4280
6009
6627
6360
8162
3217
2478
1052
6601
52
6864
1822
6775
2320
3698
310
6890
1019
7625
4646
3976
3669
3046
5184
2711
5010
3722
3056
662
332
3107
1155
3978
4316
6829
5412
7287
7279
611
6879
2597
6069
2750
3087
1590
2468
4334
971
5264
4521
1800
1230
191
3247
5125
3175
6484
2080
5672
7632
6068
3113
1422
5692
7479
5073
5366
3090
6796
7091
6517
1327
6598
7648
420
5738
138
3553
1848
5127
2469
7256
3096
6158
2423
3504
4409
2698
1035
8056
3309
4474
727
8068
150
2859
4638
3821
1925
6090
6424
5388
3659
4288
2923
456
133
3320
2019
1963
5203
1836
1688
1575
5775
4446
4163
1954
3287
6857
3193
6311
5136
690
6732
2511
800
6997
5881
670
5368
7952
5593
7275
5961
2378
3482
713
2333
3374
1550
5760
3862
6398
3402
1345
6557
6467
142
2520
3464
6663
316
1751
5327
5806
7789
379
4079
5487
3166
5052
4926
6923
2063
5814
6806
5799
2887
2684
21
7184
5837
2939
5938
623
7944
975
8115
6326
7979
2638
2592
4309
1255
2986
63
5818
4709
6567
624
6665
6224
6943
5438
3727
555
3471
243
4358
3855
7734
5443
2759
7145
2745
4544
3639
4433
4603
1039
1721
1910
1676
2689
4973
7438
3137
146
4132
236
6640
4279
836
3981
1956
7620
7088
7087
5359
4664
3875
4457
4469
6193
5308
3762
4769
1950
6609
6905
2639
3475
7586
3671
5187
2047
592
3647
395
188
1665
1689
187
1074
529
7440
5360
4025
7384
5087
6283
2735
7238
4007
5
1984
3259
7988
5307
245
2634
1922
4397
7973
3667
5879
1369
659
3756
1067
2455
4568
830
556
6616
7698
4429
156
7535
7773
479
8157
6702
6807
4503
3020
2529
7784
909
5023
1707
7218
7272
1245
409
81
4528
7503
5743
6552
2365
6237
41
3134
1092
6821
4395
6554
2044
3042
7490
6580
535
4012
5810
5268
3353
46
2758
5957
4651
1051
2204
1335
1539
7446
1159
3905
371
6287
653
1098
5637
4686
7854
3228
885
1725
4114
7522
2598
4031
1559
2848
2314
1823
1650
5619
5711
6751
6310
7512
2741
3935
4534
3257
6123
7991
2542
2476
223
5896
5504
3267
80
2189
2504
6364
2854
3050
2351
5036
3188
3654
7278
2555
4359
3763
4699
1437
6913
1555
392
5696
3587
4308
8034
1699
1497
1037
4165
13
4302
8046
4105
3538
6592
8159
2710
4333
5762
5277
3419
6343
6469
2031
6525
3407
1367
8067
4672
6827
269
6271
706
8098
2020
2251
5893
3474
6853
5722
1907
2582
1947
6334
4785
3148
7554
1635
7511
2439
1469
4707
3244
5848
433
4711
2056
5017
3794
4908
2344
2060
328
5024
837
7702
7436
2309
4160
1099
6163
4884
3478
3311
6781
7065
2405
4437
2421
1523
566
2409
7740
3928
7174
3602
261
2243
5686
968
6717
6200
1929
3176
145
6190
828
3944
2850
5111
3828
6487
2545
193
5469
4175
8132
7761
2176
2861
4127
850
2462
5515
2480
6106
5147
7548
5151
2846
7775
1233
7647
5306
4701
1154
6255
1747
2397
2589
6750
2823
825
343
6820
2345
6556
6522
4394
3271
1967
383
4497
6519
7001
5096
5117
8138
4572
1259
891
7699
574
2972
552
7654
4488
7873
4505
6546
2075
5921
1391
7369
6196
2077
178
1730
2172
5478
2847
367
2819
4100
3746
1450
6228
7637
890
3536
1264
6374
3982
1552
6488
7605
5001
6869
3026
3360
3040
6794
6212
812
1670
5391
160
7602
24
5014
7003
815
8088
4581
8035
1902
7704
6414
5529
7635
7819
2248
5211
372
5179
4304
5108
4255
7476
6715
6929
5259
8021
5224
6880
5920
7726
2295
3370
4466
5082
2916
1229
620
1254
4588
2238
7029
6451
5661
5447
1198
3427
7192
7404
2338
2749
7325
5963
2826
1668
3775
6105
1840
667
6480
8136
7070
3092
1594
2089
7208
5244
3332
600
1266
62
7947
3822
5882
4877
7788
2283
3126
7696
3201
6288
1333
4406
5721
3413
2370
2191
2106
2876
3771
4407
7558
5027
2268
1182
6175
2921
5011
726
6144
79
6975
159
4539
2463
2274
7136
1708
7240
4579
6229
3655
5714
3304
7062
2562
1313
6780
4229
6999
6971
5186
7669
7963
1084
6241
7526
183
2082
2712
700
1262
2470
5800
4204
4056
7609
4144
1238
3570
2808
4500
768
6902
5247
6735
1663
1404
7048
6845
593
7767
4834
4727
7188
694
1583
6805
4606
7154
3473
3592
5523
6338
4313
2649
7422
1479
3453
7465
418
5477
684
4210
4226
3548
1843
1284
4215
4821
7671
4420
838
2359
2795
6574
1142
2045
5019
3515
8148
7989
2428
618
7129
1277
880
4949
6509
1940
5163
3054
2982
277
1524
4952
2754
1012
4363
3421
207
4048
5000
1080
240
2096
6362
5638
3870
664
3839
4101
1873
2479
84
4622
4605
2
4982
858
7880
6787
7910
4241
3957
3483
3823
4382
5161
1771
1705
7363
1589
2835
537
6250
4965
4293
6342
1915
3729
7855
3596
4496
2408
707
5063
6455
3556
3010
6687
6465
342
7607
1338
7068
7311
5480
6947
6739
6874
4558
4997
746
6770
2123
6023
758
5559
8191
1569
3833
1140
4328
1701
7090
8078
6673
7482
147
4498
3369
1661
5176
4287
6057
2838
4957
8175
4067
7316
4011
2947
3469
3563
2742
1838
1980
3827
3209
104
169
4527
4097
913
6924
20
5839
4216
1949
7616
1776
4340
362
1622
1529
5765
7543
3466
7776
5237
1021
268
3307
2554
6896
7791
3526
4453
1298
7744
7347
4228
5350
1549
5725
3220
3191
6202
3767
4402
2039
1240
7830
337
7442
7652
7578
1611
776
4183
1712
1655
4942
3513
6179
6121
3122
7100
3293
7994
930
3955
3770
2362
4759
7410
6355
4985
2036
2559
567
5823
4545
2232
4507
698
2519
2766
3450
64
772
2991
7142
3174
4670
6395
6773
6604
1468
7821
6053
1968
499
1281
6949
5265
2764
3960
3611
3041
467
2737
905
762
2616
1633
1942
3
4786
7156
6603
4879
3715
89
2385
2068
5403
4325
7317
2844
3142
2209
1684
934
2102
6151
7927
6076
4570
6312
5373
3788
7792
7320
3352
3534
3558
2604
3943
2437
1578
5707
5219
4383
1325
485
228
602
4615
795
1236
5479
4249
2171
5950
4398
224
4455
4601
2159
8146
5191
1568
5114
8048
8120
5635
7720
2188
7945
1928
34
6848
5898
3716
461
4106
4696
174
787
6566
4285
7615
6793
4872
6651
7134
4468
7460
2364
2723
3379
4658
741
2663
190
6723
7190
2799
1774
3350
2985
6195
3721
6906
4823
1727
1371
3725
7016
2399
7978
3098
7081
4128
7269
7850
4091
5683
534
5928
1900
7894
7098
724
5091
7282
6776
3146
8
3933
2422
5822
5613
2053
7166
1169
4923
4850
1094
7528
7374
6589
1237
2203
4720
1050
5364
8000
5435
2951
5381
7299
4341
1247
5937
2613
6812
4643
6809
416
5710
2069
4423
1986
3331
292
999
524
3711
2792
7495
487
5569
3747
2003
5654
2952
6417
6252
4734
7153
1408
5194
853
1427
2874
1498
6983
7494
1574
3718
3387
2117
3383
961
3404
4000
2043
1535
1025
455
6370
3230
5988
2768
6088
6700
1702
4636
6301
4566
7523
4659
1992
2099
4666
1475
278
1792
3717
6678
5610
3909
6474
2546
6445
7770
6359
4789
329
5043
1079
6881
2002
6542
4324
6785
355
3700
899
5083
1489
1630
155
4139
2673
5084
7356
2271
3817
5037
4411
2672
5417
553
3656
5554
7297
3007
5669
1293
2217
6046
7887
5105
867
1102
3325
4642
7407
2105
4963
4196
2418
2482
6814
3129
7876
2162
2058
1934
4726
1258
1107
3265
560
2984
2899
803
47
1428
1322
1460
149
4058
6383
1739
5300
4410
2786
6293
5197
7754
563
6622
5835
1000
4777
5650
4630
7638
7847
6648
2340
2282
167
2018
1841
6081
5689
7688
3835
259
8153
6413
4432
1818
5190
6402
7314
6187
7838
6624
7914
492
2666
3537
5355
287
1799
7364
5633
2223
6462
4356
407
7193
6646
6107
3157
4582
3853
4380
5647
1119
927
4335
970
6103
3130
6111
7425
1076
4053
7224
747
5193
1869
526
2515
2026
61
5531
7561
3117
7113
7421
1416
4431
7163
903
4192
2608
6341
4502
3830
1974
6993
5030
3512
622
2101
7520
1318
673
1562
440
4113
2811
3472
1303
175
4133
7600
6677
2235
7074
2565
6871
1368
1088
5547
7693
1609
1048
5886
4899
518
7644
1360
6992
7454
6390
4757
4801
7664
3273
693
2498
8081
5653
4021
637
5720
4716
7138
2891
6382
4404
4667
887
3586
5942
5100
7250
3321
7372
6134
5627
35
7433
1905
1280
3500
3150
3899
239
5560
7457
3601
2158
6615
1348
744
8188
1356
7913
7840
5380
5675
4625
6533
453
6280
2116
2822
2652
2513
7069
551
7810
869
6286
5336
5995
199
1041
1912
1337
425
3184
5250
252
1071
605
4574
4964
7377
1219
7660
2979
6683
711
8106
5870
5611
4737
771
3241
5321
1955
5606
5628
218
5427
7803
1837
4037
7958
6491
1962
1938
538
4562
3765
7826
2179
3915
2535
6783
1625
6304
8019
1186
2996
274
6946
8128
3520
3569
6349
7912
562
7362
1511
4315
4987
4168
5735
6257
4887
2657
4286
3946
5140
5192
4547
2013
2989
709
1054
5784
4303
1719
2727
220
8108
2416
6210
6148
4152
6356
4120
4813
5402
1795
6432
7217
2302
5923
2884
4266
2576
7373
2173
3662
234
385
5528
7296
6887
2207
1558
3437
4744
2507
6563
1420
6258
2279
71
477
8031
4843
3076
5132
554
6654
3859
4705
3062
974
2998
2612
7747
1493
2736
7598
2626
8010
4840
542
5092
988
4472
1891
2837
1584
2997
6085
6479
6141
6358
3338
6799
7319
5109
6000
6560
7333
4515
3636
1958
5730
2272
3067
2184
2681
4866
4768
4148
6127
1979
2137
7057
2705
3561
1681
4401
3710
4203
3086
86
1748
2135
5860
4817
6710
1263
5615
7599
2286
5570
4837
7521
7906
7059
7965
3316
3216
4456
7559
2008
7794
6935
3856
3547
6042
7882
4095
6074
2978
4955
1004
7285
3852
7230
3787
2029
7039
435
2550
5476
5766
51
3803
2708
2401
5579
784
6118
1691
7244
7117
4804
3423
7488
331
2502
4968
757
6064
5116
1354
2868
413
4637
1271
5592
7146
3140
2537
7725
3485
7426
5378
1674
730
2963
1282
4061
7845
5564
7258
7235
4918
2889
4809
6939
6063
3589
432
7896
7075
612
1289
6572
3006
2322
7009
4024
2870
7300
336
4589
2920
6989
3665
3932
3562
6049
7255
8112
5630
6344
263
6230
32
2875
7429
5726
6621
3077
3079
541
1646
3900
5671
1852
1216
7022
7691
7612
4571
4576
7365
4932
1451
235
7037
6010
823
2489
74
405
6231
1485
4366
2269
7229
3394
8050
1024
5916
8091
1145
271
3917
4748
3670
6664
31
3559
4939
5094
8041
6831
4778
8097
3333
6565
3904
5877
1604
7226
6308
7383
6093
5473
173
3688
6695
4648
839
2904
6215
5154
1022
5344
107
3837
1545
6644
1221
7823
2957
1261
1903
1743
5966
8006
7828
3153
6015
6761
7618
5399
5416
7837
6481
6569
7765
1448
5261
4538
4354
7504
2567
48
5972
1137
6904
4039
1878
1619
5461
8118
6988
7128
7646
7672
356
1895
4920
3028
7650
4439
4649
6804
598
2788
2186
4682
791
6762
6066
6755
7135
5951
4731
6974
2449
195
2182
2827
7150
4828
2108
7508
6065
5446
5740
1680
5591
4536
5507
5891
7905
7
718
153
8061
2383
976
1930
7064
2570
7293
2134
5296
251
5074
5145
3609
878
3306
3992
6375
5339
280
3699
2294
739
3754
549
5474
5747
3693
2010
198
5304
3019
6016
7705
4438
4035
4355
4083
4836
4016
4780
8168
2694
7304
1015
5356
1711
95
4206
4190
5421
5731
1320
2350
7942
2756
1819
6868
4556
69
3417
6991
7078
4791
7967
3279
2330
6655
8126
2297
3266
652
1063
6516
4299
4372
585
5113
3971
1936
4981
5026
1556
2391
2366
3798
5789
3878
4386
7322
4023
4261
7611
3857
255
4613
4074
189
2474
6235
6400
5687
7139
2205
7337
4416
520
505
3451
3503
3923
6192
182
91
5536
621
7294
3850
7531
4339
7453
3863
3887
4765
476
802
1241
3708
3288
7332
2073
7999
2643
2033
5502
5056
5976
253
2390
7556
6666
6610
4118
1854
7870
2789
5813
6754
5181
3789
1522
4577
6217
6458
5537
1256
6550
7516
1005
6418
3448
2160
2208
5408
4158
3557
779
4185
7115
5932
4135
941
5694
7986
3518
8145
8024
2840
701
3467
3645
1187
1199
2653
3414
4927
397
3795
6378
7095
1127
4508
4989
728
6951
6223
5665
5213
3302
1745
4448
1811
2558
6096
5717
2197
3653
5394
5618
6040
2977
683
2281
2229
1648
1342
3738
5153
1064
6506
1825
5004
4004
3212
2316
7481
5797
3017
8074
6188
5148
1690
1001
4207
4620
3988
1357
2585
2459
3061
4976
4028
5530
6682
2280
3491
5662
5058
5510
4704
7473
798
7809
7919
7689
4020
6551
2429
5843
3457
1049
6927
813
6985
284
2292
368
4522
1601
770
7865
7753
531
7984
3359
5952
2574
3094
5349
4751
4459
491
3773
3709
2883
4026
2419
953
2113
6539
2600
980
5492
1587
5054
3972
3378
5501
5362
6339
1148
1206
4109
1638
1687
6498
5202
7060
3812
7034
2941
6047
3689
4526
340
7013
101
5774
2740
5286
5169
1175
5749
2260
3011
1643
6837
2177
6246
3208
2654
161
1600
4750
8184
737
5367
3691
572
2912
6711
4184
675
4070
4543
5517
4948
6098
6870
1027
5044
7402
4237
5770
8076
4855
2196
4006
4810
3039
2866
4220
4126
884
1382
1846
2706
546
4728
6602
2062
4863
1520
350
8182
1331
5463
28
4787
2414
2967
7466
7077
1504
6
2349
2380
6456
3740
5962
1455
3572
565
276
2475
5834
1623
7902
3446
7342
4068
322
6164
484
8020
2210
7157
5999
7172
1477
1679
7406
3604
4172
1486
2926
358
7025
952
5165
7261
2131
7517
4661
6818
442
8085
4950
1752
4956
7367
6726
1853
3481
7589
2021
2407
6865
6535
1666
3018
1446
4223
4663
7243
2128
1536
1138
4181
386
916
7216
7801
2536
6936
946
8023
6048
1879
7066
6108
950
4509
361
2693
7920
5640
7642
5183
4627
1006
6636
2237
6243
6022
7358
2078
5723
7915
1506
2772
7631
1671
2660
4487
2216
2041
8027
4080
6327
4937
2776
892
7288
4444
3434
2483
895
1564
981
2440
4434
1328
6430
1443
6072
1500
749
6962
6619
5548
6423
6641
4829
5088
5734
3403
1069
4815
4933
7331
4868
415
6843
1777
1363
5777
5897
1135
2389
3842
2919
7555
6541
6849
113
8026
5035
7514
7836
3240
5245
1740
685
2695
6686
2497
3068
6266
5210
2431
1531
5303
855
5667
5703
212
6165
882
4702
4084
2337
1112
7270
5467
3597
30
4360
1914
4390
4690
4739
7202
2692
617
6956
4902
1257
2181
1224
7983
2829
2575
6898
6478
1750
92
5335
7822
4878
7394
3295
1185
679
6920
7237
2081
4253
5348
2748
265
7435
2265
2700
3106
5112
5369
1720
213
4403
443
3575
1696
6477
6798
1669
286
2522
648
1738
3236
4090
424
6444
6724
25
2821
2500
7866
7043
2605
1880
44
8122
7312
7573
6582
7680
1377
509
7415
1839
6970
1514
1212
1806
3782
6122
3066
4631
3001
1249
2867
3898
5189
7182
1007
6763
5434
4967
7447
5752
2906
5719
7679
4688
5171
4992
1139
8172
6369
1804
5699
3095
3502
5690
5514
4154
4943
323
6976
4852
5575
7232
5911
6957
1083
2361
6510
7592
1694
2452
3893
1527
6512
1278
4841
3951
4876
5330
809
4271
6910
7545
3600
2950
4806
6352
6263
773
438
4153
5991
7885
1136
3614
5080
7993
6218
629
3509
6883
2016
298
3125
6198
4729
3975
2035
841
3489
5946
1226
5406
1467
817
3806
122
2928
7209
4592
1951
380
6300
7884
2012
6749
3211
5968
2308
5656
6642
3002
5655
6153
792
454
5273
4931
6815
7666
5971
2908
5857
7565
6631
351
2615
478
8037
3078
3615
7835
6039
2000
2804
3661
1457
3163
3136
4549
6740
2095
3881
1053
896
1116
446
6177
6668
8002
4635
5231
1639
6689
5485
4138
3696
7357
797
3043
4812
5235
2057
4564
151
1598
2873
7432
6291
7093
579
19
704
2402
6002
139
7428
6279
3941
18
1341
7990
3912
1110
3328
6140
2662
1983
6579
1921
285
4295
3590
6211
7181
3607
2609
3181
3102
6753
3218
4886
1829
4602
883
1143
3963
7500
745
1292
2757
3733
5682
7207
3200
687
3248
1204
7739
8178
2129
5542
7934
525
3013
7972
2632
2323
7227
4075
141
1595
5493
1269
6073
1764
5207
5746
4847
4909
1458
2467
4652
710
3861
4364
3629
6232
7774
5907
5236
2473
7980
1302
1924
7423
5535
6433
6030
7260
5143
3924
2670
2584
7968
1192
7851
1860
471
689
6380
1315
1242
6757
6168
5107
162
8166
1658
1279
4244
7831
3185
5172
2336
4377
7101
5013
222
6437
3445
7603
643
6575
1976
7058
1654
4060
8133
1042
7219
2120
7987
2230
1769
4450
1432
5868
7161
7780
273
1651
651
7808
3118
6866
504
3703
1010
1521
5526
7120
3179
5263
1911
289
2898
7738
5574
7799
6894
4307
5489
3980
1576
194
6653
1932
408
2471
6394
3301
5794
1134
2665
7468
8180
4089
8111
6405
3479
3505
7125
5252
5038
6001
3969
7335
5944
5906
1317
4164
3496
3638
6530
6265
1647
238
1474
4640
5212
4740
3979
1733
3954
7099
5841
7668
1415
6036
1410
1982
3207
4233
6239
6633
6671
5913
2291
4962
2202
3959
2256
7518
36
3252
3914
5288
2659
1987
3477
2617
4156
7858
2628
1847
3804
3108
2992
4252
5292
6214
2907
1844
2688
6256
1808
2602
4112
1881
2252
5522
3229
2198
6742
7678
3071
6174
2527
900
7180
7861
2014
1781
7682
4991
6077
5312
6189
4351
586
152
6197
5634
6679
1372
1988
7550
5106
6639
2943
6496
5617
88
6524
460
2678
437
3101
5160
5663
1734
6758
2568
4045
1023
1273
4478
575
6921
1766
1572
2319
1723
1716
6167
5596
4449
7908
6895
7752
1964
2326
5989
4639
1815
4597
3873
1537
1346
3849
7594
7289
7097
1332
7505
6393
102
6178
3490
1406
3347
3902
3516
2625
2773
3397
2161
4580
1207
221
6802
1081
3695
6797
6021
7306
682
4590
4277
2487
5917
6877
1231
3246
6816
4593
3736
7119
7248
2244
1618
3620
5931
4889
2999
4970
2591
517
3443
6156
1286
4282
1189
5150
7716
3682
2783
29
3948
2903
3399
1803
7585
5448
7140
1526
6295
4533
7351
6982
1011
7863
376
2761
5960
8163
3628
2930
577
5144
231
3456
3159
6875
6475
1386
2825
5782
966
3242
6443
2072
3254
7020
5769
2132
1365
1244
4342
4493
3759
7677
6835
