5402
6870
2777
3450
199
6456
1376
5193
6238
4022
1061
5456
6740
3680
5712
364
2192
7307
3113
7610
7794
1925
1541
1270
4207
3674
5714
5228
2714
1496
5003
4901
6793
380
3540
6249
4393
2065
1346
4337
1551
1426
246
6755
4664
188
6472
7834
4608
6337
4642
7635
3465
1180
309
5751
748
1213
5887
976
7919
3422
2000
7113
6666
3364
4990
1577
1336
7142
1820
2072
4399
2597
1076
6290
3461
6985
6243
4811
7500
6709
1301
6955
7749
3143
6005
4807
2265
1744
8091
5369
4846
5883
808
4622
6395
7250
6452
2309
1465
2572
811
4552
4077
2082
4396
461
4665
7927
6449
7240
4257
3431
4605
5142
1015
7714
4865
2779
6210
5112
3362
7941
3059
2944
4197
4593
1487
227
6476
8003
74
945
875
5531
4131
2904
1431
7842
5295
1945
1656
2107
6364
3227
6891
3359
3372
5229
2753
813
2880
6471
7272
2829
6098
4887
5340
6196
1141
6235
7112
7771
4796
7268
1852
3484
2890
5996
2463
7662
3107
6559
6518
4436
5432
4314
5323
5007
3607
551
5382
4983
7582
4954
1421
5501
3123
2958
7230
5760
676
7170
883
4140
4943
2637
5805
5253
5729
1828
1027
769
3174
6512
1915
3501
456
7228
6989
1901
4604
5653
7297
5160
6317
5943
6043
4085
750
1199
4132
2729
6746
6386
7882
847
5840
7205
2352
5322
5759
3434
6626
1520
7020
6647
8116
4764
3837
1524
7438
3728
5640
5062
5145
4551
3649
7226
1548
2883
3662
1822
1026
3738
3876
4057
2724
3118
5621
7820
3831
2486
5605
2252
5315
7119
6372
2500
2038
5808
6429
565
7603
2569
7552
481
6797
3536
4853
2974
6327
5239
315
5785
4347
7426
108
7681
972
2048
6044
6432
4107
6103
4497
6961
6041
3993
6467
4423
6543
6705
4688
2335
179
3435
873
5770
5721
645
1965
2032
3661
5489
4781
3613
2316
1176
3800
4421
275
5387
4609
1234
3959
5648
2213
3762
3077
6611
4774
5052
6697
3493
4615
2840
2350
4907
5967
2195
5191
7266
995
3403
7277
6188
159
6894
884
2613
1353
1341
4174
7877
7722
576
1943
2468
3368
7666
421
4882
6032
5342
881
4052
2485
1938
2685
4153
4490
2919
6873
5347
548
7001
7411
195
3437
7554
7239
1101
6357
7806
6229
7091
4105
4514
1840
1362
8056
6875
5875
429
6217
2702
1261
3778
1017
2646
4616
3932
3968
1181
4715
6520
2098
1804
210
7459
3203
5487
1731
4510
5138
6091
1632
737
8168
8180
6839
4437
6058
4904
1513
2568
4420
7270
966
251
6186
5302
4018
1149
4160
5299
4009
580
1300
4556
3548
6457
1414
1438
6104
153
2578
4158
3300
7792
7932
3309
4916
5673
722
810
4035
4394
1909
3644
2599
2927
231
1959
7360
6126
406
4680
3439
4030
6956
6088
5041
8113
1890
4628
5678
4655
919
4091
3856
3908
1174
5593
591
7413
3506
2879
5606
2761
6631
7187
2465
6298
1553
6281
5892
5458
7095
2340
4515
5190
6109
3913
5767
2887
2295
444
1856
6933
6579
5558
5233
7246
1953
1787
36
6676
3833
6164
6409
4063
1621
6639
2920
221
1251
3069
4830
3705
2679
1201
2998
1980
6565
4478
6203
4785
1509
5166
5992
7428
5836
2041
612
7483
787
5067
5344
3312
4342
8007
6373
5716
3670
2206
8142
3233
5945
7160
392
425
2952
6918
5113
5629
1053
2085
183
5358
2106
2718
7980
2844
4889
3315
520
6667
1246
5639
582
2348
938
5010
827
7892
7520
7797
5987
2519
7144
27
1952
3847
2123
455
7280
2629
5680
7837
4738
6026
6283
6480
4166
3142
5891
2615
1882
7371
7719
54
1638
2650
4325
5933
6208
3860
5630
5921
8066
7631
5464
1235
6674
1154
4275
7423
7948
7949
5365
1835
4371
5855
1920
5271
4313
5986
95
3337
6427
7835
4942
3978
2923
5724
3696
5150
6423
734
6295
6280
415
61
2560
204
5893
1879
2760
6815
5734
4094
6182
2508
1398
2045
7418
1460
1971
2289
3299
6548
2752
4137
7282
7569
4946
5665
4484
4567
3657
6886
671
3701
2544
1033
13
72
1693
5821
507
7177
3926
1260
1916
7813
1973
5089
754
5483
7775
3064
2812
5254
2331
2782
300
6817
535
3289
2198
6702
1776
6998
6968
3464
5305
1802
4426
6665
3062
2021
7735
4602
8053
383
4758
5066
1091
2511
3212
1263
1129
6604
5546
1010
6614
1516
3311
807
2727
543
3349
4348
1295
5410
1906
3125
4660
7252
2317
3020
2794
3672
2431
1080
5616
7831
2758
7140
7158
7953
1273
5934
5189
6264
4506
7340
5957
6527
7447
3854
1665
4892
605
2111
6816
3164
4045
4878
5449
2632
1631
1065
2404
2918
7392
5085
2516
3026
318
2058
993
2377
586
5755
4159
1219
4177
2281
1383
7863
3510
4192
5868
4547
1267
2297
2363
3935
1247
962
6552
3964
6888
5736
7474
8147
1002
4955
560
5488
752
6134
820
7465
4442
6800
5898
6316
2484
1682
2609
3746
4208
5590
1018
397
5282
4496
2169
4297
4366
6322
5555
2725
7456
3135
5211
5120
7528
3432
3578
3550
1883
6671
1605
7476
3571
2060
4982
4376
773
2379
4963
341
7401
1405
6724
7179
5647
3085
6962
5690
6814
5911
2277
3953
2462
6500
2551
6419
3269
4973
1843
219
3091
6612
1474
5438
6402
8075
3260
5136
5525
8135
6016
4092
5178
1807
352
5768
7923
5296
1029
0
7049
4284
8005
7599
738
4239
3324
1055
8155
4847
7579
1255
4017
1821
5635
5016
4744
704
6921
2925
7275
5482
3220
139
598
5409
3862
5173
4550
6499
2129
3262
7645
3924
4317
2908
2483
7194
992
7451
6051
6685
5202
7767
5698
4418
1940
7232
940
2907
2633
6450
3759
4977
5753
4720
643
1462
2861
3880
3218
7317
3183
2073
1842
1083
1427
1165
6748
5890
163
7047
7364
1312
7151
6893
5826
2171
2094
6764
2681
519
7425
6979
3788
4979
1391
7507
4316
117
3697
1020
2141
3196
5215
7030
694
8141
4984
5872
4825
6136
3264
3098
3477
5880
4246
7790
285
6403
6239
8064
5815
2364
8082
2820
4446
766
7918
1187
8029
232
6982
3588
837
3011
506
7457
6958
2461
5437
2439
2314
5940
8011
5610
1475
4100
7116
7215
1113
5261
7574
7388
1595
3024
5877
3678
5510
5316
4659
6796
1814
3008
969
1
7403
6941
3864
5585
1193
6125
4013
4356
6939
5251
3093
4198
4578
174
6952
5389
3235
2349
1841
3004
1289
4104
5275
2802
4528
6700
3867
2338
2807
2601
4827
6113
4360
4797
2214
623
6073
8048
59
7327
4504
2256
762
6509
7644
5087
5201
7741
2491
6889
6318
8061
2630
4249
2642
6315
5123
3751
356
7502
6260
3126
88
1719
7783
610
8077
175
2174
2900
4015
8076
3948
5469
927
7398
1657
6055
5818
4388
6845
2042
2590
7182
4526
7018
6589
104
4206
5505
2798
2470
4429
33
7731
503
5216
5427
6829
7130
6209
4603
3037
2893
7593
6442
2267
327
5841
7826
6367
715
6087
3019
7913
7506
7910
3171
7529
4511
1480
1532
5795
816
6911
6785
5377
1316
7878
7098
152
6031
8186
1157
4902
6881
7597
4310
8177
2751
5218
2118
958
8189
4349
718
989
3257
6420
3722
55
1685
8057
1614
284
3092
5352
5374
2180
4637
2168
1402
7777
3110
4298
2865
3918
2365
4676
5994
7630
7780
3343
4341
5043
2164
6413
6819
7278
5993
6458
5451
2899
6189
617
5107
4172
680
8067
3917
4869
7886
4914
2647
1544
6463
5506
5196
469
2006
6483
228
8184
1708
6405
1410
554
4726
331
2954
1106
7523
2254
6511
2928
1001
712
213
5330
7125
5238
470
8023
4980
2990
2528
6792
3194
2157
3274
5248
5774
2657
3483
244
7717
5351
3861
6613
7787
6160
6627
4168
4156
7168
574
755
6344
5711
638
641
608
6232
4994
7191
8008
2661
3219
2897
1663
5732
1166
7598
5720
4850
618
650
711
5837
106
110
5308
6223
4328
5460
4995
1944
3566
7169
7595
2115
1007
3660
6836
5421
301
1479
3590
4768
639
154
2235
419
438
7455
5851
6361
557
6061
677
7139
7568
3946
1917
6108
5622
5011
2892
7653
2619
4891
891
3508
5707
2487
4099
4888
3250
103
6012
2796
6591
3474
7353
457
1720
6292
4960
3462
2636
1779
4115
3519
4184
7812
5796
4753
559
5879
5600
6729
6904
5654
5032
3266
168
859
6580
4681
5817
8162
4722
1930
4010
6003
2144
1047
5869
5842
7229
7675
3200
5411
2564
2205
5907
208
4367
841
6148
6269
5224
4978
4839
5051
7544
6117
3561
3162
5681
7339
5039
7643
2296
3460
3247
7372
6898
7522
1013
2776
3991
1999
7900
7979
6488
6966
361
3424
6830
7945
5465
2765
5626
4909
7291
3466
3630
1689
4008
4234
4225
8017
1798
6493
5856
7350
3205
343
6352
1151
1206
1294
6871
4049
3090
3502
4089
3095
3810
1241
1369
5675
7124
6743
2052
7738
4503
7302
7611
4926
7815
1197
7534
4121
5557
6924
67
5881
3954
1941
1254
127
933
1603
2078
7985
1184
6365
262
4668
7615
6927
7793
5045
1864
2691
5042
5147
6332
5952
5180
1225
256
2939
3242
1630
2846
1202
4425
2433
2200
6155
6057
100
4576
756
6338
4534
1723
7663
5030
7156
1947
332
3729
5646
7955
2489
79
952
4462
4217
1978
1073
510
7429
870
2942
947
5749
4562
7586
417
2881
3321
725
4048
87
7954
4212
484
3187
7313
856
4291
2977
3608
6625
283
2119
839
3753
4703
102
6997
7491
3534
259
3551
4985
2671
5608
4568
7192
5373
5090
2204
60
7478
4809
5825
2176
5094
1580
4343
6636
8140
2969
19
1662
5338
4687
5135
6054
2999
5691
1987
1912
1596
5706
7269
6973
1476
3712
2457
4320
3149
5104
3165
4895
1729
7399
6124
7402
6522
6728
6642
290
436
3490
423
7970
2055
7345
904
4069
1107
322
2688
6832
196
5959
4383
6598
7286
1561
3055
5171
1428
7265
11
3606
7619
2268
7057
7131
6490
1604
3295
4981
5289
622
3976
3256
5927
4670
4998
3624
3119
4109
7208
1127
1629
1633
7763
4844
295
1194
597
7527
6944
563
211
5989
4339
2711
5559
500
7519
3905
7472
4639
1982
4483
7490
6033
784
3537
353
4493
5664
5543
6818
1094
4867
4586
1078
3716
7460
8087
596
5813
2781
4196
7373
2828
6731
6224
3155
3027
5619
3234
3896
1034
3973
7108
1482
4179
7107
5141
2361
4435
5325
6835
6575
3409
830
7484
47
4751
7467
1853
4685
7264
4408
5901
326
3618
5763
7537
3825
1446
6734
735
2194
4143
1582
6838
7974
1443
7385
6617
4747
654
4661
6890
1090
7973
5643
4460
5313
2744
5306
53
3333
6849
7064
2220
2997
7978
1158
2263
5444
6211
1598
1356
6146
4792
7788
4817
4832
170
1159
5106
8124
2376
6637
2403
5129
5490
3736
4047
3586
7758
1530
1989
7695
2476
5034
5644
3623
1732
1863
7625
4230
1593
6214
4149
8024
3028
5860
7701
2536
3202
66
5577
6578
3774
602
3666
901
4364
854
4031
7558
3094
6629
1680
3128
2641
2138
7590
538
7110
7871
1854
3283
7723
1144
8121
5884
6328
7754
2877
4185
7219
6099
8163
8089
3603
7405
2384
5744
1667
1458
5332
4848
5407
4934
587
6715
1552
5903
4150
2684
2525
3316
6447
7872
2232
6976
5745
6802
52
3646
1400
6147
1791
5388
7427
6974
3730
7535
5534
6913
4814
6540
5728
4840
7305
3041
6605
6380
5916
1315
5544
7073
4488
7061
3832
2328
1795
1813
3621
4151
7002
173
2555
1907
1281
4988
4066
2033
3651
5140
577
2
4541
1903
2505
661
14
7262
3498
1464
2116
2093
3667
741
5660
3785
1664
7365
6152
3559
6207
866
6607
8179
3999
2091
783
7997
7795
4766
6694
5192
3457
6624
4686
6418
5572
6658
6505
8136
4269
474
5983
5518
3816
633
8080
6130
516
7518
4754
3846
5942
4125
7724
5739
3495
6441
112
2741
1079
5504
5021
3254
2292
1382
3327
8146
3057
3371
4795
7077
2448
1207
1786
5637
1991
916
2097
4749
5241
749
2811
775
4864
4476
4392
349
130
141
512
4965
7065
30
3146
888
7306
3658
7260
5405
5958
1064
3386
3361
5270
1349
5670
2028
6754
5364
4477
2354
329
128
3887
2723
3185
7273
337
3528
3771
6853
2935
4684
2012
8016
4323
395
7725
5614
6022
2708
6549
981
3636
1892
7921
4736
1850
5599
3408
82
3663
2532
6360
224
7702
313
7874
625
522
4433
2366
3801
6129
5426
6274
7033
6334
8041
1736
2329
3733
5440
131
6587
1616
164
5186
4574
1138
6433
7138
1319
7864
6547
2545
5161
311
3836
4311
2797
2612
5955
6879
4280
7121
3452
6083
4521
1734
3158
8127
3056
6233
7494
1334
6529
3367
7449
3653
518
7991
4549
1468
6949
3076
1170
1321
5905
5937
1481
3284
6068
7026
8104
7691
4671
1827
745
6246
5995
7561
3869
1972
2539
2400
7367
2334
5917
1386
3224
846
4883
6455
7602
2039
2109
6664
3629
1340
4293
5573
1335
1344
8038
499
4258
1350
7592
4752
3344
7242
7897
391
149
6686
4352
3052
1385
2114
5914
4866
4587
732
1830
4784
5139
267
5058
2181
44
926
652
2598
1981
7137
2713
6017
5214
3423
443
1454
6412
7957
3195
3642
2047
8182
7721
918
71
7422
7347
4575
5515
1592
3786
4353
2773
4391
2512
7308
5953
6720
3763
2651
7624
3192
4041
3504
92
5065
4563
624
1792
4472
3761
7994
3339
1031
6851
2223
7852
201
5964
5384
4542
594
7409
16
7858
5738
1339
7356
782
2357
2961
1910
7546
5265
4913
1895
4667
513
7708
7685
1714
2521
1784
6616
7946
1655
1970
6038
143
1886
1699
2156
572
120
4748
6779
3792
5587
5083
1617
5475
7337
5471
4734
6895
4933
1793
3584
7333
6745
5754
3112
7977
26
7641
5968
4309
3182
6719
7198
4064
4650
2110
5980
3875
2450
2279
1429
5046
6946
988
7682
4127
4524
5906
1342
5843
3522
1155
4920
7008
4379
3058
7069
2273
6994
6302
2040
1005
1449
4999
7040
5979
7358
4102
2075
3838
1726
2994
6128
6276
6443
2570
4276
2885
4043
7257
2843
4098
3124
2121
5521
379
7924
7791
4333
6619
6371
454
2444
4971
4554
8130
7102
4312
324
4007
921
2815
7901
3338
2709
702
3906
7330
7203
7089
3543
3170
6042
4006
8073
6076
2478
3555
3885
6139
2385
418
5928
6805
3188
5553
5919
6491
7936
2951
4059
6837
5976
4591
2575
521
5300
3511
3891
7811
2922
2886
1960
4741
4677
4644
1436
4434
1016
1070
2007
3839
1012
7468
6023
5187
4769
2625
2051
187
2903
4448
708
1623
6657
5262
3811
3719
6494
7184
4572
6842
5656
4789
3530
1983
4250
4746
171
5535
528
3002
832
4948
3984
4401
3598
6654
4055
1625
3795
3909
5200
2978
192
6153
2565
7588
2124
2996
7084
7053
6645
223
4032
7037
4355
931
1075
6197
1872
15
8114
1311
433
5023
2189
6414
6404
7389
6621
5175
5303
3121
8144
1998
2587
3341
4182
4707
81
1152
2953
312
4765
6473
3390
5747
5206
5029
1613
3668
1800
3740
4414
3249
7581
2079
555
4558
7517
4691
3851
3331
4473
7803
776
2037
398
32
6539
8165
3581
3317
824
4084
686
7167
8185
5870
8051
8107
4407
3136
7606
1423
843
5583
600
6175
4111
2635
5391
3282
6262
3750
181
2344
7417
7261
3980
3231
5684
1072
1222
3035
5009
3892
6378
2617
1887
5403
3073
1988
4763
5050
2959
3640
4731
1212
2010
3117
2447
1211
1236
5004
5417
6307
717
2518
3291
5290
5540
5762
7841
6070
482
2627
2499
5148
4780
620
6019
3897
8117
3211
1363
7609
4833
7600
2008
1162
1769
3237
3893
3475
5761
3808
5280
6255
3755
7088
3310
669
85
6643
1401
5256
6330
2692
3793
5257
4415
261
2311
2261
2342
3280
3230
6289
2916
7391
5079
4897
140
1523
6085
7761
3691
7796
6133
4487
215
2784
1637
923
1801
1228
2710
6400
4880
2659
6854
5459
1679
6075
581
2330
4501
222
6784
6855
767
3279
4112
6342
3106
2628
7747
3225
6545
3114
5492
2666
5181
3451
616
5939
2426
2780
7951
2336
1142
6964
1472
4267
8033
3601
1104
6775
498
6157
4740
2360
1054
3870
7003
4695
2830
3383
5037
1812
442
6869
6089
5468
4598
3336
10
4601
6592
2154
3427
1095
5486
3115
1189
7216
7025
7728
4468
1359
2438
1305
6436
5162
6773
8109
944
4457
3270
7082
2552
7105
2050
7713
6570
1215
6716
8026
7703
7543
5221
4144
1684
40
1099
6265
3637
2507
8002
147
4799
5027
6525
4523
7395
8139
3996
8044
4264
1470
955
1922
8129
7860
5213
4620
1248
357
5174
1975
3454
4304
3221
2481
7766
6530
5443
5554
905
2513
1539
2894
7470
511
3692
3570
777
1442
6052
6030
653
7283
965
420
5902
6576
6834
869
4694
4274
3934
4301
5015
4270
3246
584
5661
1514
6093
6177
2332
1296
5012
5461
1919
1611
6240
3379
3318
770
6610
6151
7207
38
5513
7670
3298
3914
4405
4290
2420
4857
1955
6329
529
2044
5730
5949
241
5133
5000
4976
4350
118
3877
5335
2810
3031
5604
4863
801
6940
7905
7607
2596
2011
3332
6756
35
2413
2979
929
8071
69
276
8022
1772
1049
5650
3494
6641
1911
6212
4858
4658
5679
3356
4958
3818
7331
5118
5704
5454
280
5794
4906
1893
3902
647
6594
5070
4969
7697
2286
630
4585
2375
2086
709
3605
2563
2017
6852
7814
7122
2757
6859
3615
4351
4281
6696
1455
4968
7196
1636
3741
3890
6096
7408
278
3526
5674
1440
5645
5428
1105
7895
4067
7034
6406
5792
840
4755
3910
4384
4319
3813
407
7636
3137
3852
48
953
544
7993
2754
6801
5769
8055
7024
1495
323
5220
1298
1226
5366
5975
8188
2849
6822
2858
5849
7894
7235
7383
7969
6388
2573
6119
979
5158
3757
5463
6284
2806
4215
3610
4826
1896
3515
5314
6912
4623
1467
1238
2270
6090
2509
7202
4120
6288
1745
3676
3981
7751
5267
1084
3471
7817
3334
8134
6710
7359
4167
2770
2477
1675
2620
2177
270
4502
2645
3268
6287
1522
1600
467
1433
1325
4285
7431
7623
411
7335
5713
7387
5580
5244
5283
7255
7847
7819
4170
5424
2278
1870
4377
7801
5900
6465
5997
5028
1818
2818
4273
4244
7342
2099
2425
2434
4011
6517
3109
2441
1114
6479
5499
6712
1572
5318
629
7044
7132
6650
6713
7564
868
8166
6131
2398
7857
4452
603
941
1933
4804
3241
4372
7838
4699
4088
5429
1635
5882
7129
1669
302
4612
3214
8063
4939
7287
2064
2293
5586
3047
7439
2503
3859
5182
7789
1006
1574
613
1815
7642
7667
4321
6768
4673
8058
6297
1869
6780
2603
193
6356
986
3122
5613
4061
3342
682
5603
3217
7009
6228
1962
2787
5372
914
2721
6668
8084
3782
5317
3104
960
936
3998
672
6434
637
7446
3304
3654
3612
374
1169
5109
5920
6864
2746
537
4776
4525
4053
2905
3956
1425
5455
90
7381
2984
6466
94
4941
2175
2381
1578
1172
5242
6733
5491
4845
4838
2856
6425
7784
243
3391
4176
8030
8158
3197
6771
2430
7531
4491
7512
2304
7757
3579
4
5038
7521
2035
388
4368
430
3547
1808
2988
524
333
2108
611
3784
2244
2705
3714
6174
4538
4117
6588
5105
3348
6662
5207
566
7326
2497
4373
1333
3346
6677
2726
4199
2401
2855
3150
3072
3075
7687
7197
6833
3236
1567
2611
7233
7085
70
8059
887
6750
2694
4771
2170
4378
1634
1224
5496
7584
5225
132
531
7173
4816
3380
6009
509
3687
4133
2153
5946
2367
6695
2838
2831
4189
2237
564
792
1452
5850
6314
3486
5923
1891
4638
644
5867
5433
5519
5236
1934
1758
413
310
3145
1549
5628
7912
5854
7437
2553
3997
5466
3399
687
7669
1264
4051
3307
2542
2475
7565
6011
7931
7707
2672
999
7698
370
706
1763
387
4286
7753
2649
935
5663
3455
6826
2520
6506
4513
3616
3503
3433
6387
1622
3320
5913
1722
5524
7071
1724
347
248
7549
1332
229
2103
1969
1146
1326
6850
368
5234
2749
5002
6435
3686
6460
6943
2139
1554
7781
1825
6481
5615
589
6795
2043
440
4118
640
2018
5627
1060
3029
6021
8050
1918
2648
2719
3699
968
5618
1686
3039
1673
4564
1227
4732
3783
4645
2895
4039
7324
5418
146
4716
2538
6558
3812
552
6752
4930
4718
1747
5824
2371
7555
3303
2896
5077
3384
5395
3974
4682
2983
5985
2149
5977
7772
3175
4122
1543
959
912
4652
4455
5527
161
3726
2543
134
1599
4033
6937
5672
961
4819
5017
136
1457
3682
3807
8072
293
1052
8106
6555
3585
6510
3141
189
463
1715
2249
1670
2995
1781
8149
6101
4802
6105
6741
7128
20
6492
5988
4154
7028
7992
6532
7067
2070
1282
5494
6121
3930
5522
6296
4232
5624
4362
2182
8133
2837
4870
6945
7234
1876
5607
7618
7083
2639
6407
4453
5820
3933
1463
5096
2247
2823
5481
2025
588
7152
3198
4422
3402
845
351
7086
2291
6984
7469
2526
6880
2956
1302
2759
6150
6348
7989
2131
2178
1583
2915
946
4928
7309
7950
3216
178
6986
660
4081
308
6919
5571
5804
1985
4282
8101
3253
8122
865
6171
3789
6862
7853
4300
6582
3967
7048
8159
263
2446
4390
2492
1116
794
7671
3404
913
5307
780
464
2185
2218
4527
568
2370
2240
542
1297
6564
7668
5005
2966
5910
7251
5570
3378
3191
3335
809
427
2734
4648
5561
6897
4663
7786
1526
4516
4074
5146
2756
3626
6219
3481
7906
1203
3587
6726
4138
490
2412
6991
7762
2766
1976
7756
4163
1866
5363
7
339
8097
4223
3572
2062
4951
2623
4332
7100
7479
860
230
7410
3671
7056
942
6497
7879
3770
4508
338
6721
4330
828
1338
6454
1081
736
6272
4956
1445
683
6185
6007
2763
3775
1148
7217
3458
6736
1253
1645
7665
5167
8083
7649
496
6137
2036
5846
3855
1379
1200
5970
606
1992
2733
2682
4886
1556
2889
2353
963
4775
3796
97
2862
6477
1646
5658
2868
4517
113
3444
7247
214
7938
6060
4815
7849
3480
5278
6236
1242
272
7650
6299
5502
4545
789
3463
3267
4908
3351
3244
6366
7798
1542
6438
5018
7614
7012
5743
5719
5687
7174
3600
3429
2230
4630
7760
2771
1304
3609
1796
121
5954
2514
1659
621
2217
1045
871
191
539
3952
7963
6354
5479
5467
7172
3168
4203
2460
7956
142
5683
3758
5601
1459
3524
3553
7660
5170
1594
4910
819
6896
4114
4247
2932
7855
1357
2290
2693
7833
3007
449
505
656
7452
7779
2839
4056
8042
6273
4110
3286
1337
895
6394
739
9
7594
5835
6215
4624
6018
6392
5149
1788
292
1642
7322
2184
2631
5723
3398
5246
6514
1698
156
7571
4966
2029
2133
8006
2527
5649
3108
3051
4380
445
7066
6751
802
6708
558
4060
6459
2745
6887
5398
903
2556
4279
7654
4641
2151
4821
6132
2644
2740
6145
7464
5948
6040
450
6566
7041
6687
6345
7019
3468
7904
1048
7153
899
2504
1392
4788
3698
994
4923
6824
4495
3207
422
1697
1905
2368
1838
3665
2049
885
3412
5686
8046
4071
2172
3153
7165
6220
252
673
3294
3804
3631
239
4835
6469
6717
902
3036
3826
1589
6860
3088
435
1550
5311
4014
3894
3060
6221
4432
1994
5784
7052
2406
2747
1100
5709
182
3505
814
4876
7917
799
1782
4724
371
2716
1009
7676
294
2458
2717
8035
2445
7487
2774
2081
3988
7099
6138
7981
6310
5584
497
3939
389
6920
1565
65
1408
7822
6925
5726
2957
943
532
4327
296
6474
6504
7734
3293
4034
6735
984
1186
2803
4466
8154
3574
7896
5699
7063
6804
8070
6737
1393
5520
158
144
6486
6560
2814
2674
7093
6294
2459
7109
5925
162
7596
6445
8131
1239
2372
6468
5401
3868
1473
3186
5696
1124
3252
6092
4512
4087
6410
84
662
1525
3951
3542
4386
1182
2031
6995
7303
3413
4728
8000
2621
930
5971
7545
7840
6308
4245
6744
896
5803
585
3798
6376
7557
3619
3084
5773
2419
1746
7739
1188
1612
321
3713
4370
5705
7453
1968
4713
4871
4464
950
6770
5188
7285
3370
3790
5419
7634
6718
7241
4222
1674
2053
6536
1268
486
526
6428
1432
1245
3525
5918
7689
2282
2591
7290
2842
7386
1164
6652
205
5733
269
5765
3392
7818
5472
7627
2739
1272
4777
1240
1388
6932
3446
857
4553
5727
5353
6908
5694
2196
7311
83
2358
3003
5876
2624
2208
145
3545
6258
7995
7343
7990
4782
4896
6190
1390
567
1397
5748
7097
721
2715
882
2321
2451
3345
2610
8175
7301
7769
1683
1785
7770
4265
6311
2816
6950
3920
5114
7996
3167
6663
5392
3835
6640
3151
4211
2993
4627
2510
804
4837
3983
137
2813
3690
2215
1929
1032
7616
3308
6079
2506
3874
1894
3199
8176
8143
7274
3849
3148
109
5380
5336
4259
7876
2662
7737
4536
5523
3764
5020
4702
2585
4083
359
3830
7477
320
4268
4757
3717
5810
1413
1216
7201
1046
7680
7135
5036
5014
3178
6484
2084
6983
2668
1317
7310
7551
5562
2298
5185
3430
5304
7898
2351
1360
2675
7188
7352
6333
2584
6384
2020
5073
6524
5165
3718
3276
4927
3066
1288
1453
3809
3695
5950
4387
4106
7480
2535
1322
3725
3213
3087
6679
2924
458
7035
6115
3281
1713
1190
7363
6683
4021
4573
4947
7293
3544
2269
8125
2341
3067
6535
3803
1314
4202
5127
2971
1389
7573
7987
468
2140
7348
3074
5904
3857
4044
7742
3251
5076
209
6014
6078
6763
3627
4829
3821
2301
1921
5567
5722
7911
5569
5539
6350
3181
1899
1783
7868
4124
2850
5588
6193
3969
710
6825
1750
2604
7416
6
1244
3945
7622
2712
5284
5124
6037
5356
1709
878
1678
3045
6261
7256
7227
6583
5001
1936
5552
2786
1399
3865
2250
7312
729
2466
2874
2911
5274
2456
2266
4729
6100
692
4439
3453
1743
3907
2912
372
5693
3577
396
7074
6618
7711
5848
6969
4218
5075
2936
4762
2275
2548
5864
2664
5816
1024
3557
3820
6286
7127
4161
410
6278
5536
2015
6165
1092
8138
593
3904
5381
2238
5766
2594
255
7289
853
3046
1831
1358
6868
6846
386
1320
822
4365
7694
4141
7013
3520
6396
7651
8150
6106
540
7045
2188
1753
6416
867
5838
4805
6874
665
842
1859
3517
7206
3611
1243
5072
29
2219
3441
472
287
5998
5984
7538
7421
6353
7933
3573
1773
4375
723
6259
3139
6827
1232
7570
6644
5563
2804
7396
3395
6475
6025
5772
5375
7243
1366
6623
7147
3101
8152
2241
7461
22
2530
4972
8
667
6537
334
4800
525
8098
6935
2125
771
5184
1570
7212
4403
2092
7693
6161
1354
6063
5597
6178
5560
8079
3325
3102
2193
5638
2909
3527
7315
5700
6351
6375
7805
7875
7245
4987
378
798
1150
3669
1067
2826
17
6069
7828
651
5447
3208
3472
7576
1415
5578
5179
4409
5944
5667
3330
3742
2253
437
7296
4964
4253
7563
3685
1877
4721
3625
3417
3767
1728
6383
4187
5198
757
546
1416
536
2088
101
4308
4997
4633
7357
4027
2089
2134
713
3111
793
2985
3628
4499
350
184
579
5823
2972
4037
384
367
5390
751
1725
1191
2762
3082
2276
8095
3507
5951
5862
6806
2066
2137
6279
2424
7377
6122
2320
2225
1447
1000
7652
4714
5620
6877
1555
1861
1506
5930
6601
7430
2299
176
2212
3272
670
4733
5596
6102
485
6996
4296
2283
3163
6202
264
6778
6953
1867
7659
2427
7481
7975
5361
6081
812
4459
4841
1540
4862
7942
2700
5116
7183
3049
1848
7508
3159
2640
1712
3278
7700
2414
5156
5688
1126
2562
5099
1119
4450
2322
4698
5208
3030
160
2616
5830
2271
5217
2795
7679
41
5457
2023
1147
7851
6381
7498
1832
6820
4646
4697
2197
1641
385
7678
5293
3401
166
5595
4634
1185
5272
1706
494
1183
2387
5169
150
4210
3620
5163
6340
573
6544
4675
7006
466
6693
8128
6738
1209
2159
7175
360
4238
6045
7785
3641
6268
3706
1521
2878
7509
4654
6954
8028
746
4595
2981
6389
2080
7745
3780
4322
1229
6247
4786
135
3970
911
6707
7986
8088
5137
5219
6688
7909
679
7504
3921
1419
2588
2024
4226
7511
7369
1112
5566
7553
7493
3634
6646
6926
7440
6546
6004
1957
2027
4708
2369
3903
689
4237
1806
2670
4636
3735
1924
7015
759
6811
6959
125
487
7746
346
1602
119
4679
1774
6808
7585
3323
6515
948
4894
5354
6823
3166
3054
7732
2687
2982
663
4221
4925
6166
5807
6857
4254
6776
2921
5507
2775
583
719
4438
18
7915
1121
5312
907
1534
4559
1757
3879
1279
8173
6205
5414
7497
3776
7848
1505
4970
2203
4040
2767
2285
5969
3353
848
5281
7661
5758
2061
6231
1640
3099
4962
6252
6305
1208
1609
1097
3406
1490
4945
879
8161
7988
4479
6872
1691
3563
4340
5235
2166
4489
4806
2337
5327
7433
1192
6568
3358
6349
1739
1217
3840
5057
690
4625
7692
1885
7394
7117
1039
5022
3347
277
7782
5413
5266
6309
922
2226
7414
6170
675
2962
5935
5164
2313
1110
634
7516
4128
2707
2980
890
1313
7964
2690
5268
2833
3354
5450
3709
4492
5199
4533
6516
1967
2967
203
7903
6883
5348
3156
5947
3419
7972
7930
7809
3693
5006
4530
4173
7633
863
5695
740
23
3302
5386
5485
6074
3912
46
4801
6206
3025
1764
3157
5095
3363
2667
3261
1584
5423
1177
2742
5978
4204
3222
2891
2989
7966
4828
4318
7499
6144
6929
7542
3950
2913
3731
6034
4278
28
7016
5279
7017
7501
7434
4936
5346
3382
2566
6931
7916
6323
3449
8132
3703
6135
530
3940
5697
5625
3656
7629
1897
5861
2755
2987
1845
7939
657
1280
2455
5897
2785
7400
7094
1672
7704
6761
4674
6453
2179
7947
1483
8190
1086
345
412
5320
2245
6036
504
5592
1019
1702
4398
6312
7626
5961
3204
2817
8151
7686
6723
7087
2417
3805
4779
2872
6065
764
7042
58
5931
6422
6753
2488
2239
7808
5172
3259
157
6765
6981
7159
7318
3549
5415
2071
4146
6727
7120
2201
1560
5226
3226
6848
2934
194
2960
3470
5144
1274
3097
4443
5383
852
2004
1654
5827
5512
5778
4195
5273
3448
4271
3971
431
3987
5888
829
2373
1204
7419
1160
4710
6446
2148
6538
7300
7209
2736
636
3773
1044
7407
2096
5895
4193
2589
8036
7830
1504
6194
3396
1810
5576
6885
515
1789
6270
151
6482
3766
1488
3083
225
2105
7515
1811
590
1485
6047
6749
3394
7854
1768
2950
7054
6024
956
5777
6149
8183
2356
6263
6502
1218
1851
1125
5033
5530
4745
7740
5350
5756
906
7976
7881
2882
1658
3314
1497
1711
5776
2146
1134
1139
967
3872
253
7157
4666
4389
7709
1546
7764
1196
2534
5101
3975
5962
2402
5288
4302
6844
5205
2577
1008
6593
6903
4194
6980
5941
2531
6670
7690
3871
697
7248
3694
3752
1533
7865
1283
7943
5321
8037
6585
495
4307
6915
3127
4949
3492
4546
7259
2947
3296
2429
3936
5064
4148
1403
3381
7123
2537
3744
5831
3684
3523
761
6609
448
2663
6867
1074
7683
3925
1377
7222
3531
7070
6714
5789
3425
5508
408
562
1871
8126
1471
1395
1292
6782
2274
5853
6180
4180
5434
2472
3130
6910
7765
4079
547
247
7380
6934
3116
4471
5775
4299
4062
3834
7134
7384
3018
8018
5529
328
720
6783
3065
2014
6987
5655
7952
691
2533
2104
6448
5793
2374
5581
1849
5132
4469
3193
4068
7658
2654
1237
6803
7524
3326
3129
4509
3541
6661
1716
6861
545
8062
4617
305
3889
4191
796
2207
838
1794
2557
4868
8096
701
2860
64
1536
6936
1816
3756
6878
6256
5809
7513
5740
7166
7829
4621
703
6906
6633
8054
1932
3827
2698
7710
7199
4854
6858
4431
6374
8086
1102
8040
1537
2469
619
198
5400
2660
3410
1406
3240
851
831
6948
4991
774
2948
6684
2294
556
4711
7873
6678
4134
7673
7827
7536
5579
3858
489
5617
5731
3000
6417
5960
7495
7823
2284
1760
3169
7103
7580
2443
5703
3724
4570
3366
6237
5788
7450
5484
5623
8169
6659
5060
3700
614
3245
5134
1742
876
4849
3043
1961
877
1343
1299
6169
1420
1547
4209
4467
43
8001
2547
2976
1163
550
1351
1133
4872
1927
4139
1071
3990
5131
7161
2701
4905
1751
86
8085
1855
493
2683
2221
791
5908
6766
1727
6584
390
3355
3900
5473
6489
6769
2346
5912
1923
7304
2147
3499
7145
5230
5642
2655
4344
3538
5511
1765
7532
2791
4295
8111
2440
6809
6156
4424
2605
1817
8034
5276
592
7382
2411
4519
2863
5874
6960
6508
1173
5061
6266
5329
5781
6597
2410
4289
821
3727
1797
1137
4485
2393
4704
4086
1704
3760
4294
1285
2395
7276
4292
6461
5909
5013
8191
5476
6930
1365
3105
4454
6550
3239
5497
4123
2467
4952
5847
8118
7279
4058
664
4823
6062
8110
1214
7178
307
990
1648
5715
452
3928
6672
2325
5889
3516
6143
2963
4315
4929
6444
1409
900
3438
6199
6762
3248
4532
601
818
7705
6408
1050
4836
575
2937
446
6213
1042
2851
788
6097
236
3878
5068
7072
6569
6914
1082
1266
1258
1545
1754
7967
7368
4447
7899
4266
2473
5764
3635
5393
3415
1143
1571
5575
2607
242
6111
7867
2389
6866
2327
1278
742
4860
7870
5153
3599
4145
609
1926
1310
4873
5956
3938
7029
479
6701
6001
7412
3614
1809
2318
1220
5119
7510
2227
3476
954
6648
3120
2259
1755
5341
4613
541
105
342
5108
760
4441
6398
5243
488
5059
4135
6711
4610
5074
8090
1011
6649
1265
4619
2359
7935
5269
3802
7488
2183
3677
5245
115
6094
5125
6167
1590
4662
7146
2722
4632
6938
6173
3922
5448
3500
4242
5797
5345
3702
3977
2122
2471
628
5071
7237
826
6245
75
1250
7055
1610
8160
6320
1291
6013
6599
6226
3473
4235
1381
8069
4683
2857
6794
1286
4915
635
1128
7727
99
5500
3497
1668
7869
1036
7617
4772
3632
335
5210
4750
4690
5310
3140
1014
4919
6053
5800
4931
2233
2067
6841
3103
1619
7718
2656
6760
1833
3673
5863
1062
1993
7314
258
3747
700
1949
7567
3886
7224
441
2495
4678
4719
4957
8015
3229
4070
6000
4475
3881
898
1507
6267
1367
6562
803
785
6141
217
2943
5093
7154
2678
2696
340
6048
7984
5408
1437
1566
2437
2059
1889
4893
971
7323
3436
6531
3134
1700
7281
3034
7370
5833
6227
2480
2945
779
1759
5115
2906
6790
2529
3558
1581
5092
4737
937
7299
836
393
1167
6653
2652
5832
5435
491
1591
111
1946
2399
2834
3899
8012
5264
3319
1881
7940
3063
3147
3021
3743
7525
5780
1043
1963
7550
5025
1231
3161
2549
8078
1448
1688
1098
167
5866
1778
778
233
5088
5026
4003
2940
642
2788
7062
7720
1626
6451
844
5086
674
2300
4001
3841
4705
3829
6577
5259
3842
6006
1303
6876
6786
4329
1373
3895
3177
2699
3329
2026
6554
5537
2799
6198
2076
4036
7334
4097
5298
7937
1563
8013
5048
3828
8047
4188
7298
1837
5287
7376
2800
460
2246
6343
6847
6689
126
2231
1761
861
6567
1412
1051
1937
6828
2581
1068
823
4921
2436
212
403
7744
2836
96
2502
492
2127
6690
6963
6799
5343
3715
4760
4656
5258
7462
1417
5222
6234
4130
1022
6285
5858
6521
1766
4205
4046
6669
6362
6899
39
4263
5598
6331
271
2859
7591
2869
5829
4474
2407
1527
2618
91
4385
3388
6967
6630
7445
2257
3040
2323
5609
7341
4224
1478
733
7436
4588
8009
2517
3591
1661
1004
2866
2853
330
4326
1942
3576
8187
3535
3962
5659
893
3061
7051
1063
1690
2888
4555
434
5783
6282
2355
6586
4287
1735
3377
216
7959
6110
3732
3652
688
2541
2302
2054
7366
1898
5249
1615
7397
4950
4417
1221
3443
381
570
2848
2068
8103
1498
834
2965
1058
707
5839
6757
6216
3521
7295
8137
1469
2416
6608
1568
3238
3843
4430
1271
7821
7271
6163
747
4324
123
666
3469
238
1737
7118
5798
6682
3675
1370
3824
7231
4214
3350
2305
288
4412
1573
3994
1503
4696
1230
2870
1512
202
6257
5652
1262
5294
3957
172
781
2161
1132
3972
3485
5422
3986
2150
4709
5478
478
7657
5183
1576
3389
7530
7605
4594
5054
3414
3622
714
3806
4727
2809
6218
6306
6923
2016
1435
1986
5396
1651
5819
3888
3734
220
1195
4884
1276
2405
5981
471
6810
7816
1515
5452
3723
5111
1575
2626
7677
6747
4335
1643
7778
5965
3979
3271
1249
3305
7038
1118
3961
6183
2501
3297
3638
7971
3012
3966
7441
2409
5999
3529
7164
8025
2211
7759
3301
1223
1404
8181
4967
2449
7466
3292
5894
1705
1862
2827
5568
7750
2158
2737
5517
7444
4790
1115
3791
2938
5031
2975
502
6195
2867
2697
4589
1908
7189
4028
3001
7448
6620
3562
7825
4626
78
5885
76
2941
7111
366
319
1041
5973
4571
6495
4712
6222
5055
197
2034
578
7628
7492
6865
2145
2030
1168
186
7200
4693
6812
8093
399
4577
1284
7699
6421
5750
8145
4470
4095
4400
31
3071
6187
8081
4937
7856
4557
1418
3442
4657
3340
874
5802
2303
6313
1345
254
5121
6010
2063
5480
1156
6821
5103
970
2160
2390
4456
8164
5371
6379
8049
6397
6319
3814
3707
7589
4507
1826
2583
2464
4113
1717
5495
1559
45
3799
4607
4924
1579
4358
1441
3070
7726
5516
7136
5814
5044
2821
5291
4413
1805
8099
3844
5255
7475
4986
5126
7866
1021
6020
7587
3604
7162
6369
4856
6072
3943
6972
5538
7560
4812
1287
5662
3580
245
1874
304
7880
1025
4975
394
1681
7393
1293
1123
7254
4072
7022
4152
8100
991
872
3411
6430
7632
2792
1057
1964
6066
5532
7577
743
5326
6064
2482
260
5725
3496
6533
5367
5631
6339
5791
6301
6431
5828
1878
1931
6957
549
5285
3781
6581
8021
266
977
1275
1650
4419
2128
1660
2845
2929
1844
5737
1324
185
6557
2676
3206
5376
1562
1914
7862
5176
1501
5676
1836
3710
3373
34
3491
3209
1538
7755
2056
5612
6326
2864
1880
5812
4093
3215
864
1644
1767
5799
2832
3823
6462
49
73
3960
2930
4879
2680
728
2643
424
7799
4169
3650
7292
3958
8153
1710
772
4494
281
7712
1318
1352
6523
5250
833
4669
2522
3482
1733
475
5324
2339
6341
4742
2255
1088
5203
4940
7824
1277
4520
4581
7891
7351
949
89
6813
3845
4050
3306
3479
1741
404
649
2155
7253
6884
5735
6788
5564
6742
3768
3285
1671
5718
428
7104
7236
5098
5453
3794
2738
6253
7014
6393
797
400
3160
7081
453
3944
3565
1380
1529
604
1040
5355
2479
1175
2319
6176
4101
6622
658
6254
8004
4535
7092
5110
1771
4618
5632
4283
1109
8019
4898
7664
4354
1140
6204
5896
4730
4346
7928
2582
7716
805
5204
5412
3648
684
1491
4108
3552
5671
4482
3176
3509
2186
7541
344
6095
4672
1601
2136
4932
6324
2432
2689
1259
363
6179
7115
2216
4190
1117
908
4820
279
5873
1461
476
1558
7998
1368
3255
6615
7934
3797
465
730
3985
409
1096
2819
934
2748
5194
2772
1089
825
5528
4458
3754
6722
2606
5328
3765
7773
4005
7505
6970
3131
5331
517
4640
240
8167
4851
2769
2559
7043
3420
5859
983
7887
3013
5406
6706
5991
1030
920
3597
7238
6651
3015
439
4233
2258
7004
3689
5155
6882
7999
7640
5370
5301
4357
7180
744
3882
5260
3080
1330
4756
6300
2190
3569
6158
3639
6993
5130
982
5549
5801
8010
3647
4743
5915
4614
1902
8105
1858
2847
4080
1444
3873
4136
4635
1103
1652
4363
6172
2022
6917
2793
3560
1374
6291
5333
7533
4606
5177
5082
3819
2003
6534
5886
4582
3313
226
2949
862
2801
7023
7190
7733
2567
3152
298
2808
3617
4583
6200
4090
4903
2262
7155
5446
155
4303
473
696
6655
4498
1205
3737
7058
3739
1990
1394
6385
3044
2272
2728
3068
3459
6029
659
6843
7435
6027
2638
3594
1873
4402
1587
1900
7319
4791
4989
6039
964
459
7148
1371
8043
5932
6201
3022
7362
5232
835
2315
695
1984
1451
373
1257
2102
6902
6415
1974
5102
2101
2768
1977
1966
6321
2494
7473
2222
3923
4543
376
4579
3440
4500
768
2732
1093
6426
3664
5223
7859
6056
4243
1627
7267
3132
2968
8156
7332
265
5462
4178
4445
2345
1003
3556
2580
5128
892
5035
6999
7218
1517
1210
897
4783
3100
6988
5436
1996
1396
5240
5425
7193
1868
1077
1950
7496
2926
3357
7149
7688
1136
3478
169
3822
4306
806
7379
6424
2132
1306
6758
3273
8060
5982
987
973
2986
273
571
6777
3749
698
5368
1694
5938
631
5878
2087
1857
4082
3179
6703
2901
7489
1676
4000
5379
4912
4228
3720
3955
7133
1486
6015
925
817
7374
6140
5551
6277
7181
1528
4770
6304
2523
6347
1707
4261
382
7526
4651
6363
5685
2209
7608
2790
2120
2228
6046
5594
4537
3010
4020
2408
3853
1904
7774
5974
3683
4900
447
4592
2873
7503
4798
5084
6725
6916
4240
7889
4631
1687
2242
7807
2343
7075
3421
1407
6781
98
3017
4653
7090
3173
6437
4885
997
6503
2454
3539
5651
514
3863
6907
7211
4277
129
7031
3488
996
3376
3258
5636
7706
5682
1066
3487
1928
1161
7186
68
7647
4531
3374
6739
7715
2677
599
6632
2333
1649
1492
7126
3489
316
5227
3400
569
3405
2824
3290
6008
2113
7284
7039
2595
1111
8020
6698
1178
317
5574
4404
7559
6325
1775
133
348
1606
3360
4054
7032
533
3937
6901
165
6942
7442
2854
1233
3322
369
3915
3397
4874
3428
6123
4643
51
2152
6909
7471
3533
6951
5117
7920
1803
5
7884
4590
8052
2001
7620
5845
894
2019
5666
5865
3518
3848
3898
2394
3365
693
7338
8014
7556
3445
3033
2524
4463
4042
7068
2013
3201
2165
2173
7080
2884
3721
5394
1348
1518
6142
726
1171
3995
2992
7655
1618
5929
4397
3779
1935
8120
1120
7432
915
483
3947
207
2493
4183
6082
8148
4461
6112
63
6487
8074
7114
2046
5702
3866
7059
402
758
2126
6496
4569
2421
5689
4540
2452
4251
2310
1695
6120
4859
7800
1439
6947
7249
3745
4881
7958
2822
2199
405
1434
6439
3456
6730
1740
7902
4241
1608
6368
5634
1130
5477
6638
4600
5591
3048
6390
4096
6759
2665
4481
1087
4451
5159
2789
1466
5924
6399
1179
4689
1777
3769
6561
377
2383
800
5633
4465
2428
3144
1718
2307
5091
4935
7185
724
5547
7890
5641
3189
303
93
200
2558
928
5582
7983
6118
4075
5024
2306
685
7485
5385
5337
1364
7965
2378
7539
7101
2673
362
8123
561
2902
1430
6168
3263
6704
7514
7354
8045
274
910
6772
4877
2592
6571
2224
4761
2743
4518
4565
7548
5168
3931
727
909
1860
3232
4026
7150
705
5263
5397
7294
3679
2574
6181
7637
1597
1059
5565
626
3815
3546
7638
7316
6680
1252
2347
3901
4810
2386
7390
6656
4813
4580
3288
2435
5049
1198
7646
1819
3911
4416
4597
2009
4548
7540
3393
4701
5692
5926
7321
5602
3659
957
4938
7204
2498
6154
5771
4004
2202
2380
1493
1108
2704
6440
2602
6691
5972
7406
4803
4611
3228
1456
8178
5056
4065
8172
7832
4449
765
7578
5209
2248
5470
7850
2243
2130
7601
4561
1422
1730
7748
7844
7752
235
4248
2608
21
4959
5040
6603
7929
6595
6035
2955
5717
5231
3352
250
