1767
6227
2044
3253
4729
483
4656
3410
1006
6060
4263
3498
2185
1648
8091
2936
5493
3334
5368
3067
318
5494
3593
4125
1754
3190
3021
4815
6773
1087
6982
4349
6747
714
744
8036
3960
6351
3331
7706
3612
3345
5245
3476
2239
2505
1280
1789
2401
5657
814
7735
480
4519
5871
8148
7584
191
4943
4869
1394
3422
3617
4817
4640
2928
6704
7462
5802
1277
7693
880
6476
6136
8131
4916
890
5981
2201
4353
5850
4829
2653
4834
939
6910
3055
4142
5016
1692
7203
2761
1455
8063
615
982
7861
4979
2641
4303
6171
937
3643
7780
6183
4471
6016
7654
7902
2487
5591
4071
2664
317
7503
3764
5795
6370
4424
7794
7715
1746
3120
5105
8104
1583
1967
6877
6484
1903
5989
5085
1802
3117
6211
646
2789
4132
6487
1270
5181
4377
4628
433
7921
4416
6922
1784
1922
1119
1972
1918
3415
2483
4714
4268
5741
6923
6791
1450
7055
606
3541
8182
5089
6431
6099
5327
1116
2469
6833
1540
4277
5111
553
4953
7006
133
7985
8159
7662
7754
7054
2027
21
7558
6239
5797
5819
7758
4689
6113
640
5777
4913
6133
6596
4024
1410
282
3429
6848
6419
1220
1605
1893
2960
3955
4396
7701
3248
5737
4765
5543
6752
746
6276
7993
5937
1021
6173
2689
7458
3776
4216
4590
7450
3182
5138
969
5544
7433
2429
345
7927
6318
5701
570
4494
7856
5162
5265
6126
1384
3894
7391
6352
3500
8139
904
6972
6879
1016
8137
6948
4980
5269
4678
6765
2990
4833
3196
6290
405
4715
6514
411
561
1812
3514
5702
7169
3168
7487
5960
3640
5224
6485
3717
4146
6896
2804
3872
265
892
1886
7225
2329
2428
1813
6465
2920
1545
2122
3965
6602
7290
5567
5486
399
3750
5660
3421
1639
6232
1708
6825
2955
5970
4002
3655
7476
5541
1162
5928
2367
5337
3961
325
3556
6903
1575
308
2233
6652
2128
239
3822
7342
5411
564
5185
7381
5965
7854
4527
6047
1281
4708
3705
2181
7506
1559
3357
5449
3970
2472
1943
7505
3343
1901
3215
5920
532
1537
6240
2536
7249
630
5229
2522
1704
1308
2667
1004
836
7464
4388
1246
5605
2697
2721
7814
4148
5031
148
3019
7820
7900
7318
7060
4783
7424
1366
894
2912
6716
380
328
2194
7892
7714
5151
2048
873
7626
3145
1473
886
1821
838
3091
2609
5124
7635
1432
5466
6569
2153
2668
2165
584
6818
3983
2977
3551
690
1562
2775
7133
5689
758
4798
6282
5739
3316
8033
6116
5903
1355
2098
5872
3237
6168
4078
4109
6958
5256
3211
3078
5854
7332
2297
7275
6960
1628
7773
6022
3365
7240
2897
2844
4333
642
1393
1862
663
6023
7616
7280
3057
748
442
7789
4091
1007
4355
4214
2510
5593
8180
5113
5509
3603
245
43
3516
4317
452
6938
7097
5306
3486
347
371
2366
2916
7810
5671
3926
1440
1169
897
7073
87
1829
4311
7399
2672
2462
7110
382
2350
6815
6685
2045
4318
779
7948
6822
1567
158
1904
2784
4197
3344
2741
6158
4100
4051
6468
4870
2193
6205
4863
4486
8101
6855
7209
3094
651
6207
1099
6412
743
5710
6710
457
3865
5513
167
638
5362
7768
988
5489
56
2060
2902
4097
2253
8165
6592
2075
4583
2523
7062
5650
534
151
4859
4529
3466
5189
7198
5033
5088
731
99
6151
3746
6933
791
712
5325
3634
1170
490
2591
7429
2737
5328
7434
5748
6015
4399
1283
7718
682
6943
6664
5410
850
7483
5192
2652
2883
6893
7887
7591
3435
5087
3101
3321
2288
5291
4254
5349
2292
1105
800
831
502
6066
3725
6949
704
4243
2130
2590
5683
2452
4286
5555
6555
4206
3189
6951
4287
6759
136
3884
1586
6169
7756
5140
1075
5491
2681
1687
6542
7968
7018
7835
224
4697
6003
5220
6218
5338
1975
4947
4086
2101
5980
4279
5492
3596
2453
1361
5860
762
7362
4068
1625
3185
5834
4158
4306
1003
2727
1906
2476
3935
1666
586
3073
6979
5581
595
229
7473
6925
1826
7032
4459
6897
234
3024
5526
756
5198
5833
529
5203
6500
268
2260
5451
1518
5979
5370
4741
4651
1554
3788
4809
7008
2512
1847
2801
240
5799
7224
5266
2534
6266
6618
844
3478
1411
1820
313
4442
4378
5270
2182
7751
2052
7637
6533
1990
4110
2081
6906
8032
7974
6770
1188
5284
2235
2728
4141
7926
5276
5458
5223
583
1274
1247
1082
6986
5801
4325
1368
1454
5457
7867
2760
301
6394
4475
3386
8088
1379
3690
976
1401
1996
5308
7632
270
5076
7460
2576
793
1262
1221
4995
7042
2049
1924
3411
6543
4599
7292
76
7190
3676
5900
7997
2008
7673
7822
2734
2078
997
4310
1012
7590
3985
5163
3261
6917
3546
585
3143
8025
3413
7969
7179
5022
1617
1168
7138
1121
4262
649
7040
6888
1624
6428
1318
356
3279
2167
2061
4607
8067
7120
3804
1521
8160
639
786
7739
6377
2301
1489
2780
1400
4828
5698
6021
2203
1713
7725
157
231
2180
1636
2099
1934
4806
6802
3518
2263
1822
6493
5522
3785
4343
1064
7192
3657
1505
781
2117
1348
4716
5456
3273
4261
5137
6305
8142
4182
8127
1074
6566
3972
6399
4232
6498
5599
6364
88
3226
7111
8077
7025
4713
1117
2535
2284
39
2832
7294
6334
6742
3137
5336
6536
3394
4677
5324
3841
2896
8090
6129
2825
3234
7094
5649
3474
1828
1187
1442
706
1732
7
1337
7899
1328
3969
6076
6279
420
2163
460
2634
4969
5984
6614
2620
7659
6656
8011
3849
1445
7853
2369
444
4041
2242
7214
6054
801
5932
3393
4542
5826
7304
3074
46
5344
2713
2683
1209
378
8093
2849
2447
7600
3745
2475
922
603
3664
2050
8168
1436
3937
1528
3159
2858
7943
6121
3479
171
1115
3027
5473
2704
7651
3950
7448
1643
4839
4147
1464
6553
1474
7080
6087
8178
275
4623
1295
6610
6839
3722
1786
2613
695
5969
5665
3296
5304
7491
5613
4096
8153
7839
7678
3995
5329
4934
1100
5700
3509
5936
6115
3809
7893
4727
5310
4971
3887
1193
5428
658
3207
2489
6749
147
2325
4793
3127
5583
5239
1129
2951
6409
974
2846
8026
291
5319
4401
864
5713
1613
2544
2164
5101
3472
2992
7874
1729
4861
2518
2771
2248
4144
7956
195
1577
314
7569
5015
5184
3744
10
798
849
5913
757
5382
626
6268
4601
4684
7267
750
6695
5286
5369
5487
8070
5454
4138
3277
263
7736
7215
6496
1514
3861
5046
5519
2834
5207
4591
3614
1961
3271
3854
941
5894
2162
2773
1136
2112
1823
7065
3915
3570
1506
4816
3353
1921
7599
3246
295
3223
8174
1546
3949
4285
3042
932
5640
5079
3029
5062
4480
2217
1794
3354
6541
1275
1134
777
2283
3536
5768
7663
1242
6937
5888
6400
4446
3108
7737
3975
4014
1638
3487
4598
7613
2565
1291
31
3991
6159
3503
875
2195
1039
6966
1150
6808
4646
5706
479
7308
903
6382
7388
6726
1797
7238
3028
8087
2903
4241
5496
92
3173
6471
4587
2506
1479
2114
668
5574
1948
1065
4258
7412
4421
2927
5255
6844
4709
1447
720
4945
4193
3875
446
6635
5048
7816
4458
6540
6928
1852
4577
3831
5027
2829
4346
5159
5240
7112
4357
443
2621
3658
4159
4509
5142
5086
1422
7315
2895
7221
1881
1122
1211
992
324
4523
7755
6946
4964
1502
5199
7691
2497
4832
4862
5946
8084
1550
1500
7523
2616
5548
5444
7099
7641
3489
132
7231
8086
7710
7193
6758
8005
3141
7527
4625
2431
4937
7962
3943
5598
6898
341
5746
569
6740
3450
6902
3642
764
593
3515
2948
3274
1214
3128
2438
4952
5293
5396
2579
2900
6101
4737
2649
4898
3851
5880
4524
6523
5911
2451
625
7357
1891
5955
5190
637
769
3810
3461
678
7095
1353
7000
5637
8125
459
5176
4360
3947
6751
6884
4382
4838
1345
4151
7979
1319
2342
4270
1448
6069
4460
4451
7461
7489
5723
1472
1338
4856
718
913
5684
7727
6550
3578
6100
921
1657
843
2646
726
8064
5402
6701
2080
1721
2669
1421
5106
3232
1084
3484
7463
2376
2416
1778
7330
5134
1989
299
5501
4127
5170
3163
5477
1213
2398
2270
7454
5145
7646
5635
64
2981
612
6594
4188
8150
3522
1176
407
5781
4850
208
1507
5878
840
6433
5907
421
4456
5957
3941
3480
6317
4267
5961
1929
4849
4391
7322
4718
954
2623
2676
6908
2047
6973
6502
7392
1356
7870
233
1403
1305
4230
3566
144
693
1811
4137
5296
4448
2670
1711
2831
2373
7256
6590
5886
7771
2415
1604
6
2494
4645
3483
5740
218
4733
3367
2541
2345
4692
1429
8071
6324
1095
4781
3076
6064
4747
2425
7384
6630
5685
3769
6220
1260
7553
3892
4437
6789
538
7712
1611
7925
5320
4972
7250
2085
1253
7482
5217
4720
6593
3065
431
6287
6882
3243
3332
7572
825
3052
5161
2412
1564
4062
7973
3061
6456
5562
2500
7858
3996
4426
1375
4579
2595
5387
2444
2874
8039
6535
5418
1931
4967
150
920
5165
5869
774
7375
701
2659
985
6090
1453
1806
4760
2267
2663
5681
1218
5004
6649
14
1964
1785
7074
3231
5906
3203
3839
8069
5214
5179
5001
4821
6228
2837
1310
901
1056
4851
5996
68
5034
3823
7686
5520
799
2953
6477
3402
7019
5580
8181
1512
1072
6005
6534
571
1128
4160
7386
6460
207
2585
3244
3265
3444
7132
6687
2988
7380
23
1339
2023
6037
3039
7366
4295
4156
6600
3228
7425
2907
4282
2073
5197
5352
4867
1372
2632
8191
4706
271
6147
1235
4525
3375
4433
5824
4045
6161
4802
3388
6335
3389
7303
5427
3748
7257
184
5095
3008
2303
3482
2918
5721
7049
1109
574
4728
1409
5661
6011
1782
702
7158
4695
7530
6983
5371
6325
3856
926
657
409
7051
7154
4257
91
2062
835
4013
7988
1416
4432
5141
5837
2528
3395
5835
6408
4384
2033
2430
216
950
4612
1043
4383
2868
1293
1462
2693
575
3954
7244
7145
8027
6269
609
6361
1167
6341
1882
662
3964
8161
6952
6379
4837
8124
2294
7420
7023
837
6706
7011
6489
298
8162
4518
3071
807
7268
7645
379
5847
5194
1061
5082
3089
1020
2449
3580
4515
7411
2805
6636
2596
4441
6467
5539
6236
1330
3458
3230
1093
3519
2228
7564
4844
6451
7045
7904
3923
7578
6283
6677
5432
4496
7946
5025
269
3467
28
2236
6632
826
5769
4473
4984
3765
4019
4083
1660
223
7083
2619
1227
3282
4472
1137
711
4592
607
3454
2346
8065
980
1499
2636
1412
4900
727
3921
6962
3023
2106
4742
3862
7520
3814
196
6391
5726
1118
3709
7811
8052
30
5645
8097
5121
5667
6571
6110
1306
5080
2144
3270
4252
3734
7334
2348
4492
6709
2967
7843
3732
2232
3973
4335
6414
5662
3681
18
2743
6423
2262
4554
6478
6163
5254
681
4537
3475
2291
600
7917
4990
369
1801
6231
4503
1377
4220
6565
1044
280
1938
7746
1543
5401
8149
4414
1717
5908
6995
3629
4836
3738
3485
794
3318
4907
4483
1659
5307
1035
6575
1966
7393
3545
3591
27
2886
2554
5332
1498
1603
6698
1541
2557
629
1389
986
589
7320
36
4956
38
5484
4484
4417
2599
3806
3051
5440
4750
3206
2726
7336
1205
7825
2871
2372
7863
1196
6373
106
2400
1825
7359
6699
499
3882
5497
1480
1419
3134
5474
7162
1668
7107
4885
5577
4751
6308
3621
7666
1146
2354
898
4229
6909
3414
1980
5174
7549
7341
5400
7181
4889
7565
4675
4219
338
2696
2015
6347
7838
4842
3452
4895
5104
364
8132
5073
1252
6323
4939
2123
5576
7668
8050
4576
7327
5975
5235
1995
1994
374
1331
7004
4240
32
2956
5294
1390
2630
2516
3448
5550
3976
7864
2556
6303
3521
4879
7186
8186
1513
6086
6767
4621
7246
4488
176
2086
7047
5863
975
1315
4452
6796
6258
5057
6019
22
3161
1077
1795
1968
2134
6092
1519
6821
6667
7470
1681
648
6167
3692
3968
2759
3572
5716
1737
5467
7398
2917
7696
2335
6707
2390
1937
2662
1911
1987
4121
2192
2001
832
3299
49
3289
54
1945
5090
3007
905
5653
6109
2994
6867
6264
3219
6955
6280
5201
1005
2352
4481
2307
4775
6515
2471
1485
4073
3543
8141
3297
3779
1175
1845
445
656
4544
3511
2763
7934
700
2224
5839
7966
3758
7522
990
1868
3399
780
5798
2110
400
3492
67
722
2716
8170
1457
2241
4768
3062
1195
6191
2792
2593
1912
5007
6647
1552
1343
1837
5059
6137
1599
7488
2370
7274
5172
3105
1013
5557
5096
427
7624
6223
6518
5912
4365
5334
5186
1777
2057
4070
2011
4800
6360
1148
15
113
1166
2898
8156
3743
3927
1907
2244
4209
6771
4366
2880
2485
3945
5398
2909
5020
6440
1144
5125
3363
111
4845
7091
4315
7312
349
5315
7545
817
3501
1673
7792
1910
4251
5831
5024
3488
320
6004
6637
7983
3963
1640
3622
116
4420
143
6795
5478
2813
3672
493
3098
2198
1230
5005
6907
7474
870
4588
3140
4827
2386
2549
1381
5053
1908
7219
1202
1873
173
1298
5243
7652
7002
7869
5322
6025
5271
7680
7419
6339
7026
5848
554
8151
5817
828
7235
671
1783
1875
6202
1803
2374
4105
6144
5500
8018
7421
5512
5910
2869
199
1341
2603
4589
6214
5784
2864
7262
2090
551
2257
8136
1299
4266
5330
1651
2437
7709
7263
425
1779
4408
4130
491
3154
5423
84
3660
416
2701
4700
4094
523
5464
4546
6578
6936
7142
7587
2247
4522
6538
3012
1062
8135
4976
6045
1250
1470
1971
332
1892
4787
4539
4090
5061
6576
302
2360
4954
6886
2933
5612
4738
1896
7548
2816
1010
6676
5356
4536
5761
7029
896
1186
4687
6311
3184
6102
7379
8110
4766
4176
5267
412
659
2572
6583
5559
3122
3384
4372
1951
2592
7151
7785
287
5196
1096
1309
7947
4872
3821
5618
3035
6295
5510
1992
5514
4497
5345
6298
7953
2249
6354
4431
1675
2315
4053
6763
6663
2121
1405
5902
1535
1890
5131
3490
20
7617
3587
820
1467
5054
1157
5782
6247
7880
4754
7048
1452
3827
522
4941
4655
7364
2935
1040
1986
1350
1804
2388
5895
977
6673
703
5861
429
4552
7146
2089
2753
4619
2251
7776
120
5381
2146
6010
7014
1978
2135
3496
5866
2411
1406
7213
7093
679
2863
2030
2426
228
2830
5546
2702
4370
7441
3381
6681
1181
5292
4453
770
933
413
7907
3404
996
645
6864
7840
183
2359
2040
6905
4764
3169
7841
7216
72
7016
6401
5901
4466
2064
632
6883
5864
885
1683
3774
235
7536
4202
8045
1491
526
4903
3225
2768
2414
7471
533
2143
3675
572
4959
3456
7585
1842
4352
6580
7954
4373
6013
4163
6106
2105
3740
2827
7850
3803
6558
3674
3633
3512
923
2474
6613
1627
4906
3559
3240
3259
610
2958
5380
2094
3811
5023
7299
6516
4627
1570
7085
7705
7317
692
3834
667
3683
6120
3845
512
7316
4570
7165
1736
60
1032
6009
1001
673
5733
2077
2108
5258
5755
3156
5130
5018
2973
4753
1101
1141
401
3855
1831
1602
1431
3598
5100
7692
462
3319
4808
6491
3121
1248
6814
761
5792
4770
6094
2882
4361
6263
190
5067
1189
6547
4236
7942
7499
5178
8012
6114
2017
7895
3581
628
2656
1662
7601
6577
5855
7648
7050
4152
3
2280
1408
408
1839
7830
3537
1430
1909
6616
1018
7829
4455
129
1676
6134
3020
7285
5953
306
2666
7475
8120
7658
5360
7744
1614
1997
7255
5821
7370
4603
2186
4077
4932
4977
7432
4192
6075
3425
5604
5363
543
3097
1710
8041
4826
321
8100
7502
6953
2777
6181
2282
2046
6861
5147
5731
1396
1724
4297
7955
1991
439
5941
5290
3901
1395
3351
3372
3944
1790
2838
5736
1259
6385
242
4004
5942
174
472
7653
1610
851
1716
1292
6139
1267
5904
2968
6344
2204
7992
5206
2424
527
4244
4789
4168
1414
2138
1017
6407
2622
7287
5786
5083
6494
3563
6959
4354
2175
4457
4154
1853
1302
6766
7333
3733
3242
1963
2774
7883
1200
1316
3328
6919
5634
5038
1579
7525
3528
7027
5078
7878
4464
3147
5228
395
3625
4538
4088
1376
2024
3724
5725
1152
2042
6655
4031
0
5247
6001
5579
7376
59
4204
4926
2069
4095
7745
2003
7981
7122
3931
4504
7908
8111
821
4275
6875
2513
6557
7579
4467
121
3495
2906
4630
2940
6623
254
4065
1143
7877
5868
3527
2214
3588
105
7772
5298
358
258
2885
6813
5696
4948
6931
262
6457
1269
458
4848
7898
4400
3104
5408
5168
2065
4584
7172
4191
4009
3691
672
3241
1679
2814
7777
7052
4430
3361
3867
6708
5071
5099
931
467
945
961
2076
4290
2754
3096
1970
4114
3877
767
4790
4734
3213
3868
1433
544
2443
1674
6669
8171
6675
2479
7001
5983
6974
477
4963
4502
5391
1715
2266
7723
1547
24
2318
5303
3083
5403
3197
6320
7174
6270
7717
2731
4340
6930
3218
7326
7876
5763
4868
680
5339
406
2566
2127
567
741
7809
1560
6436
1568
35
1974
1304
4616
6621
4161
7232
3150
1336
4312
7702
3649
2519
7343
4650
5620
6532
6349
122
1352
2879
1844
5114
3848
3432
2755
2488
5295
1976
4284
6551
3558
95
4876
107
6108
2051
3586
2026
6969
7685
1397
486
6941
6819
292
7443
5973
7066
1635
5209
1536
336
4172
1658
3900
5132
4099
4908
2478
2788
2821
1206
4111
3783
1067
871
6212
1317
5063
1619
6012
1919
5998
6490
3713
2466
694
3327
1548
2862
2016
7640
4223
5450
6271
2503
4247
1935
2442
4756
7081
7566
1598
7684
6508
2631
1665
4054
4309
6993
5922
2797
6292
6192
5275
7296
2043
8144
1138
5818
8037
4036
2006
4415
1749
1380
3310
1263
1526
2155
4891
6988
6488
7385
869
7148
3022
4057
7999
2481
6719
7202
1104
5691
6913
2586
3195
139
3092
7339
7958
6082
5791
3356
2929
6152
2484
2237
5793
2170
5241
6696
5534
8103
3922
859
7490
7949
475
3359
581
2812
2888
7436
6050
698
7130
3158
1772
182
4491
5641
2887
2626
3451
57
934
2238
2058
4153
729
902
7456
6869
125
1740
4917
7283
6805
1520
3978
7106
8089
6519
2092
3648
7136
418
6395
5346
6402
4307
6314
715
4704
281
773
4117
82
5274
6608
4133
6176
6355
4611
4792
7208
7446
5374
2365
5627
3756
220
3627
3290
8007
55
2643
7108
3214
6000
5717
5340
2808
6437
1217
4320
250
4419
6849
8105
6406
3427
5442
3767
1615
1149
6603
5600
7901
5909
3497
7307
7129
4485
350
3846
4157
4661
3938
5469
3016
1612
4201
5234
2230
73
8085
4465
141
5149
3171
7234
7950
2316
6911
5072
7757
5333
2836
6734
1771
6153
4659
4237
309
3373
4987
5896
906
5277
276
4463
1234
6560
6775
7857
6679
329
3990
5867
1719
1864
1766
2159
293
1088
1787
3385
7570
7140
2758
7713
5043
5892
5853
2344
971
754
6835
1956
948
7708
2281
1928
2304
2986
841
7501
1407
4962
3470
5312
6792
3338
4973
1002
3670
7546
5935
7298
8057
5995
2937
7818
1107
6511
1522
3460
4548
5718
1204
4632
1261
2764
6717
3997
2013
4970
2019
623
6078
4288
4915
5388
1695
3119
7786
4406
7881
5573
6976
6146
2691
3759
1034
6186
1818
4178
1245
4641
1863
3606
4508
5542
2435
3761
3099
2278
5126
6245
4425
1460
1386
914
476
7932
3582
4919
1236
4557
5759
7642
81
891
7865
3181
7800
3201
5511
2833
5870
7030
333
3026
2710
5829
5722
181
7643
943
4139
3549
4551
5553
1647
5482
7445
6127
2972
3628
6582
1607
2321
6006
911
7650
2531
5670
7196
7778
3426
3879
6998
44
7036
6572
6253
7930
1165
3665
6520
6216
611
2378
5481
5760
7347
577
641
842
2997
5921
6438
5261
5412
4385
3940
6712
7396
5471
3699
2137
127
6785
2712
6530
4128
5177
2151
4774
5193
2530
2975
3050
6188
3881
6368
3133
8073
2959
2255
1265
6859
1630
2890
910
3899
1327
2563
6375
4813
4149
4328
6895
1102
3730
789
2752
3847
149
3891
5230
1669
4126
4855
599
2439
6353
1363
3336
7046
381
721
2310
5272
8055
7245
3149
5470
3829
4930
7513
4999
6945
1888
5614
1902
5157
8167
1325
3775
7453
2785
1106
1753
6097
6315
7618
5677
6873
846
2039
4909
1131
7767
5584
3130
7284
3890
7479
5019
5260
8099
5609
4227
354
2665
7699
289
1130
6063
4691
1161
8038
5191
3494
7444
6267
6420
8133
2655
3773
8113
7611
5118
2640
6570
6035
2450
5407
3916
4405
3513
7919
1091
7515
7403
4852
2954
2132
8166
2480
7743
2961
3247
531
1799
6845
2330
7395
3731
617
2529
4145
2319
5148
5566
7890
3630
7413
1023
247
252
4449
4663
1321
4046
6970
2334
4271
6034
7606
1015
5800
1046
7537
264
6444
4043
4865
6374
4374
6074
6365
4035
5404
1538
3661
7204
3349
5720
4801
4674
5026
7742
3747
2223
3445
7561
2807
4265
3194
4534
6141
7033
2493
5123
236
7620
7831
1913
52
1387
2782
3790
7273
504
1132
5341
8172
377
3364
1314
3885
2179
3663
2302
8058
7141
4302
4170
3684
7535
6300
5002
3453
7152
4634
5281
6971
3001
7719
6177
5646
1594
6690
3771
5682
1593
4113
5643
5139
3594
7361
357
1517
5587
5874
4478
5616
6964
5756
1463
4171
42
6234
4543
829
6143
3998
146
7510
3517
7827
1488
1941
792
6089
2190
3986
294
7194
6755
5560
189
5268
8128
7010
481
4649
3966
3436
5923
1861
5097
5150
3000
7511
6827
29
868
451
7228
3948
4061
7496
7310
3701
2749
3014
7924
856
6723
958
2150
7936
4725
8014
7408
1857
7406
5841
1915
6424
4532
3635
7409
1444
2221
463
3739
4698
6830
7278
7206
7945
140
4305
2567
7518
1180
1634
2602
2067
7720
3832
6881
434
4784
6659
6410
1950
6233
344
6781
4001
3637
2298
4516
5384
1374
2464
5977
4411
6285
5745
186
3792
1733
4779
3646
6096
1264
3360
4982
4413
3043
3698
2715
7300
8183
4763
5708
6014
260
4968
6768
4292
6249
1532
6562
1654
307
6036
4180
7761
7007
5351
1878
8082
1814
8035
1900
4600
2169
6081
5461
2455
1700
153
3600
3620
5636
4016
3258
3186
3719
2757
6638
1606
717
6042
2532
7933
5554
93
2441
796
6203
4510
7319
3339
1382
7104
3864
3984
5154
1322
6452
3934
3510
5674
2000
1791
4210
7687
1089
650
4215
2786
1735
1572
2116
1580
8020
1047
4498
4253
3807
2690
5225
563
3753
2843
7592
2511
5385
5248
7346
7740
6606
5624
1765
6779
525
2828
4429
7721
3772
7667
962
4669
2574
4069
3227
4392
322
3905
2819
1960
1071
3221
699
3742
1592
7574
5143
6686
1163
4092
5547
5289
7607
708
2156
1504
360
728
1699
7119
1848
2852
101
7541
7796
4657
7404
7289
1591
8121
661
1344
2021
2368
4624
5561
5680
4033
7990
1764
6061
410
4386
7851
6007
2375
6963
2339
7123
461
4058
4825
8188
1232
5171
2740
7079
7676
5956
367
2399
782
4056
4135
5631
622
787
6065
2313
4167
6507
5844
2445
6056
5673
5978
5852
1621
5676
4608
2222
4652
7576
4323
6900
827
3936
6812
3654
4567
2991
5592
5
2865
2458
3682
4298
2628
7819
7963
2005
7089
2558
4136
2877
2606
5952
4722
4321
652
2559
7763
540
4208
5249
6965
6680
6422
2793
3086
5438
7350
2810
4731
4278
2125
3671
3539
940
5068
6824
2079
6661
806
2720
4272
2259
330
7984
3993
1947
6554
3992
8177
5926
947
5434
5794
6810
3077
3508
5987
8083
5246
6313
858
1672
1555
5155
1120
2941
6174
5531
3377
1383
1388
5972
4958
6782
7519
6836
1428
5257
4007
5188
5626
7223
4983
1633
4166
669
7928
5227
895
7759
6574
8066
7998
1578
560
154
6083
3647
3103
4890
2136
4042
4564
6122
6691
4246
7533
7266
2088
751
2552
2514
2226
3669
7258
866
2875
4228
4342
241
511
212
3059
536
7766
2809
6778
8143
4578
7916
7114
6797
3714
4322
1650
6702
7058
6479
8109
6644
5968
5036
1296
2547
1203
238
4410
6085
4595
5250
1854
647
3109
819
193
3777
7656
2542
3304
340
5498
7078
2343
784
4585
1307
1288
6118
4505
1747
4638
7528
2776
7253
4785
2822
7276
1028
6041
2393
3555
7802
811
6787
2322
991
2686
2911
7485
6678
1192
1865
1459
7920
7504
1124
1883
7360
2729
385
5703
3597
3897
4717
4780
1272
217
5602
1768
6187
4572
2208
4155
5028
1068
7991
3780
3607
6053
3736
142
1723
7414
7583
4676
4196
3812
7254
6466
5029
3131
6994
6376
3741
4931
1698
2682
5146
3300
3929
2384
3081
5714
123
4514
724
2899
1364
7237
5992
4102
5762
4535
5517
8154
6721
2273
2149
5538
505
4560
119
6918
160
7207
4736
3408
6383
5738
3787
6915
3493
1210
7092
209
5421
7295
4631
5743
5766
7793
7017
1742
2141
2084
3928
3784
6934
3401
2521
7402
6777
168
1949
4992
3294
2293
7416
7210
5916
4769
7790
1354
2635
4028
5619
3645
3979
4326
6711
7059
2215
862
6067
6386
653
4942
509
5445
2002
6189
5774
705
4690
7821
1160
2660
3477
2072
1930
4772
3060
1057
4329
1155
6316
3047
4175
164
5629
521
1241
7623
2187
709
1870
7417
3079
2692
456
558
6501
2063
3768
4864
6617
103
4830
6653
4723
2938
4653
6650
2206
1649
388
4313
7550
80
1750
2594
1029
5218
2091
6196
316
6764
5753
7305
6682
803
440
1556
7252
7806
2285
4740
7834
2966
7135
7084
6416
465
2848
6604
2580
2383
2847
834
5297
3720
7115
4032
3036
172
1620
2432
6629
5603
5692
4758
6504
3925
77
6486
7259
4336
6727
3667
3564
2824
616
109
968
7891
3547
7555
4348
1707
7557
4507
919
7612
5594
1849
4341
6017
1362
1653
7629
8106
4200
1287
1332
1760
5003
4609
908
2791
6166
3711
6281
7922
4957
2395
2357
248
5518
1225
1701
7150
2570
6643
1817
5830
2765
930
4965
5610
2735
6790
6128
1680
4835
588
3871
4721
1092
5278
6475
7189
4989
6331
7184
3280
5103
4550
1916
5392
2338
8062
5806
1110
3863
6700
1482
7507
6546
6160
7783
7844
5582
4822
697
7539
1073
1197
3205
1871
5129
312
7356
7700
4390
7039
3729
5426
740
319
1466
6030
5263
3093
1808
1763
5465
1957
549
8112
1417
366
1573
2915
7147
4187
7374
5030
7212
4501
1745
6454
1585
8056
397
3704
3276
7798
3275
50
5882
5375
1229
3531
135
7622
6221
3148
7125
3752
6178
2795
7498
5647
2637
7492
1720
2605
7929
2517
305
4280
6645
8190
3694
4225
4814
3573
8034
6858
6051
2406
5208
5730
6705
11
5226
2100
1645
3473
3952
5997
7894
2756
5914
5435
5343
4469
1103
6426
1644
3040
2841
1014
219
6748
5524
4978
3417
4440
3534
1525
7128
5789
7910
3623
37
2018
2459
2333
4233
2279
7547
2618
7070
5109
3423
7615
6899
4858
4724
4269
4796
5655
137
7567
1216
5417
3589
7774
3656
3044
1981
8146
7961
1876
4680
4347
2718
5812
2746
2892
2133
1139
666
4281
3032
1827
5915
8046
4776
4010
5728
7090
6366
6929
2364
392
4899
4273
7689
7348
5420
1058
500
733
1985
2698
3673
3615
7551
6278
74
7556
5069
2461
63
2884
5862
2418
7815
2893
5558
7325
4540
3624
1177
8059
277
2433
2166
2356
3553
1979
389
2930
8179
3123
685
4301
620
1212
6642
510
6513
4477
1086
2719
8163
363
7277
4435
4799
1629
3239
7847
4805
5424
3374
3256
3560
2311
3347
6799
3428
6851
496
4871
6195
4489
5313
3072
516
3113
5468
3499
3405
2989
3272
2811
1370
942
3200
5890
2504
4334
4074
1503
2639
4226
5373
6179
5446
6472
3818
2679
5963
2254
1037
3666
6398
6215
3710
6651
3866
3554
1626
5259
1475
1933
3557
7013
1678
6072
2859
6388
3797
4877
633
5540
2987
5537
7704
2980
7677
6567
1051
1898
4712
1984
3919
3335
4660
3782
7596
5122
4115
4060
5406
5724
4693
3718
8115
4376
6857
1279
2794
3908
102
2706
2944
2355
2562
4363
2
1557
5485
2921
7494
2331
5010
4283
2434
1097
742
4021
542
6256
65
6162
6784
5918
5236
4719
2053
1867
5244
8175
7324
3652
4880
6760
6180
2229
450
288
79
5846
4648
4683
7886
2336
2905
4274
7675
3689
4594
6434
3114
6528
415
3003
3438
1371
4556
2320
6628
7665
4819
5709
3088
3930
5668
7846
6891
2460
5796
4711
4407
5211
2413
1609
58
3766
550
4398
6028
1685
2589
8185
94
2904
5075
4037
3677
5776
955
6984
7581
1182
7126
2306
2131
7807
1373
6688
3618
1670
4778
4824
4075
809
5985
1565
4500
5823
5120
2984
3124
4596
7163
4562
6427
2600
7407
8187
6684
6080
5597
5899
1866
6238
7389
2695
3371
7748
2055
4739
3914
4905
7690
2420
2818
6148
3118
2140
4998
1688
3778
3110
5506
5041
5644
6549
402
7805
3889
7069
1793
156
1590
6184
2457
778
2007
1959
3102
396
4316
2211
6932
2446
5851
2913
2820
2926
2183
1423
5897
2147
6273
7540
3583
6415
1874
6474
7741
2527
2584
1111
6244
863
1718
3009
5273
3898
1391
1501
16
2860
3693
2644
6142
2842
3932
1050
2684
4975
3904
4444
5215
4249
2658
4203
776
4403
7241
2647
5859
5232
5173
5622
882
1194
6464
6524
4409
326
1271
7021
7959
1268
7034
1493
7038
2851
6503
6499
514
7260
7671
4896
5252
7015
2901
5898
3576
4561
3569
5744
3798
7227
85
7003
772
2969
6904
53
6237
6591
4194
4245
5372
4380
824
4910
126
3574
4339
6842
6206
4673
4026
5475
7866
1045
6182
3830
636
7987
1041
6750
5535
386
3876
7669
5658
3151
1788
7170
6367
4438
3523
995
6091
3808
900
7753
4375
7020
6829
3292
5596
4015
4795
5773
6622
5399
6389
6996
1940
7716
178
1756
2964
3869
7521
3179
4565
7859
2604
372
6337
2963
4875
6455
6840
719
5305
1026
3721
2708
7187
5386
2173
5525
7995
5876
3254
6753
2996
6073
5127
6229
5156
61
7788
2189
404
1691
2158
5633
5578
1030
334
4468
4093
888
3449
6809
5422
3464
2396
3224
5625
403
485
5354
925
1257
2119
7044
4555
7173
4853
3383
6294
5222
4331
4445
4011
6714
1239
7351
1999
1815
7660
755
7182
6459
6048
5037
1757
3180
8114
7043
4038
3843
2082
5116
557
4933
6495
6326
993
7884
7291
283
1469
4118
5107
7832
2962
6735
2943
8126
6853
1487
1946
2651
468
2419
4005
1731
4545
3025
7661
5202
3626
7967
7602
6529
3178
2823
970
4213
4020
1108
7272
5934
967
5734
1944
5585
5893
4730
3301
2642
3585
2199
5011
5805
6978
8004
1398
1385
4743
3912
2212
8164
6338
7028
3506
4605
3135
899
3967
3392
812
7588
4810
1880
3229
4759
5991
1231
3971
221
4707
6521
691
1576
1083
3167
1490
2748
6363
4688
4526
4395
6783
4748
6131
1496
2850
6040
474
590
179
1228
3826
3801
3216
3380
3697
6537
4512
453
3366
927
5044
2436
1495
455
1329
7226
7732
5042
7197
5630
100
3063
7728
6058
7823
3251
6463
1527
5527
3981
1601
4681
4986
7344
5430
138
2213
1255
7139
7711
1076
1869
6741
6248
2533
2881
1060
1832
6481
348
3838
1993
6967
7619
7638
2470
7598
5504
2382
4746
1358
3463
3138
1471
6609
7697
4988
5180
3342
5838
5947
3529
1597
4098
1434
785
813
4597
7302
5094
1574
6328
1303
8152
4911
528
805
7397
2392
192
97
5729
7480
6135
7918
5253
2571
2340
2509
7860
8176
6539
6193
90
7297
4593
4368
6156
2949
973
1755
5811
4371
1251
1415
2705
6597
4797
1846
3459
6396
1840
5820
201
747
6164
2945
1190
6920
4207
5715
145
2730
104
7269
1284
108
1515
4300
2161
3584
7688
1027
6297
2855
5093
2597
8173
2861
3068
373
4327
4573
7765
5775
2427
1730
928
4666
8147
2010
1884
3860
1009
1722
5666
1320
7352
7575
5884
1497
3369
3082
2501
1859
1237
6272
4177
1049
5389
602
1595
3817
4443
4356
2103
7176
5950
7913
664
3006
51
3358
3266
6439
6744
3157
4499
8009
7647
5342
7371
6470
3716
8016
2923
4847
5008
3933
795
878
1402
297
5081
7594
6077
1258
6626
6625
6803
2638
2468
3686
3069
5954
730
5940
2876
3706
5659
4511
7057
426
7493
5110
1079
180
6573
7270
1835
3561
2582
552
2038
3222
3087
1563
7199
1792
3567
4831
7538
2744
1762
4379
7977
2745
2803
857
1524
855
5112
4470
4276
7098
7415
3170
981
3387
3245
7568
4293
3397
7516
7373
3893
4791
4359
7905
7288
2113
1809
8044
6847
6194
2317
7331
1486
983
816
7358
346
929
6595
6944
1484
255
7795
8096
1706
4030
2934
3639
1437
4107
161
686
5204
4338
2783
5528
8017
3762
78
130
5508
7472
4857
766
3653
5331
6306
4218
6103
1183
5503
6697
1877
2525
7345
6038
1796
1053
4571
1739
7733
4103
5986
655
70
6561
3816
8013
3315
6980
6204
438
7401
2685
734
2796
5628
7390
6927
5183
492
5335
5231
6209
3406
131
2806
1198
4936
4025
447
5049
5060
6662
2587
4773
6718
4626
5707
7372
5014
2022
6794
7387
7178
6738
6405
4874
6098
5476
6404
4604
7797
1378
3853
3595
6894
4047
6302
331
5182
501
7159
7171
3491
4981
5590
2612
7191
3678
5549
7440
3840
2210
4294
535
2736
635
5169
2274
3176
497
4397
6197
1743
2025
6336
4639
8048
4735
7782
6062
6322
454
7233
1952
845
6429
7293
3505
7378
2540
4846
5431
5359
6461
6862
2300
6956
4951
2739
1404
3125
2209
1286
3075
5780
3111
315
4259
4613
7873
3269
436
185
4044
822
7349
4291
4843
2070
753
2250
4749
3045
2234
6823
8015
5437
175
1998
909
5607
5282
7695
7271
1738
7160
1418
7975
1899
2725
7803
2817
2207
775
5809
1671
4324
5056
6737
7781
3835
6526
6356
5195
1758
2914
7457
7621
7431
210
5350
204
2627
8140
8117
3210
6449
3562
5690
7909
978
2492
3685
5502
6665
7164
2747
200
2035
1365
3548
6990
1311
1542
3471
5439
3191
5413
6260
7944
1656
3802
4878
2358
8003
7762
5455
2815
2312
1461
4248
3994
6084
163
5843
4811
7427
6296
1529
7801
1897
2227
5058
6798
738
6939
1179
530
6340
6387
5951
5735
7465
267
3457
3858
3284
5919
5945
2154
5279
5687
3852
1048
8108
3291
4866
383
6155
3053
473
4566
4528
6254
3815
7923
520
881
8040
7218
6870
7808
3288
253
202
643
2569
8092
5447
6027
566
1226
4860
6942
75
2225
6346
6876
2463
124
4350
1285
6443
6380
1123
8122
4702
3659
4762
6730
3550
508
3873
1551
6856
3680
1781
4351
3192
4894
3038
4119
5648
4629
4513
7109
4122
5964
2129
2564
4082
2160
4234
5092
3165
2999
956
3844
1069
41
6756
8054
115
4994
5939
4699
7435
257
7175
6301
3727
4940
7265
3953
7200
3112
17
2495
4490
5365
3250
7681
7354
5948
6289
5712
949
960
3468
1349
5299
7657
7478
278
5429
8095
7972
1481
5595
244
2289
5757
4173
2645
2853
7127
3175
6111
7309
2246
2614
4000
5414
1955
1920
5361
7102
7087
5488
2219
4169
6837
7582
2555
562
4012
7449
6441
1126
2271
8008
5347
2174
423
6130
290
7683
5891
6259
2361
5317
3260
5448
3416
4006
2520
1249
1510
3146
1770
4563
470
2071
5663
5152
1011
7428
6435
5905
4854
337
5971
790
4558
4389
3679
6242
3129
7064
7937
4186
1889
8068
5719
5144
7116
797
7009
596
1357
7764
6865
2950
225
3735
6981
4289
3370
40
1492
1798
6776
1932
166
7604
5783
6832
7804
3443
5136
1156
1140
6961
3619
4520
2802
760
1478
5395
2240
4886
4242
1872
6145
7589
3153
5238
2889
351
6185
3833
541
469
4250
4055
2872
3946
4439
8030
1860
7340
7468
592
876
5943
5383
3080
6860
3320
5815
2607
1451
2826
7056
5770
7726
3434
4394
2502
619
5353
2036
7156
6332
5727
8102
6345
5949
6241
5064
2787
2197
7871
2095
7177
205
8130
1523
7627
4642
1036
4367
2711
5699
582
5376
4914
7382
5000
3303
5472
5927
5050
177
6999
3520
2925
2034
6715
6154
3592
203
5611
5678
365
1725
4129
4217
1025
2349
5264
5999
7167
197
2675
2139
5415
3824
860
935
6044
4412
5779
6874
435
3378
3263
2152
3749
5958
3233
4873
3340
1114
2296
2537
6052
614
2624
6672
2550
660
6480
2835
1347
4255
2083
6670
4447
6774
7670
7989
7544
3590
4685
833
1207
4662
4610
2770
3382
1494
7168
7365
3820
4935
5006
2009
1741
6309
3888
2790
1441
5074
6372
1342
938
261
6841
3346
5750
1775
6417
5419
3610
6668
3441
4381
4190
5688
6912
716
3355
8129
6599
4174
1936
1807
8169
5814
3641
7542
243
6369
4304
7889
4530
4493
7911
1587
3987
6826
1748
3262
4586
5462
4617
7117
6262
5606
6210
5221
3502
3209
3575
6885
4474
7630
4238
1300
2196
804
2891
3431
5166
5858
3913
5990
6329
3533
6724
8118
2394
5219
1728
3542
7149
6125
3828
3726
2856
7970
2932
4679
1539
783
7634
979
7824
8157
4428
7144
8001
2308
6631
2265
2578
390
5982
393
5326
3329
7161
33
999
4049
735
5608
4614
4221
2261
1256
2946
7833
4786
4580
3324
6834
2252
1632
5200
6713
936
2598
3252
7053
259
2919
1850
6299
6736
7321
3048
6107
2772
7076
6330
5887
7573
9
6008
559
8107
3255
1954
578
5283
6505
2650
227
7971
1608
7965
1589
1571
713
7497
5280
1509
3632
7201
7639
1392
6997
1052
3850
5879
6026
7938
5452
6660
2957
6307
384
3939
3172
2551
5463
1078
6666
441
3390
2102
1925
4658
6357
7512
1774
3298
4703
1184
4081
5694
5070
3285
2671
8145
3418
7614
1693
484
1800
1690
4559
1282
1581
2004
8047
1294
449
7577
3525
279
6871
594
2309
4404
3977
2924
3136
1425
286
3396
2583
471
311
7188
222
5507
3286
5032
7609
4017
5300
6806
4929
6683
1159
4752
1334
3312
6816
3311
5675
3786
6556
6838
6811
2942
2477
917
2723
674
4705
4993
5441
4134
7982
5785
3728
2275
7848
4644
2709
3249
1923
300
5933
2205
3702
6208
6250
2290
6138
3100
4671
966
6199
5672
5988
2678
4949
6731
6525
3535
4076
3106
1856
6032
1734
5865
4643
6987
1346
7554
957
6646
893
5929
7134
5639
1833
6506
1830
2870
6039
3187
7517
7812
1769
547
5098
6343
3144
2508
6872
8029
6725
2351
6641
7012
7230
4991
7061
335
6634
4547
4050
7775
8002
2405
7368
3524
765
4008
6222
370
2922
944
4946
2543
4955
5035
1664
3526
5816
155
4549
4840
4185
5832
4143
6992
1054
4235
1566
5669
6788
2581
677
6745
5367
5436
3307
6586
256
7724
8024
4960
3605
4022
3199
3095
1351
214
2074
2974
7500
4667
6916
6584
1066
7784
3323
2840
5416
6371
1544
1435
359
4665
1476
3236
4794
7729
6658
34
3409
568
4332
3305
7101
2363
4048
6878
6225
4085
353
1063
7282
1458
7770
518
6624
2191
7155
1588
2700
5285
1776
5117
2694
2499
4434
4308
5790
7730
6175
5742
1438
7608
6124
8138
3755
464
3330
6312
8023
5545
1360
1243
2539
3412
4344
47
7242
1553
994
4820
4637
7562
3942
4606
2200
2778
7452
6393
2467
6801
361
2171
5321
8006
6378
7005
5108
6968
3819
2014
3982
7243
7311
1977
3696
4479
1623
2769
5621
5483
48
4487
7526
5803
5212
7826
284
5480
4618
7509
4803
6226
226
6852
5348
6757
7103
5804
5836
3084
6473
5499
2971
2448
6854
4887
3465
3313
7694
2939
874
5153
5966
1622
3723
2087
1561
2423
394
2391
5237
3455
861
5767
6772
6947
310
604
1289
4950
4823
6607
6275
69
3793
3650
4314
7996
7749
5575
2287
4319
4179
3924
4462
2490
417
4517
2107
2456
2402
591
5827
6950
7082
8031
6921
2410
6219
517
548
3631
6977
3842
6257
4726
5530
4418
494
2056
1173
3160
4183
2677
165
4436
6850
6105
7075
4108
6002
3956
3886
3794
1224
6403
4337
1953
6703
3326
5133
5532
1420
6846
1879
684
2610
7872
3602
419
6957
4104
6985
1125
3419
6462
4575
7405
3959
7722
2625
7571
6170
5490
5697
3530
1340
5822
3056
7906
1000
5066
8028
2588
5102
3442
5314
1926
3896
6563
4195
6754
2575
3895
432
8074
1855
4921
4089
4521
1055
4040
5944
802
2408
4654
1596
4924
6880
2093
2878
4461
2404
4264
8000
1324
430
7603
4087
4364
2148
1616
237
5813
3005
7940
1133
3085
62
2800
7124
7377
1273
2617
7248
830
4744
5931
3333
2326
1024
5040
7072
2952
1927
7229
5115
3368
7185
368
2568
489
2611
5808
7915
5877
4199
4131
8080
5632
3202
1534
1851
8042
4777
7532
5394
4454
152
5021
3208
1667
3999
3462
1727
854
6150
6213
4668
2993
3139
5638
6522
6817
5883
6310
7422
1219
246
98
1714
4818
1637
3874
7514
4581
6527
211
1696
4198
1558
6024
5889
2629
5251
965
5704
710
6482
4782
4938
5917
853
6863
5842
3268
1191
6545
7495
6093
7205
4
4664
7837
1694
7024
6350
2332
4568
5366
5772
4670
3281
7935
736
1171
877
6633
1834
2111
6057
1684
2403
3322
2124
5875
2256
7605
2854
1705
7035
3238
1973
478
6201
839
1824
6693
5495
883
6940
3951
5732
6200
170
3046
5187
5205
6029
5529
739
1297
4140
7264
7903
2385
6165
1335
498
8184
621
4181
1677
4345
6611
5654
6552
6413
887
2037
2601
7791
7328
2327
7580
7787
4393
6975
4633
6291
7337
5845
3974
2908
448
5656
5158
689
45
6079
7455
6828
7610
7195
3152
4064
7131
8072
3188
4996
3376
114
7707
8053
6866
2722
519
3918
3235
376
8158
6068
3917
3837
4164
1033
1313
675
2041
513
2184
7430
3579
6252
2421
6358
7037
7674
4757
3379
194
627
6397
7486
5807
5515
5993
2766
2269
3041
86
4029
4084
7559
6446
3737
7698
6149
2674
3962
1752
7314
506
6046
3565
391
6274
6831
2608
1326
6359
1127
7437
4966
1516
249
1533
3878
1031
1905
7086
2324
5679
8134
1682
6157
1199
4761
5213
4162
6230
5287
2657
1085
2389
7964
1301
6671
6820
8094
3599
3407
4063
6304
3957
5459
7976
2295
2661
7939
1810
169
2767
732
3155
5316
6720
4189
7836
6442
3348
3825
848
3033
6348
1531
918
5135
2615
8060
1477
924
565
6585
7994
1895
2422
576
6587
83
6088
1254
5849
3751
1153
5930
3920
7467
696
6497
7896
4034
1917
7400
3789
6119
2931
3507
134
6059
7338
4080
2738
2473
7068
6319
7879
1158
5705
8079
6469
7426
495
4184
5012
3988
1631
555
4116
2216
7410
303
4904
398
6430
6288
1147
1942
3337
5390
7438
1843
3907
3791
6746
539
5693
296
2096
6286
2032
4636
3763
6483
2965
2978
4710
1712
7211
110
7251
2703
5651
4018
6892
5309
3662
2985
5572
2454
4884
2845
6639
1201
428
524
4788
507
5974
5405
4672
7418
3859
6926
2498
545
2687
634
597
6509
3212
7031
3760
12
1468
6619
3204
768
867
5358
304
763
2142
6190
2742
5533
2066
4120
3703
6432
5778
339
274
4920
5551
162
1689
2733
2115
8119
6123
4923
6674
6924
3193
1443
5516
2839
5288
3164
2120
7595
266
1059
707
5563
2328
3054
7682
1145
7560
272
4256
1702
3391
7353
6732
7022
3166
1983
6421
1008
6070
5167
4112
8022
96
1333
3013
688
915
1154
6453
3688
1080
7631
7363
5828
1655
