4796
6671
3887
5124
6338
2345
3684
1907
7334
3229
641
1826
4213
3827
733
4318
4551
8031
5647
1174
4788
7095
4912
5053
3678
1851
582
3107
5684
891
5249
6480
7013
6178
680
4088
1608
3687
6801
7210
1281
242
3957
4008
4480
5614
7298
4794
3846
2109
3675
2167
520
3126
1985
7597
7877
5909
6515
7157
5317
464
7838
1990
4136
358
2445
3373
2404
4137
3289
275
6999
6190
7088
5336
4436
4694
3161
5500
4087
2772
2642
952
7372
5995
2295
296
4449
2699
6547
4229
34
7792
1866
4527
7254
386
3885
934
6919
801
7419
7117
399
462
4993
2810
6924
2544
3609
5461
1810
3000
2106
4331
9
3028
5507
122
7240
314
5260
519
2491
2235
4062
7428
2575
5265
4935
4902
3721
5827
7370
3086
5680
2920
6439
957
7397
306
2269
2157
3886
3099
7576
6864
2254
4433
983
3383
7509
2731
2431
1086
2334
2520
5098
5486
5164
4315
7809
2831
848
3007
1807
5213
883
3177
2461
2427
7125
935
7382
1356
6706
3817
1387
8123
2683
6331
6493
4122
702
6320
1905
516
1565
4411
7981
4635
6217
1957
2939
714
5433
3463
4431
6449
3564
2560
5130
2192
3592
2415
6648
7092
5964
868
6464
8050
4175
1671
6069
3820
7559
544
4304
4598
7425
7196
4233
2724
6992
1567
6697
7688
5182
7814
4633
1983
1067
7991
4352
4082
672
5986
6645
3590
2193
2140
7151
6017
1097
420
5296
5178
1233
7147
6043
4338
6883
5320
7898
6272
3661
1607
5303
8160
1557
8014
3955
3920
1093
3531
313
3341
6083
5347
5360
2676
7007
6705
7335
4697
4169
900
7437
6780
7355
2447
4831
1078
774
3505
3209
6946
981
677
4969
6658
7108
4530
6888
3522
338
6096
377
3179
4830
8028
1095
1960
4710
4250
7587
31
1326
6453
6052
6787
4590
3802
8
6549
1893
3843
3988
1804
2784
6592
229
7622
3637
3807
3882
7187
691
367
5815
2260
3653
6385
4018
371
5939
293
1965
2732
8023
1125
3135
7986
356
4473
3926
7085
622
2894
2019
3668
1414
4241
2035
5875
2146
3673
842
784
4353
7700
1988
1781
6890
7980
6762
6344
1497
7545
7997
6711
1763
1324
173
3584
7237
4899
6165
4262
5068
3961
6633
4477
5686
3061
4129
3585
603
5716
3240
837
1303
5938
8132
3075
4793
3201
1917
1782
3344
4982
1531
6080
2283
6351
5435
3555
1507
3386
1683
5056
3248
7268
4246
1919
8036
3392
4625
4519
1100
3242
6500
2965
7255
134
6974
7575
6784
1776
3641
3635
5223
4499
4092
5970
1392
3652
1113
4203
4922
3153
706
765
7091
5010
7264
5125
240
4296
4344
6206
5143
7338
3034
6941
2420
6942
5455
7884
540
6661
3539
5364
4223
5626
8169
2009
4408
1257
1285
7501
7996
2298
1732
5425
1263
3848
2597
1582
7044
4228
6634
5998
4875
3376
2762
2313
7941
1430
5127
2308
3966
3476
2027
7815
6193
3466
6542
6328
686
6399
6503
4765
938
3840
7568
4017
5962
4651
1973
4941
2510
7053
3188
6665
2370
557
5784
4770
4035
249
1653
7572
489
2499
363
8181
5615
7685
2908
5538
2194
5904
1657
4833
3069
450
815
3537
1235
4404
4012
5473
7102
6440
2620
3329
7831
4004
250
2895
1659
1433
6519
1005
2481
5807
74
6785
1359
3155
4873
2628
7998
6830
3518
5678
7207
4757
7773
2775
1744
6601
1686
1334
8102
574
1061
2068
5776
6943
7206
6412
6471
3919
4312
4856
157
4309
1547
4261
7916
4564
1370
573
5702
3093
151
6907
2263
4734
2080
1786
4785
497
4557
4272
5732
3750
744
4329
2919
1964
1941
4091
8078
6499
8177
6068
5254
2853
7059
463
5534
7934
5966
964
3751
845
1581
126
3433
4209
999
6112
5644
4858
1892
95
1437
4305
1229
7784
3946
720
736
3580
7452
3364
7080
4106
4914
994
3670
4255
4429
6387
4687
6417
6002
7829
670
5180
5657
741
1429
6433
8083
6050
982
1818
7205
6975
5736
5730
2383
5093
2708
600
4518
3900
343
5795
3931
3
5676
5509
1016
4650
1783
5140
1346
2632
1861
6061
3779
5398
7294
8017
5460
3958
3186
4432
6957
5897
76
2054
5558
3786
6791
8000
2914
7341
3431
3410
2195
5524
412
7230
5658
1274
7433
5731
2443
6238
6506
1158
635
6641
683
3084
8159
776
4768
7320
6583
6880
3813
1698
866
1750
7796
2850
4578
6895
1749
5799
6042
867
8111
2103
3220
8068
6019
21
615
4698
7741
4109
7365
4090
4965
3577
2394
657
3256
5977
3760
4893
355
4823
7486
6379
2001
3029
7625
825
4270
1945
3801
7198
3869
2619
6323
3408
1053
7693
7429
436
1762
7837
4645
1245
2645
1320
4810
7204
2196
5607
7855
921
4151
3711
1335
3233
223
712
6674
7405
1348
3569
4945
7778
1914
6376
7077
2375
4357
5063
3747
2579
4454
5373
6820
1048
4220
4393
6735
1685
1259
5488
5241
295
6604
1333
2926
7618
4057
2237
2518
329
326
2904
735
1073
6319
413
7762
3902
5829
674
6109
3551
6606
6235
4
7592
6192
3588
4350
162
6685
1510
6084
2138
1313
3978
6422
99
1193
3737
5309
4192
8121
522
1357
1520
1995
4760
7537
1162
1722
1626
5928
3752
5557
7767
3049
3235
158
4307
3299
2949
5144
7219
7800
2030
3276
2163
7879
1849
7442
1018
6015
100
6948
1956
396
7436
1306
3104
1501
4290
852
3600
8043
5232
5246
5449
893
6781
6745
6231
1091
6792
6488
4185
2015
8032
3905
2593
3424
8001
6301
5489
7438
1912
7456
1300
2385
4992
2799
4901
1906
1402
3379
7935
2364
2553
3331
5330
4542
7963
310
4956
3183
8081
2812
1405
1255
6022
7009
7928
5318
2354
6859
4601
2516
3328
6699
4256
5247
7933
1252
7193
4437
4825
5919
873
6246
4484
5808
855
1189
6021
407
1648
6962
4869
892
8114
1056
2371
1572
7126
4514
2382
6642
5414
4302
7546
4506
4865
5325
1918
5988
7250
3428
2529
1453
2618
7632
4670
4355
552
2391
3491
4840
1027
4174
4987
2115
704
2691
4655
6161
7645
307
7999
3303
2900
6884
7532
3396
7582
4724
1505
6289
1841
194
2562
7774
4804
5773
7588
894
3720
6950
5243
1961
2934
7756
81
5238
3482
4772
6469
2452
3845
4171
858
3995
5311
5262
2695
3264
1064
4322
7593
6505
517
4563
2606
7239
5308
2651
6771
3142
6054
1570
2349
5452
1381
6333
1477
1594
989
1888
2698
5058
5587
7135
6219
4236
1506
3001
2582
6259
8141
3945
4117
6485
6184
2187
5313
180
5738
6032
5380
1566
6240
6567
6807
4068
7011
4780
6719
5906
1110
6628
6835
118
2493
3399
2166
6580
7506
2670
6158
4758
5783
1098
1054
6460
7839
7967
1842
1599
971
3230
1419
4013
1008
4981
5883
7566
7407
330
3525
5306
1378
2230
3441
7944
7958
6082
1967
8090
328
4024
387
141
4837
1999
1066
6465
3056
2757
6075
1611
6867
5195
849
2341
5019
3613
7430
1857
819
5160
4690
7208
2130
6666
4467
5918
7490
4853
91
2155
716
6166
394
7238
3163
2329
3068
2277
7434
2306
7552
3879
2076
2232
4050
2424
6751
6748
7233
7783
142
1899
1415
5142
2892
7970
3351
1554
1612
3145
6413
3824
6833
7766
1010
5484
1563
3395
7676
4051
7672
1244
5029
2316
7408
5077
7771
174
2916
6917
83
8185
3462
4693
598
7033
2567
2426
1044
2940
3559
2169
7682
5159
7182
98
5859
7197
6432
8058
5087
4339
1277
1304
3563
7726
3063
6362
353
4887
3620
4556
2983
4997
2982
2690
963
5757
4240
7098
2868
1034
2021
6486
6103
7427
3362
679
1186
7179
1178
6905
2128
7686
782
1332
219
4124
1276
2113
547
3818
7035
7995
5118
3091
621
3543
7529
3826
2066
4953
2417
2820
1523
7075
6228
3335
4744
2624
1535
4195
4259
3404
2200
7
415
3262
6572
2307
4908
5629
4571
4177
1834
6955
6397
5613
1331
1183
3162
7401
2685
975
7327
2484
6326
6694
5227
3460
4069
2874
8145
3144
8167
2818
6359
7927
5115
7873
5022
1953
2463
5345
864
6494
8127
6579
3097
2829
7905
6527
1727
922
930
5427
4459
7589
1812
7828
639
811
6704
4593
7339
7014
1514
7628
6619
4465
6356
2923
6810
6414
5850
8029
2156
161
6963
7881
1164
6374
6383
5899
4671
6088
5256
8026
2379
7930
2409
4988
3907
3707
2861
1243
4028
3468
1248
5211
690
4603
5813
3731
4183
5635
1131
7577
7640
6575
1312
1321
543
1846
1182
1765
3474
3695
5628
3449
224
551
262
1740
3618
1822
887
6466
5580
3305
1197
5653
4347
5597
1038
3427
8172
3253
2896
6463
4064
1305
3619
3214
3488
5847
7474
6680
3697
7119
7562
49
1470
2168
1974
51
1279
7094
3459
6210
4725
40
7803
537
6135
4049
3042
1889
2505
5768
6384
2885
6443
6484
5399
5234
6768
1619
6290
2942
6167
546
3019
46
6510
5867
4682
5428
6522
2159
1138
5595
6070
3310
4871
6720
5322
2684
4629
4292
4460
3501
1896
6237
8046
3739
1404
3227
7142
1689
1475
6260
5802
231
1789
2476
2450
7806
2514
643
1159
5104
2100
24
3417
7787
7153
246
6722
4446
3181
1824
6101
1874
5980
929
7038
3972
5594
5933
6105
1541
6128
2917
4406
6793
7515
6870
7666
2075
1724
7832
7138
332
4583
6965
613
7974
3657
3803
4487
1921
6139
5043
408
4238
5864
27
1959
3032
6742
1508
4960
2097
1489
7533
4927
6029
7045
3533
5786
5469
1568
6754
5203
3912
7819
1449
5588
4674
3426
5421
373
6613
1745
3228
5083
3526
3621
7528
8133
1366
4648
8103
1799
5327
7790
2050
1928
485
7120
7318
7279
276
1517
5258
5090
6456
1479
1139
3053
5348
5532
5503
2362
3509
318
6724
3708
937
6981
441
1216
2458
6973
2929
6565
3136
3663
3117
4163
8044
3669
5652
2390
3304
8152
1412
1264
4588
5346
3414
7144
567
761
5972
6529
918
4113
7777
2469
2135
4133
1388
6815
5280
5544
2519
3470
4630
2108
4239
8176
5592
5290
924
7325
5725
5153
7476
1289
2703
673
2487
1180
3318
4802
6816
6086
7134
2552
289
6358
757
2204
3628
4343
2664
5572
2053
398
5218
5671
5665
1364
1730
4679
7561
4711
3732
3759
2637
4807
689
5608
7648
4964
3612
2522
65
6236
4378
5504
6123
3301
7269
7695
1553
1645
6788
4775
1700
1910
6638
1358
7677
3649
2185
321
4351
3502
3199
159
7535
7417
7922
8086
996
5865
8110
772
1668
2172
6598
6365
5491
1340
4986
5947
156
5
4701
1301
4735
6269
6760
3193
7714
2300
1991
7315
6005
6773
6490
499
66
2323
2285
2804
2203
4510
4619
3862
3124
6514
3342
5750
5337
4496
2513
1278
5445
6629
3353
5392
4311
86
5216
3390
2441
2554
790
675
6802
6898
1380
3938
4861
434
2154
7740
2389
5505
5943
5255
4257
1226
642
1650
2990
5529
4126
3309
3236
6031
6427
6408
6757
3728
1152
4040
3332
6844
129
6343
2893
2439
6060
3867
5116
5418
886
5055
7851
7360
2915
8021
4624
1625
1169
5293
7544
1376
2303
1725
2870
2433
1143
7755
2921
1528
2744
791
1854
6511
1853
2680
1743
2849
3154
4181
2595
3755
6663
6164
7836
1444
788
7444
4600
1296
7247
4895
2457
4450
6734
5790
6041
4029
431
2636
4562
2704
5643
4729
6233
8129
5759
5779
4989
2216
754
4463
5283
4549
6843
165
6647
7241
4706
2252
166
5710
2474
169
644
5717
4900
697
6046
2935
5074
2913
1089
614
439
7860
3690
53
5332
2678
5548
1432
6363
3892
4515
3421
1413
6079
7785
3777
1664
2586
4714
7973
6521
8162
3660
3875
6461
7812
7399
1793
1903
859
6826
112
5884
3389
3671
7702
4756
3963
2979
5240
5163
4525
5134
5477
5202
1249
7017
5447
1993
1315
555
4577
2839
1045
137
2265
7826
1784
743
6473
2534
5268
5554
1515
1867
8117
3689
1482
4445
6812
8155
2631
6811
7650
2396
6151
8139
2697
1192
2091
7793
8136
1728
2418
8038
591
4039
1623
7439
3643
2805
2402
4952
5226
1124
3985
1127
1760
1325
8092
654
7493
682
1080
2419
335
5937
6208
602
1120
304
1232
7375
8041
3157
823
6024
7165
5662
2515
1753
5089
5570
7910
6483
7293
1292
4248
2280
7458
6878
1879
3764
2087
1339
7257
810
5661
577
1813
6818
2753
191
6421
530
3471
6702
1688
6743
1837
1719
7579
2905
1550
5778
1319
4936
4561
6622
6430
3851
3320
210
1697
607
939
7633
1796
6609
1679
1260
3146
5565
5900
3922
2028
6315
5822
4504
2242
1614
7415
7960
8095
1399
1220
4268
1920
4985
8015
7596
3315
630
5470
4490
1145
285
6033
1575
3024
7130
493
1792
6099
2968
6979
7872
1942
4054
1546
2955
4716
3696
2977
28
6311
6009
7957
647
5954
389
5890
4414
2353
4006
1775
6104
2344
6045
1901
5102
7004
907
2191
1692
4553
5624
5711
1386
1583
3793
4285
4132
3278
6189
7398
2957
232
5561
4909
2372
5832
1609
7753
966
4084
4219
3806
3026
1417
6759
1670
6848
5177
6560
7106
2928
2459
3443
2401
7169
2599
8039
1494
7061
5637
486
857
7345
1211
1338
5411
5004
3733
1509
4550
5076
266
6765
228
3377
6847
2823
7976
1209
302
7862
7027
6584
3499
3821
4537
2964
3492
432
4168
6487
2827
7959
6496
659
3654
832
4546
6749
7834
2883
826
3857
3261
1349
1363
2741
5383
6679
6887
2932
3370
3971
1795
2846
1885
4998
5844
7036
182
745
2570
6244
1913
1987
6258
812
4961
5358
352
1062
5111
5339
4368
7611
991
3384
2039
5685
7906
6715
8125
2105
2275
5640
527
1103
1041
15
152
6297
1214
6805
4974
3997
1342
2852
5512
5777
1058
3151
5298
770
1680
5586
1418
589
7024
277
3698
2726
6337
6653
7319
3787
4501
3487
243
5951
1155
4848
150
4769
7410
4983
6997
3872
1200
5627
5236
3616
5695
5896
7824
1880
1251
5621
1468
2933
1556
1181
5013
4021
1815
6294
3640
8087
7376
3148
3467
6495
1472
6329
5176
7549
1632
7030
5389
35
699
3221
2652
4872
4420
1336
3542
3435
6968
2407
7160
2011
646
7564
1172
7886
5804
4289
265
5341
455
2906
7667
7971
4947
4526
1897
5110
5997
3065
6285
3391
5350
4705
7051
6131
4150
1028
6361
6146
2208
6667
7769
7228
941
6448
5511
1911
3452
7707
1658
6429
3738
4127
8064
6415
4249
3291
923
4245
3293
5440
2789
6295
7660
4258
1766
7150
4369
7603
6091
6027
4364
2759
13
3312
6995
5573
4955
933
2478
2785
2361
2116
7291
2305
6630
3266
3617
2268
7424
2411
1714
4095
2346
2258
8112
1322
7362
2766
1573
3098
2414
905
3852
7661
7112
7136
3593
345
2421
6940
1256
6364
807
7340
1641
4215
5756
2249
3924
90
3904
4387
7043
4314
4227
1939
3631
6459
8126
7861
1210
6664
2049
6424
2475
7202
6596
7623
7802
267
7610
2104
3206
7776
5656
7538
3100
5772
5788
4750
3724
5248
3805
4773
1377
1830
3196
3894
1691
2160
596
7029
2143
7195
7844
25
1687
5126
6059
1480
7332
5016
1615
5654
7968
1421
1446
4948
7918
4042
3903
4535
525
4486
1434
1751
7975
3692
5021
1828
6925
6845
6926
4061
6764
1852
2124
1606
2142
2855
244
3991
7817
7626
3169
1819
773
616
2903
6831
4728
3500
6098
7262
4360
6574
4762
7522
3440
5149
2721
4442
7687
3849
3359
7445
2287
2462
5036
6752
3450
5291
2774
3880
5239
6923
7248
7510
844
926
5409
7583
4498
7396
2029
4818
4009
2175
7942
4441
5454
6204
3465
5222
3175
7349
2961
216
5638
4801
6603
5096
521
4638
4528
7357
6897
5147
7495
1646
7042
5845
1447
4712
2960
6310
3987
1372
3530
3195
5253
775
5128
4263
4020
2454
3215
4521
3683
5530
6635
5371
2356
6257
8119
806
3603
705
3860
2350
3895
7651
888
5369
1218
7348
4405
2898
7316
7846
3781
5496
6556
2136
2466
1246
45
6162
1578
5967
750
1747
4037
1909
8056
5376
1701
50
2437
460
4898
4533
916
3994
5219
917
2834
2093
7871
1604
7601
2667
6692
7497
816
1605
6169
1778
564
5146
2777
1307
3187
233
4731
471
5396
1179
7028
5331
5973
5537
2658
1530
2302
4548
5343
5251
2523
397
6334
3239
7754
186
1353
2173
2746
8175
7403
6959
1537
2259
6305
4375
474
6154
3118
7110
2150
2129
1308
2435
2867
4863
5761
7689
6656
7947
4264
4921
3258
7309
5923
901
3121
3998
2504
529
4202
7712
6220
7201
1877
759
1633
3092
6332
1618
1721
427
2650
6872
5894
3096
2815
7765
4594
364
6491
7951
1562
2376
742
4609
6003
6472
1929
393
4102
3398
1997
2797
5205
947
5663
5183
5849
6551
7479
416
6203
3598
1773
1820
4140
5563
6590
6871
5616
2483
2096
2639
5957
3044
2611
6497
5745
3930
6881
4394
4489
7234
1586
1391
3538
7822
7218
6271
5739
4354
1057
4702
3599
5442
1401
6426
1499
1823
7347
1512
6137
3718
4120
2471
2887
802
8053
2430
7170
7216
703
4813
2408
6949
2205
1938
3216
693
6691
2197
1060
3336
3031
1525
3013
8042
106
764
2811
6303
5564
7395
221
2220
5206
3490
2623
2594
4613
1551
4755
3504
6157
6248
5690
835
2740
1166
2219
271
1373
2781
197
6342
5001
2828
5983
37
5892
5989
4678
3085
1161
623
3202
29
7798
1443
3116
1298
7299
3829
4274
4306
648
4972
7312
556
7725
2416
2453
4281
5233
4844
3615
2657
7876
1992
5915
94
4380
2264
5968
1886
5876
5991
322
1367
6263
7465
109
5713
7251
6291
3480
7021
7175
6573
1690
400
6188
1328
2085
1708
7521
2502
3666
5448
1705
1569
4520
472
2304
5212
1268
6585
6225
7002
1043
1151
1403
4332
4507
5443
3103
5821
7513
4089
536
3284
792
2626
2202
5946
717
3646
4806
2262
814
1855
1998
7040
1895
1831
3575
1925
3475
6595
3746
5413
4278
3816
4516
5117
945
7065
6756
3333
3770
3549
183
4493
5567
7663
5079
4786
1133
6477
6677
2671
3290
569
7992
7565
1408
2656
4143
4838
7381
4885
6869
2018
444
6969
1425
4152
7220
4148
1805
1397
6538
5275
6296
4824
6548
4732
3455
4034
3797
2613
5696
4147
2945
3027
2051
4099
1222
172
1052
4186
8187
3354
3511
378
3709
120
6056
7283
7209
870
4146
7409
2360
3171
808
6571
2231
1695
4508
5606
5467
5590
1037
8045
6746
3111
2980
2727
8191
7049
7377
6732
7047
4715
2559
3352
3442
8113
1649
7369
1270
3361
4376
476
6171
2546
6600
3656
6468
6106
354
3999
5310
8168
3562
1111
7746
3158
3949
360
3004
4237
5754
6038
965
6074
8040
6183
7875
5300
4398
3047
55
5133
2941
1883
4194
7020
1309
4216
2098
1794
4310
3416
3060
5724
6377
7637
5618
5734
972
4859
6267
5882
346
1445
6689
2212
976
4045
2294
3780
5971
2293
7720
3281
7508
4572
1487
7280
796
1587
1318
5114
3150
7001
3254
2761
6531
391
3160
713
1669
6406
5787
5493
4235
818
7917
7277
5464
1055
1673
3962
7324
3405
3479
7097
6996
1543
3245
6176
3083
6087
1666
1638
1427
3825
6911
877
3973
248
4949
2020
114
2972
1597
4968
1207
6292
4654
5453
4103
7854
6435
1144
2512
133
6954
7487
4994
6308
2987
7393
2248
1908
7781
5441
2010
5353
4736
7621
6655
1033
4799
912
5006
5907
3704
222
769
5651
2970
4286
3109
3393
664
4319
3180
3205
2047
7807
3022
212
3139
3638
5259
3521
5523
649
6282
6829
5342
4842
164
3368
7361
7368
2543
3610
3535
7055
1150
2532
5014
6989
135
985
5830
771
3349
6001
5403
840
7664
5506
5669
4699
4188
2715
3112
5410
5431
6726
7114
7432
6409
7050
3634
5752
3213
1968
2693
6018
4447
370
5168
7295
7270
2660
1154
3686
3921
6846
1148
4053
3282
6790
4930
481
7768
7489
2877
6774
5593
6028
7301
651
4269
856
6255
6097
1074
4058
2031
2585
7758
5820
4212
2557
4080
7148
7281
3401
1593
5891
7008
6434
288
7164
8164
2286
6309
6525
511
2460
5294
4723
290
6980
252
4926
1355
7833
4937
4611
7791
5670
5054
909
7006
7127
6958
6201
7827
6007
8158
2573
6306
3059
7924
132
7480
7469
8052
8049
4680
3550
3167
3283
3558
264
3688
4313
7252
751
6348
7613
5872
1836
5122
6654
875
3524
2153
5755
5387
8134
8063
5836
3785
7847
8137
5359
5566
5992
6828
1436
5070
12
7668
4753
7590
1092
4929
6299
5993
3570
6202
7358
7132
5604
7321
7502
6839
1904
2841
4121
5623
1191
1483
4019
6023
2119
1170
3561
936
1534
6988
2769
7853
2041
6268
6136
3204
4774
2215
1106
4284
3647
3360
167
5282
1047
6140
730
7945
6670
4390
2524
2084
7052
7547
239
42
932
1890
2342
2794
4541
5025
2778
4298
4044
7699
3901
3899
6863
2707
69
5438
7441
4222
8138
6952
853
430
2221
3557
970
3324
2832
2836
6561
2279
1228
5577
553
8002
6370
1420
5645
449
2780
5987
2395
3165
1295
4134
202
4792
4382
1677
5870
6371
5333
1394
2875
470
667
7730
1947
1424
337
6035
6346
2884
7314
7236
272
7473
7229
4282
5911
4942
4161
2719
961
3382
4075
3464
3650
2813
5490
3002
7328
5501
2796
5279
8025
1788
874
3217
4101
5097
1079
4543
4743
533
2436
5539
6908
5081
3407
64
2688
6991
1287
3020
6199
6302
256
987
6978
5422
4153
8035
319
1984
880
740
6428
6566
7025
2217
7752
3597
1036
5549
451
2473
7554
681
3523
1051
7227
92
5762
4913
8013
2937
6020
5274
7336
6920
5049
617
7041
41
369
3943
3045
1407
1461
3941
3788
2489
6073
549
3415
3950
1540
5682
2863
6416
5434
4096
5521
5673
4749
2806
2995
2912
4047
4470
4466
3993
4481
2612
189
3791
6675
1516
5444
3422
6536
4538
6218
5612
5481
1647
2485
2901
7171
803
6528
4260
7635
8062
7670
6425
4427
6411
2798
910
6481
2725
193
3473
4620
7054
632
6148
2186
125
32
1759
188
1561
119
3325
2397
6357
1375
7866
7985
5285
2165
3072
496
2583
6132
7913
5064
3909
958
1102
7214
2857
7464
1693
1809
4764
1640
3990
2301
3772
7079
7736
7737
7058
422
5812
1199
1803
6382
507
518
4923
2125
4574
7825
1978
121
4958
1021
4928
1821
7000
6657
1552
5378
6731
1282
1935
6089
4271
36
1816
6625
6212
7993
7342
2048
2233
831
1049
4032
4924
3279
8071
7224
4779
4610
3469
4265
3933
7870
4399
171
7574
4026
1982
2764
1266
4836
241
4719
1344
7816
6475
978
4832
2251
6644
3257
4536
5374
1538
1271
3810
1884
2540
6894
1147
30
5747
3890
2793
2183
7684
2083
2682
1173
2176
7190
48
4187
4295
2989
5942
6934
7594
7848
7413
2717
7062
3358
8183
160
14
6160
4829
3445
1040
7745
7955
3929
4005
2388
5367
3172
7121
908
1149
1317
7840
5760
7072
3937
2517
7018
4162
6976
5393
4383
6251
1729
2410
5742
218
3189
10
590
678
6660
1473
5978
3174
2213
8034
5108
384
7591
1104
6360
7553
3058
7749
7353
7891
5499
2994
5315
5556
4471
1293
2432
5887
6840
3102
3321
554
490
7450
7133
4074
3080
6841
538
7805
5351
4970
2000
7146
2240
3651
5113
1620
2859
52
4646
7313
1588
2730
5620
2701
7300
4919
5415
1684
2888
5023
1533
6993
668
1600
4384
4299
7285
3363
3130
6910
4587
4971
2848
214
4849
6620
4730
7703
7863
1132
6121
67
187
3412
4048
6277
5026
5698
2056
7865
3601
5466
1213
7912
4513
7391
3194
3461
1128
7122
2751
6876
5468
2897
4632
4967
7109
5228
2860
701
2736
348
1755
531
902
4881
1639
3725
6322
1478
6918
1471
1663
1934
1310
1496
501
3496
5017
6951
587
5893
2728
163
503
4812
1522
2465
7200
2373
454
5528
662
7804
4688
4634
5299
2367
7882
5171
6223
5861
1502
2856
291
2090
2938
4320
1832
4675
4138
6350
155
1655
4692
269
203
2319
2032
6984
785
47
3710
5633
4349
2250
6118
7919
1136
1215
3792
2239
299
1811
7984
8008
5037
5770
6227
5797
7681
19
5880
208
6747
1284
1046
1802
6134
7296
6770
6626
3313
5660
2992
3767
4191
6207
281
504
6827
820
4874
6758
1219
4374
2771
1769
3677
7654
6624
2225
279
841
8099
4713
4478
4038
7823
2644
6912
2497
3295
6513
77
1398
4308
5963
5674
833
4880
2330
2959
7764
7988
2535
6345
5366
6852
2752
7680
56
2633
5494
6116
3355
1574
2878
3693
26
7129
3048
4418
6117
78
7902
1865
7272
2507
3366
2479
7418
6400
2092
6200
7614
6191
5148
2641
234
7074
7569
6789
6209
5188
1352
1250
6930
4046
1601
1709
5044
2139
402
1835
5321
3822
7710
5650
2449
1072
3089
2446
1031
6953
4741
4402
5200
3302
6640
7724
6012
4809
4423
6375
1930
3339
3101
4010
3927
6714
7331
1455
6149
3833
7842
2686
426
2747
2854
4204
5545
4142
2043
2713
2574
3327
1198
4761
5498
4879
4808
5207
5578
6717
2062
3956
5266
1323
6822
7669
5949
7897
3244
5952
1288
4097
7189
8184
2879
7511
1400
3545
6062
6597
3700
388
4440
127
1395
5394
3446
4077
5487
198
6866
492
4717
3203
890
5889
2241
7203
206
8054
482
6441
6185
4000
6599
7263
7459
3222
7649
1090
6327
2978
3607
3050
5817
7734
4766
7455
3357
200
4862
2455
6885
2164
6048
610
2111
3714
967
676
7585
5349
6728
7915
7894
1636
5834
5803
259
7830
6115
4337
1844
597
1004
362
184
1631
1311
5858
7496
6616
4413
6122
4565
6143
7223
1409
79
6775
3457
5401
4190
4676
3409
8180
3761
3141
2966
5693
5955
4867
512
6170
2069
6215
6226
988
5042
2008
220
7128
4628
2405
5237
6186
2223
6803
7704
6903
3241
1262
4221
3680
1676
6072
4323
6967
5944
6349
5769
3094
8116
2141
5758
6287
1469
3043
559
1297
479
5960
6110
230
2214
3716
80
5059
7394
3532
5187
6646
7350
2126
1426
5531
3701
2723
6612
5513
5871
508
148
4672
3340
4379
620
2647
1316
2659
7141
7139
3306
5245
6921
6713
6611
5005
5744
1635
4979
3420
1712
196
2403
4652
361
1343
3944
3298
7760
4328
7735
514
5781
2498
20
4081
7716
273
6047
3536
4407
2255
7890
4666
6127
5925
349
5905
5384
3274
570
7636
2653
3378
3790
6557
7715
403
116
2495
2190
3713
817
6380
4439
3596
70
4131
3648
1872
7311
7159
2318
4076
5269
6278
7089
1167
1383
7571
2610
5141
3831
7721
2625
3529
1734
4200
2621
4156
5082
300
6392
3715
254
5873
5828
6205
6420
7926
6388
2133
6928
1495
3077
5910
2257
5047
4695
4155
6312
5825
3250
2526
7883
5617
1020
5585
4243
854
2071
5718
5764
3170
4661
2729
1025
7607
7708
2950
605
684
6049
5406
6405
6562
6144
7451
5244
7137
2036
3923
4910
6172
3218
4060
7411
2584
2058
2847
3273
5424
2486
4297
7472
7719
601
245
6983
4165
4176
5446
7665
7310
839
1314
1699
3033
447
5555
6174
2865
3794
2605
4144
305
3322
5257
3454
7478
2869
7116
498
4145
2742
7889
7751
5748
1602
731
6180
4657
4708
4279
4055
2758
7581
7448
4023
1933
3081
4938
2158
1435
5412
1790
6142
3644
2609
4868
7517
1462
6280
955
7156
5132
334
4554
2681
7070
3330
3190
7914
2380
5152
3546
4943
3337
5436
3294
5519
828
3976
783
8161
7631
2809
97
3046
2107
5581
7499
746
5950
6014
5352
437
7297
4805
7420
6316
1958
7885
2627
88
6854
6498
68
5474
6444
7972
7909
1239
4287
2467
380
7422
7580
5722
5264
1329
315
6163
5062
1416
5609
4210
3967
843
494
2201
3534
5417
4592
7691
6254
4973
107
1351
1833
124
5252
1948
6643
872
1456
4283
4963
3832
5526
7937
3259
3595
4978
5408
4767
5805
446
758
7282
4125
634
4036
418
456
3140
2696
433
2368
830
6057
637
5692
734
778
7010
2151
1013
1065
6321
3481
3974
5855
5729
323
2986
7431
722
5550
3515
6067
2209
7083
5230
1076
6470
5051
18
8150
3367
6283
2184
5407
8170
7813
911
1012
3859
3078
1707
6119
6777
5689
3406
5007
4828
5340
7167
1140
7068
7567
5261
3039
7290
6621
1121
7371
7443
2297
6931
3765
424
1548
3639
4495
5094
3694
4791
5225
7199
2099
1354
6776
2500
1087
3513
6111
1026
7329
6230
2550
5263
4739
452
2581
3627
3132
7140
3842
595
4641
5838
3630
4128
381
2079
5191
4108
153
789
3769
7166
8156
1975
4996
2679
2788
7961
7032
5837
2808
3982
5173
6108
5809
4667
7046
3830
3932
6906
928
6618
5307
5719
7289
7543
6730
2592
8144
959
1871
3088
5715
4991
423
6524
5088
6025
4622
6090
5390
2668
4065
8016
4656
3350
117
6462
2147
1115
154
4586
7221
594
7470
4170
5547
4870
4889
6526
2521
2821
3778
2014
5826
7468
5672
6175
827
7390
2123
428
5699
2899
915
4335
1438
4094
4505
1474
7461
5697
5707
3568
5622
5851
6860
3699
6138
5099
6806
4458
7921
721
3122
5681
4321
3655
181
2322
3871
7225
7638
421
753
5185
3472
7354
5462
3566
604
140
2716
4003
2833
5175
3280
847
656
6120
4266
2503
1870
5295
6478
2976
484
5648
7718
6553
7177
2261
2442
4959
6740
3969
4385
4356
6669
3844
2738
3030
2211
2674
2393
3131
461
7750
4409
2137
3741
8010
5766
885
1006
3541
2814
953
6390
59
4529
5814
2490
1001
8091
4890
548
6712
2004
2918
1962
5824
5297
2274
131
6517
6909
5078
3757
7655
7864
1431
1206
7143
1017
7168
7323
5391
2973
7901
7012
5632
6569
6026
6856
475
5465
8047
655
4317
1019
284
1109
1202
195
7343
435
6447
5302
5123
5193
1083
7113
237
4976
5631
5052
718
1576
6786
3380
4085
5284
7849
4400
6533
586
2384
2288
6755
5843
3556
4748
5372
6081
5335
4330
6216
3246
5868
8097
4649
6729
4539
6125
2551
3940
6987
62
3041
5525
4733
6738
6861
6324
6155
6436
3016
5515
5976
3954
2555
1022
3866
4745
1379
1101
8022
3896
5705
84
458
8109
5709
4627
2602
4882
592
7989
6221
3679
7962
5914
2228
104
3583
3936
6783
4696
3267
6796
1441
4843
4033
2434
8075
6518
2170
5920
8186
7099
8179
3702
7212
2564
7627
6341
366
2310
3234
5139
405
3095
6684
3622
2531
4727
8147
2086
3120
5035
3119
4027
1787
3605
1733
466
8005
1117
5189
7662
6823
6279
1153
2174
2110
448
5510
5502
3347
3219
6795
4737
1654
1544
3691
2226
3908
274
4602
6288
2566
3005
5666
6509
3286
4584
1873
7761
7034
2648
7267
3870
5101
6933
2700
5106
6304
33
2377
4179
5611
5397
4361
8077
5866
584
1134
4119
2357
3662
2830
7056
3834
580
5649
650
4396
1112
2324
6402
7317
2558
5912
3503
2332
1862
2545
4615
4787
1208
3527
1253
6262
6452
2607
1798
7155
1042
8131
3110
298
7346
2400
3055
4814
2549
2363
3011
2171
4341
3166
0
4906
1273
1976
665
215
1564
1850
5167
7609
7923
7539
2622
535
3579
1361
7770
6977
2038
7288
2348
2064
3629
5170
8079
5857
6972
5856
404
7943
7523
1969
327
8148
2273
7356
2314
110
1970
1486
4975
6307
3345
3319
578
3113
8009
333
6407
303
2819
4214
1077
2482
3742
5194
1231
5965
2335
278
884
1731
7213
3837
3138
5483
3134
3159
990
7123
6347
6391
2358
1302
6051
1735
1039
5559
3970
8128
3916
4334
7728
4425
979
8166
6502
128
4391
5312
980
8142
2238
5439
1423
6242
6763
7939
3296
2909
4599
5015
2842
5459
7936
3152
752
5726
1539
882
8076
4412
2743
7344
506
5603
7779
1498
1717
443
1024
3356
7367
7492
695
1545
6986
6608
3210
4015
5691
4386
247
2347
8011
5305
3397
3243
7782
526
3129
7888
5737
1704
3858
5956
4468
2927
1644
829
1715
5895
2563
5981
846
6182
628
4531
4944
4722
3207
3942
4999
6632
3917
3878
619
1465
3730
7304
660
4892
7022
5625
5121
5450
3512
2649
685
1713
2689
1706
2710
1681
1748
3980
3413
6929
85
4980
3514
1989
5687
4196
7400
5901
8135
7780
5913
4114
1598
351
4059
3789
5798
4884
3035
709
3375
3249
5151
7634
6737
2315
71
1628
2946
2451
3576
4444
3809
4511
7180
392
204
6423
4644
6700
4720
7076
6113
3307
4782
1105
5071
3038
143
6010
1876
1777
4668
7679
7911
6016
4030
2178
5601
3771
3992
2042
6177
6446
3316
4931
1579
6243
4342
2246
4995
5204
3510
488
5979
6896
4759
7548
2325
6607
2412
5878
4951
6922
2179
5929
7887
6368
7423
3573
7692
4014
1015
176
1529
1460
5250
6836
7471
7558
4669
579
4778
5150
5683
7713
5898
350
688
633
3270
7731
4231
2222
6159
2971
5165
5402
3497
629
3070
7969
6568
3723
5457
2750
4154
1675
1661
6659
2739
6586
7259
5472
2675
4617
2289
6637
1503
4443
301
4621
478
3863
5326
6298
6234
1629
7111
836
1439
7656
1902
7105
7475
2782
1949
2509
2291
2948
7333
7101
2673
8171
4517
625
3736
2063
5771
1859
6532
5038
2118
5934
5075
5533
1094
8151
409
4597
4659
2816
5012
4043
2067
1979
7979
1085
6809
4691
1374
5018
7507
2017
6066
3483
7306
5819
207
257
4789
889
710
3448
3516
179
2542
7026
6058
3734
4041
6649
2998
2943
4604
469
1464
7258
1410
2931
5356
7789
2292
2005
7015
5388
1485
863
1817
3062
4819
2121
1165
3614
6688
2025
903
7747
561
4141
438
631
3763
1702
3952
7738
2930
5024
6703
6804
8024
8059
560
2706
4639
3544
4469
3706
4373
3768
6474
4031
2692
5917
6589
1758
5793
5712
1299
8115
1613
4957
4797
3953
1175
1261
4523
6668
3883
3835
6401
6040
1275
7608
5067
7530
974
3223
3951
4300
7525
5319
7932
3758
1617
5527
4878
3893
5479
6418
2604
6687
2369
4326
2243
5522
5916
7620
6036
7599
4763
87
1488
7260
7457
6744
2603
5107
5382
1224
7698
7232
4224
5242
794
6605
7115
5471
7124
5210
7808
6707
1385
1135
787
3149
1571
3795
7152
3877
7810
4079
1291
6398
6085
8157
3143
1936
429
6224
3959
2576
1634
3051
2902
2783
7387
6639
7536
4846
4197
4704
5569
4850
1230
6961
3224
7929
2343
5105
3018
7031
4100
997
6419
39
896
2002
1203
1875
4172
7557
593
2858
7527
7322
1768
149
7550
3547
5404
5032
4891
5046
2492
4160
779
7531
2596
7215
8188
468
6947
2095
7307
2101
3343
6055
5655
8018
3430
4579
3127
2392
5922
1450
6554
6479
3766
2791
8154
6037
5568
5179
1966
6250
2954
5619
6721
5733
1107
7449
7172
5314
3184
7082
4180
4324
6507
6779
4933
3147
1752
7938
61
1265
5400
4665
115
6445
4558
4605
4939
2072
737
906
4426
6631
5541
4381
4159
113
1126
7799
7701
762
4273
2822
7118
687
2807
1071
1504
2012
82
2387
4456
1555
1237
4234
943
4512
3838
7835
5338
7242
457
7570
1637
7788
7460
7795
1269
2026
541
2065
3451
5584
1996
1234
4275
927
5852
8190
8003
6281
2309
225
7606
4747
2600
3873
1030
7389
4166
8006
4267
2615
1767
3977
1137
6875
793
365
949
7956
7246
6678
638
6725
4707
4643
1406
3812
2993
2590
2661
2120
2046
4566
6862
1519
7717
3719
5231
5659
2891
4110
102
3633
4293
1667
311
7671
2826
7466
5475
5065
4886
5796
3074
5174
2776
747
7857
495
6013
4206
7763
5215
576
2060
4403
3672
6458
1651
3602
211
3979
5863
1800
3783
4851
6325
4977
5224
4377
3898
5902
7551
2635
2352
2413
1694
5599
692
6798
4104
4288
4424
7359
920
1368
2227
2843
500
4883
5536
7706
1467
5092
2525
795
7615
282
4363
4226
7899
5095
2577
804
797
3076
331
23
459
1806
6369
4990
5646
5639
6825
3271
1580
5217
5386
3784
986
6241
2749
6256
2800
5033
728
1761
4596
7481
2270
6153
6552
4002
1011
2094
6944
7560
5324
175
4781
5301
2245
2180
411
8093
93
951
515
3636
1682
3114
7016
726
756
5840
4372
5735
3082
509
4915
3665
1168
7261
7069
766
4940
7161
6300
379
6318
5169
6739
5221
3756
3606
1847
3123
2282
2792
1129
4686
3317
3855
308
6030
1656
4217
5480
1157
4072
7256
7066
5270
4173
5679
6194
1142
4616
7858
6627
7646
1703
2336
4254
3865
696
6614
5924
4157
5048
6252
1491
5885
5192
3975
5767
4821
4158
5958
8174
7869
419
7852
3231
287
3947
7678
1236
2189
1926
4591
2438
5041
6457
3458
5137
4105
3437
7647
5985
6286
5288
5066
6147
7287
4934
6063
4388
6431
2378
913
390
5354
5881
7965
3369
1827
2803
4415
3494
4371
2709
5703
5741
2614
3918
3681
6372
7604
5271
8085
4721
871
2925
3164
1075
6451
2568
2406
5080
7563
3348
2271
7266
5706
375
2662
6314
7732
2253
3910
2601
5940
727
4962
5166
4218
1365
3804
3625
57
5365
3419
539
368
4822
7987
3402
7893
1241
4395
645
1922
7516
4790
3608
5184
6093
1009
897
2206
8146
6276
5720
3935
6686
4560
2131
4555
5420
7874
5073
5806
2999
4852
4422
1549
3740
3876
7954
1428
4540
7463
824
4073
4835
2144
6539
440
6902
4612
7820
1882
1204
3889
3010
8096
860
5953
545
8153
3847
8118
5086
2181
1881
3623
925
4777
5158
5129
5109
7629
1280
1526
4455
1240
6389
2694
3986
739
7982
1898
2984
6564
7642
1050
1081
7657
558
1330
2236
1188
7292
3225
3703
5984
5370
3288
1772
8143
7595
144
7643
4897
5575
168
2755
4464
566
3105
236
4491
1756
4847
993
3198
4462
6
6772
1116
2988
7412
4718
4740
3338
4798
5775
3572
292
1258
1099
7005
7856
542
4116
7500
5145
3067
5135
8163
483
4954
1986
4903
5429
6352
4916
7173
7090
4920
3571
2835
1981
487
669
3594
3965
4570
3388
879
1035
7653
4746
6915
8020
5591
3444
1923
3478
1616
6273
4653
4700
4783
7185
5930
2947
5209
6450
7503
4346
2034
1814
2182
7392
6623
1481
914
3108
2720
3176
2962
2464
5848
4389
6927
6886
3090
2801
8105
1838
7801
2444
968
1622
7488
7953
2981
1384
6945
4291
5235
4365
5492
6767
3934
2077
2317
2756
2073
5589
7467
6544
6693
6935
3006
4130
2244
4016
2838
4946
4811
1770
2374
1542
5072
1242
3178
1737
6695
5782
2538
1163
6501
4907
7617
7275
6476
1518
1068
96
8060
4614
2910
8130
2958
3850
7541
7504
1584
6914
1652
3729
995
6336
7744
7174
8027
3611
6232
3263
4544
2127
2539
5641
7742
7414
4340
6395
2646
2677
618
4007
6851
6900
6593
2824
3182
6709
7245
2735
1726
5363
7107
6196
510
2589
2638
5273
5552
2088
919
2629
6916
6261
798
1088
4333
5084
4208
5886
1350
7276
572
2963
6877
4522
2556
1937
3861
2956
5423
6541
7605
4494
6197
565
5277
6736
6577
297
7271
3839
7978
4567
2536
4230
2386
6404
7447
4918
973
7494
851
1490
3374
5229
1223
550
3814
5430
4472
4483
3394
7067
5579
3066
5172
6587
7326
4703
4207
5385
3552
2247
3841
1662
3197
7644
7711
1195
7818
4225
4277
2795
1718
2351
5801
6769
3436
1595
724
6879
7903
2511
3928
3012
6179
58
4660
6761
5862
7211
2765
4201
2768
7380
7659
6530
822
7907
3453
5753
1003
1532
3372
3115
6964
4581
2705
7540
465
2148
3128
1452
6534
1511
294
6064
7624
4803
2953
339
357
6800
6393
6682
3658
4738
7690
3881
2711
4726
6386
5395
1627
732
6681
6213
7019
3645
3269
2177
7388
1839
4417
940
3434
6750
2359
3456
3403
8124
7518
1746
6899
43
3567
2862
2880
1390
3939
8012
7534
3238
7859
7222
4182
320
5100
2276
4301
7188
6819
5000
1864
1360
6842
3727
4568
4752
6882
258
2712
8033
3735
4247
4193
5050
7794
3685
7786
3667
6708
6723
5020
1063
8070
5362
2102
5728
253
3311
3774
5982
4071
6367
7709
199
1560
6578
2663
8101
2477
226
4917
6834
2890
372
1007
1577
7641
1254
2745
5190
341
2748
2078
3676
7149
6467
5286
4559
3925
4636
3429
6855
1678
8107
5375
3604
729
4771
1108
4438
1476
6570
7520
6558
6543
205
4532
3156
3506
4585
5031
6853
3565
6889
4742
5034
5329
1900
1603
270
190
6970
5357
1741
2779
3438
2734
5485
3040
8088
6492
528
5009
1119
2470
6676
4932
1029
6454
4663
2773
1742
2763
6563
6293
4001
977
7162
7154
1123
7374
1927
4011
4294
7673
6173
7104
5028
6330
4754
3581
4421
317
4457
6211
7060
4358
1327
3314
6253
2754
2770
255
4066
658
8055
4580
599
4502
2003
5201
268
1672
1994
5328
6181
1160
5582
5921
6489
3211
3057
44
5874
2045
534
7946
3508
2
414
5478
16
3192
1130
7131
5994
3292
1114
3574
962
4950
7454
6039
7484
624
1757
130
944
1187
6936
4359
146
6727
6581
2331
3632
7775
4894
1845
3381
5600
6971
7100
4658
1122
5974
2311
4086
2198
7178
7977
374
585
7023
227
2044
7821
1916
6141
7308
6000
5463
4022
7194
3659
6615
5516
7440
6366
2922
1
7542
5138
1738
6265
7514
145
8100
4826
653
170
1797
263
1592
6168
11
2218
5708
3411
1458
7063
4189
4367
7578
6591
6985
2886
524
2580
2327
1954
3106
6710
4474
611
4410
6850
7925
238
3914
2040
2199
1463
1915
5927
3815
6690
7373
7658
8072
1176
3054
491
5823
1711
7037
7406
5740
6403
3064
7748
3015
7192
7404
4135
4684
178
4453
401
6837
7366
1932
4751
3674
5112
5136
6617
6094
5667
7892
6893
3200
3052
5267
4795
5990
1492
4631
8082
7757
5540
7379
105
6078
6438
6249
5841
663
4448
3073
502
3897
6865
1674
1720
5846
6152
2501
6753
5181
5437
2057
2616
1283
3864
4647
1894
4503
8037
7723
4689
5602
711
3836
5553
8051
6537
6214
6901
1500
2872
2284
5518
4316
2665
2162
7274
1014
4434
7003
626
1624
1878
821
2399
1396
251
5749
5361
6065
6523
1971
3484
4855
4608
1294
1931
671
652
3023
2951
3553
4575
1466
5860
2702
4303
6696
4864
5514
7217
3323
2149
6594
5664
1716
2944
7586
1764
6504
344
2122
1196
5162
3447
8074
4111
7378
5936
4623
3477
1184
7602
5272
3915
7426
571
2059
2328
6004
5069
3854
5103
4626
4078
5877
3185
1023
5765
8061
1459
6442
6718
4896
6150
4164
1096
738
1002
6353
101
6455
6437
588
5334
8173
8066
3432
445
5746
5869
7278
1848
1955
2561
969
4662
2006
4123
376
1590
4083
7084
7895
5495
3365
192
5948
1660
2790
5634
4966
2714
3712
1856
7512
2666
4681
5027
4485
6222
8165
7983
6891
2733
4428
89
7526
2837
6998
3762
7462
3079
5723
1559
3968
4325
5344
383
6381
6821
2229
1536
2873
2817
7383
904
4107
1943
6355
325
523
5517
3137
4606
4497
8057
2365
7868
3385
7675
2936
2825
6008
7639
7555
5941
7950
3664
6857
7073
201
895
2112
1082
6733
7994
4392
7696
2207
5045
2333
123
2326
4911
8089
5208
3981
4576
5935
5961
5576
72
7949
4839
3425
3009
7453
861
6698
4205
4607
6892
1227
5704
4244
6247
5323
2617
6284
4070
2640
1808
2907
7880
6512
2234
2496
3268
5476
5792
5774
3008
869
3486
4784
6938
5610
3418
7330
7772
6102
2132
7337
6794
1493
2974
5535
2881
1858
1059
4139
2967
3996
4178
6275
2425
5131
805
1345
575
5605
513
1589
217
5289
4545
3252
4366
1801
2022
7273
755
2023
6588
3948
