5186
1260
720
6459
6815
8170
1133
4811
7433
2813
7680
6709
2410
5962
7032
2290
2051
5618
4590
1235
1440
1242
1127
3368
2317
2849
4002
3048
4040
3430
336
7158
5289
2
6858
7227
55
7156
2689
6951
4316
4943
3909
5364
840
3926
7590
1106
3049
2652
4546
4064
2293
3574
7264
1204
6668
4036
1856
5920
4457
194
2445
6474
5864
3502
3890
5136
2258
5775
5965
4130
1153
2761
6432
6864
7887
1030
395
2679
850
7769
6171
4608
3858
6223
4093
5470
426
7243
3554
2344
5784
1324
6388
4459
3329
8178
2647
4472
4614
5941
1435
2959
7226
6228
339
1215
700
7249
6519
7871
518
7203
7375
216
3230
1789
52
3190
4393
2729
4795
2502
2572
1794
7305
7756
354
2741
4700
8027
2919
6045
6093
3111
6691
2505
3553
2549
6117
7552
2965
5246
4111
5056
7654
1792
722
6994
656
8179
3312
1701
172
2185
2631
4144
2122
8003
7785
5846
3385
3650
3083
5310
1539
1032
7499
1831
4976
5493
2687
6192
3738
3440
5151
1533
631
2343
552
7239
5885
4248
6947
7677
4595
317
2145
3076
2886
3412
2565
5419
455
4212
6236
1515
2522
6227
3656
5250
2362
5480
6120
4113
1010
4538
458
4599
866
4233
6561
5362
8175
1715
8010
1057
6566
996
1325
1843
1703
1458
678
37
718
6935
733
727
3033
910
5635
6750
1693
7223
1150
2578
5252
4462
761
5379
7712
7635
4405
3835
6919
6705
6348
3948
4920
4284
236
3586
4569
3808
7300
3739
6472
5408
2167
660
5137
1332
2171
7548
843
4461
888
6770
390
2999
5267
278
4208
2232
14
3363
1466
1735
1169
1303
5630
212
7570
6321
8177
4328
658
5062
4054
2758
6456
453
2244
5279
3220
7242
5485
3729
4397
3556
6133
4375
5163
731
5697
217
299
6995
923
30
2200
2088
6406
1093
1340
4647
937
2929
7475
2590
5038
4429
7326
6782
7169
1586
6003
2978
3333
51
4440
4835
2981
3695
68
2195
2614
4101
6350
1521
5621
6136
8113
6809
8076
3589
7767
1775
1112
6726
5923
5928
570
1141
5695
7748
6232
740
3682
1536
6727
870
4801
3640
2416
1310
5631
118
5454
4996
3512
8053
5984
822
1041
2086
1796
7893
4170
8189
128
443
7166
1954
5662
5229
3973
6564
3107
4810
2047
2837
7320
5375
1867
1878
3886
3817
4925
2791
7679
1749
5628
5057
6801
1723
3834
1991
2384
5412
1997
2111
4367
5228
5190
4533
24
1877
7366
7167
6390
5245
3827
4285
4791
2609
4029
3219
4078
915
7847
5944
5561
5822
3268
338
3061
509
6869
7146
378
7877
4741
3027
5895
5462
4576
6535
4454
450
2684
2031
3521
6115
1661
5616
3157
978
100
7964
1137
3340
388
7319
5783
7099
1842
7037
5724
6376
7333
1438
5079
5092
4930
2024
4445
6425
2099
7362
1273
7959
3723
3431
3878
5838
3883
2186
6381
141
1279
7367
2869
3609
3406
1487
3011
7055
3687
2848
6377
337
1854
970
238
2592
2587
8152
4998
3595
6544
6147
1591
6365
1157
986
5715
1911
3072
1348
898
974
5743
6594
4033
7508
3155
5709
2198
5863
4731
5605
2499
2889
6567
2292
5120
4175
3572
1782
7622
5360
5522
4740
4327
6891
7048
5502
4428
7935
7400
6287
3783
5632
1901
6307
3131
5748
1511
7995
7553
4127
7928
6982
2482
1589
2994
3712
5357
2634
5552
1555
7753
7038
5433
8138
4785
3486
8073
4901
5063
1225
713
5067
6978
1287
6392
2043
1230
247
3499
6532
4104
2915
6664
5466
2980
7954
5438
7321
647
799
5339
4025
5046
3235
2899
4980
2713
1209
7179
4225
7602
2081
4238
1996
743
2406
7993
7915
2326
7519
2234
6087
6553
1998
5959
2625
2247
280
5317
6776
5335
1611
6971
5990
298
1827
1099
1390
7498
2135
6286
5460
2902
6748
5714
3645
4790
1824
4852
4301
4686
5501
5865
4528
7150
6235
987
1767
7114
710
4958
1609
738
6054
7228
7931
750
703
229
7006
7081
1519
437
241
672
6607
548
971
1124
3263
6875
5307
1117
2075
2661
3401
6667
5555
81
2022
1302
1182
2005
1733
275
5773
7514
5240
3002
5670
7828
3338
7674
6134
2388
5764
1509
5867
1316
7307
2579
2108
7460
1109
6591
6018
142
3188
1734
7971
3622
4161
5845
3880
1495
5761
1562
1218
7941
3073
6302
2541
2059
3140
976
1719
2683
6970
7860
2721
4713
4361
1787
7057
6494
5183
3819
6658
2934
7369
7316
1346
210
5116
6590
935
5111
569
5207
1422
8066
1640
6764
1286
1935
4693
1695
5645
1724
2239
3000
164
6784
3678
3124
3370
1751
5769
363
1397
834
3560
5964
3017
2486
7612
5222
3317
2038
2458
6058
7531
4628
7668
5191
5177
7093
6186
779
991
724
5717
8125
1628
6998
4302
312
1863
6665
5992
3176
2755
6572
6802
5592
2327
7337
3871
6160
5706
2898
6957
4351
3971
7781
8002
1069
7974
5113
3918
425
676
2665
3441
1012
3693
3345
2256
1257
4560
1226
4007
404
3205
64
4687
7599
1013
254
7961
6165
1726
6486
4404
5623
7132
2253
1431
6315
6831
709
5686
4305
3844
1606
7588
7386
3391
6440
1468
6108
6692
3976
4648
794
4206
5099
5566
245
2364
1345
4441
3557
7549
6744
7352
2768
632
2469
3146
7295
3280
4630
6426
3396
7633
502
1905
2104
2557
6980
1817
682
1410
1968
6052
1125
6187
2121
677
3722
2841
1055
7715
3701
2449
5906
3416
5010
7619
2736
486
7958
6694
812
3647
3826
3885
7112
6893
5104
5453
6932
6818
7027
7665
7591
7004
2450
2347
574
195
6873
3708
6008
3952
7636
6446
2259
1187
6648
3789
3234
1118
1162
2453
2192
592
5915
6977
1428
4057
6771
5496
6299
4288
2716
482
1472
1692
1072
4371
8118
1471
6516
6429
3103
6144
2843
3516
4588
2073
4358
3946
7862
8090
5421
4398
3436
2659
5203
3114
495
3603
5296
6222
4224
2427
4031
1588
2279
403
4364
6175
3207
7178
4530
4983
188
5550
2474
2221
2094
629
2174
292
5663
6168
3346
253
5809
1156
1791
8143
1489
3464
752
7624
3380
5071
4878
7909
7854
271
6411
5586
2225
3065
7842
6514
1449
3091
7422
3778
3129
7180
2637
5537
7765
3118
4353
7131
1578
6877
6551
2939
900
5253
5938
7353
2431
5029
5951
2694
7886
4255
8017
4661
251
7438
3865
3367
1798
6005
1737
3504
5554
5907
5771
5281
6067
1375
1872
753
6543
5751
5187
3112
7398
2395
1349
4650
2830
6520
3699
3869
1747
3201
4644
3191
8130
6540
8005
4822
4597
1108
2552
961
967
5969
879
635
3662
4828
3932
6685
2680
6949
335
7461
1103
3987
218
5324
7513
2829
8035
244
6463
2992
5530
6470
1801
7541
2878
5213
5170
6226
2316
7298
7174
1530
3552
1765
1875
1455
7891
3269
4842
6720
3211
5812
4934
5055
781
1460
1908
2077
5423
2842
771
5585
4195
7425
2643
1439
5873
1558
374
5391
1001
5201
1344
4857
5331
7538
1537
5260
5447
4917
1649
5051
8071
2967
6934
3254
8145
7910
796
5836
4788
6772
2510
3813
7810
4346
2928
5900
6845
5411
3806
4028
3167
922
4489
3113
6735
1418
5118
3237
1808
2296
4981
4578
7334
6373
2576
6138
4799
1994
4304
6344
3634
5967
1870
7486
5442
1274
2921
1852
2314
2418
6835
5432
2862
7139
806
358
7349
459
4942
7523
6512
4329
7381
6027
2358
3740
6914
3057
4794
7879
6598
7729
5785
158
3704
975
42
334
4306
5188
2512
2496
787
5085
7125
6861
4085
1391
4547
5712
4993
2584
7149
582
6799
2266
7734
1320
3519
3320
6814
428
5031
765
3621
6208
3969
2622
1667
3384
6909
3296
149
242
3960
3580
3077
5477
3493
1629
2134
2824
3199
6729
4519
4668
6728
4872
1172
1540
6082
286
7817
3681
6846
3250
3487
3852
4918
5993
6206
50
7010
469
8158
2803
777
6401
7832
6062
6690
32
2655
7704
4829
5148
7639
7851
1425
5040
6098
1436
7991
5276
237
6863
2311
3749
4230
6394
1826
1903
6053
5184
41
367
7030
3482
6626
198
1527
2428
4262
3951
6761
3229
5897
2188
8093
1285
1816
1143
6851
7611
5121
26
6424
2359
3627
667
2455
1943
3144
3215
8009
6341
7848
6382
7883
7485
4468
7903
7872
5850
1207
3660
2041
3956
7589
4094
3450
3644
6641
3158
4455
4798
2719
5977
2526
1408
2515
1237
471
8157
1532
7358
5129
1161
5383
2905
6026
664
1266
473
481
86
2309
5551
7747
6100
4176
7176
5823
4541
4900
1918
3239
746
4849
1377
1643
4378
7607
5023
1556
156
5958
6234
8154
2131
263
744
3688
3710
5613
3902
5911
3349
1774
6581
3545
4408
617
4146
3168
7953
6481
4754
2742
8085
6139
5957
7845
7390
5780
8014
5945
5459
2020
6865
5370
3174
7286
106
3585
5545
4335
3590
7792
4552
6943
3336
6711
707
3058
2911
4592
3838
3150
4524
185
3435
7609
1858
2381
4970
5072
7663
808
8000
817
6693
6485
8055
2394
3069
1023
621
2799
352
7801
2001
2010
4869
2235
549
2136
6019
5297
726
5395
1323
6427
1699
1725
4955
6061
4287
6330
7404
1366
5639
5955
6833
17
644
5175
3054
7500
5918
3626
3788
6734
871
4577
790
7711
5039
1413
6402
2302
5088
4319
7025
4855
4967
591
6077
7287
1557
770
7147
1191
2036
2393
5504
7713
1721
2913
2589
3648
730
3485
3448
7683
4153
3203
1666
7892
5882
319
2064
6179
1656
4549
6597
4692
7088
452
4782
7688
5847
5526
8162
7282
7492
3427
6123
4137
7175
6847
4904
5742
7544
7850
4412
2300
3933
905
1720
7733
533
5162
6892
4748
2461
2802
283
1120
2076
4160
2906
5601
70
2836
6680
7532
1836
6713
7951
7864
6097
3633
4096
4728
5431
4269
950
2083
7618
8142
7115
5236
3094
5152
3884
2696
2148
7925
2863
4463
1452
1351
1071
277
5707
6464
741
2459
1923
5241
3584
6991
5567
3847
4765
4582
7876
2040
8041
4623
689
5515
116
3857
4252
3900
3040
3275
755
7368
8063
6710
593
4722
3652
2523
2835
5373
7090
911
848
6926
3260
3101
7610
3292
5156
5794
7207
5303
2695
2770
4019
2042
3298
2204
584
2484
232
7725
1134
835
2141
1844
7297
4204
321
3833
6033
6277
5257
6084
4497
4839
1802
2202
6945
4310
6806
1384
1876
7079
331
187
1142
2639
4283
8038
6393
2438
4786
599
5730
913
150
6937
5160
7342
3187
578
306
5026
7056
424
708
7490
6276
2236
407
3983
1961
2636
1277
125
7017
2411
4067
4268
3139
6202
400
929
1718
316
5857
4946
6958
3541
4631
1201
4923
8132
3763
2872
1481
2601
7757
1497
1766
7052
999
2305
7849
2119
7399
4027
4485
7621
2015
2151
3923
4467
7672
2493
2323
3544
4260
109
3523
3705
8153
7889
1587
2463
2182
4941
4665
5688
4399
3422
2970
5381
4711
54
7794
3816
3999
2345
2692
3226
821
4191
77
4416
5333
2662
7405
6090
6527
2437
1781
893
2457
5332
7447
5935
4876
7978
5402
5980
1615
6351
1258
6418
2332
2516
3247
6603
6789
23
7075
5100
653
1948
7829
6015
6316
1577
8112
1370
1474
5077
4851
1598
4174
6080
1646
7345
3085
6975
6885
4553
6908
7983
5519
6585
345
2399
3304
523
6343
3045
3185
7686
2060
7462
4107
4767
5974
2832
1247
4105
7853
5732
3483
5811
7834
3714
7076
4120
72
3794
5231
2233
412
7650
3851
544
2322
393
134
5452
2676
3496
545
767
2883
5315
863
5112
1543
7562
2098
1851
6871
3904
170
6475
284
3754
2231
5488
3601
5844
6968
7755
1595
1163
6279
4024
6712
567
2986
8116
4178
6085
2214
5330
4434
1228
5150
6193
3828
1088
25
6741
3984
2762
2109
7580
1639
1572
3454
5416
7250
5428
7595
1830
5271
1939
6689
396
5338
490
6804
4389
2447
314
7856
2937
4218
7992
7972
4258
3793
6898
2222
1123
2654
6498
431
3424
8019
3765
1534
6384
4972
3770
5365
6451
34
6490
4443
2777
4643
1160
3376
3055
6902
1683
6197
1893
4166
8147
8176
186
4131
4550
6311
8067
4600
4626
8119
7506
4384
1031
4147
981
3968
8120
5224
222
7987
3165
1659
3360
2485
7014
7963
6148
1883
5075
7684
2409
2982
7436
6986
951
73
5930
7926
7873
6323
7920
5131
3383
4189
2851
692
809
7740
4169
6538
4387
7428
3721
4780
1004
5534
2539
199
3877
6414
330
5050
1925
5420
8092
4388
6347
3611
4809
7412
4725
701
3513
6663
4915
2046
2284
6492
5874
6336
5500
8180
6785
4508
8037
1037
6332
5052
1728
2711
7437
2895
6918
6405
8124
858
21
3911
5033
1512
5173
3823
7095
7087
4492
2030
1979
411
5595
2348
2864
7191
1973
6288
5352
6493
7426
5209
1115
1077
5468
4132
6751
8080
3233
3105
7301
1542
5723
318
1232
3374
7911
1002
4223
4331
4616
3571
7382
4427
6439
4703
7283
6595
6925
323
855
3463
6642
3313
877
6182
1812
7634
6337
5914
7304
5123
5182
7546
5972
7153
2102
7060
5862
836
5950
1045
7994
1398
4420
4135
5221
5835
1906
392
3850
1083
2115
7947
133
148
5012
851
3542
7019
2697
3957
1357
7350
7574
5354
6306
7046
3179
6862
3281
3056
6314
6563
716
2153
2787
728
3719
4678
3141
5902
5981
4982
2594
1860
6870
6805
1510
2397
1469
5999
7643
3535
3455
6956
4180
4152
556
7388
6403
1459
8068
7219
1353
5852
3364
939
4743
3257
8086
3515
3666
7874
3251
7070
3447
7308
5904
206
7268
6589
2804
2173
903
7496
15
7444
616
998
7912
7255
6511
5334
1632
4194
1429
916
380
3696
6301
8095
8172
5274
4447
3748
2820
846
1895
627
7660
5337
5268
7238
526
3145
6636
3064
7306
5991
3243
2731
6992
9
542
8094
5646
798
5557
5345
7335
1206
6007
6294
7737
7528
3241
3559
5005
3528
418
3829
6979
1769
1584
7165
406
3801
4607
4963
1067
7253
1000
7311
5644
2257
1173
2128
6606
6525
2793
7969
108
4570
8048
8099
1177
1897
5756
7252
2833
7914
5398
3497
1526
1385
88
4065
2454
1036
5961
8034
3893
7569
227
1716
3810
5043
5509
4368
2818
7685
372
3848
956
619
5721
2120
87
2260
4556
7666
5640
3921
4580
4203
1178
5641
93
5596
3271
3461
5122
5158
5708
4815
5295
1697
5127
604
3548
5781
4155
772
2726
5660
7799
3444
5637
3326
7387
1288
7445
7123
1195
2241
4348
4936
2100
7247
1671
6413
5763
4300
6730
1879
3052
5048
489
1499
1318
1271
2776
7325
7205
5541
3757
5869
6677
3630
107
3018
33
1524
4653
7646
1949
6569
7708
6012
6040
49
6268
3021
3606
5218
3854
5629
6399
6124
6504
6404
3342
4261
3935
4396
6293
1144
7299
6476
2593
5210
4914
3773
2116
5523
5376
4823
1907
4660
1541
7600
7900
2775
4517
5018
3433
4789
1119
6106
4043
4432
157
5762
4871
579
3325
6767
3939
6521
5839
5155
3351
7419
7481
1780
6210
4282
7151
7177
1360
1951
3530
7443
3994
5027
2875
3646
5937
1938
6037
4023
6813
7354
214
3518
8082
4322
6969
3081
5565
3950
2329
4944
221
7968
2084
503
5492
1085
165
6025
1404
6022
3050
177
6249
110
7535
4624
6174
2993
3811
1866
7689
8081
4293
7029
8146
138
1448
4058
3152
5461
3805
6273
670
6997
6274
3283
7119
4072
3698
1566
7104
6116
1849
1336
1297
3354
3421
1582
702
5912
6442
103
3753
5926
2948
4087
273
1129
5211
1432
1729
4016
4999
5435
5009
537
844
1868
6312
7943
630
1645
651
4103
3426
3629
8150
3594
6468
1871
936
7491
7866
4986
6570
308
2401
4571
2991
3255
4768
2307
2600
4526
2737
7293
7497
7097
304
5064
2413
436
4171
2414
1753
3772
6999
1009
4256
5940
3972
804
3
946
5986
6987
6250
234
39
4994
4437
4042
5521
7061
97
838
4512
8021
4732
3876
7401
5916
2715
1024
5960
4985
4438
4059
3159
1698
3042
2370
3743
1035
5314
2230
4317
1811
6946
3458
1881
2301
6345
1862
7657
5725
6769
7722
5726
1280
7572
6190
3988
6349
4515
2177
2019
2069
6882
7372
202
4012
7884
3752
1081
6686
1359
5995
764
1444
4263
506
4502
2955
5256
435
6010
5770
1712
66
225
714
446
2714
1635
5004
773
6036
1633
7547
624
5611
737
1990
7244
2795
1705
3761
675
4215
6763
2291
2336
7517
2218
3733
1986
973
3095
595
6920
2026
6717
982
3194
417
1333
2630
5591
5690
4897
5648
1623
7379
1265
6320
3945
1176
4486
2199
6055
5849
3991
5269
4697
122
8072
5666
3169
441
6066
4354
6896
2677
3377
884
1393
5167
1929
535
3570
5597
6209
1839
1253
7465
3949
6860
6479
1312
3462
1545
7111
6929
7967
1746
1835
920
7234
5559
360
1358
4598
5361
6681
5848
4892
7917
111
4337
5149
2488
4359
5738
6640
5194
3841
1355
3451
405
7121
3538
485
5126
4991
1600
766
646
8156
3979
3104
1685
3732
7521
2096
3344
29
4621
6834
3525
5403
7172
5701
3901
3522
3514
6095
7184
2744
5661
4339
3160
786
6023
5924
7202
7870
3307
6412
2588
6016
4504
6386
5197
1985
7231
4021
8182
124
6428
2738
4659
1760
1476
397
167
8105
6176
562
7458
6630
1809
3041
7597
1395
104
6810
6739
7616
444
5598
6635
7554
2150
4377
3074
5942
3025
4286
3323
1517
2786
213
691
3702
2646
5047
290
2025
6060
3602
4670
4554
3845
6700
5401
1211
7837
1779
2517
4629
2055
2825
6868
4714
6048
1915
3628
2176
1239
3469
3832
5636
8026
1086
3164
5059
8047
4151
6029
2900
6674
5729
35
3443
2368
4928
6837
4548
6218
7493
2666
1874
3533
7036
3639
4572
4773
2205
1080
6760
1980
1291
5795
3874
1234
1403
2507
3507
5925
5041
1970
6396
2460
1553
1797
997
4739
2527
1748
355
6013
6041
8107
3941
1175
6552
6886
6194
4877
2159
99
6676
6950
2511
1407
6880
3775
7530
7539
5584
364
4935
5553
2376
2201
6495
6369
1770
7949
7457
7561
5021
6275
5810
3726
6111
7563
7008
891
3742
2784
6300
5096
5888
6697
2074
4865
6534
6039
5378
447
6261
40
5837
6586
6632
572
7152
5255
3043
576
7324
5054
2303
3007
3795
859
3618
6537
4009
2163
7939
5140
8028
6823
6201
2904
4154
3919
3284
3567
7605
938
1757
968
5682
5301
1132
1350
2349
1070
208
1964
2378
862
7109
76
8169
1368
3555
3417
7069
4422
1486
7857
6265
6049
2513
860
2000
774
6574
5664
7116
3703
4413
5657
5581
2365
8084
550
6417
5385
1152
4565
4125
1744
6480
4142
169
6812
6158
3125
246
5791
4190
4951
4119
7944
6465
4409
1267
2078
7875
959
2718
4500
7641
5329
6355
6462
114
4956
5816
394
4912
2839
3099
2641
4099
7292
6714
1309
5458
4477
7086
6755
528
4480
7212
7904
7984
4055
2575
7356
8184
2206
2774
2216
3413
5086
5997
6354
554
7989
4483
3133
5691
4594
1568
1942
7735
5135
3306
7389
3248
559
3679
1624
2624
5829
990
6897
5094
7026
3244
1047
7934
1647
4749
4242
13
6217
5300
963
1590
1672
3195
8029
4228
4762
2227
7545
3036
2531
8122
8115
6004
3214
6819
7579
2540
717
6400
5476
3990
65
3986
7315
5312
2653
8060
2852
8033
8069
3916
2288
7763
2707
57
2407
4679
5681
6723
2701
4503
6827
3060
4905
3892
289
3177
2103
4909
6119
758
698
5456
1752
5014
2535
4646
3510
1677
4334
6548
6322
7627
3184
4423
1174
688
4383
4696
2675
5952
3924
6609
1653
3291
1405
7237
4381
129
2644
4564
3608
4403
8083
4380
2796
7551
7188
3132
6099
1821
3310
4220
6955
2669
371
4496
876
4318
1426
2139
6884
5292
7783
2495
1887
3108
6073
1114
792
5568
2251
7676
5675
778
4603
1488
747
3642
6866
1855
8106
4272
3066
6513
7078
4133
520
3334
8008
159
1402
944
6068
6560
1229
2892
4736
1131
4433
2877
2331
2931
563
2351
1416
6262
2995
3495
95
3592
5490
6433
2740
5286
2556
1089
4082
3135
6496
5786
1196
4826
5796
6795
7377
7897
6965
3769
6017
6718
151
5633
712
451
5760
1778
4987
3079
1190
4426
4514
265
5110
4465
1111
842
4859
547
4401
5318
3799
3032
3669
2699
5169
6688
2703
4988
2187
5939
1651
3707
5232
6933
2823
5144
4931
7429
5138
5883
6738
7059
7162
3853
3044
719
2771
6559
7094
7110
1930
5115
8133
4850
6780
2389
184
5892
3573
7310
6128
5622
2014
6657
6808
1694
4830
6024
3386
307
2282
4632
2306
3161
5674
2137
2017
7073
6659
725
6430
6043
416
7811
4695
603
1420
4020
7168
1993
6673
3511
2710
1061
4567
3604
4539
2548
6794
5350
8155
2443
984
2423
4688
7260
8127
6684
3490
2070
4674
2382
5098
2118
1203
8040
7416
3961
5180
3944
268
3670
1642
1608
1983
7878
4150
7141
751
739
5032
5377
5814
5745
2664
3821
7217
2728
1668
4034
4360
6816
2648
3459
1048
4977
2354
789
7258
2582
6221
6118
7328
3273
5754
2213
5404
1322
5817
22
4201
5081
1583
4290
2764
2248
5932
6367
6907
464
7843
6145
7224
2029
7229
7678
5803
3866
370
6605
402
6416
5472
1263
7035
2596
2756
1689
5802
6500
4895
6140
5672
4366
7190
2271
2138
2890
3724
5778
7996
7453
596
1832
1853
2542
687
7583
3274
448
7471
1145
7945
8159
1963
2369
3537
3379
2056
5560
5531
3470
5217
2891
3366
4817
6539
6251
594
262
4488
2554
5535
4338
230
1922
2090
6035
7705
957
5782
3171
1364
5235
7560
7638
2621
4673
4706
5731
7598
7899
2400
4063
2954
1248
7540
4192
7023
4861
4041
2353
6185
1016
4669
5737
1650
538
2663
449
2688
3543
615
7479
3224
211
1704
8186
4110
204
2876
5868
2780
5380
5573
7727
4764
1307
5478
3162
2845
6398
7976
6112
7456
3471
5529
4605
6457
1900
6793
7930
2277
1074
6627
807
4699
557
4321
7536
832
4635
5284
7495
5011
439
7565
1146
2765
7257
1570
748
7135
8049
551
6502
7063
5825
1068
8089
1301
7746
1513
565
4330
2602
5102
5192
861
2821
2143
94
5216
5418
6219
1490
7859
5200
5414
2543
282
5692
6132
6242
4984
5609
4694
1783
5741
6075
904
640
349
6639
1847
235
1937
4325
6530
8013
2492
3929
1776
5287
3767
2638
4069
180
5105
7313
1457
6778
8190
2436
5765
5392
1520
3764
4750
3302
3667
1128
7245
1210
5302
7417
7476
8045
4062
4561
650
1529
5652
4774
1485
4841
4259
327
4038
5436
1334
1343
4761
4239
2595
3277
540
4
2702
2962
6374
2190
4303
947
6611
5298
2419
801
2766
3509
3090
5982
4102
908
1822
2338
7200
7161
2866
2944
7628
2739
6900
3931
7140
4604
2926
2996
8126
8148
3686
4979
7222
2061
59
6224
1617
6114
4542
4281
1192
6431
1596
4525
5358
2642
224
6887
4050
4390
1547
4231
2412
5917
7687
6195
3685
3267
16
6328
5344
2476
4658
1261
6653
8110
4052
921
2352
6269
5346
7793
7003
7469
7071
3620
190
2645
440
6954
6722
2949
3582
6849
5087
1392
3675
4870
2932
7127
6283
3332
3868
3068
7000
3674
328
5243
7160
1100
7185
4574
7482
3800
3655
6707
3860
4200
1290
7557
6445
4606
634
2470
353
1738
2152
6508
6701
1354
5482
7066
6820
7671
3341
5325
3791
5082
5643
5348
3676
4672
7273
7332
4864
279
7662
1730
3196
1957
4966
4701
7281
5755
3087
137
2071
4534
2085
3429
7376
2189
7173
2357
962
4973
7505
5905
5673
7211
6329
6389
2208
203
1378
6721
8102
1627
2471
5549
4015
6783
1904
6736
2520
5019
7454
7092
1742
5987
5820
2704
3402
909
5853
1654
6828
143
6076
8077
5422
2396
2894
5949
6361
5424
2743
6696
2733
7103
4910
6895
1708
4617
7582
7136
527
1560
1202
652
4866
7824
6619
5824
662
3756
4518
2831
4275
992
1758
2798
3466
5583
5119
5744
5473
1680
5407
4733
4211
3039
7771
6295
5886
3409
3691
6359
4257
7593
1095
5713
368
1275
4095
4995
4460
6631
3599
5226
3110
601
174
4663
3216
325
1282
5283
5078
5001
3798
5166
4392
7809
4922
4657
3020
3305
162
6842
8061
6921
2581
4715
4555
4971
376
1840
524
7651
2569
2822
4566
3812
6596
3954
1813
3212
8123
1658
7427
5444
4927
5185
1785
2805
1193
5208
3289
6220
8079
121
6366
8108
8128
1321
1713
2693
3148
7905
3540
7440
942
2781
4162
2123
5202
3804
4143
2555
4415
7789
4612
6743
4844
5603
7556
5359
2363
3311
3415
2568
7163
3488
8064
4234
5176
6633
7719
3947
2958
3361
1442
4837
5828
504
4267
2479
6420
6246
5799
3607
7923
1754
4997
8004
1026
7341
6434
2016
3531
6264
2158
1168
7750
3575
2509
2011
6435
4638
924
4929
5532
6478
6089
6821
5767
2087
3197
4425
8100
4568
614
329
1969
5060
7645
3837
5607
7573
1976
4298
1717
6901
5804
887
3136
5514
2660
3352
5247
589
2172
2752
2315
2819
1284
3728
5034
2262
2547
4185
827
3781
4008
6961
1525
3210
3992
4309
4297
92
558
3600
1406
7271
5642
823
1636
7529
2562
4532
7435
3872
7932
5667
3089
3123
2165
2215
1437
6191
7786
7881
2398
4181
1679
2885
11
5469
200
4307
2421
8051
462
768
2789
7189
1361
2566
5464
2390
1604
7263
3231
4858
2808
5788
1186
2483
1342
5007
4017
519
5711
3353
732
1461
4115
422
6298
6547
7768
734
3206
144
5896
7357
7267
3807
4770
6419
7024
5840
5842
7196
5145
7999
5483
3735
966
889
7868
7631
7082
5700
7432
2132
6679
1415
4186
6944
1308
993
4048
7936
2858
810
6102
7186
182
8121
2815
6254
5704
5053
4045
350
6874
7558
7766
2403
1412
7533
96
4475
4091
6562
6853
7464
4627
5956
2717
6832
1740
2514
7145
4244
4167
3193
5308
5394
1833
7285
3314
2324
928
1956
2874
6747
4755
1051
3760
3258
637
6107
1386
7888
5556
7710
7371
2979
4939
5588
1700
6444
1551
3684
7102
7065
7852
2467
6613
1616
5746
5841
5146
1886
2238
1389
5074
1185
7347
4671
7077
3480
3583
2168
2757
1262
1620
1327
5073
3859
6172
4717
1027
2880
7317
3839
7979
4690
5319
2901
2286
8131
6924
4836
101
1491
4198
1593
342
6953
6237
2032
3227
666
5451
7604
3348
4729
2207
4885
8042
6423
5827
2914
332
3889
1594
7329
3623
571
3467
7723
4209
6156
5614
3746
7085
1788
6000
754
517
80
1250
3038
4214
3218
2571
479
2209
5264
6163
853
7064
3127
171
5877
6258
6889
7418
8161
5542
6695
6070
6038
626
7108
7033
6289
2924
4772
3015
4961
3790
1535
8134
4182
274
1339
4493
117
8044
6162
830
673
6031
8016
1005
6151
4357
7798
6637
7775
2249
6385
3534
2246
3439
7210
864
2498
3870
2658
7259
5124
7021
3442
4954
1803
2613
6941
705
3942
7346
1799
1214
3075
5575
5238
7895
2114
1335
4721
6110
4312
1927
4086
5805
3777
4264
6109
6550
4347
7637
3028
1898
2790
4899
7816
3654
1880
1828
902
6028
7581
686
5225
5265
5988
1664
3796
2422
4634
7421
3279
5172
6803
261
5465
6841
5382
5910
3612
2530
933
313
6984
7587
2573
6121
6555
297
1087
7759
6421
4315
6976
6047
1987
1793
3265
5505
6356
484
154
1140
4386
5258
423
373
2223
1470
7290
7472
697
2273
3494
3242
5879
7107
4510
4179
833
6798
127
6573
4516
2881
7804
2814
6244
820
7221
454
4959
408
4100
1058
1396
2161
7642
5196
638
6473
1807
4874
5089
8075
5617
7655
2287
7522
6753
2372
4753
7550
7584
6634
1381
3809
5320
3610
6703
4274
3411
3937
3966
4796
3465
6309
994
665
6904
3285
5578
3142
5702
3709
1463
7555
5919
215
4756
6545
2377
4544
8031
2089
2371
6672
4349
729
4825
430
1164
7921
546
7138
4884
5220
4746
6825
1166
3321
5627
7714
7072
3673
2133
1147
1231
6378
4213
291
514
3500
1614
4559
1409
7669
6057
3474
4945
7338
4391
3744
5341
8136
5507
5248
1565
6549
6290
6353
4965
3001
6601
5270
1296
6930
2812
252
3843
3053
6438
6899
8054
6781
7774
6656
2183
6064
1756
8057
8030
4887
1634
2462
4490
4452
2855
2861
7882
880
847
1371
5323
711
2908
4336
4709
475
2280
4324
6651
7894
4797
6460
3093
3390
5000
1564
5080
2754
7504
4783
5214
5728
1305
152
4117
6600
67
5095
369
7913
1669
6948
2580
7415
2361
4613
7749
1315
5467
7068
6252
7468
597
1394
6284
1891
5772
5068
4083
1298
4662
3253
4226
890
3643
3238
6167
6867
2157
6183
1427
3985
3200
4273
6759
1762
2691
6141
5683
6791
4136
5084
2494
7929
7896
1800
1573
3109
6706
5351
4369
6471
1304
4077
2577
1104
2424
1702
1451
463
2164
7235
1049
1199
3716
3925
1270
6257
5620
1136
5871
6796
196
7266
3180
825
3771
4964
5703
3138
5699
6447
7374
5693
1073
240
2897
3476
1484
4491
2446
6280
507
6687
6169
1464
3012
988
5634
6541
4299
1626
782
5753
6469
6731
6074
6646
7922
2671
3071
4005
4197
7721
7802
693
4363
6230
3149
2063
6181
3766
6245
6578
6391
5259
2923
433
2321
4683
2772
3842
1299
1971
2656
6198
2503
3613
36
7985
3588
145
3831
6737
5903
1834
123
45
7865
3587
5610
7044
112
7960
6931
1264
600
2027
4652
7518
1254
2127
5548
2529
7777
1417
5669
5499
3276
1630
1655
7614
4474
1550
497
8046
294
2759
7144
4862
6207
6441
7975
2392
824
2682
2007
5025
7054
1955
2746
3562
568
5002
4365
466
1936
885
4291
209
6071
4163
2608
3477
7807
8022
2342
5042
5503
3331
2564
2082
2657
7322
4344
826
5638
3635
3970
2951
2367
3959
7800
4620
3252
7736
2487
6608
7601
6716
324
7050
429
1857
795
2464
5587
1450
6030
5244
3315
3867
5017
1314
2425
4969
1882
8065
4838
4149
7220
6922
1514
2709
487
287
6292
5262
4562
5206
6985
1063
2551
3154
2909
3651
1289
415
3958
3335
2439
2097
2217
7192
5891
4752
6774
6996
456
3358
8052
2117
657
7318
1101
3137
5313
7778
2983
5854
3997
2328
6363
474
949
3246
7697
4681
3029
5808
2178
4520
3975
6775
4589
6409
2681
4847
536
3408
5437
2375
3189
98
7731
5735
2245
1170
3432
5975
301
3955
2023
8111
2607
7363
3373
6021
43
606
3316
5036
3120
1989
8015
6243
5807
1850
4813
2966
5983
6923
6387
409
6263
610
7821
3577
5439
4362
5913
6582
6528
1155
3063
4352
1952
1387
1962
7950
803
6940
4411
5929
2101
1369
7754
6213
1613
4350
5798
3232
1932
2179
4439
4079
4246
2068
3993
7232
7100
3782
2806
715
762
4183
5133
2489
5474
7515
897
1233
4414
1619
6001
6127
587
1890
5316
1473
7360
438
2270
5159
4138
2674
288
4522
1506
3981
1631
1220
197
7615
153
5405
1825
914
4333
7395
906
2146
5058
5
2668
4219
2947
3037
1548
3907
7815
2312
2957
3070
7448
2950
356
3846
1622
8050
220
1078
3887
333
5366
2847
3894
6072
1687
7067
2093
74
3339
2278
5996
2785
7745
3245
6177
3264
1819
671
7938
1988
6375
2708
1329
7986
4610
643
4049
4265
2570
2706
1518
1741
4326
1861
5291
7667
4724
8183
4863
7542
2800
7441
5328
869
895
5290
249
2888
1673
1722
2441
6357
1148
5489
5299
4747
6436
6773
6576
2651
3221
2490
4640
3505
4531
588
1492
960
3668
189
131
1764
5687
7489
553
4026
2838
2468
7512
7473
5008
6565
5139
6839
4543
7576
7732
918
140
6483
5716
5544
4129
5989
5445
4187
1820
5143
7118
5655
7373
3550
6981
4487
5387
7826
6792
5558
8097
2350
1079
5520
7693
5787
2160
6811
6556
2528
2203
4642
3977
618
2013
1493
3106
1421
2685
3151
1674
4004
1241
2850
4575
6256
1934
3982
4940
2035
7001
1017
3337
3913
5832
5866
1772
839
7096
6746
4551
4222
3818
6916
7042
3473
6362
756
5204
2629
5363
6963
4075
2426
7171
1508
5815
7143
2856
8036
4667
5978
2021
5015
6501
2053
478
1383
5028
3423
7201
3492
5003
5543
6371
6817
511
4883
3520
1947
44
7062
6621
6879
2788
3308
1090
6754
7658
5922
7503
6297
7041
2817
886
4691
7407
1567
6990
613
3873
6046
6199
3967
5792
4633
2615
532
7833
5254
1419
4704
7956
4314
7466
3927
934
4873
5626
669
932
2072
4894
5321
7836
5826
7396
1443
3350
6638
831
7501
5973
442
3299
6358
3357
2938
6533
6993
5525
7898
6644
4625
5189
3322
8058
7312
2124
2760
4076
3897
2452
1992
7233
3663
7452
7625
6983
5872
6936
3479
5130
3615
2481
7797
7880
3578
467
4689
5893
4205
6152
4611
7383
6214
3365
3449
896
1745
7596
5425
5806
5367
2532
7698
611
7
623
1034
7716
6829
146
193
2686
5263
1019
1810
7344
5305
4698
1122
1454
6554
2113
5894
4898
7831
7527
7423
6303
841
5147
3940
4276
1021
7827
120
7507
5491
3261
4053
882
5061
2242
1219
4601
3484
7629
1711
266
6448
4831
8096
5282
2583
175
4968
6588
2194
530
695
7384
721
5280
2936
5165
3980
3375
3414
3128
7274
2797
940
6910
2724
5049
3755
4816
6787
391
1612
2616
7020
6615
3008
6153
3117
7241
2335
3737
4812
1977
2767
5656
5843
6334
5790
2175
5448
5696
6652
7455
6522
5604
7126
7728
3978
2930
4061
605
5193
493
5890
7924
3324
5168
27
3581
3912
5457
1678
3024
3327
5417
1180
3445
2935
6654
2725
6966
7779
4609
2193
4173
4827
6078
2048
6020
6855
2346
3718
2295
5677
1151
1294
4046
7284
531
7128
6917
3183
5818
4374
5427
4853
6449
1011
4000
5510
2298
6850
1094
1456
7818
3009
6503
1755
7091
4947
4924
4451
2237
4933
6571
2092
5356
4802
2169
5251
6454
4080
75
1928
3003
2339
5347
7084
7130
2635
1043
3637
4708
5563
4047
6042
2826
3240
3182
7269
1213
3762
3617
7420
1184
2091
1804
6840
4478
6967
7586
6105
5103
867
1709
2275
5946
6159
4602
969
3879
1341
2402
4649
3388
4229
4636
2501
5336
1889
917
1944
3198
7724
2373
7592
602
2801
813
7225
4908
4039
1763
3399
5446
4424
419
5406
4355
2129
1502
5779
2065
4891
2963
5117
2062
1696
5861
7780
7840
5288
7803
4682
6616
952
2975
2333
6178
5733
4716
7277
1165
7011
2110
4579
6248
2816
7408
6515
723
736
1919
5876
6096
2420
6974
1569
3915
6531
2961
6282
4760
4313
6878
4221
1238
2974
4766
7272
5016
7236
3004
7962
6584
461
6364
4950
5141
90
1814
6278
4458
583
6587
1376
3222
3294
4779
1483
1084
8039
7451
4705
6338
4193
7187
5776
7537
6756
5440
6455
5571
6661
1999
4126
4071
4235
6942
7016
581
6372
3910
1815
857
3202
7516
784
5546
1365
6762
7359
5720
5615
1411
6650
381
7005
5326
5518
1135
5659
6859
1660
2997
4084
3864
680
4637
5020
5599
5083
270
4395
5658
4090
648
3181
2603
995
1607
7483
1382
1574
5349
7074
5540
5547
1522
6239
8011
3456
1731
4060
126
6253
119
6125
4505
7270
3822
3005
7823
3400
7885
4886
3597
1974
2433
983
1025
281
5971
1217
6271
2473
2700
8
231
5013
645
7170
683
2545
4444
7142
7965
4270
3856
3713
6678
4118
5070
4498
2769
4618
7278
6137
6649
7738
2320
1154
60
7890
878
1864
3288
1648
239
3086
7120
6342
1065
1337
366
5498
3403
3895
6331
5734
3446
1602
930
5752
3489
2606
2990
5580
2210
775
2940
2698
387
6407
6200
2998
6173
4172
4587
135
1205
5076
178
2984
4806
6296
4476
1107
5069
2871
3404
2477
1967
4196
7623
2417
1467
3881
1682
5430
5266
250
7406
6313
3437
1966
6881
4278
5901
1064
3779
6938
5647
1869
783
555
1940
1102
7648
7474
3023
4581
954
1563
865
6443
2623
1130
1082
6360
7948
414
4340
1676
1251
1516
3372
5953
6857
7585
1007
4593
5443
105
2903
6903
264
2112
163
3928
6091
4507
3407
7839
47
7380
2220
3568
815
3677
2559
3209
4247
1149
872
639
3147
6610
3882
2972
7370
468
7159
7478
6317
3359
856
38
2405
3420
5205
7730
1576
892
3706
1601
4323
598
1447
7355
5878
2925
7348
500
6267
4068
6304
3802
2620
472
4591
5093
5689
4402
2374
3405
5497
2810
1625
6339
1113
5966
5590
4254
7784
3664
7617
4989
2018
5322
3593
309
5651
5450
7197
8020
4793
6157
3899
3382
2846
800
4787
7133
2585
3815
6704
522
4974
4832
6915
6912
1690
3491
2546
3614
1227
2281
7199
3579
7918
2066
5513
3362
3319
84
3591
7213
7053
2252
1859
6092
7289
3565
2865
5527
6557
1771
3905
4854
5413
6894
4615
6698
6625
3468
3558
2563
1736
7031
5831
1252
4879
2834
4720
7649
5576
3290
4558
1293
2184
1075
4676
384
7480
4586
5125
4156
3625
5065
4821
3551
3503
233
4881
2052
7764
5612
5233
5705
7047
1953
7566
543
7844
2525
8098
276
6643
5985
1236
3917
7790
7742
1098
4808
4919
1899
483
5199
6766
7230
776
6536
3936
3532
4003
5859
4473
7080
2385
6422
3343
1549
476
5538
8012
1652
1750
1504
681
4140
742
2550
1216
7603
1003
5931
4499
3697
811
2285
2250
977
4332
4345
362
5539
5909
1319
4237
2478
3084
5602
7183
3576
3051
690
828
694
8167
6655
4781
181
1362
6270
320
7751
7477
6166
7744
3903
3175
6059
3797
4484
6352
2442
2910
4450
7502
2971
6592
7256
7644
2533
7043
5409
4456
7351
1848
2429
6122
7808
102
2155
7664
5736
2747
6484
4232
3478
2283
3453
5304
6843
4719
2989
6437
814
7124
5481
3126
2945
5564
6319
4735
4926
5309
322
1014
1761
3347
6733
432
7509
2472
1621
3134
5353
5569
7323
4011
8171
7018
259
3564
4978
4536
4249
7534
4373
7653
6305
2782
1950
3047
5727
5797
383
508
2690
3700
7906
2154
8006
4902
6852
139
4763
2920
4250
2732
7577
5511
3030
560
6575
7695
7510
5372
7990
745
6507
3711
5397
7682
4469
1268
6671
3228
4479
1865
2604
5234
1920
7216
6617
5463
1916
115
8188
5434
4006
1784
5740
5855
2263
7966
4089
6241
28
1189
5524
3330
6742
2591
3840
4744
83
1479
4654
2149
130
7022
6844
3178
69
2933
2943
1790
5506
3010
6669
4818
3262
7982
7980
654
5768
1498
607
1059
2004
1328
1015
7157
4202
7526
8062
3506
6790
1139
5766
7122
3605
7154
3481
7204
8070
1544
1575
7040
6051
1732
1430
385
5390
4938
3249
1053
5277
8059
4066
1091
5676
837
6675
3100
1018
7806
3659
4114
1272
7830
2156
5821
4726
4506
3619
1446
3387
5388
6131
6623
4446
7013
4784
3156
1042
3692
4243
3824
4584
6272
1197
2879
7106
4435
1240
5374
6905
7706
3561
5719
2264
1909
1910
3734
3861
1056
5793
539
5860
3166
5508
4124
7397
2605
2391
5574
6368
4199
410
5219
4407
48
7463
3213
912
3774
5884
1500
3286
513
3082
2006
4771
6101
5371
2313
6154
7215
7265
6497
6196
2039
1926
6758
3270
6499
2953
7782
5242
7002
2977
1414
7578
5654
6466
4280
8166
6779
1462
1424
2432
6683
310
4372
3745
3080
4379
2297
62
4470
1331
1249
7776
7520
4537
3256
3566
7336
1838
3963
4442
7393
3355
7805
2304
2896
2673
2340
2050
2917
7977
6149
2360
6786
6063
3906
6856
1829
5516
3727
2037
2969
7015
8135
6453
7867
649
7927
3539
5750
3690
315
7681
4216
1921
3747
5108
6838
3855
3527
46
875
7559
4466
7998
6960
8109
2500
2219
525
6629
4148
2310
6142
5342
5624
1959
6143
4860
6988
3943
5858
3031
3914
2870
341
1292
8103
3062
4037
7656
4092
1244
2147
1367
2497
6056
5908
2261
3508
3953
501
248
6325
7340
3293
56
2276
1933
760
1171
5132
357
926
4903
260
2002
625
6081
2730
4948
3780
3130
7303
6546
1212
6749
3750
1585
1892
759
6225
5954
5970
1795
679
1480
2144
4164
659
3820
2191
2985
534
7758
899
1546
953
3598
4907
5994
4370
7288
1995
1060
7819
6488
3863
8018
2956
7940
2628
3731
6660
7902
223
2561
6807
4889
4820
6620
1675
6745
7488
6579
1433
4846
4495
6517
6491
7703
3272
82
2162
515
2434
802
2867
4436
1538
494
7630
6180
2166
1978
7302
3996
6170
4868
2827
6014
1283
7524
4188
2750
3730
6410
5396
7640
696
6622
5577
3122
4320
4030
6890
4277
3438
2466
6069
326
7391
1092
1399
941
5593
5747
6927
4236
2632
5694
5998
6797
18
3680
6489
5619
3457
1038
2080
5212
6482
4217
1039
285
1278
4742
3875
7113
0
183
5536
3301
7812
685
2255
2560
5665
5976
470
256
7700
1388
8151
3725
6523
4168
3529
5142
4481
4957
3694
6065
7761
4430
7195
4975
2976
1029
1259
7105
749
3920
7901
3938
6580
3526
5022
6104
4266
883
4710
3016
2778
1374
964
1401
6324
5223
2960
945
4641
7039
6708
3019
5625
7661
2448
1208
207
4421
2619
1873
2807
1138
3186
3776
3563
5153
4356
7431
1503
5948
6161
5066
5487
6079
566
8164
4406
6318
641
4279
2712
1605
7820
8104
1902
4134
6467
7762
6184
3143
3098
2610
1096
1223
3891
5475
6006
5813
4805
4294
6505
5471
8174
6281
1644
3657
5830
6583
972
3803
4464
1313
4145
5340
1159
3717
269
5851
6205
1183
2941
6800
5582
6972
132
5649
1255
1686
5181
3163
1179
7364
8001
192
7632
5479
529
5749
1706
1105
1246
2475
1221
791
344
91
1
4535
2783
2228
6647
6452
1912
3369
2727
6083
2611
168
7155
901
389
516
668
3786
5698
5562
1768
5400
3689
8181
3428
5834
1188
4311
5517
6155
401
7251
7620
3393
5943
3736
7194
3998
1982
590
2779
3751
3989
7718
6255
5801
1256
4385
1960
1531
6529
7673
2884
4769
4342
7134
2942
2212
1670
8140
3830
4585
7787
5285
7701
4210
2922
6719
305
7248
7770
6335
2618
1681
4419
4141
2518
4207
71
2142
243
4937
6291
2912
5947
20
521
4098
4960
1592
5171
2386
1453
1972
4932
763
6768
2853
3965
4177
4875
4545
7089
4227
5774
6212
160
4289
8117
881
3092
6216
1597
79
4540
6370
2508
7691
1665
3785
2356
7494
12
6765
2857
1523
166
3452
6458
4583
1269
2265
3419
3787
4651
7276
6518
633
5399
4523
7343
5608
7919
7339
1641
2355
386
58
5045
2197
5327
5239
1924
7410
1373
2705
1739
3170
85
7246
7861
4165
7314
6126
6086
7814
3259
6524
2882
505
4807
541
4751
3498
2105
7659
2180
1326
1363
4776
586
1281
6962
1496
3425
2598
7855
1885
3434
201
4707
5589
5963
499
3318
3097
2763
4888
6604
7709
4251
3116
421
2506
7846
948
6824
2567
2054
4341
8191
2224
5800
78
8078
2792
5273
3300
5215
7446
6050
5426
1917
3758
4018
1561
2366
7511
1603
6233
7279
1167
6
7012
2444
1946
2435
3653
797
1579
4509
7606
561
706
7916
874
4824
4890
6964
4253
3649
3282
3410
1338
3908
6380
3862
3974
1759
6740
1110
2330
6477
5107
6989
5650
2226
5722
4916
6506
2745
4675
3524
580
4619
5179
4573
5091
6238
7743
3930
7254
6568
5106
8165
7148
2269
5386
8173
10
6231
3632
2504
5355
894
6150
2415
2640
4622
6044
7137
7049
7034
4139
1400
3596
1941
1066
985
2229
7957
6848
3204
2809
3192
6558
5570
4596
136
7970
3328
5758
3672
480
4014
375
4734
3661
989
2299
5174
4680
5533
6614
3397
7331
2318
5455
3962
6397
6450
