1978
2219
679
879
6746
7276
5737
5725
1646
454
6155
7941
2002
6184
2588
3873
426
2838
821
7874
7907
3532
2316
1379
1376
7515
3181
4195
3296
5611
4552
3289
5172
6298
5073
73
3230
5492
6234
4379
4408
8008
2292
4126
2573
5210
799
6818
7966
110
7969
2088
815
412
2778
3705
1530
2918
3698
5246
6158
1218
773
7277
5852
6946
6081
4788
203
1065
3175
1139
1200
5101
3089
5583
199
5683
6365
1039
3503
4011
3605
950
6490
1135
369
706
4580
5950
6402
2869
1715
2288
624
2746
7294
4567
6358
6113
7145
3386
8136
4006
2595
6430
1752
6017
5705
669
8094
1967
4135
5806
948
5507
2629
43
1810
6626
261
7218
4441
6052
3467
2551
6392
1406
7766
2421
7449
5329
5094
7995
4378
2048
2685
4948
5194
8025
6212
7688
1970
4719
7757
4234
2051
3785
1439
7432
7197
8150
7267
6590
2539
2912
4309
4264
8004
5953
5730
3839
3119
844
5184
4530
6553
2368
1345
1321
3263
5040
6148
482
1287
1347
5670
6130
1883
3153
3944
124
2526
8069
4824
1644
3445
4454
7780
7727
7209
4284
960
7027
6572
2621
5959
3646
440
816
5431
655
663
1177
5870
1220
8092
5815
5309
3182
3056
90
2908
294
425
3237
4383
1768
1102
4684
5348
2325
5597
5544
7542
3884
4751
4396
4107
1711
5189
1046
5468
4056
4507
7575
2479
982
2461
3898
4817
3941
7558
5935
2067
5010
7450
1731
96
3793
3035
910
5147
866
6723
4868
6034
2453
4242
5603
1475
2656
3183
2873
5799
5568
3033
1225
1292
6015
2989
4559
3432
1742
7229
1044
4239
778
805
7261
985
6893
2496
1860
2898
320
2841
3277
5541
2147
148
3144
992
1043
2072
5680
2229
6126
3141
6379
4620
2193
6311
6433
516
5411
114
6283
4133
6476
4313
1344
4084
4411
378
3552
3498
1368
3195
1117
4471
2278
7523
1769
4838
6750
2218
6787
1897
3166
2925
2990
5736
1713
6397
6656
7840
3541
7273
459
2679
7702
4316
4968
3103
6028
4015
6111
1661
391
4341
4666
3224
441
4258
6031
587
579
1919
5412
65
2835
160
545
3997
5703
2531
5900
4503
5454
5742
4139
4113
4969
7282
57
6662
4926
7023
1249
3653
4236
6693
3434
6471
205
2732
2041
3444
7341
3778
3684
766
1174
4490
3774
6249
6023
5394
349
1999
7493
413
3488
3805
332
5352
7746
4857
1528
1355
968
3926
1517
5044
4542
6009
510
7827
3428
7820
6707
801
7213
7068
5042
3592
609
4359
1491
497
227
433
5441
5539
5647
2669
422
3494
4715
800
5579
7033
8084
548
6482
7587
4457
2384
632
1184
5897
7770
4391
7438
1872
2194
6304
6928
3611
3392
5575
3824
6442
5901
8033
1276
6075
3877
1115
1499
6523
3636
3234
4650
7641
1595
1546
8031
2207
2718
5056
4227
1197
134
771
7183
7758
3895
2996
1146
5769
929
938
2512
980
2256
8147
3321
5902
6771
4473
7696
6881
10
4058
76
4758
1606
2724
3126
4987
4458
2619
1820
4997
3205
4419
2413
6953
6743
3032
4384
6061
3908
4991
1650
6448
3549
2972
7018
4106
1588
6937
3661
5294
5287
615
5296
6615
4398
3473
6372
4784
4845
2772
2414
3652
1876
5955
5241
453
5775
2507
5804
4314
121
529
3695
2737
4961
6271
4248
1944
5228
6569
6829
5242
753
4375
6714
5831
4914
4870
6373
6394
5947
5632
2224
3207
6168
1315
6001
6145
104
665
6776
280
8036
3187
68
6715
3586
7142
7003
485
2464
1924
193
4371
3418
4397
1832
1938
6748
5087
1990
5626
7692
2266
4220
5326
818
7372
6798
3399
4644
7565
6047
2181
1278
4294
3801
5731
6604
793
7797
1647
3760
315
7714
8032
4183
4674
20
738
975
835
2170
7554
2697
424
3425
111
6623
6269
6259
7831
1261
5008
2922
3559
1718
939
7337
1851
6494
3342
1587
4090
6657
719
2196
4103
598
6366
6528
705
2012
3116
861
5212
6583
6162
756
7559
3864
115
1374
5131
7041
1155
4127
1082
5570
8135
3118
5893
5766
3239
8081
4785
3110
1827
2687
4114
3718
5697
7054
2646
419
6774
6950
3887
6970
2130
6744
5161
5413
5566
5940
4614
4216
442
1498
7843
5127
1438
744
129
3313
5302
4442
3931
2700
328
4627
7092
1
3768
6779
3474
1618
7642
2743
3078
6233
7216
6597
7477
7869
5755
7206
5847
5303
6588
614
4699
5248
5323
4978
1396
2886
5183
1193
859
7979
2440
3104
3846
8188
1982
7025
2649
6128
4154
71
4832
1923
5753
6161
1330
5201
3421
7775
795
1567
6512
2467
6063
3101
5783
3855
74
7231
4191
1427
1915
4243
5857
6964
3517
4160
229
6976
6479
1452
7295
5767
1609
4254
2277
641
4194
130
3453
3090
7340
5179
1393
5696
6331
4161
5211
2833
3989
6384
7929
5017
2029
245
6734
6008
4315
305
44
824
3374
6405
352
2107
2204
4629
262
3256
4499
4756
5605
3575
4249
3683
5324
5256
4749
6958
7307
337
4901
2053
2334
1977
2859
6369
6154
7618
5805
8171
3064
577
759
3574
6109
4008
5
7609
6225
3599
7470
5813
430
2270
1991
3953
6076
5476
6905
1657
8186
3804
4322
5691
1589
7861
7591
2307
6353
662
7324
1958
5814
3288
568
6807
4119
517
5226
7389
2572
5930
1685
7959
6903
4842
4830
7088
1091
5644
7905
8046
4568
2154
5822
6737
5836
4783
2152
6085
6412
7138
1205
8055
6762
5614
7745
7570
7904
3019
5112
3007
1785
6980
7832
185
7991
6274
8132
1192
2564
7118
4241
6116
4137
5462
5319
3266
1067
2449
2447
5359
7141
2350
2565
2889
167
999
123
1401
7517
1593
6237
5978
4591
660
2647
95
7166
1207
2636
867
2924
3622
473
6341
3809
7368
2201
6245
5745
7125
3217
1009
3219
7602
651
5190
7238
4727
7014
4558
8117
4534
3170
2070
6610
414
2214
7193
5946
7094
1503
3171
6960
3310
6764
409
1145
1132
3588
6721
7120
1256
461
3389
2369
831
1796
6395
4026
6901
5773
3604
5385
5781
4587
3889
974
3671
1927
3373
464
5913
4742
4506
6899
4923
2326
5356
389
2343
5089
3909
1645
7935
1384
3742
3423
6359
1576
4392
7371
5866
206
2979
1508
7230
829
1229
4221
2662
6694
5130
5798
5395
2617
4433
8080
6378
6533
2309
5401
98
2089
4753
6196
2240
1962
269
4964
5143
4356
3841
6347
6957
5331
4072
3994
2571
8029
1166
7557
1486
1215
4218
4616
3741
5035
5195
4487
2802
7153
4493
7855
4528
1263
4095
7516
650
5637
6445
7381
7501
4300
5005
2235
3696
6963
6108
3121
3312
787
3441
4815
8142
5746
8158
118
1417
3708
5199
7299
3154
1463
2882
3455
8044
4810
4632
4867
7785
7491
5414
5484
6527
6191
309
4222
3146
7830
4596
1511
2173
7873
4355
7878
751
6230
7506
987
712
3655
3460
120
7177
4575
3397
3629
5405
3317
7400
6783
2984
5343
4289
951
2566
6099
6635
1212
4889
5861
1781
2744
4648
2667
7944
7326
7787
4130
1669
2015
2519
4109
7356
898
7644
3367
914
7154
7245
5724
4297
6575
7930
4884
7405
5698
2638
7090
4377
4913
1137
4701
4446
7681
6982
512
7409
6216
836
7351
3634
271
7768
7375
8060
5881
6999
6584
585
1548
1537
35
979
1910
4669
6697
3957
3651
330
5092
7724
4064
2658
3398
3947
363
822
5178
1760
783
7172
5380
5244
1083
6096
3047
1964
5954
8119
4645
2016
6223
2632
2425
4639
5763
2137
3242
4253
7369
377
3703
4051
7151
2868
1480
1203
1110
5494
7965
2389
4800
5564
1727
5091
6291
2169
2510
6880
282
1603
3567
3271
4159
5103
7451
1630
1332
991
6661
19
1563
1073
2756
4360
698
2888
1259
1124
1047
4866
2773
6337
290
5585
6986
3807
4875
7882
4338
6385
7239
5816
873
7761
1311
5676
2426
3747
4517
1492
1607
5149
3600
41
6265
2232
3131
2836
7274
5060
3258
2340
5171
5846
3250
3545
2973
2419
5700
7419
7871
1581
2471
1266
7373
622
3038
3510
8144
571
7837
8178
2576
4985
6018
6816
83
6473
7854
7504
2386
3057
7744
1109
7625
4347
253
6534
1138
4308
4388
1149
7815
3800
7900
2233
3027
5655
2674
7300
4365
1794
7114
3211
1186
2157
5168
3011
709
3081
1795
4279
3359
7669
1470
4761
208
2054
5674
595
7401
1223
248
825
5673
3577
5310
6256
3436
3151
5102
5475
1753
2498
5791
6243
5086
530
3755
2871
5197
5006
2909
2329
7227
8
7503
6199
1928
1234
6713
3787
4496
7101
7902
6867
6688
5444
1560
3822
5899
4843
4602
989
3954
1267
5032
7705
7836
7943
7661
4851
754
2327
7928
7638
2153
5152
5883
7037
3892
4635
3948
6944
1620
1318
3837
527
7482
7732
7728
4975
1252
103
4453
5849
3899
2439
5838
6550
4984
6231
7042
940
3758
4781
8166
4326
29
6803
6857
4585
5995
6275
1301
3285
7205
5083
1533
639
2511
3773
832
7500
6552
2299
3673
3369
2557
196
7106
7510
7203
6687
1816
6739
684
849
819
404
5577
5174
1887
2818
5909
495
4606
532
2417
2230
1803
7309
8165
4822
661
718
6673
4217
1940
909
5505
1921
2848
7850
470
7794
6518
7189
4406
2957
775
8030
4079
5839
2839
2864
5188
4380
2910
3290
5778
1326
4638
3299
5789
277
7423
5077
292
1151
5548
6227
4000
1726
566
1323
540
3581
4668
7749
4201
4513
5747
8164
1812
2612
1894
6665
3893
7473
3015
3643
7721
1648
6933
5989
4083
2521
186
6648
7949
5518
4281
3345
4035
6655
5929
4973
5311
3409
5569
2689
5939
2158
7931
693
2806
1884
5430
733
2949
2715
7062
1017
1888
1105
2503
2630
1398
2183
374
85
4520
7077
3167
4432
5185
3030
6059
3733
658
1930
1217
3376
6811
2547
699
5110
3903
321
2437
7620
6722
5841
3327
2742
16
2666
370
3907
89
4835
696
6945
6133
7691
4089
4211
6082
2904
4540
4444
6975
3603
6541
2342
4733
5169
4683
1449
2346
1140
7024
2477
7919
1010
6505
1732
1612
7821
934
5015
4170
7790
7814
7828
3079
362
2690
3143
1142
523
1950
2127
5904
4166
1997
3786
1617
6882
274
6214
3525
5164
4091
5750
5109
6540
4331
4736
4225
3852
1352
2234
4907
1501
4955
1823
4449
5236
4518
2983
8085
4096
5330
2432
4837
7799
6032
3184
3808
854
2441
7296
5546
4821
4647
4132
8027
7826
4275
3580
5727
895
4171
1000
5581
4150
5627
941
4856
7301
2032
7445
5976
7085
5033
5840
254
7845
6416
3712
5545
977
7428
1144
4986
3065
1670
4879
2274
1412
2077
8058
2120
7636
2237
1632
3433
2845
2212
55
3542
2497
3756
578
5679
7186
1703
6992
872
1662
7767
4233
878
536
5551
6456
4560
6244
4370
6612
5660
3145
2304
7396
1504
786
5106
6088
6093
2475
4927
6437
382
7879
4565
2354
5809
4028
6884
2569
608
737
4791
5630
2198
4479
2881
2579
6952
5554
6157
7436
6472
4182
1974
3925
1716
455
5267
4936
4828
2358
1867
4855
2209
2861
5558
1477
1351
4435
840
5595
5592
4691
4878
2311
3821
3416
351
325
8023
447
4148
5407
5068
7036
2894
1169
1160
2965
5062
653
6703
5728
302
5253
107
469
7346
5463
7013
3282
7463
3625
7022
165
2259
7856
7212
398
4847
1700
7671
3462
6557
1025
3833
6105
5795
3724
372
4743
2594
2020
7327
8096
988
347
6720
2200
731
6343
5819
6898
3862
649
8112
6236
1734
4257
5522
4016
5360
353
3945
1011
62
6144
56
7626
4368
6763
2725
6915
2490
5588
6474
6333
6802
4546
335
7867
1705
2410
6419
8148
2337
6475
2847
1339
476
2161
1487
4920
713
4088
6752
299
4256
2798
106
5370
3457
1247
6908
3244
2779
942
7865
4823
5400
4819
2763
616
2362
4267
722
4739
8017
5175
1776
1377
323
3616
7572
2151
8077
7159
2883
6563
514
2785
1432
5281
2001
6255
331
1531
5351
3547
3298
796
6317
808
179
6156
1210
4577
810
356
6972
6708
2846
2570
6565
3943
1416
1319
5423
2625
3002
2513
5723
5510
7765
6329
6293
758
3080
3578
1411
1008
2675
5797
4505
7270
4780
2648
7314
5137
4140
1899
6699
7415
2786
6517
2635
5867
7544
4543
260
4524
2451
5833
2753
6895
6336
5517
194
3220
207
4465
7763
826
7146
4584
6876
333
5337
5760
1231
3986
906
628
2823
4702
7738
7984
2082
2251
2803
4007
2664
8059
2730
5192
5146
8121
2145
6998
2671
6602
2406
3991
3720
3068
4880
6914
237
4151
6411
5278
5896
4305
6218
3401
5151
1621
7096
4858
3751
2837
3956
7358
7072
3475
7599
7335
4686
1584
7521
689
7344
3328
1391
2863
4009
8099
7178
4956
5416
5227
7350
3761
2175
6644
5543
4252
5515
6010
4802
792
4716
3610
1577
7185
1622
5744
6002
7422
7800
1804
1125
7660
1793
2556
1847
5255
926
8066
383
1631
3440
2061
5107
4345
249
5449
4704
1855
528
5396
7010
889
4255
4782
7520
6115
3921
4329
6702
7333
7914
7201
659
3699
2104
7271
584
5717
1913
7798
487
5687
7484
7778
790
3005
2171
6138
5262
6805
6203
7064
6281
6698
1035
2832
1627
209
4156
882
4750
3086
6398
1594
2303
4598
139
2805
755
428
2515
1629
2953
593
1213
735
3333
1028
2686
2995
498
4730
6252
3235
6636
3514
8022
3799
2045
1209
4935
7117
230
5019
3589
5785
4335
6875
3863
535
5039
4995
7852
2993
2583
2720
4180
4649
727
2598
2456
7457
4764
4954
4404
5425
7305
5591
5651
7764
1826
5711
6297
921
7512
6700
4021
5497
7563
2298
6650
1464
477
3458
435
7250
1084
4502
6896
3744
3094
6551
6224
7406
891
4795
4209
4031
3965
5907
4943
2489
7686
915
81
2460
2811
2144
4735
2119
5963
3836
6486
1578
381
1507
6357
4641
1896
7576
3388
6131
1914
4266
1328
1626
4045
122
2680
5999
8078
1763
2814
4861
6985
7810
2587
599
1049
7318
3623
720
201
5063
175
3465
3022
8002
3540
1550
7403
5772
4952
4634
600
5729
3606
7472
7956
6906
3332
2492
7374
3638
2765
1421
739
7619
3241
1955
5081
2254
1655
1523
1298
2285
7011
3527
3435
4572
2959
6866
2124
4953
8154
6770
1076
7328
6735
7499
6166
2705
2665
7697
101
3690
4776
5111
5150
6309
6340
4930
962
2895
1103
4579
2038
2956
1696
3279
6351
6967
5496
5495
3248
7530
396
1279
2378
6852
7887
3383
364
5780
1385
953
5207
6036
6841
7921
4340
1598
5225
1294
2540
3509
3197
1238
6840
7019
4448
417
3520
4456
5927
8169
1712
6536
2423
8045
7718
6978
1489
3663
7880
4676
6677
2950
3152
3082
5022
5204
3856
6951
6388
4687
8007
763
7939
2430
5271
336
2849
3451
5142
5080
3628
3403
6925
119
3626
2071
7242
3344
2509
6809
958
7454
6129
5734
5704
4443
6434
5434
2472
3686
7207
7265
6562
6879
6664
2332
2919
7393
8131
8035
5070
5589
7158
3840
1313
2087
2262
853
6035
6125
1442
3815
15
2688
5480
6104
961
3478
7366
5610
5509
6491
2851
1275
6202
6847
5493
919
4143
215
6631
1786
4374
4523
8093
4120
4807
2523
3553
2465
1059
5740
5141
1649
250
5756
5716
6849
3254
6435
4685
1048
7961
8087
1802
7202
6581
5498
7723
4003
5845
3262
387
6381
1199
5975
5045
3029
2150
2698
2723
3983
3896
5749
7932
2248
3706
7912
197
5339
6136
3385
984
640
7253
541
7803
285
2485
3650
3174
5488
5490
3140
6758
6947
5862
4418
5555
5288
7386
6465
1797
6555
4286
5382
1933
1722
1346
6507
881
6046
407
3968
6830
2290
3286
1316
2205
4603
3538
1123
5642
3929
6389
7725
3713
6488
5419
3923
2195
5869
2291
5942
761
2058
3791
7487
4536
7894
4894
2755
4184
2211
3894
2118
1931
6745
2643
7355
4888
6984
7259
4813
3107
8039
501
4531
2727
2735
3504
4959
6208
5433
2268
5520
5801
6618
4145
8057
6786
5452
5708
1943
1307
6646
1809
7751
1226
4004
3861
2156
813
7380
5451
871
2113
4283
3203
1636
556
8098
2431
2767
6346
6
2068
2938
7468
1163
6769
1874
4481
4532
957
5435
467
3109
2866
7518
847
3060
1402
3284
1283
7446
725
7058
4367
376
1171
6325
2265
5128
224
3519
7735
7841
4190
5928
3295
1001
3736
8104
3998
3823
1549
7877
1337
307
2357
6344
6463
45
7862
241
3084
5027
7514
6240
4957
5919
7549
2628
3942
7560
4836
5985
749
5085
1413
2286
3372
3624
3017
3185
1335
3307
2976
3324
2874
7073
4002
6466
2546
845
2542
2236
2009
1134
3169
3816
1942
2086
6649
2491
6268
7322
5986
6186
2876
4725
8149
3521
3702
4722
1170
2699
5365
6049
5848
2905
1922
1113
3946
1936
1672
7287
5573
4554
6042
5926
2745
6780
6561
971
5397
4636
2677
1608
3123
7268
8176
1656
6971
1222
1939
7524
927
6174
8130
1822
5069
1717
5055
3305
6345
7234
4778
3163
3477
2892
6391
7479
3366
885
1112
7918
1236
2614
3454
1723
4235
1268
1159
3781
278
5943
4023
1356
5390
5613
7382
6757
2821
846
4158
6784
1841
3297
6449
6727
1359
1540
2544
7607
6564
4979
3395
3659
5170
176
5967
5392
1409
4574
4276
3048
8174
1641
6393
993
7174
7437
2022
4047
3914
1559
526
2093
3098
1087
341
2208
3413
4706
1471
3097
7652
7989
5099
4709
7972
1254
6594
4262
3016
6429
1497
7131
2940
6794
371
3469
4293
5844
2584
777
5053
7812
5560
6587
7870
638
5941
2707
172
4655
4280
3608
2393
5450
3479
1811
6815
3657
4690
3777
5951
1418
5872
4671
3495
1280
4860
2663
7823
1390
7104
4364
4834
5322
2401
7561
5712
2797
6942
2306
4563
1684
2261
3526
2203
5774
6083
8020
7645
564
1227
2066
3528
3918
7459
5908
423
7933
3459
6607
7654
5685
6003
3450
3865
4034
1971
1863
7080
7615
2371
2305
7808
4060
3472
3507
3753
7093
7051
2826
2105
1436
2532
8145
5316
228
4660
3322
1891
2030
1358
2242
1821
1403
1522
5377
1273
1441
1895
226
6360
6773
4231
6672
2370
3452
7331
4745
5318
6924
4966
6910
2255
211
1297
1472
316
6321
1917
2998
3198
7656
6342
360
2023
2738
856
6107
3499
5684
1397
2676
886
7272
7002
3641
1331
281
3168
5856
242
3323
4157
944
1687
5624
1208
1777
7948
2766
4786
8049
4141
8043
4271
2312
6322
7646
7198
1787
7071
6453
5371
4332
842
84
5270
2121
2610
2493
1668
3716
3795
4422
7347
3028
6414
8179
7354
4826
4175
3735
7892
8062
2548
5779
572
6747
7279
5177
5129
7364
2934
2164
4990
359
5948
2865
2568
2227
807
1850
138
27
6556
1583
3300
963
5321
7938
6546
26
450
2483
354
6858
3138
7040
5393
7035
1180
2516
6766
1038
5835
1747
2142
897
7289
5832
7685
5386
503
7719
642
3311
6172
2982
3442
1679
3860
6510
5357
6363
3959
1702
6280
6232
570
4470
1461
500
4573
7089
6993
5375
3189
7149
560
5058
1465
7955
4570
5218
5387
994
583
5224
5984
7260
3406
5824
2790
4803
3306
3593
324
1592
5388
6091
3259
5557
6432
7585
2243
507
4226
2403
1060
5812
2084
4272
7977
2963
177
7121
562
1714
7598
7951
4768
1188
6645
6455
7283
4164
7240
3040
5417
2597
4731
4181
3874
4707
1378
1020
4288
7884
1678
7568
6711
5938
3962
2819
3061
87
8138
5020
5997
5873
6932
5888
6996
7395
3838
4438
5533
6627
1334
5800
5528
4005
3685
5240
2762
7703
5695
809
8180
724
747
1558
1361
2913
5037
5547
6222
6806
420
1128
5634
4014
2606
5261
6670
1002
7672
6822
2168
683
6150
7908
1201
901
2552
8114
6303
2855
7439
2221
2639
3905
7926
2901
7838
5563
7339
554
4330
2804
4805
1362
5620
6485
7945
1381
3257
6595
2850
7107
4078
3819
7496
384
1916
5346
7679
4881
4721
8054
4100
2626
2094
6426
3351
2059
5402
7737
3883
6431
627
7634
623
1771
6368
4811
3710
3448
4303
2434
6102
4630
7582
7377
4362
6151
6413
4498
3870
2682
674
802
4962
6127
1484
3063
3274
2769
7319
1090
3196
619
6436
6330
7402
2652
4274
2719
6751
5553
1293
1667
2870
3557
2469
8075
7864
8181
4155
4864
7640
7219
4840
6939
6048
1980
7303
4245
2114
5467
954
3740
1012
7987
4495
569
2954
6716
1642
5538
630
6691
5880
60
6495
166
7411
1538
5003
7135
6506
6295
5661
6617
7404
6755
1300
2825
6732
543
3746
446
7502
4592
1748
1019
2585
7590
5871
214
2828
6114
125
6797
169
1097
8013
6201
4526
2997
4317
3201
4354
732
1458
157
2914
7508
5641
2545
2188
1455
4852
2190
1861
5719
4131
7804
7246
1206
7297
3939
4940
6681
3612
8064
5715
4883
6418
131
5361
4146
8168
7601
768
5956
612
6704
6920
4174
6603
7985
1308
2896
1007
2101
5154
892
3265
2412
6051
2694
1764
4738
7148
1601
2631
5960
2757
7184
2197
2906
113
748
1289
4032
6239
4622
7689
3449
4981
1846
6954
2936
3858
247
4597
620
2741
4982
3730
2349
3672
2717
410
1849
776
1519
5243
52
1242
5918
6318
5279
8088
2593
6261
1042
2445
4440
8070
1739
1562
5663
1147
3759
4430
4101
6220
1277
4295
5682
4071
5969
4661
1187
3178
5260
2985
1165
1778
4549
2388
5327
1096
3088
2958
1984
5915
5945
4310
2409
3240
146
2824
6070
3253
7551
2444
2330
4651
5606
7065
5159
4762
187
5650
5933
5148
2813
2554
7049
4989
7859
5689
8065
39
6888
5582
3900
5980
1689
692
2942
6417
6909
2994
1143
2981
3859
7102
6547
7954
1098
3827
3415
5376
7430
1729
4046
8042
6629
814
5993
3872
6400
4679
7925
6639
7953
2220
5672
7564
3780
7998
486
58
1690
355
4972
7001
1757
4512
7130
6568
3642
1561
6189
3524
7365
1244
1156
1162
1985
4844
2282
2294
2448
5562
4055
5229
1565
5461
2382
6371
7030
2060
2877
6705
326
6459
902
1871
7650
4937
5389
3617
2691
7545
2991
2731
4229
3233
2524
5587
3427
4752
6660
6080
3487
7007
2331
7816
3995
5049
5529
3361
4261
36
5932
1907
7050
92
1314
1490
5594
2185
592
5166
38
5050
3587
806
4871
3582
431
416
6943
1536
3021
8061
5421
2783
4232
4436
2047
4416
4061
4062
4202
6069
2809
6959
3314
2776
8123
4434
4136
2228
1435
2578
1382
3813
6824
8097
4125
2575
3471
1239
1506
3966
1882
935
1772
7363
6654
8110
1746
5823
7228
69
6522
3135
1596
1118
6140
2986
2348
533
318
4578
5675
896
6160
7739
6983
7695
7214
1483
6962
5232
3792
4188
54
4394
2799
4999
6327
3393
1481
5854
6112
3466
2143
6632
1380
5905
6969
7586
4553
6041
1426
905
1119
6525
3316
4951
4128
5889
3871
6060
5028
6334
4934
1807
4846
1108
1399
251
3073
4849
5604
3602
5280
973
7308
4789
8172
5230
6558
6097
6095
5273
7453
1798
1947
6508
64
3618
6922
4346
538
2397
4167
3917
3331
6356
555
7053
964
256
1697
7304
4462
3984
3662
8016
6754
4123
5165
7994
3115
1865
5662
3835
4827
3825
3283
1993
4755
1077
3811
7220
7342
2103
6692
3978
1951
6387
149
3987
695
5464
3797
680
327
7649
5290
5426
6206
4312
2081
4199
7006
3867
7876
2338
5738
626
2926
2033
4169
5369
3727
952
4147
7594
4098
222
2245
3092
6307
7182
899
2923
8050
6926
2182
4618
6251
1251
8001
5707
2148
2055
5026
5209
3164
6782
4351
1022
6454
7605
7707
3075
3052
3594
3099
2317
484
6919
6045
6777
48
3269
1327
3077
7511
4737
4323
1211
7425
7464
5590
5116
3748
5688
6927
390
6559
3729
2385
5220
7469
3049
3023
7067
4905
7127
8160
887
7199
6185
6200
2822
4485
557
6420
1813
3782
1422
2650
6074
6831
1699
4439
2501
2582
2637
8071
2174
1829
7717
1555
5962
466
7156
933
1902
418
1845
3438
2537
8139
6209
3130
3111
3039
7440
6477
5612
1510
2517
505
33
2829
6229
7616
1473
7173
475
6056
3194
192
2459
7722
7221
6262
5735
5677
6934
235
6487
7217
1131
1773
2968
1092
1566
2736
2373
2399
4361
1965
6211
1957
1817
1161
1912
6620
3738
1116
4533
4983
4617
2729
6147
3072
3264
1366
7139
2192
6796
7161
617
3922
1004
2215
3394
3087
7103
3996
7441
1535
8141
2008
4658
2021
7315
2264
386
375
3260
5511
5828
6348
6845
6611
2800
1959
2429
2592
445
2678
2375
4052
5879
3988
3179
1527
5678
5758
3228
51
1972
3562
4118
8103
6718
5937
4932
4085
6339
4401
3570
4869
4018
6929
7779
7657
2931
843
5121
3676
3762
233
6205
5961
7886
1299
6057
4087
930
7726
5829
6799
774
2543
3888
7429
4609
4741
5645
3014
4657
3287
4774
1857
3031
4162
6756
4152
6761
7433
258
7360
513
4862
3776
2476
1564
7677
5625
3192
3679
2353
1994
1158
1179
4389
4301
2011
2752
7552
1981
6361
524
7777
3008
7004
6428
4659
3417
5466
851
7710
1677
7026
496
7310
2533
4334
8019
5622
7056
5892
6641
2000
5120
1495
6503
7498
2599
1869
1998
3358
3470
345
1306
3493
5443
1375
2112
7302
5293
5052
5692
8090
4613
6701
108
2879
4998
8118
6039
3591
6163
1751
4571
1945
6068
1694
5690
6328
1835
2928
5312
2710
7321
7846
2394
2238
436
6226
3853
2591
136
145
2026
4933
5338
5125
2775
7632
7793
7916
2381
544
5979
8073
6574
1317
1611
155
2360
156
3102
2581
7847
5516
4049
1055
1573
694
7849
7257
3831
1720
2339
1979
6176
2604
7269
7116
923
7481
151
943
4189
6913
3147
161
2932
6022
3229
590
2167
6247
5100
3071
965
488
7996
5923
4872
6289
7099
703
1493
2450
4949
7443
6159
7076
5818
4938
2336
1792
2328
2364
5096
3492
5399
1474
6844
7890
4594
3352
5029
6352
3772
8053
4244
7910
6712
2253
6981
1640
6065
1479
3356
8177
995
8157
5669
4624
6682
1502
7839
5378
3971
3117
4747
406
3188
3739
1675
7352
983
4772
7917
5353
6120
394
2379
7750
6043
2670
7643
6253
5335
1383
6573
521
4017
189
1195
637
1290
6444
5486
2318
217
2486
2462
7211
5601
4748
2944
6596
6446
2860
8083
7052
2377
5602
6323
5233
6684
8076
4115
1880
6652
6250
4382
2754
7456
2155
5600
2980
652
1975
743
7531
6302
1129
4521
5665
3223
4186
2714
1673
7976
4522
4207
6193
7100
6284
5415
4357
7699
2367
4102
449
2037
2160
7895
6874
2246
3054
4664
489
300
7694
4646
3990
5653
174
6195
5031
4694
18
5752
2722
3246
4854
452
1434
6864
2184
5910
5877
7834
6364
1021
133
2359
2351
7061
5135
3006
7731
4282
7583
405
7264
100
6686
2560
762
3551
7974
182
5258
4717
3357
5549
4129
2971
3985
4277
3105
2702
3420
1840
6601
2951
7167
1843
4539
4911
3915
2387
5718
1013
2250
2527
3901
6808
3972
3584
7693
6067
7334
5921
7960
1333
6007
415
6266
457
8038
7711
3232
5247
2947
6033
494
444
392
2109
7057
3070
7769
2816
2231
5187
1866
7581
4904
6768
7934
4863
7223
5264
3725
6624
2505
4771
7817
5722
6011
3218
6554
4988
2352
4946
6248
7655
4482
3534
3535
6408
2659
393
5565
5095
1079
5276
1343
2695
4541
2788
6729
2920
5572
1033
5485
2177
3018
1737
2458
1892
6833
1312
183
5666
5000
7169
6287
4958
707
1733
6828
1054
1367
2075
1956
746
6532
1219
128
6092
8102
3020
6790
7898
5457
6272
3571
864
163
2992
5482
7292
3486
6170
908
9
3053
188
2721
6110
429
117
4831
6406
7630
1305
7754
3149
2102
3654
5082
903
5071
8006
959
559
6415
838
1072
1864
2499
5659
3506
2125
5205
3302
5617
4168
3750
3199
5235
3055
2049
7920
4450
3043
303
6267
6907
5532
4605
2356
1952
2858
5182
7937
3784
3992
1918
7952
5307
1363
7782
3113
1241
4259
4238
681
7665
1454
3700
7391
3364
6187
5160
7597
6139
6949
472
8116
6753
2749
2452
6788
1674
4744
7842
5138
275
171
7897
7387
5635
7236
2777
4492
7163
4550
1310
7235
4548
289
5334
3456
6706
7891
4516
2884
7903
6219
5890
88
367
7807
1172
2609
672
7603
6173
7263
5048
5024
3341
2056
6669
6709
7866
1698
4643
3371
2668
6117
395
7345
2031
4804
765
7119
863
997
3949
5599
7248
2853
3630
804
7066
8162
5132
3326
7291
7021
3680
6990
5274
8170
6282
6443
4779
7621
1514
3969
1859
2186
257
2347
263
2283
4193
3294
1248
6549
7461
1309
7709
1216
7488
190
137
2844
5792
7226
6178
7494
1324
2887
7418
6467
4149
2504
5489
7435
1575
7682
4695
1392
4599
6241
2840
6153
3919
6286
402
4395
2975
6404
4219
3596
5249
4076
2872
7160
2929
5066
3204
6775
8051
2128
4640
1724
3214
4724
4562
2525
4918
5108
6973
3869
4230
3843
6936
3315
7901
164
1937
2314
4912
770
3446
4399
3851
5903
1271
4662
4763
313
2308
6667
4906
3814
4653
4403
32
1176
7046
3798
4626
7095
5284
2747
2115
5304
4228
6988
671
5437
403
3340
6801
6994
5499
1853
5344
5970
7281
3497
2019
3933
2097
1929
7210
537
8067
319
3334
1130
5790
6087
4092
6997
6242
2010
3904
6668
5860
448
311
357
7566
1325
6260
726
102
4723
7596
2890
3749
2315
3890
1250
6968
4307
888
5286
3496
6106
1946
549
7792
7394
492
6854
4705
5706
3137
5776
5855
7237
4488
7384
4099
7613
5368
900
855
1064
6483
5265
3225
5458
7031
561
3148
7063
1032
5223
7573
3108
6215
8063
5076
6279
3881
8052
3318
6653
7485
5422
3226
6566
7612
7045
5636
5593
79
301
4124
4892
6005
648
7555
1148
690
5078
5021
4081
2210
6580
7055
3595
1005
7168
6966
4642
2852
7529
6086
3667
3620
6991
6141
2454
5556
4445
7029
6396
4882
8124
4732
5714
3585
1446
5340
7460
6791
7534
7162
3362
2287
2764
6278
1141
5238
8021
8182
1153
1992
4820
5743
4994
6679
4595
42
2064
576
7420
4358
2703
7399
293
4841
2789
2827
998
365
4063
3379
7526
880
3489
25
7140
1688
1613
4921
4447
4414
5643
1255
7801
6451
1862
2620
2795
7112
1754
1253
6464
284
1074
3202
5542
1371
5987
499
7200
7043
4971
6121
1516
7105
1338
6741
5118
6793
5105
6103
697
7822
5710
730
5508
764
3050
7455
2206
7376
4192
6029
3897
5203
2117
4734
5787
4304
2514
848
2005
1235
3074
837
1360
5093
7962
3857
781
3491
717
1920
7774
5408
344
8005
5345
3410
4500
2163
6835
2941
5051
3597
3576
2812
618
2073
605
5931
210
6592
5381
380
1023
7244
6827
3319
5925
682
4215
4247
7651
2771
7813
2624
1101
2946
5075
3694
50
1388
8047
3303
4945
2781
2295
2443
2407
4020
2455
4024
2528
4656
1848
6843
4327
904
877
3826
7553
2036
4876
2857
8125
6825
6995
3722
1173
893
3850
4237
1800
6013
6079
2098
1264
5686
2140
4318
2706
3854
2313
3633
3304
6792
7325
1834
1500
1625
3346
6380
5479
691
7262
1664
3350
1973
760
6740
5439
3009
7537
6458
5850
4425
936
946
1875
1431
5398
3977
2967
6916
14
7284
2095
6020
6767
4950
3329
5432
3431
4792
1743
5259
6930
3924
4075
4890
5213
8015
2090
94
1407
3051
6026
1730
6593
22
3046
3360
1643
6440
462
6320
5957
4029
4067
3546
3139
6589
666
2069
2216
1245
3010
3158
2
6535
6164
5786
6582
3664
2815
1806
8128
4033
1854
1111
4296
2079
7311
5320
4178
860
7124
150
1539
7128
5807
6149
7069
1164
6370
4700
546
3828
5136
677
2867
7942
2269
1634
5363
2862
2684
7567
5567
1788
5973
7958
4896
366
2100
7266
3670
5536
3173
6659
2110
6760
5237
8018
7191
6257
1911
7462
7947
244
1889
7378
5972
767
7414
4070
1182
1903
1364
7379
1120
3845
6513
1133
3886
2534
3964
6730
7639
7190
3430
1194
3640
6310
2217
4909
1775
803
2644
611
6725
3631
7059
6122
4801
1428
2558
6062
2943
7313
5990
340
6101
1175
2708
3349
159
2222
3095
1121
3732
368
116
5124
6326
1031
7474
2563
8137
2028
3222
7465
3806
4790
2083
4477
1660
6119
3938
5864
3952
314
5527
2165
61
135
6894
7171
6335
5469
1574
3765
5894
4415
5514
1908
6837
491
7973
5701
5974
1582
3067
2955
4349
7708
1610
1873
4213
7584
5217
7509
676
3157
5525
4203
515
5409
91
5474
7017
4260
6663
5059
2034
6306
5633
3396
4525
5576
6912
3024
2420
710
7611
7180
1405
6619
949
1542
7975
3848
511
654
3689
3573
3252
7684
3134
4621
5176
3715
1288
1736
5811
4027
1157
6058
5181
6228
7032
3771
594
6332
195
2380
6630
2962
8000
1987
7580
5981
298
2042
876
6349
5436
1638
7844
610
4206
7789
2555
7706
6772
6462
2782
937
1532
3377
1430
2335
6838
6040
5180
7571
7906
3523
6537
5268
2930
1579
5208
5628
5122
5438
3339
5442
1568
7312
6288
4681
1639
6900
2607
3293
5526
6263
162
7320
5465
4483
7574
6301
4387
1221
5949
3912
990
4910
7614
3829
1976
5428
7466
1721
1814
252
6781
132
5460
170
2257
7670
4601
7137
2365
5648
2123
3363
5865
7109
4537
2027
769
225
5057
7992
3637
6736
4555
4509
6965
4263
7336
7577
602
2794
2970
3407
4665
7060
93
4615
1545
1543
3160
6974
4667
1790
7038
817
2660
6425
6071
3414
1340
7608
1373
4754
1062
5406
2820
7637
3381
509
6804
1420
7683
5289
6016
7410
1996
2300
4514
3752
4265
7225
4390
2961
236
2751
7624
4798
4251
7330
3775
2605
956
5472
5336
8074
411
443
5162
7224
2007
833
5214
7633
1765
3754
1534
6338
6480
7579
2842
4068
255
6030
2172
8152
742
3668
4413
1789
5144
5817
6891
4612
5104
2091
1460
1150
4212
6633
5358
5354
1509
4250
4044
1448
1075
2050
3648
2600
1683
479
7678
2633
4177
5251
6524
2018
6856
3711
5481
1580
830
5047
1320
7981
7653
5065
1774
3412
1524
2880
3127
5459
2601
5002
4515
1658
7079
8056
6680
1404
5914
6313
6190
1274
1838
1652
8191
2074
7476
4417
358
7165
322
5958
5123
4623
7179
925
3974
5537
7617
6613
3935
5699
1837
4464
3106
1616
2024
7811
47
2854
3976
3069
5920
1852
2333
5191
1676
6210
932
2561
6457
3273
6883
6375
8024
4672
7674
141
3512
304
7426
1762
4944
7194
2830
6605
7047
3066
4319
3766
5503
1828
463
2293
3516
1085
5988
586
5332
7666
789
5009
7005
2442
1878
2681
6918
4898
4386
558
2768
2106
7776
4919
3555
4718
563
3343
7829
312
6290
667
2616
2404
2987
5968
1016
3970
1095
1068
1805
1394
3502
2916
2141
4673
5521
3365
7627
580
2808
7424
4142
6885
5034
6354
2396
6401
3059
8037
7256
3484
8163
1909
4363
6826
5638
1240
3422
4931
1615
4544
8100
2603
6842
1986
7762
6377
2988
7997
5305
1858
2129
7323
5292
3186
66
6865
772
3191
6820
3697
791
4039
6246
3026
7150
6637
3726
3566
7759
1784
7028
1898
2673
1437
4030
4829
6501
2692
5506
7480
6979
2969
1269
6493
7527
5540
7332
173
3335
3336
785
1322
5512
7675
11
7129
6878
8072
1707
7743
6676
4480
3411
6498
596
154
388
6362
3100
6812
3128
1496
6294
4808
2481
6823
2831
1466
3614
6902
5640
4582
6814
267
5155
798
5471
1365
4285
152
7078
6685
458
6100
5657
6531
7730
7081
7883
502
1089
6545
1456
4770
5317
5266
6277
1415
7990
4205
4818
2834
7000
3437
7421
7123
1886
6872
5167
1088
3564
6386
4777
4564
6054
7940
7647
3955
3370
310
5609
7495
3674
7475
264
5629
1127
7134
7532
3669
644
3387
6570
711
8079
1637
5754
5041
6890
2013
6955
3133
4373
434
8101
2696
30
8159
6614
8095
273
5875
4306
3464
6851
2875
1395
1433
7701
894
6135
6640
1196
4431
7971
6690
5072
6710
8113
7467
8048
5751
3682
5163
1285
481
6935
2398
601
4848
4893
6078
2260
1988
2136
7662
7249
6795
1107
1960
5788
857
2613
6887
5448
5030
3934
1901
7098
7610
1893
5615
2390
2435
5535
1691
1295
3161
3247
82
582
1006
243
49
7772
5586
2807
1779
2709
525
202
5843
17
2642
6146
3162
1513
907
646
5971
468
4688
5681
2427
5074
5802
5491
675
3731
6424
7492
4759
4593
8151
5145
5420
6152
1856
2960
633
1189
3000
7444
1281
5298
6671
2199
2076
7397
7734
7519
112
4065
4423
8091
1680
4042
4873
5001
7535
5097
2734
490
7825
5297
5891
4589
1815
2750
7442
5234
745
7471
4478
1400
7157
5014
850
7964
6897
6789
3796
5013
6921
6073
5834
4486
2843
72
4839
4708
4590
1839
75
2376
890
1304
5523
4333
4908
573
1056
7084
4426
7252
3537
7086
2355
6923
1633
2159
534
5571
2065
2602
6638
668
3536
4066
7993
2716
506
6300
7547
1262
7293
8107
4508
3868
6846
3500
7635
3245
5859
1710
4339
3830
7082
3930
868
3980
7913
1154
3569
6292
591
4144
3665
7806
3227
4352
7595
6538
6515
3693
34
1233
6169
7285
6689
2535
7773
2596
869
519
1525
483
7783
621
2162
6765
5713
5219
1547
3353
1041
4246
5733
7215
7447
4019
3424
2891
3721
7483
4677
3717
5193
2977
2134
4
7853
1780
4112
1246
6904
5631
1258
427
5863
7536
3190
5796
6509
3803
5200
7349
3041
7306
4720
5355
1518
5649
3426
4773
1708
2189
2062
5656
218
4712
7802
2402
1681
823
7034
3159
3613
1801
4459
6724
3649
1459
7417
1770
1756
4043
6576
4569
1766
2915
7357
820
1968
2893
4451
276
4452
7208
2178
5046
4885
5998
1585
7978
852
7097
4816
3085
8190
4769
5741
1282
4760
2553
1106
4809
1093
2529
4916
3142
2611
5453
6719
7578
6421
6383
7982
1058
7872
5231
4682
3120
6094
7390
6504
3704
4917
3382
4080
6832
4461
3468
2590
2651
5608
3687
4290
6064
5391
2549
5347
5384
1024
3405
5810
1053
7074
7805
7541
2122
4796
2618
5084
1350
259
2712
7048
4993
3404
40
2641
1693
3476
7833
3619
862
5580
2810
2366
5140
1597
7087
5934
5826
5018
5250
4400
5300
728
8126
729
2244
5552
6273
4409
631
5944
3004
5764
6948
4600
3125
1628
6496
4385
6651
4214
6869
1051
493
8184
4121
5090
1341
270
1738
702
4714
5269
4424
3490
4197
1600
4336
811
7343
6511
1808
2438
4977
4976
1704
3561
7176
3268
4729
3902
5299
4428
6235
6717
3770
7539
2897
3301
865
6911
1521
2280
4468
4980
5917
1836
3212
3272
1329
6050
2341
6989
715
3757
7113
3932
2424
3384
3906
3960
4048
2252
6675
7983
3645
4122
522
5664
140
2226
721
1030
2470
2146
1948
5876
3177
6813
7885
625
4619
4022
7147
105
7784
1303
1653
4050
7622
144
4556
5964
4270
3348
6427
8122
4637
53
5693
1651
6956
3802
3789
272
5115
3936
5694
4947
334
1570
7175
2634
5966
1735
539
5383
2903
5341
7631
1462
4633
5992
5126
3193
972
379
1257
1029
5239
399
6696
2323
4757
3910
4138
1819
7628
4173
2502
5924
6861
279
1877
5639
231
4628
2057
8133
400
126
603
1284
2400
7881
59
437
2149
2974
4041
8187
7348
7489
2733
6526
3309
5884
2046
8155
1614
4278
2586
2258
4787
1881
4833
7407
2494
142
5221
6171
8028
4402
1370
4405
1478
6478
4393
2487
7648
3281
1755
5117
6021
924
5654
6489
7712
3150
4489
4992
3501
947
3639
5906
1695
1571
2078
8167
5777
5598
3249
6390
3375
2562
7385
685
1086
1551
918
5473
3180
5315
3607
6399
4924
2166
4728
439
7592
3554
613
647
478
4538
3666
1949
2289
456
6726
7016
4484
3261
3763
1429
1635
296
5808
5821
3632
6072
782
508
2921
3215
6585
981
2139
1904
3347
4887
4437
401
5702
2202
240
4929
1100
153
2275
6374
1419
3206
3461
2006
7550
4321
7543
4325
5373
3419
7192
7367
6977
4053
4974
1995
3267
8086
7383
8108
2484
875
7893
232
2559
7338
3243
4775
1554
2043
1353
5765
5427
4240
7857
0
3251
1122
6481
2474
1569
5578
7781
3083
1185
2052
5364
1544
4812
3615
1152
7111
1900
5720
1243
6548
1706
3635
5362
6316
480
6728
4012
3208
2466
7039
788
8026
3879
3579
4551
7915
1799
3112
1744
2319
4925
8120
2405
3515
6542
6315
5524
4269
5487
4348
6403
2482
2770
4200
714
471
6461
1302
4172
6600
4886
3779
1349
5333
3927
4291
1529
46
4287
6625
2133
438
6053
4054
4670
3842
7896
8082
4372
1386
4311
2415
8041
4196
5079
2713
3482
3483
3885
5652
5245
2176
3701
6621
2964
3769
216
7858
3560
3734
5709
7957
5088
3688
700
2239
1018
1414
7756
3292
701
6137
343
4859
1963
1348
3012
7452
291
664
1759
3961
6785
200
3691
2126
1081
4116
6264
6118
7533
6738
3847
1623
4082
3275
4726
6423
5252
5372
7222
4224
6180
4915
6038
6860
5895
80
408
6778
5308
3338
2817
4767
1761
4689
1063
7690
8189
3354
6469
6514
3270
147
5206
5794
4179
7398
3114
5350
6124
7122
1369
2567
329
1190
8161
5912
3480
6324
97
2927
5196
7431
3812
5820
597
1224
1745
6539
5272
6468
5898
5658
5886
5470
6027
7075
3866
3368
1040
6567
8003
1989
6450
4187
1682
109
6819
2436
3539
2500
5477
5621
2740
1844
8105
7255
5098
6544
4631
2463
7196
636
4611
5291
2302
5739
8153
350
3291
7863
6863
3036
5550
4678
246
4693
6850
5367
4350
4040
6871
3176
1061
3937
6987
7629
7254
6367
7507
5418
3136
1027
3380
99
7752
4970
2522
688
4874
4511
5982
4825
4654
1457
2654
4510
2096
2108
1469
629
7606
6213
7818
4607
736
757
3132
2952
5965
955
5761
3096
3330
3973
3165
6889
1740
1265
1026
2748
221
7280
1034
6695
1232
3518
3325
531
6683
1126
2645
5842
1057
7860
4097
7747
2297
966
3656
2273
7392
5513
2225
6606
1453
2276
5991
2978
4153
308
7
1167
2025
4902
2661
4497
2284
5977
1926
4900
3530
704
7659
2035
7673
6167
7232
2279
3076
2623
1541
158
4013
6439
996
6521
5667
4210
6577
266
3531
1526
7195
3975
7771
7999
5038
4223
5153
3238
7525
2080
3391
5911
2213
716
2272
5440
5584
6598
970
2784
752
6175
3660
607
2092
5936
1445
7416
3891
2247
834
6834
4535
3231
7936
1767
3743
5054
1659
6258
6516
5012
6666
2608
7490
2508
8034
1094
2040
5607
2589
432
978
2187
5446
4895
3122
5173
657
1071
6165
4501
3940
286
2937
2301
7164
3200
3714
4343
7623
7316
3337
306
883
5257
551
6276
5771
6194
7713
7663
6836
4420
1624
6634
4476
7413
5254
4299
1590
2759
7278
4608
7658
5328
2653
3439
8010
8146
7015
5061
3818
1036
2457
7522
4412
4746
4711
4939
6407
3278
552
3911
4110
779
6192
1408
1014
3627
4208
7967
6308
7251
3764
338
2099
3999
3982
7698
920
4545
1692
1782
7715
4460
3737
7497
1450
6647
4697
4273
4941
181
7204
2039
5314
2780
2917
6019
4557
4865
5114
1941
8134
2446
5007
7889
794
6530
1286
385
976
4038
3129
6853
5858
220
4074
1468
4475
3790
4903
5768
7716
2344
7741
7243
5882
7556
5156
635
6731
5067
2933
4675
3707
1954
5119
643
2711
3550
4527
4467
3505
7044
3155
6938
5878
3723
6177
967
6305
86
8011
180
1619
6142
4960
1050
6817
5646
3849
3913
4794
780
3522
1291
4799
2271
7986
4421
6810
2672
